#NUMBER OF AGES= 1
#----------------------------------------------------       
#MIX-LEN  Y      Z          Zeff        [Fe/H] [a/Fe]
# 1.9380  0.3300 3.4153E-04 1.7385E-04  -1.94   0.40 
#----------------------------------------------------       
#**PHOTOMETRIC SYSTEM**: HST WFPC2 (Vega)                   
#----------------------------------------------------       
#AGE=11.200 EEPS=266
#EEP   M/Mo    LogTeff  LogG   LogL/Lo F218W   F255W   F300W   F336W   F439W   F450W   F555W   F606W   F622W   F675W   F791W   F814W   F850LP
  14  0.110037  3.5452  5.2852 -2.6714 20.5999 20.1779 16.6633 15.8047 14.6649 14.0609 12.6884 12.1430 11.9500 11.5699 10.8002 10.7624 10.3678
  15  0.122042  3.5545  5.2453 -2.5493 20.2164 19.5369 16.1677 15.3011 14.1651 13.6104 12.2975 11.7575 11.5653 11.1942 10.4926 10.4566 10.0748
  16  0.133612  3.5623  5.2101 -2.4437 19.8757 18.9927 15.7442 14.8740 13.7494 13.2302 11.9674 11.4340 11.2433 10.8787 10.2258 10.1911  9.8197
  17  0.144601  3.5684  5.1805 -2.3549 19.5858 18.5497 15.3964 14.5250 13.4141 12.9194 11.6963 11.1696 10.9808 10.6212 10.0013  9.9677  9.6043
  18  0.155518  3.5735  5.1547 -2.2776 19.3345 18.1805 15.1022 14.2310 13.1330 12.6556 11.4645 10.9445 10.7574 10.4022  9.8057  9.7729  9.4159
  19  0.167375  3.5780  5.1303 -2.2032 19.0872 17.8268 14.8232 13.9537 12.8696 12.4065 11.2445 10.7315 10.5464 10.1952  9.6175  9.5855  9.2340
  20  0.180520  3.5823  5.1066 -2.1295 18.8427 17.4758 14.5511 13.6843 12.6143 12.1637 11.0294 10.5237 10.3405  9.9936  9.4318  9.4005  9.0544
  21  0.194777  3.5864  5.0843 -2.0579 18.5895 17.1232 14.2860 13.4240 12.3697 11.9301 10.8221 10.3236 10.1427  9.7998  9.2517  9.2210  8.8798
  22  0.210873  3.5904  5.0623 -1.9852 18.2966 16.7385 14.0120 13.1578 12.1238 11.6943 10.6127 10.1221  9.9435  9.6049  9.0691  9.0390  8.7027
  23  0.229154  3.5944  5.0396 -1.9104 17.9275 16.2932 13.7199 12.8784 11.8734 11.4534 10.3982  9.9162  9.7402  9.4061  8.8815  8.8519  8.5203
  24  0.244168  3.5974  5.0262 -1.8577 17.6452 15.9627 13.5083 12.6774 11.6963 11.2827 10.2468  9.7712  9.5970  9.2663  8.7492  8.7201  8.3920
  25  0.253612  3.5991  5.0199 -1.8280 17.4792 15.7711 13.3863 12.5619 11.5954 11.1855 10.1608  9.6890  9.5160  9.1874  8.6745  8.6457  8.3196
  26  0.259772  3.6001  5.0171 -1.8106 17.3808 15.6582 13.3143 12.4937 11.5362 11.1284 10.1104  9.6410  9.4687  9.1414  8.6309  8.6022  8.2774
  27  0.264230  3.6010  5.0156 -1.7986 17.3161 15.5843 13.2647 12.4464 11.4952 11.0888 10.0754  9.6077  9.4359  9.1094  8.6007  8.5722  8.2483
  28  0.267520  3.6015  5.0137 -1.7890 17.2671 15.5284 13.2256 12.4090 11.4624 11.0571 10.0474  9.5810  9.4095  9.0838  8.5765  8.5480  8.2248
  29  0.269942  3.6020  5.0117 -1.7812 17.2266 15.4825 13.1934 12.3782 11.4355 11.0311 10.0245  9.5593  9.3881  9.0629  8.5567  8.5283  8.2057
  30  0.271881  3.6024  5.0097 -1.7744 17.1917 15.4431 13.1655 12.3515 11.4122 11.0087 10.0047  9.5404  9.3695  9.0449  8.5397  8.5112  8.1891
  31  0.273679  3.6028  5.0077 -1.7679 17.1576 15.4045 13.1383 12.3256 11.3896 10.9868  9.9857  9.5223  9.3517  9.0276  8.5232  8.4949  8.1733
  32  0.275652  3.6033  5.0058 -1.7608 17.1212 15.3636 13.1091 12.2975 11.3653 10.9634  9.9651  9.5027  9.3324  9.0088  8.5054  8.4772  8.1562
  33  0.278110  3.6038  5.0034 -1.7526 17.0799 15.3175 13.0756 12.2654 11.3372 10.9362  9.9411  9.4799  9.3100  8.9869  8.4848  8.4567  8.1362
  34  0.281429  3.6044  5.0008 -1.7425 17.0317 15.2642 13.0358 12.2270 11.3035 10.9035  9.9120  9.4520  9.2825  8.9602  8.4592  8.4311  8.1113
  35  0.286110  3.6051  4.9972 -1.7292 16.9725 15.1993 12.9859 12.1788 11.2606 10.8617  9.8744  9.4159  9.2469  8.9253  8.4257  8.3978  8.0788
  36  0.292943  3.6059  4.9920 -1.7104 16.8927 15.1128 12.9174 12.1125 11.2012 10.8037  9.8217  9.3652  9.1968  8.8762  8.3784  8.3506  8.0327
  37  0.304145  3.6074  4.9822 -1.6782 16.7523 14.9631 12.7983 11.9971 11.0990 10.7041  9.7318  9.2789  9.1116  8.7928  8.2975  8.2699  7.9536
  38  0.322734  3.6110  4.9617 -1.6177 16.4735 14.6650 12.5605 11.7666 10.8972 10.5079  9.5571  9.1123  8.9475  8.6331  8.1448  8.1177  7.8057
  39  0.340699  3.6157  4.9380 -1.5519 16.1594 14.3282 12.2909 11.5046 10.6691 10.2865  9.3619  8.9271  8.7653  8.4566  7.9781  7.9517  7.6458
  40  0.352468  3.6191  4.9210 -1.5061 15.9391 14.0960 12.1007 11.3192 10.5086 10.1308  9.2249  8.7977  8.6381  8.3336  7.8621  7.8363  7.5347
  41  0.364220  3.6229  4.9034 -1.4590 15.7142 13.8607 11.9036 11.1262 10.3418  9.9688  9.0826  8.6635  8.5063  8.2065  7.7425  7.7173  7.4207
  42  0.377875  3.6280  4.8832 -1.4023 15.4444 13.5773 11.6612 10.8877 10.1364  9.7699  8.9085  8.5001  8.3459  8.0525  7.5985  7.5741  7.2842
  43  0.391655  3.6340  4.8637 -1.3433 15.1554 13.2731 11.3976 10.6278  9.9156  9.5565  8.7232  8.3272  8.1766  7.8907  7.4488  7.4253  7.1434
  44  0.402940  3.6394  4.8481 -1.2938 14.8990 13.0031 11.1644 10.3980  9.7241  9.3719  8.5640  8.1796  8.0323  7.7537  7.3228  7.3002  7.0259
  45  0.411794  3.6442  4.8360 -1.2532 14.6739 12.7679 10.9634 10.2010  9.5639  9.2177  8.4320  8.0576  7.9133  7.6409  7.2199  7.1979  6.9302
  46  0.419656  3.6490  4.8258 -1.2157 14.4522 12.5387 10.7695 10.0122  9.4142  9.0738  8.3094  7.9446  7.8033  7.5369  7.1251  7.1039  6.8426
  47  0.427153  3.6539  4.8165 -1.1792 14.2249 12.3056 10.5732  9.8222  9.2662  8.9322  8.1890  7.8339  7.6957  7.4354  7.0329  7.0124  6.7578
  48  0.434659  3.6589  4.8077 -1.1423 13.9843 12.0615 10.3684  9.6253  9.1156  8.7882  8.0669  7.7218  7.5868  7.3328  6.9400  6.9203  6.6726
  49  0.442333  3.6644  4.7991 -1.1046 13.7213 11.8004 10.1528  9.4196  8.9613  8.6413  7.9423  7.6074  7.4758  7.2281  6.8453  6.8264  6.5859
  50  0.450379  3.6700  4.7904 -1.0653 13.4273 11.5173  9.9241  9.2030  8.8022  8.4900  7.8138  7.4891  7.3610  7.1196  6.7470  6.7289  6.4959
  51  0.458444  3.6760  4.7822 -1.0258 13.1106 11.2242  9.6896  8.9839  8.6441  8.3400  7.6862  7.3712  7.2466  7.0113  6.6484  6.6312  6.4056
  52  0.462944  3.6794  4.7780 -1.0035 12.9228 11.0560  9.5556  8.8599  8.5560  8.2565  7.6150  7.3054  7.1828  6.9508  6.5933  6.5764  6.3551
  53  0.467463  3.6829  4.7739 -0.9811 12.7269 10.8843  9.4193  8.7346  8.4677  8.1731  7.5438  7.2393  7.1188  6.8900  6.5379  6.5214  6.3043
  54  0.472002  3.6865  4.7699 -0.9585 12.5225 10.7089  9.2802  8.6074  8.3789  8.0893  7.4723  7.1731  7.0544  6.8290  6.4821  6.4662  6.2534
  55  0.476565  3.6901  4.7659 -0.9359 12.3183 10.5366  9.1432  8.4825  8.2914  8.0069  7.4018  7.1074  6.9906  6.7683  6.4265  6.4110  6.2024
  56  0.481138  3.6938  4.7619 -0.9131 12.1107 10.3639  9.0061  8.3576  8.2039  7.9247  7.3313  7.0416  6.9266  6.7074  6.3709  6.3559  6.1515
  57  0.485704  3.6974  4.7578 -0.8904 11.9051 10.1948  8.8714  8.2351  8.1178  7.8440  7.2620  6.9769  6.8636  6.6472  6.3160  6.3013  6.1011
  58  0.490233  3.7010  4.7535 -0.8679 11.7011 10.0287  8.7386  8.1146  8.0329  7.7644  7.1937  6.9130  6.8014  6.5880  6.2619  6.2476  6.0514
  59  0.494691  3.7044  4.7492 -0.8456 11.5009  9.8668  8.6087  7.9970  7.9498  7.6865  7.1269  6.8507  6.7405  6.5302  6.2089  6.1951  6.0029
  60  0.499033  3.7077  4.7446 -0.8242 11.3128  9.7153  8.4865  7.8865  7.8713  7.6130  7.0633  6.7911  6.6824  6.4748  6.1580  6.1445  5.9559
  61  0.503219  3.7110  4.7403 -0.8034 11.1283  9.5676  8.3676  7.7793  7.7954  7.5420  7.0020  6.7337  6.6263  6.4212  6.1086  6.0956  5.9105
  62  0.507244  3.7140  4.7360 -0.7833 10.9563  9.4303  8.2567  7.6793  7.7242  7.4754  6.9443  6.6792  6.5731  6.3703  6.0616  6.0488  5.8670
  63  0.511107  3.7170  4.7317 -0.7639 10.7893  9.2975  8.1495  7.5829  7.6552  7.4109  6.8885  6.6268  6.5217  6.3213  6.0163  6.0039  5.8250
  64  0.514812  3.7198  4.7274 -0.7453 10.6310  9.1717  8.0480  7.4917  7.5897  7.3497  6.8354  6.5767  6.4729  6.2745  5.9729  5.9609  5.7849
  65  0.518383  3.7225  4.7233 -0.7272 10.4765  9.0494  7.9497  7.4035  7.5259  7.2902  6.7839  6.5282  6.4255  6.2291  5.9311  5.9194  5.7462
  66  0.521842  3.7251  4.7191 -0.7096 10.3290  8.9328  7.8560  7.3195  7.4648  7.2332  6.7344  6.4815  6.3797  6.1854  5.8906  5.8791  5.7086
  67  0.525202  3.7277  4.7150 -0.6924 10.1855  8.8195  7.7653  7.2383  7.4054  7.1777  6.6862  6.4361  6.3353  6.1429  5.8512  5.8400  5.6720
  68  0.528477  3.7301  4.7106 -0.6755 10.0480  8.7110  7.6782  7.1603  7.3480  7.1240  6.6395  6.3919  6.2921  6.1015  5.8129  5.8018  5.6364
  69  0.531686  3.7326  4.7064 -0.6590  9.9137  8.6048  7.5929  7.0838  7.2916  7.0714  6.5936  6.3487  6.2497  6.0609  5.7753  5.7646  5.6015
  70  0.534849  3.7350  4.7020 -0.6426  9.7851  8.5030  7.5106  7.0101  7.2367  7.0199  6.5487  6.3062  6.2081  6.0211  5.7383  5.7277  5.5670
  71  0.537980  3.7373  4.6977 -0.6264  9.6589  8.4028  7.4296  6.9375  7.1824  6.9692  6.5043  6.2642  6.1669  5.9816  5.7016  5.6914  5.5329
  72  0.541092  3.7396  4.6930 -0.6102  9.5370  8.3058  7.3510  6.8671  7.1291  6.9192  6.4604  6.2227  6.1262  5.9426  5.6653  5.6553  5.4990
  73  0.544201  3.7418  4.6884 -0.5941  9.4168  8.2100  7.2737  6.7978  7.0762  6.8694  6.4167  6.1813  6.0856  5.9036  5.6291  5.6192  5.4650
  74  0.547317  3.7440  4.6835 -0.5780  9.2994  8.1161  7.1980  6.7300  7.0237  6.8199  6.3732  6.1400  6.0452  5.8647  5.5928  5.5831  5.4311
  75  0.550440  3.7462  4.6785 -0.5617  9.1838  8.0234  7.1234  6.6630  6.9714  6.7705  6.3296  6.0987  6.0047  5.8260  5.5566  5.5472  5.3971
  76  0.553557  3.7483  4.6733 -0.5456  9.0711  7.9326  7.0499  6.5970  6.9193  6.7215  6.2863  6.0577  5.9645  5.7875  5.5207  5.5115  5.3634
  77  0.556665  3.7504  4.6680 -0.5295  8.9605  7.8434  6.9776  6.5321  6.8677  6.6726  6.2432  6.0169  5.9245  5.7491  5.4850  5.4759  5.3299
  78  0.559746  3.7524  4.6626 -0.5134  8.8525  7.7561  6.9068  6.4683  6.8164  6.6242  6.2004  5.9765  5.8849  5.7111  5.4497  5.4408  5.2968
  79  0.562800  3.7545  4.6571 -0.4975  8.7476  7.6711  6.8378  6.4062  6.7661  6.5765  6.1581  5.9364  5.8456  5.6735  5.4145  5.4058  5.2637
  80  0.565825  3.7564  4.6514 -0.4817  8.6465  7.5889  6.7713  6.3464  6.7169  6.5298  6.1164  5.8967  5.8067  5.6361  5.3794  5.3709  5.2308
  81  0.568809  3.7583  4.6457 -0.4661  8.5477  7.5086  6.7064  6.2881  6.6685  6.4838  6.0752  5.8576  5.7683  5.5990  5.3446  5.3364  5.1979
  82  0.573112  3.7610  4.6372 -0.4435  8.4078  7.3945  6.6146  6.2056  6.5993  6.4179  6.0160  5.8011  5.7127  5.5455  5.2942  5.2861  5.1502
  83  0.577425  3.7637  4.6285 -0.4208  8.2698  7.2816  6.5240  6.1242  6.5301  6.3518  5.9564  5.7442  5.6569  5.4915  5.2434  5.2356  5.1022
  84  0.581731  3.7664  4.6195 -0.3979  8.1350  7.1710  6.4347  6.0440  6.4612  6.2859  5.8969  5.6873  5.6008  5.4375  5.1924  5.1848  5.0538
  85  0.586015  3.7690  4.6103 -0.3750  8.0022  7.0617  6.3465  5.9649  6.3923  6.2201  5.8372  5.6303  5.5448  5.3833  5.1413  5.1340  5.0053
  86  0.590260  3.7717  4.6011 -0.3521  7.8722  6.9544  6.2598  5.8870  6.3239  6.1546  5.7777  5.5734  5.4889  5.3292  5.0903  5.0832  4.9569
  87  0.594452  3.7742  4.5918 -0.3292  7.7445  6.8487  6.1742  5.8102  6.2559  6.0893  5.7184  5.5166  5.4331  5.2754  5.0394  5.0325  4.9086
  88  0.598574  3.7769  4.5824 -0.3064  7.6192  6.7447  6.0899  5.7347  6.1883  6.0244  5.6594  5.4603  5.3777  5.2218  4.9888  4.9822  4.8606
  89  0.602629  3.7795  4.5730 -0.2837  7.4963  6.6425  6.0068  5.6601  6.1211  5.9598  5.6007  5.4042  5.3224  5.1685  4.9386  4.9321  4.8130
  90  0.606614  3.7821  4.5634 -0.2610  7.3760  6.5421  5.9251  5.5866  6.0543  5.8957  5.5421  5.3482  5.2675  5.1155  4.8885  4.8823  4.7655
  91  0.610528  3.7846  4.5538 -0.2384  7.2582  6.4435  5.8448  5.5145  5.9878  5.8317  5.4838  5.2924  5.2127  5.0626  4.8385  4.8325  4.7179
  92  0.614371  3.7872  4.5442 -0.2158  7.1427  6.3468  5.7662  5.4437  5.9219  5.7682  5.4256  5.2368  5.1579  5.0096  4.7885  4.7828  4.6704
  93  0.618138  3.7897  4.5342 -0.1933  7.0300  6.2524  5.6892  5.3743  5.8564  5.7049  5.3675  5.1812  5.1033  4.9568  4.7385  4.7329  4.6228
  94  0.621824  3.7921  4.5241 -0.1707  6.9203  6.1601  5.6136  5.3062  5.7912  5.6421  5.3096  5.1257  5.0486  4.9039  4.6884  4.6830  4.5751
  95  0.625429  3.7945  4.5137 -0.1483  6.8137  6.0701  5.5395  5.2394  5.7266  5.5796  5.2519  5.0704  4.9942  4.8512  4.6384  4.6332  4.5274
  96  0.628949  3.7968  4.5031 -0.1260  6.7099  5.9822  5.4665  5.1737  5.6624  5.5176  5.1946  5.0152  4.9399  4.7986  4.5884  4.5835  4.4797
  97  0.632383  3.7990  4.4920 -0.1037  6.6074  5.8952  5.3938  5.1083  5.5986  5.4558  5.1377  4.9606  4.8862  4.7466  4.5391  4.5343  4.4325
  98  0.635730  3.8012  4.4808 -0.0814  6.5067  5.8095  5.3217  5.0434  5.5349  5.3943  5.0810  4.9064  4.8328  4.6950  4.4901  4.4855  4.3856
  99  0.638987  3.8032  4.4691 -0.0593  6.4085  5.7257  5.2509  4.9795  5.4717  5.3332  5.0247  4.8524  4.7797  4.6436  4.4412  4.4368  4.3387
 100  0.642159  3.8052  4.4571 -0.0373  6.3146  5.6450  5.1825  4.9173  5.4093  5.2728  4.9685  4.7983  4.7264  4.5919  4.3920  4.3877  4.2914
 101  0.645241  3.8071  4.4448 -0.0153  6.2244  5.5672  5.1162  4.8568  5.3476  5.2127  4.9124  4.7442  4.6731  4.5400  4.3424  4.3382  4.2436
 102  0.648235  3.8089  4.4322  0.0065  6.1383  5.4925  5.0521  4.7980  5.2867  5.1534  4.8565  4.6901  4.6197  4.4879  4.2923  4.2884  4.1954
 103  0.651140  3.8107  4.4192  0.0282  6.0550  5.4200  4.9896  4.7405  5.2263  5.0946  4.8009  4.6362  4.5664  4.4359  4.2423  4.2386  4.1470
 104  0.653955  3.8123  4.4060  0.0498  5.9736  5.3490  4.9282  4.6839  5.1666  5.0363  4.7457  4.5826  4.5134  4.3842  4.1926  4.1888  4.0988
 105  0.656686  3.8138  4.3926  0.0712  5.8941  5.2795  4.8678  4.6283  5.1075  4.9785  4.6909  4.5293  4.4608  4.3327  4.1430  4.1393  4.0506
 106  0.659331  3.8153  4.3788  0.0925  5.8162  5.2114  4.8084  4.5736  5.0489  4.9211  4.6365  4.4765  4.4085  4.2816  4.0937  4.0900  4.0026
 107  0.661898  3.8166  4.3649  0.1137  5.7401  5.1447  4.7500  4.5197  4.9908  4.8644  4.5825  4.4239  4.3566  4.2308  4.0444  4.0410  3.9548
 108  0.664391  3.8179  4.3507  0.1347  5.6662  5.0796  4.6928  4.4667  4.9334  4.8082  4.5289  4.3717  4.3049  4.1802  3.9955  3.9921  3.9070
 109  0.666815  3.8191  4.3363  0.1555  5.5946  5.0161  4.6366  4.4143  4.8765  4.7525  4.4756  4.3198  4.2535  4.1297  3.9466  3.9433  3.8592
 110  0.669178  3.8203  4.3217  0.1763  5.5250  4.9542  4.5813  4.3627  4.8202  4.6973  4.4227  4.2682  4.2023  4.0795  3.8978  3.8945  3.8115
 111  0.671483  3.8213  4.3069  0.1968  5.4577  4.8940  4.5272  4.3119  4.7645  4.6425  4.3702  4.2168  4.1513  4.0295  3.8491  3.8459  3.7638
 112  0.672194  3.8216  4.3023  0.2032  5.4367  4.8752  4.5103  4.2960  4.7471  4.6254  4.3538  4.2006  4.1354  4.0137  3.8339  3.8307  3.7488
 113  0.672902  3.8220  4.2976  0.2098  5.4152  4.8560  4.4930  4.2798  4.7292  4.6080  4.3370  4.1843  4.1192  3.9977  3.8184  3.8152  3.7337
 114  0.673607  3.8223  4.2929  0.2163  5.3939  4.8368  4.4758  4.2637  4.7115  4.5905  4.3203  4.1680  4.1030  3.9818  3.8029  3.7998  3.7185
 115  0.674310  3.8227  4.2883  0.2230  5.3713  4.8168  4.4580  4.2470  4.6931  4.5725  4.3030  4.1511  4.0863  3.9656  3.7871  3.7840  3.7030
 116  0.675010  3.8232  4.2837  0.2297  5.3489  4.7970  4.4402  4.2305  4.6748  4.5545  4.2858  4.1343  4.0697  3.9493  3.7714  3.7683  3.6877
 117  0.675707  3.8237  4.2791  0.2366  5.3258  4.7766  4.4221  4.2135  4.6560  4.5361  4.2683  4.1172  4.0529  3.9327  3.7554  3.7523  3.6722
 118  0.676401  3.8241  4.2745  0.2435  5.3025  4.7560  4.4038  4.1966  4.6371  4.5176  4.2506  4.1001  4.0358  3.9160  3.7393  3.7363  3.6565
 119  0.677093  3.8245  4.2698  0.2505  5.2788  4.7350  4.3853  4.1793  4.6179  4.4988  4.2327  4.0827  4.0185  3.8992  3.7231  3.7200  3.6406
 120  0.677782  3.8249  4.2649  0.2575  5.2557  4.7144  4.3669  4.1622  4.5988  4.4800  4.2147  4.0651  4.0012  3.8822  3.7065  3.7036  3.6245
 121  0.678468  3.8253  4.2598  0.2645  5.2329  4.6940  4.3485  4.1448  4.5794  4.4611  4.1965  4.0474  3.9836  3.8649  3.6898  3.6868  3.6081
 122  0.679148  3.8257  4.2544  0.2717  5.2104  4.6737  4.3300  4.1274  4.5600  4.4419  4.1781  4.0293  3.9657  3.8473  3.6726  3.6697  3.5912
 123  0.679824  3.8260  4.2487  0.2791  5.1882  4.6535  4.3114  4.1097  4.5405  4.4227  4.1595  4.0110  3.9475  3.8293  3.6551  3.6522  3.5740
 124  0.680495  3.8263  4.2428  0.2865  5.1663  4.6333  4.2929  4.0920  4.5207  4.4033  4.1406  3.9925  3.9291  3.8111  3.6372  3.6344  3.5563
 125  0.681161  3.8265  4.2367  0.2940  5.1444  4.6133  4.2741  4.0741  4.5009  4.3836  4.1215  3.9737  3.9104  3.7927  3.6191  3.6162  3.5384
 126  0.681824  3.8267  4.2304  0.3015  5.1227  4.5931  4.2554  4.0560  4.4809  4.3638  4.1022  3.9546  3.8916  3.7740  3.6008  3.5979  3.5203
 127  0.682481  3.8269  4.2241  0.3091  5.1010  4.5730  4.2364  4.0379  4.4607  4.3440  4.0828  3.9354  3.8724  3.7551  3.5822  3.5793  3.5019
 128  0.683133  3.8271  4.2176  0.3169  5.0792  4.5528  4.2175  4.0196  4.4404  4.3238  4.0631  3.9161  3.8532  3.7360  3.5634  3.5605  3.4832
 129  0.683782  3.8273  4.2109  0.3246  5.0575  4.5326  4.1983  4.0010  4.4200  4.3036  4.0433  3.8965  3.8337  3.7167  3.5444  3.5415  3.4645
 130  0.684426  3.8274  4.2040  0.3325  5.0360  4.5124  4.1792  3.9825  4.3995  4.2832  4.0234  3.8766  3.8139  3.6972  3.5251  3.5223  3.4453
 131  0.685064  3.8276  4.1970  0.3404  5.0145  4.4921  4.1599  3.9638  4.3787  4.2627  4.0032  3.8568  3.7941  3.6774  3.5056  3.5027  3.4258
 132  0.685696  3.8277  4.1898  0.3484  4.9932  4.4719  4.1405  3.9449  4.3578  4.2420  3.9828  3.8365  3.7739  3.6574  3.4858  3.4829  3.4060
 133  0.686322  3.8277  4.1822  0.3565  4.9723  4.4520  4.1212  3.9259  4.3369  4.2212  3.9623  3.8160  3.7535  3.6371  3.4655  3.4627  3.3859
 134  0.686941  3.8277  4.1744  0.3647  4.9519  4.4322  4.1017  3.9068  4.3159  4.2002  3.9414  3.7955  3.7329  3.6165  3.4451  3.4422  3.3654
 135  0.687553  3.8277  4.1663  0.3730  4.9318  4.4125  4.0823  3.8875  4.2948  4.1792  3.9205  3.7745  3.7120  3.5957  3.4243  3.4213  3.3444
 136  0.688157  3.8276  4.1580  0.3814  4.9119  4.3930  4.0628  3.8681  4.2735  4.1580  3.8993  3.7534  3.6909  3.5745  3.4031  3.4001  3.3232
 137  0.688754  3.8275  4.1495  0.3899  4.8922  4.3735  4.0432  3.8486  4.2522  4.1367  3.8780  3.7320  3.6695  3.5532  3.3817  3.3788  3.3016
 138  0.689343  3.8273  4.1406  0.3984  4.8731  4.3542  4.0236  3.8290  4.2308  4.1152  3.8565  3.7104  3.6479  3.5314  3.3599  3.3569  3.2797
 139  0.689924  3.8271  4.1315  0.4070  4.8542  4.3350  4.0040  3.8091  4.2094  4.0937  3.8348  3.6886  3.6260  3.5095  3.3377  3.3349  3.2574
 140  0.690495  3.8268  4.1221  0.4157  4.8358  4.3161  3.9844  3.7891  4.1877  4.0720  3.8129  3.6666  3.6040  3.4873  3.3153  3.3124  3.2347
 141  0.691058  3.8265  4.1125  0.4246  4.8177  4.2973  3.9647  3.7692  4.1662  4.0503  3.7909  3.6443  3.5816  3.4647  3.2926  3.2895  3.2116
 142  0.691611  3.8262  4.1024  0.4334  4.8002  4.2787  3.9451  3.7490  4.1444  4.0285  3.7686  3.6218  3.5591  3.4420  3.2695  3.2664  3.1881
 143  0.692152  3.8257  4.0921  0.4424  4.7833  4.2606  3.9255  3.7287  4.1228  4.0066  3.7463  3.5992  3.5363  3.4189  3.2460  3.2429  3.1642
 144  0.692684  3.8252  4.0813  0.4515  4.7671  4.2427  3.9060  3.7084  4.1011  3.9846  3.7238  3.5763  3.5132  3.3956  3.2221  3.2190  3.1398
 145  0.693204  3.8246  4.0702  0.4606  4.7516  4.2252  3.8865  3.6880  4.0795  3.9626  3.7010  3.5531  3.4899  3.3719  3.1979  3.1947  3.1150
 146  0.693712  3.8240  4.0587  0.4698  4.7370  4.2082  3.8671  3.6675  4.0579  3.9407  3.6783  3.5298  3.4664  3.3480  3.1733  3.1701  3.0898
 147  0.694208  3.8232  4.0468  0.4791  4.7231  4.1915  3.8479  3.6470  4.0363  3.9187  3.6553  3.5063  3.4427  3.3238  3.1484  3.1451  3.0641
 148  0.694691  3.8224  4.0344  0.4885  4.7101  4.1754  3.8289  3.6265  4.0149  3.8968  3.6323  3.4826  3.4188  3.2994  3.1230  3.1197  3.0380
 149  0.695162  3.8216  4.0217  0.4980  4.6986  4.1601  3.8101  3.6059  3.9936  3.8749  3.6092  3.4588  3.3947  3.2747  3.0972  3.0939  3.0114
 150  0.695619  3.8205  4.0084  0.5074  4.6885  4.1456  3.7916  3.5855  3.9725  3.8532  3.5859  3.4346  3.3702  3.2496  3.0711  3.0676  2.9842
 151  0.696063  3.8194  3.9946  0.5169  4.6819  4.1331  3.7739  3.5650  3.9519  3.8317  3.5626  3.4103  3.3454  3.2239  3.0441  3.0407  2.9562
 152  0.696492  3.8182  3.9803  0.5266  4.6783  4.1224  3.7569  3.5447  3.9317  3.8105  3.5391  3.3856  3.3202  3.1978  3.0166  3.0130  2.9275
 153  0.696908  3.8168  3.9655  0.5363  4.6783  4.1137  3.7408  3.5246  3.9119  3.7895  3.5155  3.3606  3.2946  3.1712  2.9884  2.9847  2.8981
 154  0.697309  3.8153  3.9500  0.5459  4.6818  4.1073  3.7257  3.5047  3.8926  3.7688  3.4919  3.3353  3.2688  3.1441  2.9595  2.9557  2.8677
 155  0.697695  3.8137  3.9341  0.5557  4.6873  4.1021  3.7112  3.4852  3.8736  3.7484  3.4682  3.3099  3.2427  3.1167  2.9302  2.9263  2.8369
 156  0.698068  3.8119  3.9176  0.5655  4.6931  4.0973  3.6970  3.4660  3.8550  3.7282  3.4449  3.2847  3.2168  3.0895  2.9009  2.8968  2.8060
 157  0.698426  3.8100  3.9006  0.5752  4.6989  4.0926  3.6831  3.4475  3.8365  3.7083  3.4216  3.2597  3.1911  3.0624  2.8717  2.8675  2.7749
 158  0.698770  3.8080  3.8827  0.5850  4.7053  4.0887  3.6699  3.4298  3.8184  3.6887  3.3987  3.2350  3.1657  3.0356  2.8426  2.8382  2.7438
 159  0.699100  3.8058  3.8642  0.5947  4.7151  4.0873  3.6581  3.4129  3.8011  3.6698  3.3761  3.2104  3.1404  3.0087  2.8132  2.8087  2.7123
 160  0.699417  3.8033  3.8450  0.6045  4.7287  4.0883  3.6476  3.3969  3.7845  3.6515  3.3538  3.1860  3.1151  2.9818  2.7835  2.7788  2.6803
 161  0.699721  3.8008  3.8250  0.6143  4.7471  4.0924  3.6385  3.3816  3.7688  3.6338  3.3318  3.1616  3.0898  2.9547  2.7535  2.7486  2.6479
 162  0.699980  3.7983  3.8067  0.6228  4.7677  4.0989  3.6322  3.3693  3.7558  3.6189  3.3126  3.1401  3.0675  2.9306  2.7266  2.7215  2.6186
 163  0.700236  3.7958  3.7882  0.6316  4.7890  4.1057  3.6260  3.3568  3.7425  3.6036  3.2929  3.1182  3.0448  2.9062  2.6994  2.6941  2.5890
 164  0.700489  3.7932  3.7693  0.6406  4.8113  4.1129  3.6199  3.3444  3.7290  3.5882  3.2729  3.0959  3.0216  2.8813  2.6716  2.6661  2.5587
 165  0.700739  3.7907  3.7500  0.6497  4.8376  4.1228  3.6150  3.3326  3.7158  3.5727  3.2526  3.0732  2.9978  2.8557  2.6430  2.6372  2.5275
 166  0.700986  3.7877  3.7289  0.6589  4.8776  4.1417  3.6147  3.3232  3.7047  3.5588  3.2323  3.0498  2.9733  2.8288  2.6125  2.6065  2.4941
 167  0.701226  3.7834  3.7026  0.6679  4.9492  4.1814  3.6260  3.3211  3.6998  3.5494  3.2137  3.0266  2.9485  2.8005  2.5790  2.5726  2.4562
 168  0.701462  3.7788  3.6752  0.6772  5.0224  4.2228  3.6390  3.3211  3.6948  3.5403  3.1955  3.0039  2.9242  2.7729  2.5460  2.5394  2.4189
 169  0.701698  3.7743  3.6483  0.6866  5.0960  4.2647  3.6529  3.3226  3.6894  3.5308  3.1769  2.9808  2.8994  2.7449  2.5129  2.5059  2.3813
 170  0.701932  3.7710  3.6251  0.6964  5.1517  4.2946  3.6600  3.3196  3.6797  3.5175  3.1562  2.9567  2.8741  2.7169  2.4808  2.4735  2.3457
 171  0.702164  3.7684  3.6044  0.7066  5.1907  4.3128  3.6602  3.3119  3.6657  3.5008  3.1338  2.9317  2.8481  2.6889  2.4497  2.4422  2.3119
 172  0.702390  3.7660  3.5845  0.7172  5.2236  4.3266  3.6573  3.3020  3.6497  3.4823  3.1103  2.9058  2.8213  2.6606  2.4186  2.4108  2.2783
 173  0.702610  3.7637  3.5647  0.7281  5.2538  4.3383  3.6530  3.2910  3.6323  3.4626  3.0858  2.8791  2.7939  2.6315  2.3869  2.3789  2.2443
 174  0.702821  3.7615  3.5450  0.7395  5.2807  4.3477  3.6470  3.2787  3.6134  3.4416  3.0602  2.8514  2.7655  2.6016  2.3545  2.3463  2.2097
 175  0.703024  3.7595  3.5254  0.7512  5.3043  4.3544  3.6391  3.2648  3.5931  3.4191  3.0333  2.8228  2.7361  2.5708  2.3213  2.3130  2.1746
 176  0.703218  3.7578  3.5061  0.7633  5.3242  4.3585  3.6295  3.2496  3.5715  3.3954  3.0057  2.7934  2.7062  2.5394  2.2879  2.2793  2.1392
 177  0.703404  3.7561  3.4871  0.7756  5.3399  4.3596  3.6179  3.2329  3.5484  3.3705  2.9771  2.7631  2.6753  2.5074  2.2538  2.2451  2.1033
 178  0.703583  3.7545  3.4683  0.7883  5.3525  4.3582  3.6047  3.2149  3.5242  3.3446  2.9476  2.7321  2.6438  2.4748  2.2194  2.2106  2.0673
 179  0.703755  3.7531  3.4501  0.8011  5.3594  4.3528  3.5888  3.1949  3.4985  3.3173  2.9173  2.7004  2.6117  2.4416  2.1847  2.1758  2.0311
 180  0.703920  3.7518  3.4320  0.8142  5.3650  4.3464  3.5723  3.1745  3.4723  3.2897  2.8867  2.6686  2.5794  2.4085  2.1500  2.1409  1.9950
 181  0.704081  3.7507  3.4142  0.8273  5.3666  4.3371  3.5540  3.1526  3.4452  3.2611  2.8556  2.6362  2.5467  2.3749  2.1150  2.1058  1.9588
 182  0.704239  3.7496  3.3967  0.8406  5.3650  4.3257  3.5343  3.1298  3.4172  3.2319  2.8238  2.6035  2.5136  2.3410  2.0798  2.0706  1.9225
 183  0.704395  3.7485  3.3793  0.8542  5.3611  4.3122  3.5133  3.1058  3.3882  3.2017  2.7914  2.5700  2.4797  2.3065  2.0441  2.0347  1.8857
 184  0.704551  3.7477  3.3618  0.8680  5.3544  4.2969  3.4908  3.0806  3.3582  3.1705  2.7581  2.5358  2.4452  2.2712  2.0077  1.9982  1.8484
 185  0.704705  3.7468  3.3443  0.8821  5.3473  4.2811  3.4681  3.0552  3.3278  3.1391  2.7244  2.5012  2.4102  2.2355  1.9710  1.9614  1.8106
 186  0.704858  3.7459  3.3268  0.8964  5.3377  4.2634  3.4441  3.0288  3.2966  3.1068  2.6901  2.4659  2.3747  2.1993  1.9337  1.9240  1.7724
 187  0.705011  3.7452  3.3095  0.9108  5.3255  4.2439  3.4187  3.0012  3.2646  3.0738  2.6552  2.4302  2.3387  2.1628  1.8962  1.8865  1.7341
 188  0.705164  3.7445  3.2922  0.9253  5.3127  4.2239  3.3929  2.9734  3.2322  3.0406  2.6201  2.3943  2.3026  2.1261  1.8585  1.8487  1.6956
 189  0.705315  3.7438  3.2748  0.9401  5.2984  4.2026  3.3662  2.9446  3.1990  3.0065  2.5844  2.3578  2.2658  2.0888  1.8203  1.8105  1.6567
 190  0.705466  3.7431  3.2573  0.9550  5.2831  4.1804  3.3387  2.9152  3.1653  2.9718  2.5481  2.3209  2.2286  2.0510  1.7818  1.7718  1.6173
 191  0.705615  3.7424  3.2396  0.9702  5.2668  4.1575  3.3105  2.8851  3.1308  2.9367  2.5113  2.2834  2.1909  2.0128  1.7427  1.7327  1.5776
 192  0.705764  3.7418  3.2218  0.9856  5.2497  4.1337  3.2817  2.8543  3.0959  2.9009  2.4740  2.2454  2.1527  1.9742  1.7033  1.6932  1.5374
 193  0.705911  3.7412  3.2039  1.0011  5.2313  4.1090  3.2520  2.8229  3.0602  2.8645  2.4362  2.2070  2.1140  1.9351  1.6635  1.6534  1.4969
 194  0.706057  3.7406  3.1859  1.0167  5.2120  4.0834  3.2216  2.7908  3.0240  2.8275  2.3978  2.1681  2.0750  1.8956  1.6232  1.6130  1.4560
 195  0.706202  3.7400  3.1676  1.0327  5.1925  4.0575  3.1907  2.7582  2.9872  2.7900  2.3589  2.1286  2.0352  1.8554  1.5824  1.5721  1.4145
 196  0.706346  3.7394  3.1492  1.0490  5.1723  4.0309  3.1591  2.7249  2.9497  2.7517  2.3194  2.0884  1.9950  1.8147  1.5410  1.5307  1.3724
 197  0.706488  3.7389  3.1306  1.0654  5.1504  4.0030  3.1265  2.6907  2.9113  2.7127  2.2791  2.0477  1.9540  1.7734  1.4990  1.4886  1.3299
 198  0.706629  3.7383  3.1116  1.0822  5.1293  3.9753  3.0938  2.6562  2.8726  2.6732  2.2383  2.0063  1.9125  1.7314  1.4564  1.4460  1.2866
 199  0.706769  3.7377  3.0927  1.0990  5.1067  3.9465  3.0603  2.6210  2.8332  2.6332  2.1971  1.9647  1.8707  1.6893  1.4136  1.4031  1.2432
 200  0.706905  3.7372  3.0731  1.1164  5.0831  3.9165  3.0254  2.5845  2.7924  2.5917  2.1545  1.9215  1.8273  1.6456  1.3692  1.3587  1.1982
 201  0.707037  3.7366  3.0528  1.1346  5.0590  3.8857  2.9894  2.5468  2.7502  2.5487  2.1103  1.8768  1.7824  1.6002  1.3232  1.3127  1.1516
 202  0.707165  3.7360  3.0320  1.1531  5.0345  3.8542  2.9526  2.5082  2.7069  2.5048  2.0649  1.8310  1.7365  1.5538  1.2762  1.2656  1.1039
 203  0.707289  3.7354  3.0107  1.1720  5.0097  3.8221  2.9149  2.4687  2.6626  2.4597  2.0186  1.7840  1.6894  1.5063  1.2280  1.2174  1.0551
 204  0.707410  3.7348  2.9889  1.1914  4.9854  3.7900  2.8769  2.4287  2.6176  2.4139  1.9714  1.7362  1.6415  1.4580  1.1789  1.1681  1.0051
 205  0.707529  3.7341  2.9665  1.2110  4.9622  3.7584  2.8389  2.3885  2.5721  2.3675  1.9234  1.6876  1.5926  1.4087  1.1288  1.1179  0.9543
 206  0.707644  3.7335  2.9438  1.2311  4.9384  3.7261  2.8001  2.3476  2.5256  2.3202  1.8746  1.6382  1.5429  1.3585  1.0779  1.0669  0.9025
 207  0.707755  3.7328  2.9206  1.2514  4.9152  3.6939  2.7610  2.3063  2.4786  2.2723  1.8250  1.5880  1.4925  1.3077  1.0261  1.0151  0.8499
 208  0.707864  3.7321  2.8972  1.2721  4.8914  3.6611  2.7212  2.2643  2.4308  2.2235  1.7746  1.5369  1.4412  1.2559  0.9736  0.9624  0.7965
 209  0.707969  3.7313  2.8733  1.2931  4.8688  3.6287  2.6814  2.2221  2.3825  2.1743  1.7237  1.4852  1.3893  1.2034  0.9201  0.9089  0.7423
 210  0.708072  3.7305  2.8492  1.3143  4.8455  3.5957  2.6410  2.1792  2.3337  2.1244  1.6720  1.4328  1.3366  1.1502  0.8661  0.8548  0.6874
 211  0.708171  3.7298  2.8246  1.3359  4.8238  3.5634  2.6007  2.1363  2.2844  2.0741  1.6196  1.3797  1.2833  1.0964  0.8112  0.7999  0.6316
 212  0.708267  3.7290  2.7999  1.3576  4.8018  3.5309  2.5601  2.0931  2.2346  2.0232  1.5668  1.3260  1.2293  1.0418  0.7557  0.7443  0.5752
 213  0.708359  3.7282  2.7748  1.3796  4.7804  3.4984  2.5192  2.0494  2.1845  1.9717  1.5133  1.2717  1.1748  0.9866  0.6995  0.6880  0.5181
 214  0.708449  3.7275  2.7494  1.4019  4.7595  3.4663  2.4782  2.0056  2.1339  1.9199  1.4593  1.2168  1.1197  0.9309  0.6428  0.6312  0.4605
 215  0.708535  3.7267  2.7239  1.4243  4.7390  3.4340  2.4370  1.9615  2.0829  1.8677  1.4048  1.1614  1.0640  0.8745  0.5854  0.5738  0.4022
 216  0.708619  3.7258  2.6980  1.4470  4.7188  3.4020  2.3958  1.9174  2.0316  1.8152  1.3499  1.1055  1.0078  0.8177  0.5275  0.5158  0.3433
 217  0.708633  3.7256  2.6934  1.4511  4.7151  3.3962  2.3883  1.9094  2.0223  1.8057  1.3400  1.0955  0.9977  0.8075  0.5171  0.5053  0.3327
 218  0.708648  3.7255  2.6886  1.4553  4.7118  3.3906  2.3811  1.9014  2.0131  1.7961  1.3301  1.0854  0.9874  0.7972  0.5065  0.4948  0.3220
 219  0.708663  3.7253  2.6839  1.4594  4.7082  3.3849  2.3736  1.8934  2.0038  1.7865  1.3200  1.0752  0.9772  0.7868  0.4960  0.4843  0.3113
 220  0.708677  3.7252  2.6792  1.4635  4.7045  3.3790  2.3660  1.8853  1.9945  1.7770  1.3100  1.0650  0.9670  0.7765  0.4855  0.4737  0.3006
 221  0.708692  3.7251  2.6745  1.4677  4.7009  3.3733  2.3585  1.8773  1.9851  1.7673  1.2999  1.0547  0.9567  0.7660  0.4748  0.4630  0.2898
 222  0.708707  3.7249  2.6697  1.4718  4.6975  3.3676  2.3511  1.8692  1.9757  1.7577  1.2899  1.0445  0.9463  0.7556  0.4642  0.4523  0.2790
 223  0.708720  3.7248  2.6649  1.4760  4.6942  3.3619  2.3436  1.8611  1.9663  1.7481  1.2797  1.0342  0.9360  0.7450  0.4535  0.4416  0.2681
 224  0.708734  3.7246  2.6601  1.4802  4.6909  3.3562  2.3362  1.8531  1.9568  1.7383  1.2695  1.0238  0.9256  0.7345  0.4427  0.4308  0.2571
 225  0.708748  3.7245  2.6553  1.4844  4.6874  3.3504  2.3286  1.8449  1.9473  1.7285  1.2593  1.0134  0.9151  0.7239  0.4319  0.4200  0.2461
 226  0.708763  3.7243  2.6504  1.4886  4.6838  3.3446  2.3209  1.8367  1.9377  1.7187  1.2491  1.0029  0.9046  0.7133  0.4211  0.4091  0.2352
 227  0.708895  3.7228  2.6029  1.5302  4.6507  3.2885  2.2468  1.7568  1.8443  1.6227  1.1486  0.9007  0.8018  0.6093  0.3150  0.3029  0.1273
 228  0.709027  3.7212  2.5516  1.5750  4.6171  3.2293  2.1677  1.6714  1.7437  1.5195  1.0404  0.7906  0.6911  0.4972  0.2008  0.1885  0.0111
 229  0.709140  3.7196  2.5036  1.6168  4.5886  3.1761  2.0948  1.5925  1.6503  1.4233  0.9396  0.6879  0.5879  0.3927  0.0941  0.0817 -0.0974
 230  0.709242  3.7179  2.4554  1.6584  4.5673  3.1275  2.0249  1.5160  1.5585  1.3285  0.8398  0.5863  0.4856  0.2891 -0.0117 -0.0244 -0.2053
 231  0.709337  3.7162  2.4076  1.6995  4.5503  3.0822  1.9573  1.4415  1.4680  1.2351  0.7412  0.4858  0.3844  0.1866 -0.1165 -0.1293 -0.3123
 232  0.709429  3.7144  2.3566  1.7432  4.5372  3.0375  1.8872  1.3641  1.3730  1.1366  0.6370  0.3794  0.2773  0.0779 -0.2277 -0.2408 -0.4257
 233  0.709508  3.7127  2.3094  1.7836  4.5291  2.9990  1.8241  1.2938  1.2856  1.0459  0.5407  0.2810  0.1783 -0.0225 -0.3305 -0.3438 -0.5306
 234  0.709583  3.7109  2.2598  1.8260  4.5244  2.9620  1.7595  1.2215  1.1946  0.9512  0.4400  0.1780  0.0747 -0.1277 -0.4384 -0.4519 -0.6408
 235  0.709655  3.7090  2.2092  1.8691  4.5221  2.9258  1.6946  1.1487  1.1022  0.8551  0.3377  0.0733 -0.0307 -0.2348 -0.5481 -0.5618 -0.7529
 236  0.709716  3.7072  2.1624  1.9090  4.5226  2.8937  1.6356  1.0821  1.0172  0.7666  0.2432 -0.0233 -0.1281 -0.3336 -0.6495 -0.6633 -0.8565
 237  0.709773  3.7056  2.1166  1.9480  4.5255  2.8640  1.5787  1.0177  0.9344  0.6801  0.1508 -0.1179 -0.2234 -0.4304 -0.7486 -0.7627 -0.9580
 238  0.709827  3.7038  2.0688  1.9887  4.5318  2.8356  1.5210  0.9519  0.8488  0.5905  0.0548 -0.2162 -0.3224 -0.5310 -0.8520 -0.8662 -1.0634
 239  0.709876  3.7021  2.0243  2.0265  4.5399  2.8110  1.4682  0.8915  0.7695  0.5076 -0.0342 -0.3074 -0.4143 -0.6244 -0.9478 -0.9622 -1.1615
 240  0.709921  3.7006  1.9835  2.0612  4.5484  2.7892  1.4200  0.8364  0.6968  0.4313 -0.1161 -0.3914 -0.4989 -0.7104 -1.0361 -1.0508 -1.2517
 241  0.709964  3.6988  1.9390  2.0987  4.5674  2.7733  1.3725  0.7808  0.6206  0.3508 -0.2036 -0.4814 -0.5896 -0.8029 -1.1312 -1.1461 -1.3492
 242  0.710003  3.6969  1.8942  2.1361  4.5921  2.7627  1.3275  0.7278  0.5458  0.2714 -0.2903 -0.5707 -0.6799 -0.8948 -1.2261 -1.2413 -1.4467
 243  0.710039  3.6951  1.8498  2.1730  4.6197  2.7558  1.2849  0.6774  0.4729  0.1938 -0.3752 -0.6585 -0.7685 -0.9852 -1.3196 -1.3349 -1.5427
 244  0.710071  3.6933  1.8091  2.2069  4.6462  2.7518  1.2468  0.6322  0.4066  0.1229 -0.4530 -0.7390 -0.8498 -1.0682 -1.4054 -1.4210 -1.6311
 245  0.710104  3.6919  1.7745  2.2357  4.6682  2.7493  1.2151  0.5944  0.3506  0.0630 -0.5190 -0.8072 -0.9187 -1.1387 -1.4783 -1.4940 -1.7060
 246  0.710133  3.6913  1.7579  2.2501  4.6708  2.7427  1.1964  0.5732  0.3214  0.0323 -0.5523 -0.8415 -0.9533 -1.1738 -1.5144 -1.5303 -1.7431
 247  0.710163  3.6903  1.7321  2.2717  4.6834  2.7396  1.1718  0.5444  0.2791 -0.0129 -0.6020 -0.8929 -1.0052 -1.2269 -1.5692 -1.5852 -1.7993
 248  0.710192  3.6884  1.6867  2.3096  4.7123  2.7401  1.1323  0.4967  0.2064 -0.0910 -0.6884 -0.9826 -1.0959 -1.3196 -1.6652 -1.6814 -1.8981
 249  0.710218  3.6863  1.6387  2.3494  4.7468  2.7455  1.0942  0.4495  0.1316 -0.1717 -0.7789 -1.0766 -1.1910 -1.4170 -1.7662 -1.7828 -2.0020
 250  0.710242  3.6844  1.5921  2.3879  4.7816  2.7539  1.0594  0.4057  0.0601 -0.2492 -0.8659 -1.1671 -1.2826 -1.5109 -1.8636 -1.8804 -2.1023
 251  0.710264  3.6823  1.5454  2.4265  4.8173  2.7649  1.0257  0.3628 -0.0111 -0.3265 -0.9529 -1.2577 -1.3742 -1.6049 -1.9611 -1.9782 -2.2026
 252  0.710285  3.6803  1.5001  2.4639  4.8524  2.7782  0.9946  0.3229 -0.0794 -0.4008 -1.0368 -1.3450 -1.4626 -1.6955 -2.0552 -2.0725 -2.2997
 253  0.710303  3.6783  1.4557  2.5001  4.8920  2.7981  0.9683  0.2879 -0.1438 -0.4714 -1.1172 -1.4290 -1.5477 -1.7829 -2.1463 -2.1639 -2.3938
 254  0.710320  3.6762  1.4122  2.5356  4.9330  2.8222  0.9452  0.2563 -0.2053 -0.5395 -1.1952 -1.5107 -1.6305 -1.8680 -2.2352 -2.2531 -2.4857
 255  0.710336  3.6742  1.3692  2.5705  4.9735  2.8489  0.9241  0.2270 -0.2649 -0.6056 -1.2714 -1.5907 -1.7116 -1.9515 -2.3225 -2.3407 -2.5760
 256  0.710350  3.6722  1.3269  2.6047  5.0139  2.8784  0.9052  0.2001 -0.3225 -0.6697 -1.3459 -1.6690 -1.7910 -2.0333 -2.4080 -2.4266 -2.6647
 257  0.710364  3.6702  1.2855  2.6382  5.0541  2.9103  0.8886  0.1756 -0.3776 -0.7315 -1.4181 -1.7450 -1.8681 -2.1129 -2.4915 -2.5102 -2.7513
 258  0.710377  3.6682  1.2453  2.6707  5.0948  2.9449  0.8744  0.1540 -0.4301 -0.7907 -1.4876 -1.8184 -1.9427 -2.1898 -2.5723 -2.5914 -2.8351
 259  0.710389  3.6663  1.2053  2.7028  5.1355  2.9821  0.8619  0.1341 -0.4813 -0.8487 -1.5561 -1.8908 -2.0161 -2.2659 -2.6522 -2.6715 -2.9182
 260  0.710399  3.6644  1.1660  2.7345  5.1762  3.0226  0.8516  0.1167 -0.5303 -0.9048 -1.6229 -1.9615 -2.0881 -2.3404 -2.7306 -2.7503 -2.9998
 261  0.710409  3.6625  1.1274  2.7655  5.2157  3.0655  0.8435  0.1017 -0.5770 -0.9586 -1.6876 -2.0304 -2.1581 -2.4129 -2.8071 -2.8271 -3.0794
 262  0.710418  3.6606  1.0895  2.7958  5.2530  3.1104  0.8371  0.0887 -0.6217 -1.0106 -1.7505 -2.0974 -2.2263 -2.4837 -2.8819 -2.9022 -3.1574
 263  0.710427  3.6587  1.0524  2.8254  5.2867  3.1572  0.8324  0.0777 -0.6644 -1.0606 -1.8116 -2.1627 -2.2926 -2.5527 -2.9549 -2.9755 -3.2336
 264  0.710436  3.6569  1.0157  2.8547  5.3175  3.2063  0.8292  0.0683 -0.7055 -1.1092 -1.8715 -2.2268 -2.3580 -2.6207 -3.0269 -3.0478 -3.3089
 265  0.710443  3.6550  0.9799  2.8832  5.3459  3.2580  0.8285  0.0618 -0.7438 -1.1550 -1.9288 -2.2884 -2.4208 -2.6861 -3.0965 -3.1177 -3.3817
 266  0.710450  3.6532  0.9443  2.9113  5.3736  3.3152  0.8314  0.0588 -0.7795 -1.1987 -1.9844 -2.3486 -2.4823 -2.7503 -3.1650 -3.1866 -3.4536
 267  0.710457  3.6512  0.9093  2.9387  5.3972  3.3745  0.8362  0.0582 -0.8129 -1.2402 -2.0382 -2.4070 -2.5419 -2.8129 -3.2319 -3.2538 -3.5238
 268  0.710463  3.6494  0.8745  2.9658  5.4157  3.4358  0.8427  0.0594 -0.8447 -1.2803 -2.0908 -2.4642 -2.6005 -2.8743 -3.2978 -3.3200 -3.5932
 269  0.710469  3.6475  0.8406  2.9922  5.4296  3.4976  0.8504  0.0624 -0.8746 -1.3185 -2.1413 -2.5196 -2.6571 -2.9339 -3.3618 -3.3843 -3.6606
 270  0.710475  3.6456  0.8072  3.0183  5.4385  3.5591  0.8587  0.0662 -0.9033 -1.3557 -2.1911 -2.5741 -2.7130 -2.9926 -3.4249 -3.4478 -3.7273
 271  0.710480  3.6438  0.7746  3.0436  5.4431  3.6194  0.8677  0.0710 -0.9301 -1.3908 -2.2386 -2.6264 -2.7665 -3.0492 -3.4859 -3.5090 -3.7916
 272  0.710486  3.6420  0.7422  3.0687  5.4439  3.6797  0.8771  0.0767 -0.9560 -1.4252 -2.2855 -2.6782 -2.8195 -3.1051 -3.5462 -3.5697 -3.8554
 273  0.710490  3.6403  0.7106  3.0933  5.4410  3.7384  0.8865  0.0828 -0.9806 -1.4582 -2.3309 -2.7284 -2.8710 -3.1596 -3.6051 -3.6289 -3.9177
 274  0.710495  3.6386  0.6798  3.1173  5.4349  3.7948  0.8954  0.0886 -1.0043 -1.4903 -2.3752 -2.7774 -2.9213 -3.2128 -3.6625 -3.6867 -3.9784
 275  0.710499  3.6368  0.6495  3.1409  5.4262  3.8500  0.9046  0.0950 -1.0267 -1.5212 -2.4182 -2.8252 -2.9703 -3.2647 -3.7186 -3.7431 -4.0378
 276  0.710503  3.6352  0.6198  3.1640  5.4149  3.9034  0.9133  0.1013 -1.0482 -1.5509 -2.4600 -2.8719 -3.0182 -3.3156 -3.7737 -3.7985 -4.0962
 277  0.710507  3.6336  0.5911  3.1864  5.4016  3.9542  0.9217  0.1077 -1.0684 -1.5793 -2.5002 -2.9168 -3.0642 -3.3645 -3.8267 -3.8519 -4.1525
 278  0.710510  3.6321  0.5632  3.2081  5.3871  4.0030  0.9298  0.1140 -1.0875 -1.6064 -2.5391 -2.9603 -3.1089 -3.4119 -3.8781 -3.9036 -4.2071
 279  0.710513  3.6307  0.5374  3.2284  5.3714  4.0464  0.9364  0.1191 -1.1053 -1.6317 -2.5753 -3.0007 -3.1505 -3.4561 -3.9261 -3.9518 -4.2580
