#NUMBER OF AGES= 1
#----------------------------------------------------       
#MIX-LEN  Y      Z          Zeff        [Fe/H] [a/Fe]
# 1.9380  0.3300 3.4153E-04 1.7385E-04  -1.94   0.40 
#----------------------------------------------------       
#**PHOTOMETRIC SYSTEM**: HST WFPC2 (Vega)                   
#----------------------------------------------------       
#AGE=12.200 EEPS=265
#EEP   M/Mo    LogTeff  LogG   LogL/Lo F218W   F255W   F300W   F336W   F439W   F450W   F555W   F606W   F622W   F675W   F791W   F814W   F850LP
  15  0.117130  3.5509  5.2604 -2.5968 20.3671 19.7861 16.3603 15.4961 14.3573 13.7845 12.4485 11.9061 11.7136 11.3392 10.6125 10.5757 10.1891
  16  0.128411  3.5591  5.2243 -2.4881 20.0201 19.2206 15.9217 15.0526 13.9222 13.3889 12.1053 11.5688 11.3775 11.0102 10.3380 10.3027  9.9271
  17  0.139016  3.5656  5.1935 -2.3965 19.7220 18.7559 15.5585 14.6875 13.5698 13.0642 11.8228 11.2928 11.1031 10.7411 10.1066 10.0725  9.7054
  18  0.149234  3.5709  5.1671 -2.3183 19.4677 18.3754 15.2568 14.3853 13.2803 12.7941 11.5863 11.0628 10.8747 10.5171  9.9089  9.8756  9.5152
  19  0.160062  3.5754  5.1428 -2.2453 19.2285 18.0287 14.9813 14.1106 13.0183 12.5473 11.3690 10.8519 10.6657 10.3121  9.7241  9.6916  9.3370
  20  0.172347  3.5798  5.1188 -2.1716 18.9832 17.6785 14.7069 13.8382 12.7601 12.3025 11.1524 10.6423 10.4580 10.1087  9.5380  9.5062  9.1571
  21  0.186202  3.5841  5.0952 -2.0975 18.7332 17.3224 14.4337 13.5687 12.5052 12.0596 10.9369 10.4343 10.2522  9.9069  9.3514  9.3203  8.9765
  22  0.201206  3.5881  5.0733 -2.0257 18.4675 16.9594 14.1662 13.3070 12.2607 11.8257 10.7293 10.2343 10.0543  9.7133  9.1708  9.1403  8.8013
  23  0.219540  3.5924  5.0492 -1.9465 18.1110 16.5124 13.8620 13.0140 11.9942 11.5696 10.5016 10.0154  9.8381  9.5018  8.9719  8.9420  8.6081
  24  0.237190  3.5961  5.0308 -1.8800 17.7666 16.1041 13.5984 12.7630 11.7713 11.3550 10.3109  9.8326  9.6575  9.3255  8.8051  8.7758  8.4461
  25  0.249631  3.5984  5.0213 -1.8387 17.5404 15.8416 13.4311 12.6043 11.6323 11.2211 10.1922  9.7191  9.5456  9.2163  8.7018  8.6728  8.3460
  26  0.257034  3.5997  5.0174 -1.8171 17.4173 15.7000 13.3410 12.5190 11.5583 11.1497 10.1291  9.6589  9.4864  9.1586  8.6472  8.6185  8.2932
  27  0.262279  3.6007  5.0156 -1.8029 17.3379 15.6090 13.2820 12.4630 11.5097 11.1028 10.0879  9.6196  9.4476  9.1209  8.6116  8.5830  8.2587
  28  0.266098  3.6013  5.0138 -1.7921 17.2823 15.5457 13.2379 12.4207 11.4727 11.0671 10.0562  9.5896  9.4180  9.0920  8.5842  8.5557  8.2323
  29  0.268860  3.6019  5.0118 -1.7836 17.2379 15.4953 13.2025 12.3870 11.4433 11.0387 10.0313  9.5657  9.3945  9.0692  8.5626  8.5342  8.2115
  30  0.270985  3.6024  5.0098 -1.7763 17.2008 15.4533 13.1730 12.3587 11.4186 11.0148 10.0103  9.5457  9.3748  9.0501  8.5446  8.5162  8.1940
  31  0.272809  3.6027  5.0079 -1.7699 17.1662 15.4142 13.1455 12.3325 11.3958 10.9929  9.9911  9.5275  9.3569  9.0326  8.5281  8.4998  8.1780
  32  0.274668  3.6032  5.0059 -1.7631 17.1308 15.3741 13.1172 12.3053 11.3723 10.9702  9.9713  9.5086  9.3384  9.0146  8.5110  8.4828  8.1616
  33  0.276869  3.6036  5.0038 -1.7555 17.0916 15.3302 13.0855 12.2750 11.3460 10.9448  9.9490  9.4875  9.3176  8.9943  8.4919  8.4637  8.1431
  34  0.279746  3.6042  5.0015 -1.7464 17.0473 15.2810 13.0492 12.2400 11.3154 10.9150  9.9227  9.4624  9.2928  8.9703  8.4690  8.4409  8.1210
  35  0.283710  3.6048  4.9984 -1.7348 16.9946 15.2232 13.0052 12.1976 11.2777 10.8784  9.8898  9.4310  9.2618  8.9400  8.4399  8.4120  8.0928
  36  0.289375  3.6056  4.9943 -1.7193 16.9279 15.1506 12.9481 12.1423 11.2283 10.8303  9.8462  9.3889  9.2202  8.8993  8.4007  8.3729  8.0545
  37  0.297714  3.6066  4.9876 -1.6962 16.8311 15.0462 12.8648 12.0614 11.1558 10.7594  9.7817  9.3267  9.1588  8.8390  8.3427  8.3150  7.9979
  38  0.311353  3.6087  4.9741 -1.6549 16.6471 14.8498 12.7081 11.9096 11.0220 10.6291  9.6647  9.2147  9.0483  8.7312  8.2385  8.2111  7.8965
  39  0.326272  3.6119  4.9561 -1.6038 16.4068 14.5939 12.5040 11.7118 10.8497 10.4616  9.5161  9.0734  8.9092  8.5959  8.1095  8.0826  7.7719
  40  0.340365  3.6156  4.9365 -1.5507 16.1552 14.3241 12.2874 11.5012 10.6661 10.2834  9.3590  8.9244  8.7626  8.4538  7.9754  7.9491  7.6431
  41  0.349915  3.6185  4.9221 -1.5128 15.9735 14.1323 12.1302 11.3479 10.5332 10.1544  9.2455  8.8170  8.6571  8.3518  7.8791  7.8532  7.5508
  42  0.359995  3.6217  4.9064 -1.4721 15.7811 13.9310 11.9620 11.1833 10.3905 10.0160  9.1236  8.7019  8.5439  8.2425  7.7761  7.7507  7.4523
  43  0.372229  3.6260  4.8877 -1.4213 15.5410 13.6789 11.7476 10.9727 10.2085  9.8395  8.9687  8.5561  8.4008  8.1048  7.6470  7.6222  7.3297
  44  0.385689  3.6316  4.8681 -1.3640 15.2650 13.3886 11.4965 10.7250  9.9967  9.6346  8.7902  8.3892  8.2372  7.9482  7.5015  7.4776  7.1924
  45  0.398276  3.6374  4.8505 -1.3092 14.9867 13.0954 11.2428 10.4750  9.7869  9.4321  8.6152  8.2266  8.0781  7.7968  7.3620  7.3391  7.0620
  46  0.407364  3.6422  4.8378 -1.2677 14.7642 12.8617 11.0420 10.2778  9.6247  9.2759  8.4810  8.1025  7.9569  7.6819  7.2569  7.2346  6.9641
  47  0.415165  3.6468  4.8272 -1.2306 14.5508 12.6400 10.8536 10.0938  9.4773  9.1341  8.3600  7.9908  7.8482  7.5790  7.1629  7.1414  6.8772
  48  0.422640  3.6515  4.8175 -1.1942 14.3289 12.4117 10.6610  9.9069  9.3306  8.9935  8.2403  7.8807  7.7410  7.4778  7.0710  7.0501  6.7923
  49  0.429932  3.6564  4.8085 -1.1581 14.0992 12.1770 10.4638  9.7166  9.1837  8.8530  8.1210  7.7711  7.6345  7.3773  6.9799  6.9598  6.7086
  50  0.437352  3.6616  4.7997 -1.1212 13.8518 11.9284 10.2564  9.5179  9.0331  8.7093  7.9990  7.6590  7.5257  7.2748  6.8871  6.8677  6.6235
  51  0.444829  3.6670  4.7912 -1.0839 13.5825 11.6646 10.0410  9.3131  8.8812  8.5647  7.8764  7.5463  7.4163  7.1716  6.7936  6.7751  6.5381
  52  0.449195  3.6702  4.7865 -1.0622 13.4169 11.5062  9.9138  9.1929  8.7933  8.4812  7.8055  7.4810  7.3530  7.1118  6.7394  6.7213  6.4884
  53  0.453583  3.6734  4.7818 -1.0403 13.2441 11.3449  9.7847  9.0719  8.7057  8.3980  7.7349  7.4157  7.2897  7.0518  6.6848  6.6672  6.4384
  54  0.457996  3.6768  4.7774 -1.0183 13.0618 11.1788  9.6522  8.9488  8.6175  8.3144  7.6636  7.3500  7.2260  6.9915  6.6298  6.6126  6.3880
  55  0.462436  3.6802  4.7730 -0.9960 12.8742 11.0116  9.5191  8.8257  8.5301  8.2316  7.5928  7.2843  7.1623  6.9310  6.5747  6.5579  6.3375
  56  0.466910  3.6837  4.7688 -0.9734 12.6755 10.8383  9.3815  8.6994  8.4412  8.1476  7.5212  7.2180  7.0978  6.8699  6.5188  6.5026  6.2864
  57  0.471408  3.6872  4.7646 -0.9507 12.4727 10.6650  9.2438  8.5735  8.3531  8.0644  7.4500  7.1518  7.0336  6.8088  6.4629  6.4471  6.2352
  58  0.475926  3.6909  4.7604 -0.9279 12.2654 10.4908  9.1054  8.4473  8.2647  7.9813  7.3788  7.0855  6.9691  6.7474  6.4069  6.3914  6.1837
  59  0.480444  3.6945  4.7561 -0.9049 12.0578 10.3186  8.9684  8.3227  8.1771  7.8990  7.3082  7.0196  6.9050  6.6863  6.3510  6.3359  6.1325
  60  0.484935  3.6980  4.7517 -0.8822 11.8537 10.1510  8.8347  8.2012  8.0914  7.8185  7.2391  6.9549  6.8418  6.6262  6.2959  6.2814  6.0820
  61  0.489369  3.7017  4.7474 -0.8597 11.6489  9.9847  8.7017  8.0805  8.0064  7.7389  7.1707  6.8910  6.7797  6.5670  6.2418  6.2277  6.0323
  62  0.493719  3.7051  4.7429 -0.8376 11.4530  9.8263  8.5744  7.9652  7.9247  7.6624  7.1048  6.8294  6.7196  6.5098  6.1894  6.1757  5.9842
  63  0.497945  3.7084  4.7384 -0.8162 11.2630  9.6737  8.4515  7.8542  7.8461  7.5888  7.0413  6.7699  6.6615  6.4544  6.1384  6.1251  5.9372
  64  0.502000  3.7115  4.7338 -0.7956 11.0846  9.5308  8.3362  7.7502  7.7720  7.5195  6.9813  6.7135  6.6064  6.4017  6.0898  6.0768  5.8924
  65  0.505877  3.7146  4.7294 -0.7758 10.9126  9.3938  8.2256  7.6506  7.7012  7.4532  6.9239  6.6595  6.5537  6.3513  6.0433  6.0306  5.8493
  66  0.509587  3.7174  4.7250 -0.7568 10.7513  9.2653  8.1217  7.5572  7.6341  7.3906  6.8695  6.6082  6.5035  6.3033  5.9989  5.9864  5.8081
  67  0.513139  3.7202  4.7207 -0.7384 10.5954  9.1416  8.0219  7.4674  7.5695  7.3301  6.8172  6.5589  6.4552  6.2571  5.9561  5.9441  5.7686
  68  0.516540  3.7228  4.7164 -0.7207 10.4473  9.0242  7.9273  7.3825  7.5078  7.2726  6.7671  6.5117  6.4091  6.2130  5.9153  5.9035  5.7306
  69  0.519813  3.7254  4.7123 -0.7035 10.3024  8.9098  7.8356  7.3003  7.4480  7.2167  6.7187  6.4661  6.3645  6.1703  5.8758  5.8643  5.6940
  70  0.522977  3.7278  4.7079 -0.6868 10.1655  8.8014  7.7487  7.2224  7.3907  7.1633  6.6722  6.4221  6.3214  6.1291  5.8376  5.8264  5.6585
  71  0.526047  3.7302  4.7038 -0.6705 10.0311  8.6953  7.6636  7.1463  7.3348  7.1110  6.6267  6.3792  6.2794  6.0889  5.8004  5.7893  5.6240
  72  0.529040  3.7325  4.6995 -0.6546  9.9040  8.5948  7.5827  7.0736  7.2809  7.0606  6.5827  6.3377  6.2386  6.0499  5.7641  5.7534  5.5902
  73  0.531972  3.7348  4.6952 -0.6388  9.7790  8.4959  7.5028  7.0021  7.2278  7.0109  6.5393  6.2968  6.1986  6.0114  5.7284  5.7179  5.5570
  74  0.534856  3.7370  4.6908 -0.6233  9.6602  8.4015  7.4264  6.9335  7.1762  6.9626  6.4970  6.2566  6.1593  5.9737  5.6933  5.6831  5.5242
  75  0.537709  3.7391  4.6863 -0.6078  9.5430  8.3084  7.3509  6.8658  7.1252  6.9147  6.4550  6.2169  6.1203  5.9364  5.6586  5.6485  5.4918
  76  0.540539  3.7413  4.6816 -0.5926  9.4305  8.2185  7.2782  6.8007  7.0753  6.8678  6.4137  6.1776  6.0819  5.8995  5.6242  5.6143  5.4596
  77  0.543359  3.7433  4.6769 -0.5773  9.3187  8.1292  7.2062  6.7361  7.0256  6.8208  6.3724  6.1386  6.0435  5.8626  5.5898  5.5801  5.4274
  78  0.546174  3.7454  4.6721 -0.5620  9.2094  8.0416  7.1357  6.6729  6.9762  6.7744  6.3314  6.0997  6.0054  5.8260  5.5556  5.5462  5.3954
  79  0.548998  3.7474  4.6671 -0.5467  9.1020  7.9551  7.0659  6.6103  6.9269  6.7279  6.2904  6.0608  5.9672  5.7894  5.5216  5.5122  5.3634
  80  0.551820  3.7494  4.6620 -0.5314  8.9974  7.8707  6.9975  6.5488  6.8779  6.6816  6.2494  6.0221  5.9293  5.7530  5.4876  5.4784  5.3316
  81  0.554626  3.7513  4.6567 -0.5162  8.8948  7.7878  6.9300  6.4880  6.8292  6.6355  6.2087  5.9835  5.8915  5.7169  5.4539  5.4449  5.2999
  82  0.558698  3.7541  4.6489 -0.4939  8.7486  7.6693  6.8338  6.4013  6.7590  6.5690  6.1497  5.9277  5.8368  5.6643  5.4049  5.3963  5.2538
  83  0.562814  3.7569  4.6406 -0.4715  8.6042  7.5521  6.7388  6.3159  6.6888  6.5023  6.0903  5.8712  5.7814  5.6111  5.3550  5.3466  5.2068
  84  0.566962  3.7595  4.6318 -0.4487  8.4633  7.4371  6.6460  6.2324  6.6190  6.4358  6.0305  5.8142  5.7253  5.5570  5.3041  5.2960  5.1587
  85  0.571128  3.7622  4.6228 -0.4257  8.3243  7.3234  6.5544  6.1500  6.5491  6.3692  5.9704  5.7567  5.6688  5.5025  5.2527  5.2447  5.1098
  86  0.575296  3.7649  4.6133 -0.4026  8.1877  7.2113  6.4638  6.0685  6.4793  6.3024  5.9099  5.6990  5.6121  5.4475  5.2008  5.1931  5.0607
  87  0.579449  3.7675  4.6037 -0.3793  8.0532  7.1004  6.3743  5.9879  6.4094  6.2355  5.8494  5.6410  5.5550  5.3925  5.1487  5.1413  5.0113
  88  0.583572  3.7701  4.5939 -0.3560  7.9211  6.9915  6.2859  5.9086  6.3398  6.1688  5.7888  5.5830  5.4980  5.3373  5.0966  5.0894  4.9617
  89  0.587647  3.7727  4.5839 -0.3326  7.7919  6.8844  6.1990  5.8304  6.2705  6.1024  5.7282  5.5250  5.4409  5.2821  5.0444  5.0374  4.9121
  90  0.591659  3.7753  4.5738 -0.3093  7.6656  6.7793  6.1135  5.7536  6.2017  6.0362  5.6680  5.4673  5.3841  5.2272  4.9923  4.9856  4.8626
  91  0.595593  3.7778  4.5636 -0.2861  7.5416  6.6760  6.0292  5.6778  6.1334  5.9705  5.6079  5.4098  5.3275  5.1725  4.9406  4.9340  4.8134
  92  0.599437  3.7803  4.5534 -0.2630  7.4203  6.5746  5.9464  5.6030  6.0655  5.9052  5.5481  5.3527  5.2714  5.1181  4.8892  4.8829  4.7644
  93  0.603192  3.7828  4.5429 -0.2399  7.3019  6.4752  5.8651  5.5297  5.9981  5.8404  5.4889  5.2958  5.2155  5.0640  4.8380  4.8318  4.7156
  94  0.606855  3.7853  4.5325 -0.2169  7.1860  6.3779  5.7855  5.4580  5.9314  5.7760  5.4297  5.2392  5.1596  5.0102  4.7869  4.7809  4.6669
  95  0.610430  3.7877  4.5218 -0.1940  7.0729  6.2828  5.7075  5.3876  5.8651  5.7121  5.3709  5.1827  5.1041  4.9563  4.7358  4.7302  4.6183
  96  0.613912  3.7901  4.5111 -0.1713  6.9628  6.1899  5.6313  5.3186  5.7994  5.6486  5.3123  5.1265  5.0488  4.9027  4.6849  4.6794  4.5697
  97  0.617303  3.7924  4.5000 -0.1487  6.8560  6.0997  5.5567  5.2510  5.7343  5.5856  5.2540  5.0705  4.9936  4.8492  4.6341  4.6287  4.5211
  98  0.620598  3.7946  4.4887 -0.1261  6.7524  6.0117  5.4836  5.1848  5.6698  5.5232  5.1962  5.0148  4.9387  4.7959  4.5834  4.5782  4.4726
  99  0.623801  3.7967  4.4770 -0.1036  6.6523  5.9263  5.4119  5.1199  5.6060  5.4613  5.1386  4.9594  4.8841  4.7429  4.5328  4.5278  4.4240
 100  0.626909  3.7988  4.4651 -0.0813  6.5536  5.8419  5.3407  5.0555  5.5425  5.3998  5.0816  4.9046  4.8301  4.6905  4.4828  4.4780  4.3760
 101  0.629924  3.8008  4.4528 -0.0591  6.4567  5.7588  5.2704  4.9918  5.4796  5.3388  5.0251  4.8502  4.7765  4.6385  4.4333  4.4286  4.3284
 102  0.632845  3.8027  4.4404 -0.0370  6.3623  5.6777  5.2012  4.9291  5.4171  5.2783  4.9690  4.7962  4.7233  4.5869  4.3840  4.3795  4.2809
 103  0.635676  3.8045  4.4275 -0.0151  6.2715  5.5992  5.1341  4.8677  5.3555  5.2185  4.9131  4.7424  4.6703  4.5353  4.3346  4.3303  4.2333
 104  0.638419  3.8062  4.4144  0.0067  6.1850  5.5240  5.0694  4.8084  5.2947  5.1593  4.8575  4.6886  4.6172  4.4835  4.2849  4.2806  4.1853
 105  0.641076  3.8078  4.4010  0.0283  6.1019  5.4515  5.0065  4.7503  5.2346  5.1007  4.8022  4.6349  4.5642  4.4317  4.2350  4.2309  4.1370
 106  0.643651  3.8093  4.3874  0.0498  6.0220  5.3814  4.9455  4.6938  5.1754  5.0428  4.7472  4.5814  4.5112  4.3799  4.1850  4.1811  4.0885
 107  0.646149  3.8107  4.3734  0.0712  5.9445  5.3132  4.8857  4.6383  5.1168  4.9854  4.6925  4.5282  4.4586  4.3283  4.1353  4.1313  4.0399
 108  0.648576  3.8121  4.3593  0.0924  5.8684  5.2460  4.8268  4.5836  5.0586  4.9285  4.6384  4.4754  4.4063  4.2772  4.0857  4.0819  3.9917
 109  0.650932  3.8134  4.3448  0.1135  5.7941  5.1804  4.7689  4.5298  5.0011  4.8721  4.5846  4.4229  4.3543  4.2262  4.0362  4.0325  3.9435
 110  0.653226  3.8145  4.3302  0.1345  5.7210  5.1158  4.7118  4.4768  4.9441  4.8162  4.5311  4.3708  4.3027  4.1755  3.9872  3.9835  3.8954
 111  0.655463  3.8156  4.3154  0.1552  5.6499  5.0526  4.6557  4.4245  4.8876  4.7608  4.4781  4.3190  4.2514  4.1252  3.9381  3.9346  3.8475
 112  0.656158  3.8160  4.3106  0.1617  5.6277  5.0329  4.6382  4.4081  4.8698  4.7435  4.4615  4.3027  4.2353  4.1093  3.9227  3.9192  3.8324
 113  0.656851  3.8164  4.3058  0.1684  5.6050  5.0128  4.6203  4.3916  4.8518  4.7258  4.4446  4.2863  4.2190  4.0933  3.9072  3.9036  3.8172
 114  0.657542  3.8167  4.3010  0.1750  5.5826  4.9929  4.6026  4.3750  4.8339  4.7082  4.4277  4.2698  4.2026  4.0772  3.8916  3.8880  3.8019
 115  0.658228  3.8171  4.2962  0.1818  5.5587  4.9718  4.5841  4.3579  4.8153  4.6899  4.4103  4.2528  4.1858  4.0607  3.8756  3.8721  3.7862
 116  0.658912  3.8175  4.2914  0.1886  5.5352  4.9511  4.5658  4.3409  4.7967  4.6718  4.3929  4.2359  4.1691  4.0443  3.8597  3.8562  3.7706
 117  0.659592  3.8179  4.2867  0.1956  5.5107  4.9296  4.5469  4.3235  4.7776  4.6531  4.3751  4.2186  4.1520  4.0276  3.8435  3.8401  3.7549
 118  0.660270  3.8184  4.2820  0.2026  5.4856  4.9077  4.5278  4.3058  4.7583  4.6342  4.3572  4.2012  4.1348  4.0108  3.8273  3.8238  3.7391
 119  0.660945  3.8189  4.2773  0.2097  5.4603  4.8856  4.5085  4.2880  4.7387  4.6150  4.3390  4.1836  4.1173  3.9938  3.8108  3.8074  3.7231
 120  0.661617  3.8193  4.2725  0.2169  5.4352  4.8637  4.4893  4.2702  4.7190  4.5958  4.3208  4.1658  4.0998  3.9765  3.7943  3.7909  3.7069
 121  0.662286  3.8198  4.2674  0.2241  5.4105  4.8419  4.4699  4.2523  4.6993  4.5765  4.3023  4.1478  4.0820  3.9591  3.7774  3.7741  3.6905
 122  0.662950  3.8202  4.2621  0.2314  5.3863  4.8203  4.4506  4.2342  4.6794  4.5571  4.2837  4.1295  4.0639  3.9414  3.7601  3.7568  3.6735
 123  0.663610  3.8205  4.2565  0.2387  5.3628  4.7992  4.4314  4.2161  4.6595  4.5374  4.2647  4.1109  4.0455  3.9232  3.7424  3.7392  3.6562
 124  0.664263  3.8208  4.2505  0.2462  5.3399  4.7781  4.4121  4.1978  4.6393  4.5176  4.2455  4.0921  4.0267  3.9047  3.7243  3.7210  3.6382
 125  0.664911  3.8211  4.2443  0.2539  5.3169  4.7572  4.3928  4.1793  4.6191  4.4976  4.2261  4.0730  4.0078  3.8860  3.7059  3.7026  3.6201
 126  0.665554  3.8213  4.2378  0.2617  5.2943  4.7363  4.3733  4.1606  4.5986  4.4774  4.2064  4.0536  3.9885  3.8669  3.6871  3.6839  3.6016
 127  0.666192  3.8215  4.2313  0.2695  5.2717  4.7154  4.3538  4.1419  4.5780  4.4571  4.1866  4.0340  3.9689  3.8475  3.6681  3.6649  3.5827
 128  0.666824  3.8217  4.2246  0.2774  5.2489  4.6943  4.3340  4.1230  4.5572  4.4365  4.1665  4.0142  3.9493  3.8281  3.6489  3.6457  3.5637
 129  0.667454  3.8219  4.2178  0.2853  5.2263  4.6733  4.3144  4.1039  4.5363  4.4158  4.1463  3.9943  3.9294  3.8084  3.6295  3.6262  3.5444
 130  0.668078  3.8220  4.2108  0.2933  5.2041  4.6525  4.2946  4.0848  4.5154  4.3950  4.1259  3.9741  3.9093  3.7884  3.6098  3.6066  3.5249
 131  0.668696  3.8222  4.2036  0.3014  5.1818  4.6315  4.2747  4.0655  4.4942  4.3740  4.1053  3.9536  3.8890  3.7683  3.5899  3.5867  3.5050
 132  0.669309  3.8223  4.1963  0.3096  5.1597  4.6106  4.2547  4.0461  4.4730  4.3529  4.0845  3.9330  3.8685  3.7479  3.5697  3.5665  3.4850
 133  0.669916  3.8223  4.1887  0.3179  5.1379  4.5899  4.2347  4.0266  4.4516  4.3317  4.0636  3.9122  3.8477  3.7272  3.5492  3.5460  3.4645
 134  0.670514  3.8223  4.1807  0.3263  5.1167  4.5694  4.2148  4.0070  4.4301  4.3103  4.0424  3.8912  3.8267  3.7063  3.5283  3.5251  3.4436
 135  0.671106  3.8223  4.1725  0.3348  5.0958  4.5491  4.1948  3.9872  4.4085  4.2888  4.0210  3.8699  3.8054  3.6850  3.5071  3.5038  3.4223
 136  0.671691  3.8222  4.1641  0.3433  5.0752  4.5289  4.1747  3.9673  4.3869  4.2672  3.9995  3.8483  3.7839  3.6635  3.4855  3.4823  3.4007
 137  0.672268  3.8221  4.1554  0.3520  5.0549  4.5087  4.1546  3.9473  4.3651  4.2454  3.9778  3.8266  3.7621  3.6417  3.4638  3.4605  3.3787
 138  0.672836  3.8220  4.1464  0.3607  5.0350  4.4888  4.1345  3.9272  4.3432  4.2236  3.9558  3.8046  3.7401  3.6196  3.4415  3.4383  3.3565
 139  0.673397  3.8218  4.1373  0.3695  5.0155  4.4690  4.1144  3.9069  4.3213  4.2015  3.9337  3.7824  3.7178  3.5973  3.4191  3.4158  3.3338
 140  0.673948  3.8215  4.1277  0.3783  4.9966  4.4495  4.0943  3.8865  4.2993  4.1795  3.9114  3.7599  3.6954  3.5747  3.3963  3.3930  3.3107
 141  0.674489  3.8212  4.1179  0.3873  4.9780  4.4302  4.0741  3.8661  4.2772  4.1573  3.8889  3.7373  3.6725  3.5518  3.3731  3.3698  3.2872
 142  0.675021  3.8209  4.1077  0.3964  4.9601  4.4113  4.0541  3.8455  4.2551  4.1349  3.8662  3.7143  3.6496  3.5285  3.3495  3.3462  3.2633
 143  0.675542  3.8205  4.0972  0.4056  4.9430  4.3928  4.0340  3.8248  4.2330  4.1127  3.8434  3.6912  3.6263  3.5050  3.3256  3.3222  3.2390
 144  0.676052  3.8200  4.0863  0.4149  4.9266  4.3746  4.0141  3.8041  4.2109  4.0902  3.8204  3.6678  3.6027  3.4812  3.3013  3.2978  3.2141
 145  0.676551  3.8194  4.0751  0.4242  4.9118  4.3573  3.9946  3.7833  4.1889  4.0679  3.7972  3.6441  3.5789  3.4570  3.2765  3.2730  3.1888
 146  0.677037  3.8187  4.0634  0.4336  4.8982  4.3407  3.9751  3.7625  4.1669  4.0454  3.7738  3.6202  3.5548  3.4324  3.2512  3.2477  3.1629
 147  0.677512  3.8180  4.0513  0.4431  4.8859  4.3248  3.9561  3.7416  4.1450  4.0232  3.7502  3.5960  3.5304  3.4075  3.2255  3.2219  3.1365
 148  0.677974  3.8173  4.0389  0.4527  4.8760  4.3104  3.9374  3.7208  4.1234  4.0008  3.7266  3.5716  3.5056  3.3821  3.1992  3.1956  3.1094
 149  0.678423  3.8164  4.0260  0.4623  4.8685  4.2973  3.9193  3.7000  4.1021  3.9787  3.7027  3.5467  3.4804  3.3562  3.1723  3.1686  3.0817
 150  0.678859  3.8154  4.0126  0.4720  4.8628  4.2852  3.9016  3.6793  4.0809  3.9566  3.6787  3.5217  3.4549  3.3300  3.1450  3.1412  3.0534
 151  0.679281  3.8143  3.9987  0.4818  4.8596  4.2747  3.8847  3.6588  4.0601  3.9347  3.6546  3.4965  3.4293  3.3034  3.1170  3.1132  3.0243
 152  0.679690  3.8130  3.9841  0.4916  4.8582  4.2652  3.8681  3.6384  4.0395  3.9131  3.6306  3.4710  3.4033  3.2765  3.0886  3.0847  2.9948
 153  0.680084  3.8117  3.9692  0.5014  4.8574  4.2562  3.8518  3.6184  4.0191  3.8916  3.6066  3.4457  3.3774  3.2496  3.0602  3.0562  2.9651
 154  0.680464  3.8102  3.9537  0.5113  4.8564  4.2472  3.8357  3.5987  3.9989  3.8702  3.5827  3.4204  3.3516  3.2228  3.0317  3.0275  2.9353
 155  0.680831  3.8086  3.9376  0.5213  4.8559  4.2387  3.8199  3.5794  3.9789  3.8490  3.5589  3.3952  3.3260  3.1959  3.0032  2.9989  2.9052
 156  0.681184  3.8069  3.9210  0.5312  4.8565  4.2311  3.8048  3.5605  3.9591  3.8281  3.5352  3.3701  3.3002  3.1691  2.9745  2.9701  2.8748
 157  0.681523  3.8051  3.9039  0.5413  4.8595  4.2249  3.7903  3.5421  3.9397  3.8075  3.5117  3.3450  3.2745  3.1421  2.9454  2.9409  2.8440
 158  0.681849  3.8031  3.8861  0.5512  4.8662  4.2212  3.7771  3.5243  3.9211  3.7874  3.4884  3.3198  3.2488  3.1149  2.9160  2.9113  2.8126
 159  0.682161  3.8009  3.8676  0.5612  4.8771  4.2202  3.7651  3.5073  3.9031  3.7678  3.4652  3.2948  3.2229  3.0876  2.8862  2.8814  2.7808
 160  0.682461  3.7986  3.8485  0.5712  4.8919  4.2219  3.7548  3.4911  3.8860  3.7489  3.4422  3.2698  3.1971  3.0602  2.8562  2.8512  2.7485
 161  0.682748  3.7959  3.8282  0.5812  4.9128  4.2275  3.7467  3.4765  3.8702  3.7311  3.4198  3.2449  3.1713  3.0326  2.8257  2.8204  2.7153
 162  0.682996  3.7931  3.8081  0.5901  4.9416  4.2392  3.7430  3.4657  3.8579  3.7165  3.4000  3.2226  3.1481  3.0074  2.7972  2.7917  2.6842
 163  0.683243  3.7903  3.7879  0.5992  4.9729  4.2525  3.7401  3.4551  3.8455  3.7015  3.3798  3.1997  3.1241  2.9814  2.7680  2.7623  2.6522
 164  0.683487  3.7874  3.7675  0.6086  5.0085  4.2685  3.7382  3.4449  3.8332  3.6866  3.3591  3.1760  3.0994  2.9545  2.7377  2.7318  2.6192
 165  0.683728  3.7847  3.7466  0.6181  5.0464  4.2858  3.7371  3.4350  3.8206  3.6713  3.3378  3.1518  3.0740  2.9269  2.7068  2.7006  2.5854
 166  0.683966  3.7817  3.7255  0.6279  5.0844  4.3033  3.7361  3.4256  3.8077  3.6556  3.3162  3.1273  3.0485  2.8993  2.6756  2.6692  2.5514
 167  0.684199  3.7780  3.7011  0.6377  5.1370  4.3308  3.7411  3.4204  3.7975  3.6422  3.2956  3.1032  3.0231  2.8712  2.6434  2.6367  2.5155
 168  0.684427  3.7742  3.6761  0.6475  5.1972  4.3636  3.7496  3.4181  3.7884  3.6295  3.2749  3.0785  2.9971  2.8424  2.6101  2.6031  2.4784
 169  0.684651  3.7706  3.6514  0.6578  5.2586  4.3970  3.7586  3.4162  3.7790  3.6161  3.2534  3.0533  2.9704  2.8130  2.5763  2.5690  2.4409
 170  0.684875  3.7676  3.6292  0.6685  5.3041  4.4193  3.7605  3.4094  3.7652  3.5994  3.2303  3.0272  2.9433  2.7836  2.5433  2.5358  2.4049
 171  0.685095  3.7653  3.6086  0.6795  5.3359  4.4321  3.7566  3.3985  3.7478  3.5795  3.2054  3.0000  2.9153  2.7539  2.5109  2.5031  2.3701
 172  0.685309  3.7632  3.5888  0.6911  5.3614  4.4403  3.7498  3.3855  3.7283  3.5579  3.1793  2.9719  2.8865  2.7236  2.4782  2.4702  2.3351
 173  0.685516  3.7612  3.5691  0.7030  5.3840  4.4464  3.7414  3.3711  3.7075  3.5350  3.1522  2.9428  2.8567  2.6923  2.4446  2.4364  2.2995
 174  0.685715  3.7592  3.5492  0.7152  5.4044  4.4507  3.7316  3.3556  3.6855  3.5109  3.1240  2.9128  2.8261  2.6603  2.4104  2.4020  2.2633
 175  0.685905  3.7575  3.5295  0.7278  5.4219  4.4527  3.7203  3.3387  3.6622  3.4856  3.0947  2.8818  2.7945  2.6275  2.3755  2.3669  2.2264
 176  0.686087  3.7558  3.5100  0.7408  5.4355  4.4519  3.7070  3.3205  3.6376  3.4591  3.0646  2.8501  2.7623  2.5940  2.3401  2.3314  2.1894
 177  0.686263  3.7543  3.4908  0.7541  5.4454  4.4482  3.6918  3.3007  3.6116  3.4315  3.0336  2.8177  2.7293  2.5600  2.3043  2.2954  2.1520
 178  0.686433  3.7528  3.4717  0.7675  5.4527  4.4426  3.6753  3.2799  3.5847  3.4029  3.0020  2.7846  2.6958  2.5256  2.2681  2.2591  2.1143
 179  0.686597  3.7516  3.4531  0.7812  5.4553  4.4337  3.6566  3.2574  3.5566  3.3734  2.9695  2.7510  2.6618  2.4906  2.2317  2.2225  2.0764
 180  0.686757  3.7504  3.4345  0.7949  5.4564  4.4235  3.6373  3.2344  3.5280  3.3434  2.9369  2.7171  2.6275  2.4554  2.1951  2.1859  2.0386
 181  0.686912  3.7493  3.4164  0.8090  5.4539  4.4110  3.6164  3.2103  3.4986  3.3127  2.9036  2.6828  2.5928  2.4200  2.1584  2.1491  2.0007
 182  0.687059  3.7483  3.3991  0.8225  5.4492  4.3972  3.5952  3.1863  3.4696  3.2826  2.8712  2.6496  2.5591  2.3857  2.1228  2.1134  1.9642
 183  0.687206  3.7474  3.3818  0.8362  5.4425  4.3819  3.5729  3.1614  3.4399  3.2517  2.8382  2.6156  2.5249  2.3507  2.0868  2.0773  1.9271
 184  0.687351  3.7466  3.3645  0.8502  5.4338  4.3651  3.5496  3.1356  3.4094  3.2201  2.8046  2.5810  2.4899  2.3151  2.0501  2.0405  1.8895
 185  0.687495  3.7457  3.3472  0.8643  5.4242  4.3476  3.5258  3.1094  3.3784  3.1881  2.7705  2.5460  2.4546  2.2791  2.0131  2.0035  1.8517
 186  0.687639  3.7449  3.3299  0.8786  5.4127  4.3285  3.5009  3.0822  3.3467  3.1555  2.7359  2.5105  2.4189  2.2428  1.9758  1.9661  1.8135
 187  0.687783  3.7443  3.3128  0.8931  5.3987  4.3078  3.4748  3.0542  3.3142  3.1221  2.7009  2.4748  2.3830  2.2062  1.9384  1.9285  1.7754
 188  0.687927  3.7436  3.2956  0.9077  5.3846  4.2867  3.4484  3.0258  3.2815  3.0885  2.6656  2.4388  2.3466  2.1694  1.9007  1.8908  1.7369
 189  0.688069  3.7430  3.2783  0.9225  5.3689  4.2645  3.4210  2.9965  3.2480  3.0543  2.6297  2.4022  2.3098  2.1321  1.8626  1.8526  1.6979
 190  0.688210  3.7423  3.2609  0.9375  5.3523  4.2415  3.3929  2.9667  3.2139  3.0194  2.5933  2.3652  2.2726  2.0943  1.8240  1.8140  1.6587
 191  0.688351  3.7417  3.2433  0.9527  5.3350  4.2177  3.3642  2.9361  3.1792  2.9838  2.5563  2.3275  2.2347  2.0560  1.7849  1.7748  1.6190
 192  0.688490  3.7411  3.2256  0.9681  5.3167  4.1932  3.3349  2.9050  3.1439  2.9478  2.5189  2.2895  2.1964  2.0173  1.7454  1.7353  1.5789
 193  0.688629  3.7405  3.2078  0.9836  5.2973  4.1677  3.3046  2.8731  3.1080  2.9112  2.4809  2.2508  2.1576  1.9781  1.7055  1.6953  1.5382
 194  0.688766  3.7399  3.1897  0.9995  5.2772  4.1415  3.2738  2.8407  3.0714  2.8739  2.4423  2.2117  2.1183  1.9383  1.6652  1.6548  1.4973
 195  0.688902  3.7394  3.1714  1.0156  5.2568  4.1148  3.2424  2.8075  3.0342  2.8359  2.4030  2.1719  2.0783  1.8980  1.6241  1.6138  1.4556
 196  0.689037  3.7388  3.1530  1.0318  5.2355  4.0874  3.2102  2.7737  2.9962  2.7974  2.3633  2.1316  2.0378  1.8571  1.5826  1.5722  1.4134
 197  0.689170  3.7383  3.1344  1.0484  5.2130  4.0589  3.1771  2.7391  2.9576  2.7580  2.3228  2.0906  1.9967  1.8156  1.5404  1.5300  1.3707
 198  0.689303  3.7377  3.1153  1.0653  5.1910  4.0304  3.1437  2.7040  2.9182  2.7180  2.2814  2.0488  1.9548  1.7732  1.4975  1.4869  1.3270
 199  0.689433  3.7372  3.0962  1.0825  5.1673  4.0007  3.1094  2.6681  2.8782  2.6772  2.2395  2.0064  1.9122  1.7303  1.4539  1.4434  1.2829
 200  0.689560  3.7366  3.0762  1.1003  5.1430  3.9700  3.0738  2.6309  2.8366  2.6349  2.1961  1.9625  1.8681  1.6858  1.4088  1.3981  1.2371
 201  0.689682  3.7360  3.0556  1.1186  5.1183  3.9385  3.0370  2.5923  2.7935  2.5912  2.1510  1.9169  1.8224  1.6397  1.3620  1.3514  1.1898
 202  0.689802  3.7355  3.0345  1.1374  5.0930  3.9061  2.9994  2.5530  2.7495  2.5464  2.1051  1.8704  1.7756  1.5926  1.3142  1.3035  1.1413
 203  0.689917  3.7349  3.0129  1.1568  5.0676  3.8734  2.9610  2.5128  2.7044  2.5007  2.0579  1.8227  1.7278  1.5444  1.2653  1.2545  1.0917
 204  0.690031  3.7342  2.9909  1.1764  5.0422  3.8404  2.9221  2.4720  2.6586  2.4540  2.0100  1.7742  1.6791  1.4953  1.2154  1.2046  1.0412
 205  0.690141  3.7336  2.9682  1.1963  5.0183  3.8080  2.8834  2.4311  2.6123  2.4069  1.9612  1.7248  1.6295  1.4452  1.1646  1.1537  0.9895
 206  0.690248  3.7329  2.9452  1.2168  4.9939  3.7750  2.8438  2.3894  2.5651  2.3588  1.9116  1.6746  1.5791  1.3944  1.1129  1.1020  0.9370
 207  0.690352  3.7322  2.9217  1.2374  4.9699  3.7420  2.8039  2.3473  2.5173  2.3100  1.8613  1.6235  1.5278  1.3426  1.0603  1.0493  0.8836
 208  0.690453  3.7315  2.8979  1.2584  4.9457  3.7086  2.7635  2.3047  2.4687  2.2605  1.8101  1.5717  1.4758  1.2900  1.0069  0.9958  0.8293
 209  0.690551  3.7307  2.8737  1.2797  4.9227  3.6756  2.7231  2.2618  2.4197  2.2104  1.7583  1.5191  1.4230  1.2367  0.9527  0.9414  0.7742
 210  0.690646  3.7299  2.8492  1.3013  4.8989  3.6420  2.6819  2.2181  2.3700  2.1598  1.7056  1.4659  1.3695  1.1826  0.8977  0.8864  0.7185
 211  0.690738  3.7292  2.8243  1.3232  4.8766  3.6091  2.6410  2.1746  2.3199  2.1086  1.6525  1.4119  1.3153  1.1278  0.8420  0.8306  0.6618
 212  0.690827  3.7284  2.7991  1.3454  4.8542  3.5760  2.5995  2.1304  2.2693  2.0568  1.5988  1.3573  1.2604  1.0724  0.7855  0.7741  0.6045
 213  0.690913  3.7277  2.7736  1.3677  4.8323  3.5429  2.5579  2.0862  2.2183  2.0045  1.5443  1.3021  1.2049  1.0162  0.7284  0.7169  0.5464
 214  0.690996  3.7269  2.7479  1.3904  4.8111  3.5101  2.5163  2.0415  2.1669  1.9518  1.4895  1.2463  1.1489  0.9596  0.6707  0.6591  0.4877
 215  0.691076  3.7261  2.7219  1.4132  4.7898  3.4772  2.4744  1.9967  2.1150  1.8987  1.4340  1.1899  1.0922  0.9023  0.6124  0.6006  0.4285
 216  0.691153  3.7252  2.6956  1.4363  4.7693  3.4447  2.4325  1.9517  2.0629  1.8453  1.3781  1.1331  1.0351  0.8445  0.5535  0.5417  0.3686
 217  0.691167  3.7251  2.6909  1.4404  4.7657  3.4388  2.4249  1.9437  2.0535  1.8357  1.3682  1.1230  1.0249  0.8342  0.5430  0.5312  0.3580
 218  0.691180  3.7249  2.6861  1.4445  4.7624  3.4333  2.4176  1.9357  2.0442  1.8262  1.3582  1.1128  1.0146  0.8238  0.5324  0.5206  0.3472
 219  0.691193  3.7248  2.6815  1.4487  4.7588  3.4275  2.4101  1.9277  2.0349  1.8165  1.3481  1.1026  1.0044  0.8134  0.5218  0.5099  0.3365
 220  0.691206  3.7246  2.6767  1.4528  4.7550  3.4215  2.4025  1.9195  2.0254  1.8069  1.3380  1.0923  0.9941  0.8030  0.5112  0.4993  0.3257
 221  0.691219  3.7245  2.6719  1.4570  4.7515  3.4157  2.3950  1.9115  2.0160  1.7972  1.3280  1.0820  0.9837  0.7925  0.5005  0.4886  0.3148
 222  0.691232  3.7243  2.6671  1.4612  4.7481  3.4101  2.3875  1.9034  2.0066  1.7875  1.3178  1.0717  0.9733  0.7821  0.4898  0.4779  0.3039
 223  0.691246  3.7242  2.6623  1.4654  4.7448  3.4044  2.3800  1.8953  1.9971  1.7778  1.3075  1.0614  0.9629  0.7714  0.4790  0.4671  0.2930
 224  0.691259  3.7240  2.6575  1.4696  4.7414  3.3987  2.3725  1.8872  1.9876  1.7680  1.2973  1.0509  0.9524  0.7609  0.4682  0.4562  0.2820
 225  0.691272  3.7239  2.6526  1.4739  4.7378  3.3928  2.3648  1.8789  1.9781  1.7582  1.2870  1.0404  0.9419  0.7502  0.4573  0.4454  0.2709
 226  0.691285  3.7237  2.6477  1.4782  4.7342  3.3869  2.3572  1.8706  1.9684  1.7483  1.2767  1.0299  0.9313  0.7395  0.4465  0.4344  0.2598
 227  0.691409  3.7221  2.5982  1.5215  4.6993  3.3281  2.2797  1.7873  1.8708  1.6481  1.1720  0.9233  0.8242  0.6310  0.3360  0.3238  0.1475
 228  0.691527  3.7206  2.5477  1.5656  4.6661  3.2698  2.2016  1.7031  1.7718  1.5463  1.0654  0.8149  0.7152  0.5208  0.2235  0.2112  0.0330
 229  0.691628  3.7190  2.4997  1.6074  4.6376  3.2164  2.1286  1.6241  1.6782  1.4501  0.9645  0.7122  0.6119  0.4162  0.1169  0.1044 -0.0754
 230  0.691724  3.7173  2.4499  1.6504  4.6162  3.1666  2.0566  1.5452  1.5834  1.3522  0.8613  0.6071  0.5061  0.3091  0.0074 -0.0053 -0.1870
 231  0.691812  3.7155  2.4006  1.6928  4.5994  3.1203  1.9872  1.4687  1.4904  1.2561  0.7599  0.5037  0.4021  0.2036 -0.1005 -0.1133 -0.2970
 232  0.691893  3.7137  2.3498  1.7363  4.5871  3.0762  1.9176  1.3918  1.3957  1.1580  0.6561  0.3976  0.2953  0.0953 -0.2114 -0.2244 -0.4101
 233  0.691965  3.7119  2.3012  1.7780  4.5794  3.0372  1.8528  1.3196  1.3057  1.0645  0.5569  0.2962  0.1933 -0.0082 -0.3174 -0.3306 -0.5184
 234  0.692034  3.7101  2.2511  1.8207  4.5750  3.0002  1.7878  1.2468  1.2139  0.9691  0.4554  0.1925  0.0888 -0.1143 -0.4260 -0.4395 -0.6294
 235  0.692097  3.7082  2.2009  1.8636  4.5729  2.9640  1.7235  1.1746  1.1223  0.8737  0.3538  0.0885 -0.0159 -0.2205 -0.5348 -0.5486 -0.7406
 236  0.692153  3.7065  2.1535  1.9040  4.5739  2.9318  1.6636  1.1071  1.0361  0.7838  0.2579 -0.0095 -0.1147 -0.3208 -0.6377 -0.6517 -0.8458
 237  0.692204  3.7048  2.1066  1.9439  4.5774  2.9018  1.6058  1.0416  0.9516  0.6956  0.1636 -0.1061 -0.2118 -0.4196 -0.7391 -0.7532 -0.9492
 238  0.692253  3.7030  2.0593  1.9842  4.5840  2.8741  1.5488  0.9766  0.8669  0.6069  0.0685 -0.2035 -0.3099 -0.5191 -0.8412 -0.8556 -1.0538
 239  0.692297  3.7013  2.0150  2.0220  4.5919  2.8495  1.4959  0.9162  0.7876  0.5238 -0.0206 -0.2947 -0.4019 -0.6127 -0.9371 -0.9517 -1.1518
 240  0.692338  3.6998  1.9731  2.0577  4.6027  2.8286  1.4473  0.8604  0.7134  0.4460 -0.1044 -0.3808 -0.4886 -0.7008 -1.0277 -1.0424 -1.2444
 241  0.692376  3.6979  1.9276  2.0957  4.6242  2.8142  1.3999  0.8047  0.6364  0.3645 -0.1930 -0.4721 -0.5807 -0.7947 -1.1244 -1.1394 -1.3435
 242  0.692411  3.6960  1.8824  2.1334  4.6500  2.8048  1.3550  0.7519  0.5612  0.2847 -0.2802 -0.5619 -0.6714 -0.8873 -1.2199 -1.2352 -1.4418
 243  0.692443  3.6942  1.8388  2.1697  4.6773  2.7987  1.3133  0.7026  0.4897  0.2085 -0.3638 -0.6483 -0.7587 -0.9763 -1.3118 -1.3274 -1.5363
 244  0.692473  3.6926  1.8012  2.2012  4.6999  2.7939  1.2774  0.6603  0.4280  0.1426 -0.4360 -0.7229 -0.8340 -1.0532 -1.3915 -1.4072 -1.6181
 245  0.692502  3.6915  1.7724  2.2254  4.7151  2.7897  1.2496  0.6275  0.3804  0.0919 -0.4917 -0.7805 -0.8921 -1.1125 -1.4527 -1.4685 -1.6810
 246  0.692529  3.6909  1.7534  2.2418  4.7183  2.7827  1.2285  0.6036  0.3473  0.0569 -0.5295 -0.8194 -0.9315 -1.1525 -1.4938 -1.5097 -1.7231
 247  0.692556  3.6894  1.7180  2.2714  4.7383  2.7807  1.1960  0.5651  0.2898 -0.0047 -0.5975 -0.8897 -1.0025 -1.2252 -1.5689 -1.5851 -1.8003
 248  0.692582  3.6872  1.6683  2.3125  4.7748  2.7856  1.1562  0.5158  0.2122 -0.0883 -0.6909 -0.9869 -1.1007 -1.3258 -1.6732 -1.6896 -1.9077
 249  0.692605  3.6852  1.6201  2.3524  4.8097  2.7921  1.1188  0.4692  0.1376 -0.1690 -0.7813 -1.0809 -1.1959 -1.4232 -1.7743 -1.7910 -2.0117
 250  0.692626  3.6832  1.5733  2.3912  4.8447  2.8015  1.0841  0.4255  0.0657 -0.2469 -0.8688 -1.1720 -1.2880 -1.5176 -1.8722 -1.8892 -2.1125
 251  0.692646  3.6811  1.5265  2.4298  4.8803  2.8135  1.0509  0.3833 -0.0052 -0.3240 -0.9556 -1.2622 -1.3794 -1.6113 -1.9695 -1.9867 -2.2128
 252  0.692663  3.6791  1.4812  2.4671  4.9170  2.8293  1.0212  0.3447 -0.0727 -0.3977 -1.0390 -1.3492 -1.4673 -1.7016 -2.0633 -2.0809 -2.3096
 253  0.692679  3.6771  1.4371  2.5031  4.9572  2.8514  0.9964  0.3113 -0.1360 -0.4673 -1.1186 -1.4324 -1.5517 -1.7882 -2.1537 -2.1716 -2.4029
 254  0.692695  3.6750  1.3933  2.5387  4.9981  2.8769  0.9739  0.2803 -0.1974 -0.5352 -1.1967 -1.5143 -1.6347 -1.8737 -2.2429 -2.2610 -2.4952
 255  0.692708  3.6729  1.3502  2.5737  5.0387  2.9051  0.9535  0.2517 -0.2568 -0.6012 -1.2730 -1.5944 -1.7160 -1.9573 -2.3305 -2.3488 -2.5858
 256  0.692721  3.6710  1.3082  2.6077  5.0786  2.9357  0.9354  0.2257 -0.3136 -0.6647 -1.3468 -1.6720 -1.7947 -2.0384 -2.4154 -2.4341 -2.6739
 257  0.692734  3.6690  1.2665  2.6414  5.1196  2.9695  0.9195  0.2020 -0.3686 -0.7265 -1.4191 -1.7483 -1.8721 -2.1183 -2.4992 -2.5182 -2.7608
 258  0.692743  3.6670  1.2260  2.6741  5.1604  3.0058  0.9060  0.1810 -0.4210 -0.7857 -1.4888 -1.8219 -1.9469 -2.1956 -2.5804 -2.5997 -2.8451
 259  0.692754  3.6651  1.1860  2.7063  5.2009  3.0449  0.8942  0.1620 -0.4717 -0.8434 -1.5573 -1.8944 -2.0205 -2.2716 -2.6604 -2.6800 -2.9284
 260  0.692764  3.6632  1.1467  2.7379  5.2407  3.0868  0.8848  0.1455 -0.5200 -0.8990 -1.6236 -1.9649 -2.0921 -2.3458 -2.7385 -2.7585 -3.0097
 261  0.692773  3.6613  1.1080  2.7689  5.2791  3.1313  0.8774  0.1313 -0.5664 -0.9525 -1.6882 -2.0336 -2.1620 -2.4184 -2.8151 -2.8353 -3.0895
 262  0.692781  3.6593  1.0702  2.7992  5.3139  3.1776  0.8717  0.1191 -0.6106 -1.0040 -1.7510 -2.1004 -2.2300 -2.4891 -2.8898 -2.9103 -3.1674
 263  0.692789  3.6575  1.0329  2.8291  5.3456  3.2259  0.8676  0.1087 -0.6530 -1.0539 -1.8120 -2.1657 -2.2965 -2.5581 -2.9630 -2.9838 -3.2439
 264  0.692796  3.6556  0.9960  2.8584  5.3746  3.2769  0.8654  0.1006 -0.6935 -1.1019 -1.8716 -2.2297 -2.3616 -2.6260 -3.0350 -3.0561 -3.3191
 265  0.692802  3.6537  0.9601  2.8869  5.4019  3.3320  0.8665  0.0959 -0.7306 -1.1470 -1.9286 -2.2911 -2.4243 -2.6915 -3.1047 -3.1261 -3.3922
 266  0.692809  3.6519  0.9243  2.9150  5.4267  3.3910  0.8704  0.0941 -0.7656 -1.1901 -1.9839 -2.3511 -2.4856 -2.7556 -3.1732 -3.1949 -3.4641
 267  0.692815  3.6499  0.8891  2.9426  5.4467  3.4519  0.8761  0.0945 -0.7985 -1.2313 -2.0377 -2.4096 -2.5454 -2.8183 -3.2403 -3.2623 -3.5346
 268  0.692820  3.6481  0.8545  2.9696  5.4614  3.5137  0.8831  0.0964 -0.8298 -1.2710 -2.0898 -2.4665 -2.6036 -2.8795 -3.3059 -3.3283 -3.6037
 269  0.692825  3.6462  0.8205  2.9961  5.4716  3.5754  0.8910  0.0997 -0.8593 -1.3090 -2.1404 -2.5219 -2.6603 -2.9390 -3.3699 -3.3927 -3.6712
 270  0.692830  3.6443  0.7870  3.0223  5.4771  3.6368  0.8994  0.1038 -0.8876 -1.3458 -2.1898 -2.5762 -2.7159 -2.9976 -3.4330 -3.4561 -3.7378
 271  0.692835  3.6425  0.7544  3.0476  5.4784  3.6965  0.9082  0.1088 -0.9144 -1.3810 -2.2374 -2.6286 -2.7696 -3.0542 -3.4940 -3.5174 -3.8022
 272  0.692840  3.6408  0.7223  3.0727  5.4759  3.7556  0.9173  0.1143 -0.9400 -1.4150 -2.2840 -2.6801 -2.8223 -3.1100 -3.5541 -3.5779 -3.8657
 273  0.692844  3.6390  0.6906  3.0974  5.4702  3.8130  0.9261  0.1199 -0.9647 -1.4483 -2.3297 -2.7306 -2.8741 -3.1648 -3.6132 -3.6373 -3.9282
 274  0.692848  3.6372  0.6597  3.1214  5.4615  3.8683  0.9347  0.1256 -0.9882 -1.4803 -2.3738 -2.7796 -2.9243 -3.2180 -3.6706 -3.6950 -3.9890
 275  0.692852  3.6356  0.6295  3.1449  5.4505  3.9222  0.9432  0.1318 -1.0104 -1.5110 -2.4166 -2.8272 -2.9732 -3.2697 -3.7266 -3.7514 -4.0484
 276  0.692855  3.6340  0.5999  3.1681  5.4371  3.9741  0.9515  0.1377 -1.0318 -1.5406 -2.4585 -2.8738 -3.0210 -3.3205 -3.7816 -3.8068 -4.1066
 277  0.692858  3.6324  0.5712  3.1905  5.4220  4.0233  0.9591  0.1436 -1.0520 -1.5690 -2.4988 -2.9188 -3.0672 -3.3695 -3.8348 -3.8602 -4.1630
 278  0.692862  3.6310  0.5436  3.2122  5.4056  4.0699  0.9664  0.1492 -1.0712 -1.5962 -2.5376 -2.9622 -3.1117 -3.4168 -3.8862 -3.9118 -4.2175
 279  0.692864  3.6296  0.5182  3.2324  5.3887  4.1109  0.9722  0.1537 -1.0889 -1.6212 -2.5734 -3.0023 -3.1529 -3.4605 -3.9336 -3.9595 -4.2678
