#NUMBER OF AGES= 1
#----------------------------------------------------       
#MIX-LEN  Y      Z          Zeff        [Fe/H] [a/Fe]
# 1.9380  0.3300 3.4153E-04 1.7385E-04  -1.94   0.40 
#----------------------------------------------------       
#**PHOTOMETRIC SYSTEM**: HST WFPC2 (Vega)                   
#----------------------------------------------------       
#AGE=13.600 EEPS=265
#EEP   M/Mo    LogTeff  LogG   LogL/Lo F218W   F255W   F300W   F336W   F439W   F450W   F555W   F606W   F622W   F675W   F791W   F814W   F850LP
  15  0.111189  3.5463  5.2798 -2.6572 20.5563 20.1046 16.6062 15.7463 14.6063 14.0086 12.6429 12.0980 11.9050 11.5261 10.7647 10.7270 10.3340
  16  0.122183  3.5548  5.2426 -2.5449 20.2028 19.5155 16.1506 15.2836 14.1478 13.5947 12.2839 11.7441 11.5519 11.1811 10.4816 10.4455 10.0642
  17  0.132435  3.5618  5.2103 -2.4496 19.8957 19.0252 15.7687 14.8985 13.7728 13.2518 11.9861 11.4522 11.2614 10.8963 10.2408 10.2061  9.8340
  18  0.142047  3.5675  5.1829 -2.3692 19.6330 18.6220 15.4525 14.5812 13.4678 12.9694 11.7399 11.2120 11.0228 10.6623 10.0376 10.0037  9.6389
  19  0.151690  3.5722  5.1585 -2.2975 19.4003 18.2777 15.1781 14.3068 13.2051 12.7235 11.5242 11.0024 10.8148 10.4583  9.8561  9.8232  9.4644
  20  0.162571  3.5766  5.1347 -2.2259 19.1648 17.9387 14.9096 14.0392 12.9505 12.4832 11.3121 10.7968 10.6111 10.2586  9.6753  9.6429  9.2898
  21  0.175333  3.5810  5.1106 -2.1515 18.9175 17.5849 14.6334 13.7655 12.6911 12.2366 11.0940 10.5860 10.4021 10.0538  9.4873  9.4558  9.1080
  22  0.190069  3.5853  5.0868 -2.0752 18.6544 17.2136 14.3515 13.4880 12.4293 11.9871 10.8725 10.3722 10.1907  9.8467  9.2953  9.2644  8.9219
  23  0.206374  3.5895  5.0641 -1.9999 18.3651 16.8253 14.0696 13.2131 12.1739 11.7423 10.6552 10.1629  9.9837  9.6442  9.1060  9.0756  8.7383
  24  0.226123  3.5939  5.0400 -1.9186 17.9700 16.3438 13.7523 12.9092 11.9007 11.4797 10.4217  9.9387  9.7624  9.4278  8.9018  8.8722  8.5400
  25  0.242702  3.5972  5.0247 -1.8593 17.6545 15.9738 13.5150 12.6839 11.7018 11.2881 10.2515  9.7757  9.6015  9.2707  8.7533  8.7241  8.3958
  26  0.252873  3.5992  5.0183 -1.8275 17.4763 15.7677 13.3844 12.5601 11.5939 11.1841 10.1595  9.6879  9.5150  9.1864  8.6736  8.6447  8.3187
  27  0.259349  3.6003  5.0157 -1.8096 17.3733 15.6496 13.3091 12.4889 11.5322 11.1247 10.1072  9.6380  9.4658  9.1386  8.6284  8.5997  8.2750
  28  0.263990  3.6011  5.0138 -1.7968 17.3052 15.5718 13.2563 12.4384 11.4883 11.0822 10.0698  9.6024  9.4306  9.1043  8.5960  8.5674  8.2437
  29  0.267295  3.6017  5.0119 -1.7870 17.2544 15.5140 13.2159 12.3999 11.4546 11.0497 10.0411  9.5752  9.4039  9.0783  8.5713  8.5429  8.2198
  30  0.269749  3.6022  5.0100 -1.7791 17.2134 15.4675 13.1833 12.3686 11.4275 11.0234 10.0181  9.5531  9.3822  9.0572  8.5515  8.5230  8.2007
  31  0.271712  3.6026  5.0081 -1.7723 17.1771 15.4262 13.1544 12.3411 11.4035 11.0004  9.9980  9.5340  9.3634  9.0390  8.5341  8.5059  8.1840
  32  0.273511  3.6031  5.0063 -1.7657 17.1419 15.3865 13.1264 12.3144 11.3804 10.9781  9.9785  9.5157  9.3453  9.0214  8.5176  8.4893  8.1680
  33  0.275487  3.6036  5.0043 -1.7587 17.1045 15.3444 13.0966 12.2857 11.3557 10.9543  9.9577  9.4958  9.3258  9.0026  8.4998  8.4717  8.1509
  34  0.277940  3.6040  5.0021 -1.7506 17.0638 15.2989 13.0634 12.2539 11.3280 10.9273  9.9341  9.4734  9.3038  8.9810  8.4794  8.4512  8.1311
  35  0.281207  3.6046  4.9997 -1.7407 17.0168 15.2471 13.0246 12.2166 11.2951 10.8955  9.9057  9.4464  9.2770  8.9550  8.4546  8.4265  8.1071
  36  0.285764  3.6053  4.9964 -1.7280 16.9608 15.1859 12.9771 12.1706 11.2542 10.8557  9.8697  9.4118  9.2429  8.9216  8.4225  8.3945  8.0758
  37  0.292324  3.6060  4.9916 -1.7103 16.8873 15.1064 12.9138 12.1091 11.1990 10.8017  9.8206  9.3643  9.1960  8.8756  8.3781  8.3503  8.0326
  38  0.301953  3.6072  4.9832 -1.6829 16.7727 14.9832 12.8148 12.0131 11.1130 10.7176  9.7441  9.2906  9.1232  8.8043  8.3094  8.2818  7.9655
  39  0.314590  3.6095  4.9697 -1.6429 16.5934 14.7912 12.6614 11.8643 10.9820 10.5900  9.6299  9.1814  9.0155  8.6992  8.2086  8.1813  7.8677
  40  0.325436  3.6119  4.9558 -1.6046 16.4100 14.5973 12.5070 11.7147 10.8524 10.4642  9.5185  9.0756  8.9114  8.5982  8.1118  8.0849  7.7742
  41  0.335891  3.6146  4.9408 -1.5650 16.2234 14.3978 12.3469 11.5591 10.7165 10.3323  9.4018  8.9649  8.8024  8.4923  8.0116  7.9851  7.6778
  42  0.345050  3.6173  4.9264 -1.5281 16.0490 14.2117 12.1954 11.4115 10.5880 10.2076  9.2921  8.8609  8.7002  8.3934  7.9182  7.8922  7.5882
  43  0.352384  3.6195  4.9142 -1.4979 15.9074 14.0631 12.0720 11.2909 10.4832 10.1056  9.2020  8.7758  8.6164  8.3123  7.8416  7.8158  7.5148
  44  0.361769  3.6225  4.8989 -1.4592 15.7268 13.8742 11.9129 11.1350 10.3477  9.9742  9.0861  8.6662  8.5088  8.2084  7.7435  7.7183  7.4210
  45  0.373658  3.6268  4.8807 -1.4095 15.4925 13.6279 11.7024 10.9280 10.1689  9.8009  8.9341  8.5233  8.3685  8.0735  7.6172  7.5927  7.3011
  46  0.386161  3.6322  4.8623 -1.3554 15.2305 13.3521 11.4634 10.6922  9.9676  9.6063  8.7647  8.3650  8.2134  7.9252  7.4797  7.4559  7.1715
  47  0.397541  3.6377  4.8460 -1.3047 14.9720 13.0795 11.2276 10.4598  9.7730  9.4183  8.6025  8.2145  8.0661  7.7851  7.3508  7.3278  7.0511
  48  0.406173  3.6422  4.8336 -1.2647 14.7583 12.8551 11.0346 10.2701  9.6170  9.2681  8.4735  8.0950  7.9495  7.6745  7.2496  7.2273  6.9568
  49  0.413726  3.6467  4.8230 -1.2284 14.5500 12.6386 10.8507 10.0905  9.4729  9.1296  8.3550  7.9858  7.8430  7.5738  7.1576  7.1360  6.8716
  50  0.420956  3.6512  4.8132 -1.1927 14.3338 12.4159 10.6627  9.9082  9.3296  8.9922  8.2381  7.8780  7.7382  7.4747  7.0674  7.0466  6.7883
  51  0.427999  3.6560  4.8042 -1.1573 14.1098 12.1869 10.4701  9.7222  9.1859  8.8547  8.1213  7.7707  7.6339  7.3762  6.9781  6.9580  6.7063
  52  0.432243  3.6590  4.7990 -1.1357 13.9679 12.0432 10.3497  9.6066  9.0978  8.7706  8.0499  7.7051  7.5703  7.3164  6.9239  6.9042  6.6565
  53  0.436438  3.6621  4.7940 -1.1144 13.8213 11.8966 10.2281  9.4903  9.0103  8.6871  7.9792  7.6402  7.5072  7.2569  6.8702  6.8509  6.6074
  54  0.440614  3.6652  4.7892 -1.0930 13.6662 11.7439 10.1037  9.3719  8.9225  8.6036  7.9085  7.5753  7.4442  7.1976  6.8166  6.7977  6.5584
  55  0.444802  3.6683  4.7843 -1.0717 13.5074 11.5903  9.9798  9.2545  8.8361  8.5215  7.8387  7.5111  7.3820  7.1388  6.7632  6.7448  6.5096
  56  0.449029  3.6714  4.7796 -1.0502 13.3394 11.4314  9.8524  9.1347  8.7490  8.4387  7.7685  7.4463  7.3193  7.0794  6.7094  6.6915  6.4603
  57  0.453293  3.6746  4.7748 -1.0285 13.1681 11.2730  9.7256  9.0162  8.6633  8.3573  7.6990  7.3821  7.2570  7.0204  6.6555  6.6380  6.4108
  58  0.457595  3.6780  4.7703 -1.0065 12.9855 11.1081  9.5942  8.8942  8.5761  8.2747  7.6285  7.3169  7.1936  6.9603  6.6007  6.5837  6.3606
  59  0.461936  3.6814  4.7656 -0.9842 12.7959 10.9408  9.4608  8.7713  8.4890  8.1921  7.5579  7.2514  7.1300  6.8999  6.5455  6.5289  6.3100
  60  0.466309  3.6848  4.7612 -0.9617 12.5974 10.7690  9.3242  8.6462  8.4009  8.1089  7.4867  7.1853  7.0659  6.8390  6.4897  6.4736  6.2588
  61  0.470704  3.6885  4.7568 -0.9389 12.3932 10.5956  9.1865  8.5204  8.3128  8.0259  7.4156  7.1191  7.0015  6.7778  6.4337  6.4180  6.2074
  62  0.475113  3.6921  4.7523 -0.9160 12.1875 10.4235  9.0497  8.3957  8.2253  7.9434  7.3448  7.0531  6.9373  6.7165  6.3777  6.3624  6.1560
  63  0.479513  3.6957  4.7478 -0.8931 11.9813 10.2532  8.9141  8.2723  8.1384  7.8618  7.2747  6.9875  6.8734  6.6556  6.3219  6.3071  6.1048
  64  0.483869  3.6993  4.7433 -0.8703 11.7768 10.0859  8.7806  8.1510  8.0529  7.7815  7.2057  6.9229  6.8104  6.5957  6.2670  6.2526  6.0544
  65  0.488155  3.7027  4.7388 -0.8480 11.5745  9.9220  8.6492  8.0320  7.9688  7.7028  7.1380  6.8597  6.7489  6.5371  6.2134  6.1994  6.0052
  66  0.492348  3.7061  4.7340 -0.8260 11.3803  9.7655  8.5233  7.9180  7.8879  7.6270  7.0727  6.7986  6.6892  6.4803  6.1613  6.1477  5.9572
  67  0.496409  3.7094  4.7293 -0.8047 11.1940  9.6160  8.4028  7.8091  7.8106  7.5548  7.0102  6.7399  6.6320  6.4256  6.1109  6.0976  5.9108
  68  0.500291  3.7124  4.7245 -0.7844 11.0194  9.4762  8.2899  7.7073  7.7380  7.4867  6.9512  6.6844  6.5776  6.3737  6.0628  6.0499  5.8663
  69  0.503981  3.7153  4.7200 -0.7650 10.8516  9.3426  8.1820  7.6103  7.6686  7.4219  6.8949  6.6314  6.5259  6.3241  6.0172  6.0045  5.8240
  70  0.507486  3.7181  4.7155 -0.7464 10.6960  9.2186  8.0816  7.5199  7.6035  7.3609  6.8420  6.5815  6.4770  6.2774  5.9737  5.9615  5.7837
  71  0.510822  3.7208  4.7111 -0.7284 10.5440  9.0980  7.9842  7.4324  7.5404  7.3020  6.7909  6.5334  6.4300  6.2323  5.9321  5.9201  5.7452
  72  0.514005  3.7232  4.7067 -0.7113 10.4028  8.9859  7.8938  7.3512  7.4811  7.2466  6.7427  6.4878  6.3853  6.1896  5.8925  5.8808  5.7084
  73  0.517055  3.7258  4.7025 -0.6946 10.2623  8.8751  7.8049  7.2715  7.4230  7.1924  6.6957  6.4435  6.3420  6.1481  5.8541  5.8426  5.6727
  74  0.519982  3.7281  4.6981 -0.6785 10.1329  8.7726  7.7226  7.1976  7.3684  7.1413  6.6511  6.4013  6.3007  6.1086  5.8173  5.8061  5.6385
  75  0.522806  3.7304  4.6940 -0.6628 10.0037  8.6706  7.6409  7.1245  7.3145  7.0910  6.6073  6.3600  6.2602  6.0698  5.7814  5.7704  5.6051
  76  0.525540  3.7325  4.6895 -0.6476  9.8847  8.5763  7.5647  7.0560  7.2635  7.0432  6.5654  6.3203  6.2213  6.0326  5.7467  5.7359  5.5727
  77  0.528197  3.7346  4.6853 -0.6324  9.7653  8.4819  7.4886  6.9878  7.2128  6.9958  6.5240  6.2812  6.1830  5.9959  5.7127  5.7020  5.5410
  78  0.530788  3.7366  4.6809 -0.6178  9.6532  8.3928  7.4163  6.9230  7.1641  6.9501  6.4839  6.2433  6.1458  5.9601  5.6794  5.6691  5.5100
  79  0.533330  3.7386  4.6764 -0.6033  9.5447  8.3065  7.3462  6.8599  7.1165  6.9053  6.4446  6.2061  6.1093  5.9251  5.6468  5.6366  5.4795
  80  0.535834  3.7407  4.6719 -0.5889  9.4381  8.2214  7.2773  6.7982  7.0692  6.8610  6.4056  6.1691  6.0730  5.8902  5.6143  5.6043  5.4491
  81  0.538307  3.7425  4.6673 -0.5747  9.3362  8.1397  7.2112  6.7390  7.0233  6.8176  6.3673  6.1327  6.0373  5.8559  5.5822  5.5725  5.4190
  82  0.541858  3.7453  4.6605 -0.5542  9.1902  8.0226  7.1169  6.6542  6.9571  6.7552  6.3121  6.0803  5.9860  5.8066  5.5361  5.5266  5.3756
  83  0.545499  3.7480  4.6534 -0.5331  9.0434  7.9045  7.0215  6.5686  6.8894  6.6912  6.2557  6.0268  5.9335  5.7562  5.4890  5.4798  5.3316
  84  0.549244  3.7508  4.6456 -0.5114  8.8971  7.7862  6.9253  6.4820  6.8200  6.6257  6.1976  5.9718  5.8796  5.7046  5.4410  5.4319  5.2863
  85  0.553076  3.7535  4.6373 -0.4891  8.7513  7.6679  6.8289  6.3951  6.7496  6.5589  6.1383  5.9158  5.8247  5.6518  5.3917  5.3829  5.2400
  86  0.556960  3.7563  4.6286 -0.4665  8.6069  7.5505  6.7335  6.3091  6.6788  6.4917  6.0784  5.8588  5.7687  5.5980  5.3413  5.3328  5.1925
  87  0.560877  3.7590  4.6195 -0.4434  8.4645  7.4342  6.6396  6.2245  6.6082  6.4244  6.0179  5.8011  5.7120  5.5433  5.2899  5.2816  5.1439
  88  0.564811  3.7616  4.6099 -0.4202  8.3249  7.3198  6.5472  6.1413  6.5376  6.3571  5.9571  5.7429  5.6548  5.4881  5.2376  5.2296  5.0943
  89  0.568747  3.7642  4.6000 -0.3967  8.1878  7.2071  6.4559  6.0591  6.4669  6.2895  5.8958  5.6843  5.5971  5.4323  5.1849  5.1772  5.0441
  90  0.572668  3.7668  4.5896 -0.3730  8.0535  7.0962  6.3659  5.9779  6.3962  6.2218  5.8343  5.6254  5.5392  5.3762  5.1317  5.1243  4.9936
  91  0.576558  3.7694  4.5790 -0.3493  7.9211  6.9866  6.2768  5.8976  6.3256  6.1541  5.7726  5.5663  5.4811  5.3199  5.0784  5.0712  4.9429
  92  0.580399  3.7719  4.5683 -0.3254  7.7916  6.8791  6.1891  5.8186  6.2554  6.0866  5.7110  5.5071  5.4227  5.2635  5.0250  5.0179  4.8918
  93  0.584179  3.7744  4.5573 -0.3016  7.6653  6.7737  6.1029  5.7408  6.1856  6.0194  5.6495  5.4481  5.3647  5.2071  4.9715  4.9646  4.8408
  94  0.587877  3.7768  4.5460 -0.2779  7.5415  6.6702  6.0180  5.6642  6.1162  5.9525  5.5882  5.3892  5.3067  5.1510  4.9182  4.9114  4.7899
  95  0.591485  3.7793  4.5346 -0.2543  7.4206  6.5686  5.9345  5.5888  6.0473  5.8861  5.5272  5.3308  5.2491  5.0952  4.8651  4.8587  4.7393
  96  0.594988  3.7817  4.5232 -0.2307  7.3029  6.4694  5.8528  5.5148  5.9791  5.8203  5.4667  5.2725  5.1918  5.0396  4.8124  4.8061  4.6888
  97  0.598381  3.7840  4.5116 -0.2073  7.1883  6.3726  5.7729  5.4424  5.9116  5.7552  5.4066  5.2149  5.1349  4.9845  4.7598  4.7538  4.6386
  98  0.601659  3.7863  4.4999 -0.1842  7.0769  6.2784  5.6950  5.3718  5.8449  5.6907  5.3470  5.1574  5.0784  4.9296  4.7075  4.7017  4.5887
  99  0.604833  3.7884  4.4877 -0.1610  6.9694  6.1870  5.6193  5.3028  5.7790  5.6268  5.2878  5.1005  5.0222  4.8750  4.6555  4.6499  4.5386
 100  0.607902  3.7905  4.4755 -0.1381  6.8651  6.0982  5.5451  5.2352  5.7138  5.5637  5.2290  5.0439  4.9664  4.8208  4.6036  4.5982  4.4889
 101  0.610870  3.7926  4.4631 -0.1154  6.7640  6.0118  5.4728  5.1691  5.6494  5.5012  5.1707  4.9877  4.9109  4.7668  4.5520  4.5467  4.4392
 102  0.613738  3.7946  4.4504 -0.0929  6.6663  5.9279  5.4021  5.1046  5.5858  5.4394  5.1129  4.9318  4.8558  4.7131  4.5007  4.4955  4.3897
 103  0.616509  3.7964  4.4374 -0.0705  6.5717  5.8464  5.3328  5.0412  5.5230  5.3783  5.0556  4.8763  4.8011  4.6597  4.4494  4.4444  4.3404
 104  0.619184  3.7983  4.4242 -0.0482  6.4795  5.7667  5.2646  4.9790  5.4608  5.3177  4.9989  4.8215  4.7469  4.6069  4.3988  4.3939  4.2914
 105  0.621768  3.7999  4.4108 -0.0262  6.3887  5.6881  5.1970  4.9172  5.3991  5.2578  4.9429  4.7672  4.6934  4.5548  4.3488  4.3440  4.2430
 106  0.624262  3.8015  4.3971 -0.0043  6.3009  5.6116  5.1309  4.8565  5.3381  5.1985  4.8873  4.7135  4.6403  4.5031  4.2990  4.2944  4.1948
 107  0.626674  3.8030  4.3830  0.0174  6.2160  5.5374  5.0663  4.7971  5.2780  5.1399  4.8322  4.6601  4.5875  4.4516  4.2494  4.2448  4.1466
 108  0.629008  3.8045  4.3689  0.0389  6.1339  5.4653  5.0033  4.7389  5.2185  5.0819  4.7774  4.6069  4.5351  4.4002  4.1997  4.1954  4.0984
 109  0.631271  3.8058  4.3544  0.0602  6.0557  5.3963  4.9425  4.6823  5.1599  5.0246  4.7230  4.5540  4.4825  4.3488  4.1501  4.1457  4.0499
 110  0.633469  3.8070  4.3397  0.0815  5.9804  5.3294  4.8833  4.6269  5.1021  4.9680  4.6689  4.5011  4.4303  4.2974  4.1002  4.0960  4.0013
 111  0.635609  3.8081  4.3248  0.1026  5.9078  5.2645  4.8255  4.5726  5.0449  4.9118  4.6151  4.4486  4.3782  4.2463  4.0504  4.0463  3.9526
 112  0.636277  3.8086  4.3200  0.1091  5.8853  5.2443  4.8074  4.5557  5.0270  4.8942  4.5981  4.4319  4.3617  4.2300  4.0347  4.0307  3.9372
 113  0.636946  3.8089  4.3151  0.1159  5.8625  5.2238  4.7892  4.5385  5.0088  4.8763  4.5809  4.4151  4.3450  4.2137  4.0187  4.0146  3.9216
 114  0.637611  3.8093  4.3103  0.1226  5.8400  5.2036  4.7711  4.5214  4.9906  4.8585  4.5638  4.3984  4.3284  4.1973  4.0028  3.9987  3.9060
 115  0.638274  3.8097  4.3054  0.1295  5.8161  5.1823  4.7521  4.5037  4.9718  4.8400  4.5461  4.3811  4.3112  4.1805  3.9864  3.9824  3.8900
 116  0.638935  3.8100  4.3004  0.1364  5.7927  5.1614  4.7335  4.4861  4.9532  4.8217  4.5286  4.3640  4.2942  4.1637  3.9701  3.9661  3.8741
 117  0.639592  3.8105  4.2956  0.1434  5.7680  5.1395  4.7142  4.4681  4.9340  4.8029  4.5106  4.3464  4.2768  4.1466  3.9536  3.9496  3.8579
 118  0.640247  3.8109  4.2907  0.1505  5.7423  5.1170  4.6943  4.4497  4.9143  4.7837  4.4923  4.3286  4.2592  4.1294  3.9369  3.9331  3.8417
 119  0.640900  3.8114  4.2860  0.1578  5.7165  5.0942  4.6744  4.4313  4.8946  4.7643  4.4738  4.3105  4.2414  4.1120  3.9201  3.9162  3.8253
 120  0.641549  3.8119  4.2811  0.1651  5.6897  5.0709  4.6542  4.4127  4.8744  4.7446  4.4553  4.2925  4.2235  4.0945  3.9033  3.8995  3.8090
 121  0.642195  3.8124  4.2761  0.1724  5.6630  5.0475  4.6338  4.3940  4.8542  4.7249  4.4365  4.2743  4.2055  4.0769  3.8863  3.8824  3.7924
 122  0.642839  3.8129  4.2709  0.1799  5.6366  5.0244  4.6134  4.3751  4.8338  4.7050  4.4175  4.2558  4.1872  4.0589  3.8689  3.8651  3.7754
 123  0.643477  3.8133  4.2654  0.1873  5.6108  5.0015  4.5931  4.3561  4.8134  4.6849  4.3982  4.2370  4.1686  4.0406  3.8511  3.8473  3.7579
 124  0.644110  3.8136  4.2595  0.1950  5.5859  4.9791  4.5729  4.3370  4.7927  4.6646  4.3787  4.2178  4.1495  4.0219  3.8328  3.8290  3.7400
 125  0.644738  3.8138  4.2533  0.2028  5.5612  4.9567  4.5526  4.3179  4.7720  4.6442  4.3588  4.1984  4.1303  4.0028  3.8141  3.8104  3.7216
 126  0.645359  3.8140  4.2468  0.2107  5.5370  4.9347  4.5323  4.2985  4.7510  4.6235  4.3389  4.1786  4.1107  3.9834  3.7951  3.7914  3.7028
 127  0.645976  3.8143  4.2401  0.2187  5.5128  4.9124  4.5119  4.2791  4.7298  4.6026  4.3186  4.1586  4.0907  3.9638  3.7757  3.7720  3.6836
 128  0.646587  3.8145  4.2334  0.2268  5.4884  4.8901  4.4912  4.2593  4.7085  4.5814  4.2980  4.1384  4.0706  3.9438  3.7561  3.7525  3.6643
 129  0.647195  3.8147  4.2264  0.2350  5.4644  4.8679  4.4705  4.2396  4.6870  4.5603  4.2773  4.1180  4.0503  3.9238  3.7363  3.7327  3.6446
 130  0.647799  3.8149  4.2192  0.2432  5.4407  4.8458  4.4499  4.2197  4.6655  4.5389  4.2565  4.0974  4.0298  3.9034  3.7162  3.7125  3.6247
 131  0.648398  3.8150  4.2120  0.2516  5.4172  4.8239  4.4291  4.1997  4.6438  4.5174  4.2354  4.0766  4.0090  3.8828  3.6959  3.6922  3.6045
 132  0.648991  3.8152  4.2046  0.2600  5.3936  4.8018  4.4084  4.1795  4.6219  4.4958  4.2141  4.0555  3.9881  3.8620  3.6753  3.6716  3.5840
 133  0.649579  3.8153  4.1969  0.2685  5.3703  4.7799  4.3875  4.1593  4.5999  4.4740  4.1927  4.0342  3.9669  3.8409  3.6545  3.6507  3.5632
 134  0.650158  3.8153  4.1889  0.2770  5.3481  4.7585  4.3667  4.1389  4.5779  4.4521  4.1710  4.0126  3.9453  3.8194  3.6330  3.6294  3.5419
 135  0.650732  3.8153  4.1805  0.2856  5.3265  4.7375  4.3461  4.1186  4.5558  4.4300  4.1491  3.9908  3.9235  3.7977  3.6113  3.6076  3.5201
 136  0.651297  3.8153  4.1720  0.2944  5.3053  4.7166  4.3253  4.0980  4.5336  4.4079  4.1270  3.9687  3.9015  3.7756  3.5893  3.5855  3.4980
 137  0.651856  3.8152  4.1632  0.3033  5.2845  4.6959  4.3046  4.0773  4.5112  4.3855  4.1046  3.9464  3.8790  3.7532  3.5668  3.5632  3.4755
 138  0.652406  3.8150  4.1541  0.3123  5.2644  4.6755  4.2839  4.0566  4.4889  4.3631  4.0821  3.9237  3.8565  3.7305  3.5441  3.5404  3.4526
 139  0.652947  3.8149  4.1448  0.3214  5.2448  4.6555  4.2634  4.0357  4.4663  4.3405  4.0594  3.9008  3.8335  3.7075  3.5210  3.5172  3.4293
 140  0.653480  3.8147  4.1351  0.3305  5.2261  4.6358  4.2428  4.0147  4.4439  4.3178  4.0364  3.8777  3.8103  3.6841  3.4973  3.4936  3.4055
 141  0.654003  3.8145  4.1250  0.3397  5.2080  4.6165  4.2223  3.9935  4.4212  4.2951  4.0132  3.8543  3.7868  3.6605  3.4734  3.4697  3.3813
 142  0.654517  3.8141  4.1148  0.3490  5.1910  4.5977  4.2020  3.9724  4.3986  4.2722  3.9899  3.8306  3.7630  3.6365  3.4491  3.4453  3.3566
 143  0.655020  3.8137  4.1041  0.3585  5.1748  4.5795  4.1817  3.9512  4.3759  4.2493  3.9662  3.8067  3.7389  3.6121  3.4243  3.4205  3.3315
 144  0.655513  3.8133  4.0930  0.3680  5.1595  4.5617  4.1616  3.9298  4.3533  4.2263  3.9425  3.7825  3.7146  3.5874  3.3991  3.3953  3.3058
 145  0.655993  3.8128  4.0817  0.3775  5.1453  4.5445  4.1417  3.9085  4.3308  4.2033  3.9185  3.7580  3.6899  3.5624  3.3735  3.3696  3.2797
 146  0.656462  3.8122  4.0699  0.3872  5.1323  4.5281  4.1221  3.8873  4.3082  4.1803  3.8944  3.7333  3.6649  3.5370  3.3475  3.3435  3.2530
 147  0.656919  3.8115  4.0577  0.3970  5.1204  4.5122  4.1027  3.8659  4.2857  4.1572  3.8702  3.7084  3.6397  3.5113  3.3211  3.3170  3.2259
 148  0.657364  3.8107  4.0450  0.4068  5.1085  4.4965  4.0833  3.8447  4.2633  4.1342  3.8459  3.6833  3.6145  3.4855  3.2944  3.2903  3.1985
 149  0.657795  3.8099  4.0320  0.4168  5.0976  4.4812  4.0641  3.8236  4.2408  4.1111  3.8214  3.6582  3.5890  3.4595  3.2674  3.2632  3.1707
 150  0.658213  3.8089  4.0185  0.4268  5.0878  4.4667  4.0452  3.8027  4.2185  4.0882  3.7970  3.6329  3.5633  3.4331  3.2401  3.2358  3.1424
 151  0.658618  3.8079  4.0044  0.4369  5.0795  4.4531  4.0269  3.7819  4.1965  4.0653  3.7724  3.6074  3.5376  3.4066  3.2123  3.2080  3.1137
 152  0.659010  3.8067  3.9897  0.4470  5.0728  4.4406  4.0090  3.7615  4.1747  4.0428  3.7479  3.5819  3.5117  3.3798  3.1843  3.1799  3.0845
 153  0.659387  3.8053  3.9745  0.4571  5.0680  4.4294  3.9918  3.7414  4.1532  4.0203  3.7234  3.5562  3.4856  3.3529  3.1559  3.1514  3.0548
 154  0.659751  3.8039  3.9588  0.4673  5.0654  4.4194  3.9751  3.7217  4.1321  3.9981  3.6989  3.5306  3.4594  3.3258  3.1272  3.1225  3.0247
 155  0.660101  3.8023  3.9424  0.4777  5.0656  4.4114  3.9595  3.7024  4.1113  3.9763  3.6745  3.5047  3.4331  3.2983  3.0980  3.0933  2.9939
 156  0.660438  3.8006  3.9257  0.4879  5.0678  4.4045  3.9444  3.6834  4.0910  3.9546  3.6501  3.4789  3.4066  3.2708  3.0686  3.0637  2.9630
 157  0.660762  3.7988  3.9084  0.4982  5.0728  4.3995  3.9301  3.6649  4.0710  3.9333  3.6257  3.4528  3.3802  3.2430  3.0388  3.0338  2.9314
 158  0.661072  3.7969  3.8905  0.5085  5.0799  4.3960  3.9167  3.6469  4.0514  3.9124  3.6016  3.4270  3.3535  3.2151  3.0088  3.0037  2.8995
 159  0.661370  3.7949  3.8724  0.5189  5.0893  4.3939  3.9043  3.6295  4.0322  3.8916  3.5773  3.4010  3.3269  3.1872  2.9786  2.9733  2.8674
 160  0.661656  3.7927  3.8536  0.5292  5.1022  4.3940  3.8930  3.6128  4.0137  3.8714  3.5533  3.3751  3.3002  3.1590  2.9480  2.9426  2.8347
 161  0.661929  3.7901  3.8331  0.5395  5.1262  4.4016  3.8857  3.5987  3.9974  3.8529  3.5300  3.3492  3.2735  3.1304  2.9165  2.9108  2.8006
 162  0.662171  3.7869  3.8111  0.5489  5.1695  4.4227  3.8867  3.5901  3.9862  3.8387  3.5093  3.3253  3.2483  3.1028  2.8851  2.8791  2.7660
 163  0.662411  3.7838  3.7886  0.5586  5.2152  4.4453  3.8883  3.5821  3.9749  3.8242  3.4880  3.3007  3.2226  3.0746  2.8531  2.8468  2.7309
 164  0.662648  3.7805  3.7659  0.5686  5.2582  4.4662  3.8892  3.5739  3.9623  3.8088  3.4665  3.2760  3.1968  3.0465  2.8213  2.8148  2.6958
 165  0.662881  3.7772  3.7428  0.5787  5.3023  4.4879  3.8910  3.5667  3.9496  3.7931  3.4444  3.2508  3.1703  3.0178  2.7888  2.7821  2.6602
 166  0.663113  3.7744  3.7214  0.5892  5.3397  4.5052  3.8903  3.5581  3.9350  3.7758  3.4209  3.2246  3.1431  2.9884  2.7561  2.7491  2.6247
 167  0.663341  3.7718  3.7004  0.6000  5.3752  4.5210  3.8887  3.5488  3.9195  3.7576  3.3968  3.1978  3.1153  2.9585  2.7231  2.7158  2.5889
 168  0.663565  3.7693  3.6794  0.6111  5.4087  4.5352  3.8859  3.5385  3.9028  3.7382  3.3720  3.1703  3.0869  2.9282  2.6898  2.6823  2.5531
 169  0.663783  3.7668  3.6583  0.6225  5.4411  4.5481  3.8818  3.5272  3.8849  3.7179  3.3464  3.1423  3.0579  2.8975  2.6562  2.6485  2.5169
 170  0.663997  3.7645  3.6373  0.6343  5.4696  4.5583  3.8757  3.5143  3.8653  3.6959  3.3196  3.1132  3.0281  2.8661  2.6220  2.6142  2.4805
 171  0.664206  3.7624  3.6167  0.6466  5.4935  4.5649  3.8673  3.4996  3.8439  3.6725  3.2916  3.0832  2.9974  2.8338  2.5874  2.5792  2.4436
 172  0.664410  3.7604  3.5962  0.6593  5.5145  4.5693  3.8572  3.4836  3.8213  3.6477  3.2625  3.0522  2.9658  2.8007  2.5519  2.5437  2.4060
 173  0.664604  3.7585  3.5757  0.6723  5.5324  4.5713  3.8455  3.4662  3.7972  3.6215  3.2322  3.0202  2.9331  2.7667  2.5157  2.5074  2.3680
 174  0.664794  3.7567  3.5553  0.6858  5.5470  4.5708  3.8319  3.4474  3.7716  3.5940  3.2010  2.9872  2.8996  2.7320  2.4790  2.4703  2.3293
 175  0.664974  3.7551  3.5351  0.6996  5.5578  4.5674  3.8163  3.4270  3.7448  3.5653  3.1687  2.9534  2.8652  2.6964  2.4416  2.4328  2.2902
 176  0.665150  3.7537  3.5153  0.7137  5.5644  4.5610  3.7985  3.4048  3.7164  3.5353  3.1355  2.9189  2.8302  2.6605  2.4038  2.3949  2.2510
 177  0.665320  3.7524  3.4956  0.7280  5.5678  4.5520  3.7792  3.3814  3.6869  3.5042  3.1016  2.8837  2.7945  2.6238  2.3657  2.3567  2.2113
 178  0.665484  3.7510  3.4759  0.7426  5.5693  4.5417  3.7590  3.3573  3.6568  3.4727  3.0671  2.8479  2.7584  2.5868  2.3271  2.3180  2.1714
 179  0.665644  3.7498  3.4566  0.7573  5.5674  4.5288  3.7372  3.3320  3.6258  3.4404  3.0320  2.8117  2.7218  2.5492  2.2882  2.2790  2.1312
 180  0.665800  3.7488  3.4374  0.7720  5.5631  4.5143  3.7143  3.3058  3.5942  3.4074  2.9966  2.7752  2.6848  2.5116  2.2492  2.2398  2.0910
 181  0.665953  3.7477  3.4186  0.7871  5.5560  4.4978  3.6901  3.2788  3.5619  3.3738  2.9608  2.7382  2.6476  2.4736  2.2100  2.2005  2.0508
 182  0.666091  3.7469  3.4016  0.8008  5.5480  4.4817  3.6675  3.2537  3.5320  3.3429  2.9278  2.7044  2.6134  2.4387  2.1740  2.1645  2.0138
 183  0.666227  3.7460  3.3845  0.8147  5.5385  4.4644  3.6441  3.2279  3.5015  3.3115  2.8942  2.6700  2.5787  2.4034  2.1377  2.1281  1.9766
 184  0.666364  3.7453  3.3674  0.8288  5.5272  4.4458  3.6197  3.2013  3.4704  3.2793  2.8601  2.6350  2.5435  2.3675  2.1008  2.0912  1.9390
 185  0.666499  3.7446  3.3504  0.8431  5.5149  4.4263  3.5946  3.1741  3.4387  3.2468  2.8258  2.5998  2.5080  2.3314  2.0639  2.0541  1.9011
 186  0.666634  3.7439  3.3334  0.8574  5.5008  4.4055  3.5685  3.1461  3.4064  3.2136  2.7909  2.5642  2.4721  2.2951  2.0266  2.0168  1.8632
 187  0.666769  3.7432  3.3164  0.8719  5.4851  4.3835  3.5416  3.1174  3.3736  3.1800  2.7557  2.5284  2.4361  2.2584  1.9893  1.9793  1.8251
 188  0.666903  3.7426  3.2994  0.8866  5.4693  4.3614  3.5145  3.0885  3.3404  3.1460  2.7202  2.4922  2.3996  2.2216  1.9515  1.9416  1.7866
 189  0.667036  3.7420  3.2822  0.9014  5.4522  4.3381  3.4865  3.0586  3.3066  3.1115  2.6842  2.4555  2.3627  2.1842  1.9135  1.9035  1.7479
 190  0.667169  3.7415  3.2649  0.9164  5.4340  4.3138  3.4576  3.0283  3.2722  3.0763  2.6476  2.4183  2.3254  2.1464  1.8749  1.8649  1.7087
 191  0.667301  3.7409  3.2474  0.9317  5.4152  4.2891  3.4282  2.9972  3.2371  3.0405  2.6105  2.3806  2.2875  2.1081  1.8358  1.8257  1.6690
 192  0.667432  3.7403  3.2299  0.9471  5.3956  4.2637  3.3983  2.9655  3.2015  3.0042  2.5729  2.3425  2.2491  2.0694  1.7965  1.7863  1.6290
 193  0.667563  3.7398  3.2122  0.9627  5.3751  4.2372  3.3674  2.9332  3.1652  2.9672  2.5347  2.3037  2.2102  2.0300  1.7565  1.7463  1.5884
 194  0.667691  3.7392  3.1940  0.9787  5.3543  4.2104  3.3360  2.9002  3.1282  2.9295  2.4957  2.2643  2.1707  1.9900  1.7159  1.7055  1.5471
 195  0.667819  3.7387  3.1757  0.9948  5.3330  4.1830  3.3040  2.8666  3.0904  2.8911  2.4561  2.2242  2.1304  1.9493  1.6746  1.6642  1.5053
 196  0.667946  3.7382  3.1575  1.0112  5.3098  4.1543  3.2710  2.8322  3.0522  2.8522  2.4161  2.1838  2.0898  1.9085  1.6331  1.6227  1.4632
 197  0.668072  3.7377  3.1389  1.0278  5.2866  4.1253  3.2376  2.7972  3.0133  2.8126  2.3756  2.1426  2.0485  1.8668  1.5908  1.5804  1.4204
 198  0.668195  3.7372  3.1196  1.0449  5.2635  4.0959  3.2034  2.7614  2.9732  2.7720  2.3336  2.1002  2.0059  1.8239  1.5473  1.5367  1.3762
 199  0.668315  3.7366  3.1000  1.0626  5.2388  4.0649  3.1678  2.7243  2.9319  2.7300  2.2905  2.0566  1.9622  1.7797  1.5025  1.4919  1.3308
 200  0.668432  3.7361  3.0797  1.0808  5.2135  4.0332  3.1311  2.6860  2.8893  2.6866  2.2459  2.0116  1.9170  1.7342  1.4563  1.4457  1.2840
 201  0.668545  3.7355  3.0587  1.0995  5.1881  4.0009  3.0936  2.6467  2.8453  2.6420  2.2000  1.9652  1.8705  1.6873  1.4087  1.3981  1.2357
 202  0.668655  3.7349  3.0373  1.1187  5.1619  3.9677  3.0552  2.6064  2.8004  2.5963  2.1531  1.9178  1.8228  1.6392  1.3601  1.3492  1.1865
 203  0.668764  3.7343  3.0153  1.1383  5.1357  3.9342  3.0160  2.5655  2.7545  2.5497  2.1052  1.8693  1.7742  1.5902  1.3103  1.2995  1.1360
 204  0.668868  3.7337  2.9931  1.1583  5.1089  3.8999  2.9759  2.5237  2.7077  2.5022  2.0564  1.8199  1.7246  1.5403  1.2597  1.2488  1.0847
 205  0.668970  3.7330  2.9700  1.1787  5.0843  3.8667  2.9364  2.4819  2.6605  2.4541  2.0067  1.7697  1.6741  1.4893  1.2080  1.1970  1.0322
 206  0.669070  3.7323  2.9465  1.1994  5.0589  3.8328  2.8959  2.4394  2.6124  2.4051  1.9562  1.7186  1.6229  1.4375  1.1554  1.1443  0.9788
 207  0.669167  3.7316  2.9228  1.2204  5.0341  3.7989  2.8552  2.3964  2.5636  2.3555  1.9049  1.6665  1.5706  1.3849  1.1018  1.0907  0.9245
 208  0.669260  3.7309  2.8987  1.2418  5.0094  3.7649  2.8140  2.3529  2.5144  2.3051  1.8529  1.6139  1.5176  1.3314  1.0475  1.0363  0.8692
 209  0.669351  3.7302  2.8739  1.2635  4.9858  3.7312  2.7727  2.3092  2.4644  2.2541  1.8000  1.5603  1.4639  1.2770  0.9922  0.9810  0.8131
 210  0.669439  3.7295  2.8490  1.2855  4.9613  3.6968  2.7308  2.2647  2.4137  2.2024  1.7466  1.5060  1.4094  1.2221  0.9363  0.9250  0.7564
 211  0.669523  3.7286  2.8238  1.3078  4.9382  3.6630  2.6888  2.2203  2.3628  2.1502  1.6924  1.4510  1.3542  1.1662  0.8795  0.8681  0.6987
 212  0.669606  3.7279  2.7982  1.3304  4.9154  3.6292  2.6467  2.1753  2.3111  2.0976  1.6376  1.3954  1.2983  1.1098  0.8221  0.8106  0.6403
 213  0.669684  3.7271  2.7722  1.3531  4.8930  3.5955  2.6043  2.1302  2.2592  2.0444  1.5822  1.3391  1.2418  1.0526  0.7639  0.7524  0.5813
 214  0.669760  3.7263  2.7460  1.3761  4.8714  3.5621  2.5618  2.0848  2.2068  1.9906  1.5263  1.2823  1.1847  0.9949  0.7052  0.6934  0.5215
 215  0.669834  3.7255  2.7195  1.3994  4.8497  3.5285  2.5192  2.0391  2.1540  1.9365  1.4698  1.2250  1.1270  0.9365  0.6457  0.6339  0.4612
 216  0.669904  3.7246  2.6927  1.4230  4.8288  3.4954  2.4765  1.9934  2.1009  1.8822  1.4129  1.1671  1.0688  0.8776  0.5858  0.5739  0.4002
 217  0.669916  3.7244  2.6880  1.4270  4.8252  3.4897  2.4690  1.9854  2.0916  1.8726  1.4030  1.1570  1.0587  0.8673  0.5753  0.5634  0.3895
 218  0.669929  3.7243  2.6833  1.4311  4.8218  3.4840  2.4617  1.9775  2.0824  1.8631  1.3930  1.1468  1.0485  0.8570  0.5648  0.5528  0.3788
 219  0.669941  3.7241  2.6786  1.4353  4.8180  3.4780  2.4541  1.9693  2.0729  1.8534  1.3830  1.1366  1.0382  0.8466  0.5542  0.5423  0.3681
 220  0.669953  3.7240  2.6739  1.4394  4.8145  3.4723  2.4466  1.9612  2.0636  1.8439  1.3728  1.1264  1.0279  0.8362  0.5436  0.5317  0.3572
 221  0.669965  3.7238  2.6691  1.4437  4.8110  3.4666  2.4391  1.9532  2.0542  1.8342  1.3627  1.1161  1.0175  0.8258  0.5329  0.5210  0.3464
 222  0.669977  3.7237  2.6643  1.4478  4.8076  3.4608  2.4316  1.9451  2.0447  1.8245  1.3526  1.1058  1.0072  0.8153  0.5222  0.5103  0.3355
 223  0.669989  3.7235  2.6595  1.4520  4.8041  3.4551  2.4241  1.9371  2.0353  1.8148  1.3425  1.0955  0.9967  0.8047  0.5115  0.4995  0.3247
 224  0.670000  3.7234  2.6547  1.4563  4.8005  3.4492  2.4164  1.9288  2.0257  1.8050  1.3323  1.0851  0.9863  0.7942  0.5007  0.4887  0.3137
 225  0.670011  3.7232  2.6498  1.4605  4.7969  3.4433  2.4088  1.9206  2.0161  1.7952  1.3220  1.0746  0.9759  0.7835  0.4899  0.4779  0.3028
 226  0.670023  3.7231  2.6450  1.4648  4.7932  3.4373  2.4011  1.9123  2.0064  1.7853  1.3117  1.0641  0.9653  0.7729  0.4791  0.4670  0.2917
 227  0.670140  3.7215  2.5931  1.5102  4.7563  3.3755  2.3196  1.8246  1.9041  1.6801  1.2017  0.9523  0.8528  0.6592  0.3631  0.3509  0.1739
 228  0.670244  3.7199  2.5426  1.5543  4.7235  3.3173  2.2417  1.7406  1.8050  1.5784  1.0952  0.8439  0.7439  0.5489  0.2508  0.2384  0.0595
 229  0.670336  3.7183  2.4947  1.5961  4.6944  3.2634  2.1685  1.6614  1.7113  1.4819  0.9943  0.7412  0.6406  0.4443  0.1441  0.1315 -0.0490
 230  0.670424  3.7166  2.4434  1.6405  4.6731  3.2126  2.0945  1.5803  1.6136  1.3812  0.8881  0.6330  0.5317  0.3341  0.0314  0.0186 -0.1639
 231  0.670504  3.7147  2.3922  1.6845  4.6567  3.1653  2.0227  1.5013  1.5173  1.2814  0.7828  0.5256  0.4237  0.2246 -0.0806 -0.0936 -0.2781
 232  0.670579  3.7129  2.3401  1.7291  4.6447  3.1205  1.9517  1.4226  1.4202  1.1809  0.6762  0.4167  0.3142  0.1135 -0.1942 -0.2075 -0.3941
 233  0.670644  3.7111  2.2902  1.7719  4.6376  3.0812  1.8855  1.3488  1.3281  1.0852  0.5746  0.3129  0.2096  0.0073 -0.3030 -0.3164 -0.5050
 234  0.670704  3.7092  2.2394  1.8153  4.6335  3.0437  1.8196  1.2751  1.2350  0.9884  0.4716  0.2076  0.1035 -0.1002 -0.4132 -0.4268 -0.6177
 235  0.670761  3.7074  2.1897  1.8577  4.6318  3.0080  1.7558  1.2035  1.1442  0.8938  0.3709  0.1047 -0.0000 -0.2054 -0.5211 -0.5350 -0.7278
 236  0.670811  3.7056  2.1415  1.8989  4.6333  2.9756  1.6954  1.1352  1.0567  0.8025  0.2735  0.0050 -0.1005 -0.3074 -0.6255 -0.6396 -0.8347
 237  0.670858  3.7038  2.0931  1.9402  4.6377  2.9452  1.6359  1.0678  0.9694  0.7113  0.1760 -0.0948 -0.2009 -0.4095 -0.7303 -0.7446 -0.9417
 238  0.670900  3.7021  2.0471  1.9794  4.6443  2.9184  1.5803  1.0046  0.8869  0.6250  0.0835 -0.1896 -0.2965 -0.5064 -0.8298 -0.8443 -1.0434
 239  0.670939  3.7005  2.0034  2.0166  4.6517  2.8937  1.5278  0.9448  0.8085  0.5429 -0.0044 -0.2798 -0.3872 -0.5987 -0.9244 -0.9391 -1.1401
 240  0.670976  3.6987  1.9575  2.0555  4.6678  2.8746  1.4770  0.8857  0.7287  0.4588 -0.0954 -0.3733 -0.4815 -0.6947 -1.0231 -1.0380 -1.2411
 241  0.671010  3.6968  1.9113  2.0941  4.6920  2.8625  1.4298  0.8305  0.6513  0.3766 -0.1849 -0.4655 -0.5746 -0.7895 -1.1209 -1.1361 -1.3416
 242  0.671041  3.6950  1.8660  2.1318  4.7187  2.8542  1.3855  0.7782  0.5763  0.2970 -0.2720 -0.5554 -0.6653 -0.8821 -1.2166 -1.2319 -1.4399
 243  0.671069  3.6932  1.8241  2.1667  4.7453  2.8494  1.3461  0.7315  0.5080  0.2240 -0.3522 -0.6381 -0.7490 -0.9675 -1.3049 -1.3205 -1.5307
 244  0.671096  3.6920  1.7930  2.1930  4.7600  2.8431  1.3148  0.6951  0.4559  0.1688 -0.4125 -0.7005 -0.8119 -1.0317 -1.3711 -1.3869 -1.5987
 245  0.671121  3.6912  1.7735  2.2094  4.7690  2.8397  1.2958  0.6729  0.4236  0.1343 -0.4503 -0.7394 -0.8512 -1.0719 -1.4125 -1.4285 -1.6414
 246  0.671147  3.6898  1.7379  2.2396  4.7834  2.8328  1.2599  0.6312  0.3637  0.0707 -0.5199 -0.8113 -0.9239 -1.1459 -1.4888 -1.5050 -1.7197
 247  0.671171  3.6879  1.6913  2.2784  4.8149  2.8347  1.2206  0.5834  0.2899 -0.0088 -0.6082 -0.9030 -1.0166 -1.2408 -1.5871 -1.6035 -1.8208
 248  0.671193  3.6857  1.6424  2.3189  4.8492  2.8397  1.1816  0.5351  0.2135 -0.0913 -0.7004 -0.9990 -1.1136 -1.3401 -1.6901 -1.7068 -1.9266
 249  0.671213  3.6837  1.5938  2.3592  4.8848  2.8478  1.1447  0.4889  0.1385 -0.1723 -0.7914 -1.0936 -1.2094 -1.4383 -1.7919 -1.8088 -2.0314
 250  0.671231  3.6816  1.5464  2.3984  4.9198  2.8585  1.1103  0.4452  0.0662 -0.2509 -0.8798 -1.1855 -1.3023 -1.5335 -1.8907 -1.9079 -2.1332
 251  0.671248  3.6796  1.5004  2.4365  4.9548  2.8717  1.0783  0.4044 -0.0035 -0.3266 -0.9652 -1.2744 -1.3923 -1.6257 -1.9866 -2.0040 -2.2319
 252  0.671263  3.6775  1.4544  2.4740  4.9951  2.8923  1.0509  0.3680 -0.0702 -0.3999 -1.0485 -1.3614 -1.4805 -1.7163 -2.0810 -2.0987 -2.3294
 253  0.671278  3.6754  1.4104  2.5099  5.0352  2.9164  1.0273  0.3361 -0.1325 -0.4686 -1.1274 -1.4440 -1.5640 -1.8023 -2.1706 -2.1886 -2.4222
 254  0.671291  3.6734  1.3664  2.5456  5.0758  2.9435  1.0056  0.3059 -0.1937 -0.5364 -1.2055 -1.5260 -1.6472 -1.8879 -2.2601 -2.2784 -2.5147
 255  0.671303  3.6713  1.3228  2.5809  5.1168  2.9741  0.9861  0.2782 -0.2530 -0.6026 -1.2824 -1.6067 -1.7291 -1.9723 -2.3485 -2.3671 -2.6063
 256  0.671314  3.6694  1.2811  2.6148  5.1566  3.0064  0.9692  0.2536 -0.3087 -0.6650 -1.3552 -1.6835 -1.8069 -2.0525 -2.4326 -2.4515 -2.6936
 257  0.671324  3.6674  1.2391  2.6488  5.1981  3.0424  0.9543  0.2308 -0.3637 -0.7269 -1.4279 -1.7601 -1.8848 -2.1330 -2.5170 -2.5363 -2.7812
 258  0.671332  3.6653  1.1982  2.6816  5.2391  3.0815  0.9417  0.2109 -0.4157 -0.7860 -1.4978 -1.8341 -1.9599 -2.2107 -2.5987 -2.6182 -2.8662
 259  0.671341  3.6634  1.1582  2.7140  5.2787  3.1224  0.9311  0.1931 -0.4657 -0.8431 -1.5658 -1.9061 -2.0332 -2.2865 -2.6786 -2.6983 -2.9491
 260  0.671350  3.6615  1.1190  2.7455  5.3172  3.1663  0.9228  0.1779 -0.5132 -0.8980 -1.6317 -1.9763 -2.1045 -2.3603 -2.7565 -2.7766 -3.0304
 261  0.671356  3.6596  1.0801  2.7766  5.3531  3.2128  0.9163  0.1648 -0.5590 -0.9512 -1.6964 -2.0450 -2.1745 -2.4330 -2.8332 -2.8537 -3.1104
 262  0.671364  3.6576  1.0422  2.8071  5.3852  3.2612  0.9115  0.1535 -0.6026 -1.0023 -1.7588 -2.1118 -2.2424 -2.5037 -2.9080 -2.9288 -3.1884
 263  0.671370  3.6558  1.0048  2.8369  5.4135  3.3108  0.9080  0.1440 -0.6445 -1.0517 -1.8197 -2.1770 -2.3088 -2.5728 -2.9812 -3.0023 -3.2650
 264  0.671377  3.6539  0.9678  2.8663  5.4410  3.3657  0.9080  0.1379 -0.6836 -1.0989 -1.8788 -2.2407 -2.3737 -2.6404 -3.0532 -3.0746 -3.3403
 265  0.671383  3.6520  0.9313  2.8950  5.4664  3.4250  0.9113  0.1357 -0.7196 -1.1432 -1.9355 -2.3021 -2.4364 -2.7060 -3.1233 -3.1450 -3.4138
 266  0.671388  3.6501  0.8954  2.9232  5.4865  3.4858  0.9163  0.1351 -0.7538 -1.1857 -1.9906 -2.3620 -2.4977 -2.7702 -3.1918 -3.2139 -3.4859
 267  0.671394  3.6481  0.8600  2.9509  5.5017  3.5484  0.9230  0.1366 -0.7861 -1.2265 -2.0441 -2.4204 -2.5574 -2.8329 -3.2591 -3.2815 -3.5566
 268  0.671398  3.6462  0.8256  2.9778  5.5115  3.6098  0.9302  0.1392 -0.8166 -1.2656 -2.0957 -2.4769 -2.6151 -2.8936 -3.3243 -3.3470 -3.6253
 269  0.671403  3.6444  0.7916  3.0044  5.5170  3.6716  0.9383  0.1429 -0.8457 -1.3032 -2.1462 -2.5321 -2.6717 -2.9532 -3.3884 -3.4115 -3.6930
 270  0.671407  3.6426  0.7581  3.0305  5.5179  3.7320  0.9466  0.1473 -0.8737 -1.3398 -2.1955 -2.5864 -2.7273 -3.0117 -3.4515 -3.4748 -3.7595
 271  0.671411  3.6407  0.7254  3.0560  5.5149  3.7909  0.9551  0.1522 -0.9001 -1.3748 -2.2430 -2.6389 -2.7809 -3.0685 -3.5126 -3.5364 -3.8241
 272  0.671415  3.6390  0.6935  3.0810  5.5088  3.8479  0.9633  0.1573 -0.9256 -1.4088 -2.2894 -2.6900 -2.8334 -3.1240 -3.5724 -3.5964 -3.8872
 273  0.671418  3.6373  0.6618  3.1057  5.4993  3.9036  0.9714  0.1624 -0.9503 -1.4420 -2.3351 -2.7406 -2.8854 -3.1788 -3.6315 -3.6560 -3.9498
 274  0.671421  3.6356  0.6308  3.1300  5.4876  3.9581  0.9795  0.1681 -0.9736 -1.4739 -2.3794 -2.7898 -2.9358 -3.2323 -3.6893 -3.7141 -4.0110
 275  0.671425  3.6340  0.6009  3.1534  5.4735  4.0096  0.9873  0.1735 -0.9955 -1.5042 -2.4220 -2.8372 -2.9844 -3.2837 -3.7450 -3.7701 -4.0699
 276  0.671428  3.6324  0.5715  3.1766  5.4578  4.0600  0.9950  0.1793 -1.0165 -1.5336 -2.4636 -2.8836 -3.0321 -3.3343 -3.7998 -3.8252 -4.1281
 277  0.671431  3.6309  0.5429  3.1991  5.4401  4.1066  1.0015  0.1842 -1.0369 -1.5622 -2.5040 -2.9287 -3.0783 -3.3835 -3.8530 -3.8787 -4.1845
 278  0.671433  3.6295  0.5156  3.2206  5.4220  4.1509  1.0079  0.1892 -1.0558 -1.5889 -2.5423 -2.9717 -3.1224 -3.4304 -3.9040 -3.9299 -4.2385
 279  0.671436  3.6282  0.4911  3.2401  5.4041  4.1890  1.0129  0.1932 -1.0727 -1.6131 -2.5769 -3.0104 -3.1622 -3.4727 -3.9498 -3.9761 -4.2872
