#NUMBER OF AGES= 1
#----------------------------------------------------       
#MIX-LEN  Y      Z          Zeff        [Fe/H] [a/Fe]
# 1.9380  0.3300 3.4153E-04 1.7385E-04  -1.94   0.40 
#----------------------------------------------------       
#**PHOTOMETRIC SYSTEM**: HST WFPC2 (Vega)                   
#----------------------------------------------------       
#AGE=14.200 EEPS=265
#EEP   M/Mo    LogTeff  LogG   LogL/Lo F218W   F255W   F300W   F336W   F439W   F450W   F555W   F606W   F622W   F675W   F791W   F814W   F850LP
  15  0.108915  3.5444  5.2875 -2.6812 20.6305 20.2308 16.7037 15.8460 14.7063 14.0980 12.7205 12.1747 11.9817 11.6008 10.8250 10.7870 10.3913
  16  0.119819  3.5531  5.2499 -2.5676 20.2749 19.6340 16.2422 15.3764 14.2390 13.6774 12.3556 11.8146 11.6223 11.2499 10.5388 10.5024 10.1187
  17  0.129964  3.5603  5.2171 -2.4708 19.9645 19.1336 15.8530 14.9834 13.8550 13.3272 12.0516 11.5163 11.3252 10.9589 10.2943 10.2592  9.8851
  18  0.139398  3.5661  5.1892 -2.3893 19.6988 18.7221 15.5309 14.6598 13.5431 13.0393 11.8010 11.2715 11.0819 10.7202 10.0883 10.0542  9.6876
  19  0.148696  3.5709  5.1647 -2.3174 19.4653 18.3731 15.2539 14.3824 13.2773 12.7914 11.5838 11.0603 10.8722 10.5146  9.9065  9.8733  9.5129
  20  0.158964  3.5752  5.1411 -2.2473 19.2359 18.0406 14.9897 14.1188 13.0261 12.5547 11.3752 10.8580 10.6717 10.3180  9.7293  9.6968  9.3419
  21  0.171152  3.5797  5.1170 -2.1735 18.9904 17.6904 14.7150 13.8462 12.7676 12.3094 11.1585 10.6482 10.4638 10.1143  9.5429  9.5112  9.1619
  22  0.185560  3.5841  5.0927 -2.0963 18.7300 17.3192 14.4303 13.5653 12.5018 12.0563 10.9340 10.4314 10.2493  9.9041  9.3486  9.3175  8.9735
  23  0.201442  3.5883  5.0698 -2.0208 18.4493 16.9363 14.1485 13.2898 12.2446 11.8101 10.7154 10.2209 10.0410  9.7003  9.1585  9.1281  8.7892
  24  0.221116  3.5929  5.0450 -1.9372 18.0656 16.4581 13.8262 12.9798 11.9635 11.5402 10.4754  9.9903  9.8132  9.4775  8.9488  8.9191  8.5857
  25  0.239191  3.5967  5.0269 -1.8703 17.7149 16.0440 13.5598 12.7263 11.7391 11.3239 10.2834  9.8061  9.6315  9.3000  8.7810  8.7517  8.4228
  26  0.250959  3.5989  5.0189 -1.8327 17.5053 15.8012 13.4056 12.5802 11.6115 11.2010 10.1745  9.7022  9.5290  9.2001  8.6865  8.6576  8.3313
  27  0.258017  3.6000  5.0159 -1.8127 17.3907 15.6694 13.3220 12.5010 11.5428 11.1348 10.1162  9.6467  9.4743  9.1468  8.6362  8.6075  8.2826
  28  0.263040  3.6010  5.0139 -1.7989 17.3158 15.5838 13.2648 12.4466 11.4954 11.0892 10.0759  9.6082  9.4364  9.1101  8.6013  8.5728  8.2489
  29  0.266600  3.6016  5.0120 -1.7885 17.2618 15.5222 13.2219 12.4056 11.4597 11.0546 10.0456  9.5793  9.4080  9.0824  8.5753  8.5468  8.2236
  30  0.269216  3.6021  5.0101 -1.7803 17.2189 15.4737 13.1878 12.3730 11.4313 11.0271 10.0214  9.5564  9.3854  9.0603  8.5544  8.5260  8.2036
  31  0.271264  3.6025  5.0082 -1.7732 17.1816 15.4312 13.1581 12.3447 11.4067 11.0035 10.0007  9.5367  9.3661  9.0416  8.5367  8.5083  8.1865
  32  0.273071  3.6030  5.0064 -1.7667 17.1462 15.3911 13.1301 12.3178 11.3836 10.9812  9.9813  9.5183  9.3479  9.0240  8.5201  8.4918  8.1705
  33  0.274985  3.6036  5.0045 -1.7598 17.1092 15.3494 13.1006 12.2896 11.3592 10.9576  9.9608  9.4989  9.3289  9.0055  8.5027  8.4745  8.1537
  34  0.277307  3.6040  5.0024 -1.7520 17.0694 15.3050 13.0683 12.2586 11.3324 10.9317  9.9380  9.4772  9.3076  8.9848  8.4830  8.4550  8.1348
  35  0.280351  3.6046  5.0000 -1.7427 17.0244 15.2551 13.0311 12.2229 11.3010 10.9013  9.9110  9.4515  9.2822  8.9601  8.4595  8.4315  8.1120
  36  0.284556  3.6052  4.9970 -1.7307 16.9713 15.1971 12.9863 12.1796 11.2626 10.8639  9.8774  9.4192  9.2503  8.9288  8.4296  8.4016  8.0829
  37  0.290562  3.6059  4.9928 -1.7146 16.9039 15.1241 12.9284 12.1234 11.2121 10.8145  9.8324  9.3758  9.2074  8.8868  8.3890  8.3612  8.0432
  38  0.299122  3.6069  4.9857 -1.6909 16.8057 15.0184 12.8434 12.0408 11.1379 10.7420  9.7663  9.3121  9.1444  8.8250  8.3295  8.3018  7.9851
  39  0.310978  3.6088  4.9736 -1.6545 16.6464 14.8474 12.7065 11.9080 11.0201 10.6271  9.6629  9.2129  9.0465  8.7295  8.2377  8.2103  7.8959
  40  0.321640  3.6111  4.9605 -1.6178 16.4738 14.6641 12.5600 11.7661 10.8968 10.5073  9.5566  9.1117  8.9470  8.6327  8.1449  8.1179  7.8061
  41  0.330685  3.6132  4.9477 -1.5840 16.3121 14.4930 12.4237 11.6338 10.7819 10.3957  9.4579  9.0181  8.8549  8.5432  8.0597  8.0329  7.7239
  42  0.340030  3.6158  4.9333 -1.5471 16.1388 14.3072 12.2734 11.4876 10.6542 10.2718  9.3486  8.9143  8.7528  8.4442  7.9663  7.9399  7.6342
  43  0.347424  3.6181  4.9211 -1.5166 15.9953 14.1553 12.1486 11.3658 10.5482 10.1689  9.2578  8.8285  8.6683  8.3625  7.8890  7.8630  7.5602
  44  0.354619  3.6203  4.9088 -1.4866 15.8563 14.0098 12.0269 11.2468 10.4444 10.0681  9.1687  8.7441  8.5853  8.2822  7.8130  7.7873  7.4873
  45  0.364451  3.6235  4.8930 -1.4459 15.6669 13.8114 11.8590 11.0820 10.3016  9.9293  9.0464  8.6286  8.4719  8.1728  7.7100  7.6849  7.3889
  46  0.375941  3.6280  4.8754 -1.3972 15.4362 13.5688 11.6508 10.8771 10.1249  9.7582  8.8966  8.4881  8.3339  8.0403  7.5861  7.5617  7.2716
  47  0.387681  3.6331  4.8579 -1.3456 15.1848 13.3038 11.4210 10.6503  9.9318  9.5715  8.7344  8.3368  8.1857  7.8987  7.4550  7.4314  7.1483
  48  0.398489  3.6384  4.8422 -1.2969 14.9352 13.0407 11.1934 10.4261  9.7445  9.3908  8.5784  8.1920  8.0441  7.7641  7.3312  7.3084  7.0327
  49  0.406794  3.6429  4.8301 -1.2581 14.7253 12.8206 11.0045 10.2405  9.5924  9.2443  8.4527  8.0757  7.9306  7.6564  7.2328  7.2106  6.9410
  50  0.414178  3.6472  4.8197 -1.2223 14.5186 12.6060 10.8223 10.0628  9.4502  9.1077  8.3359  7.9679  7.8256  7.5571  7.1420  7.1206  6.8570
  51  0.421256  3.6518  4.8101 -1.1870 14.3039 12.3850 10.6360  9.8820  9.3085  8.9718  8.2203  7.8614  7.7220  7.4592  7.0530  7.0322  6.7748
  52  0.425567  3.6548  4.8045 -1.1651 14.1661 12.2438 10.5172  9.7673  9.2198  8.8869  8.1482  7.7952  7.6575  7.3984  6.9979  6.9776  6.7242
  53  0.429781  3.6578  4.7992 -1.1436 14.0263 12.1017 10.3978  9.6525  9.1319  8.8029  8.0770  7.7297  7.5940  7.3386  6.9437  6.9238  6.6745
  54  0.433931  3.6608  4.7942 -1.1222 13.8814 11.9559 10.2765  9.5363  9.0441  8.7193  8.0060  7.6647  7.5308  7.2791  6.8900  6.8706  6.6252
  55  0.438057  3.6638  4.7891 -1.1010 13.7330 11.8088 10.1556  9.4211  8.9579  8.6371  7.9363  7.6006  7.4687  7.2205  6.8368  6.8179  6.5766
  56  0.442186  3.6669  4.7844 -1.0797 13.5747 11.6546 10.0310  9.3027  8.8707  8.5541  7.8661  7.5361  7.4061  7.1614  6.7835  6.7650  6.5279
  57  0.446323  3.6700  4.7795 -1.0585 13.4136 11.5005  9.9071  9.1858  8.7852  8.4728  7.7970  7.4723  7.3444  7.1030  6.7305  6.7124  6.4793
  58  0.450494  3.6732  4.7749 -1.0371 13.2437 11.3419  9.7802  9.0668  8.6990  8.3911  7.7274  7.4082  7.2821  7.0441  6.6768  6.6592  6.4302
  59  0.454708  3.6764  4.7700 -1.0154 13.0691 11.1825  9.6528  8.9482  8.6137  8.3100  7.6582  7.3441  7.2199  6.9851  6.6230  6.6057  6.3807
  60  0.458962  3.6797  4.7654 -0.9934 12.8843 11.0177  9.5213  8.8267  8.5271  8.2280  7.5880  7.2791  7.1569  6.9252  6.5683  6.5515  6.3305
  61  0.463256  3.6832  4.7608 -0.9710 12.6916 10.8493  9.3874  8.7036  8.4401  8.1457  7.5176  7.2137  7.0934  6.8649  6.5131  6.4967  6.2798
  62  0.467586  3.6867  4.7563 -0.9485 12.4906 10.6773  9.2506  8.5785  8.3523  8.0628  7.4467  7.1477  7.0293  6.8039  6.4573  6.4413  6.2287
  63  0.471937  3.6902  4.7517 -0.9257 12.2866 10.5055  9.1140  8.4538  8.2648  7.9804  7.3759  7.0818  6.9651  6.7429  6.4013  6.3858  6.1773
  64  0.476282  3.6938  4.7472 -0.9028 12.0810 10.3345  8.9779  8.3300  8.1777  7.8985  7.3056  7.0161  6.9011  6.6820  6.3456  6.3305  6.1261
  65  0.480598  3.6974  4.7427 -0.8801 11.8762 10.1662  8.8437  8.2081  8.0918  7.8178  7.2362  6.9512  6.8379  6.6216  6.2904  6.2757  6.0754
  66  0.484868  3.7009  4.7380 -0.8575 11.6739 10.0015  8.7119  8.0885  8.0073  7.7386  7.1680  6.8873  6.7757  6.5623  6.2360  6.2218  6.0255
  67  0.489063  3.7043  4.7333 -0.8353 11.4759  9.8415  8.5835  7.9720  7.9247  7.6612  7.1014  6.8251  6.7150  6.5045  6.1831  6.1692  5.9768
  68  0.493136  3.7076  4.7285 -0.8138 11.2862  9.6888  8.4605  7.8607  7.8458  7.5873  7.0376  6.7652  6.6566  6.4488  6.1318  6.1184  5.9296
  69  0.497054  3.7107  4.7238 -0.7929 11.1039  9.5428  8.3428  7.7547  7.7703  7.5168  6.9765  6.7079  6.6006  6.3953  6.0825  6.0695  5.8842
  70  0.500792  3.7137  4.7189 -0.7730 10.9346  9.4075  8.2334  7.6561  7.6998  7.4507  6.9192  6.6539  6.5478  6.3448  6.0357  6.0229  5.8407
  71  0.504342  3.7167  4.7145 -0.7539 10.7711  9.2774  8.1283  7.5615  7.6322  7.3874  6.8642  6.6022  6.4972  6.2964  5.9910  5.9785  5.7993
  72  0.507709  3.7192  4.7098 -0.7358 10.6212  9.1580  8.0315  7.4744  7.5689  7.3282  6.8128  6.5536  6.4496  6.2509  5.9488  5.9366  5.7600
  73  0.510912  3.7219  4.7056 -0.7182 10.4724  9.0401  7.9365  7.3891  7.5073  7.2707  6.7629  6.5066  6.4036  6.2069  5.9081  5.8962  5.7223
  74  0.513965  3.7243  4.7010 -0.7015 10.3363  8.9320  7.8493  7.3108  7.4498  7.2169  6.7160  6.4623  6.3603  6.1653  5.8695  5.8578  5.6865
  75  0.516886  3.7268  4.6969 -0.6851 10.1996  8.8241  7.7629  7.2333  7.3932  7.1642  6.6702  6.4191  6.3179  6.1248  5.8320  5.8206  5.6516
  76  0.519689  3.7289  4.6923 -0.6695 10.0753  8.7257  7.6836  7.1620  7.3403  7.1146  6.6268  6.3781  6.2777  6.0862  5.7961  5.7850  5.6181
  77  0.522387  3.7312  4.6882 -0.6541  9.9499  8.6266  7.6042  7.0908  7.2878  7.0655  6.5841  6.3377  6.2382  6.0485  5.7610  5.7501  5.5856
  78  0.524995  3.7333  4.6838 -0.6392  9.8332  8.5343  7.5296  7.0240  7.2379  7.0188  6.5432  6.2990  6.2003  6.0120  5.7272  5.7165  5.5540
  79  0.527526  3.7353  4.6793 -0.6246  9.7213  8.4454  7.4576  6.9593  7.1895  6.9733  6.5033  6.2613  6.1633  5.9765  5.6941  5.6836  5.5231
  80  0.529996  3.7373  4.6750 -0.6103  9.6109  8.3578  7.3866  6.8956  7.1416  6.9284  6.4640  6.2240  6.1268  5.9415  5.6615  5.6512  5.4928
  81  0.532410  3.7391  4.6705 -0.5961  9.5076  8.2753  7.3194  6.8353  7.0956  6.8851  6.4259  6.1879  6.0913  5.9074  5.6297  5.6196  5.4629
  82  0.535813  3.7419  4.6639 -0.5761  9.3611  8.1582  7.2247  6.7503  7.0302  6.8237  6.3716  6.1364  6.0408  5.8589  5.5844  5.5746  5.4205
  83  0.539267  3.7446  4.6572 -0.5555  9.2147  8.0409  7.1301  6.6654  6.9640  6.7612  6.3165  6.0840  5.9895  5.8095  5.5383  5.5288  5.3772
  84  0.542792  3.7474  4.6498 -0.5345  9.0692  7.9237  7.0355  6.5804  6.8967  6.6977  6.2602  6.0306  5.9371  5.7592  5.4913  5.4819  5.3330
  85  0.546400  3.7501  4.6420 -0.5130  8.9241  7.8063  6.9401  6.4946  6.8281  6.6326  6.2027  5.9761  5.8836  5.7080  5.4434  5.4344  5.2880
  86  0.550098  3.7528  4.6338 -0.4909  8.7781  7.6880  6.8437  6.4076  6.7577  6.5661  6.1437  5.9203  5.8289  5.6555  5.3944  5.3856  5.2419
  87  0.553860  3.7555  4.6251 -0.4682  8.6330  7.5701  6.7478  6.3211  6.6868  6.4989  6.0838  5.8634  5.7730  5.6019  5.3443  5.3357  5.1947
  88  0.557665  3.7582  4.6158 -0.4452  8.4905  7.4538  6.6536  6.2361  6.6160  6.4314  6.0233  5.8057  5.7164  5.5472  5.2929  5.2846  5.1460
  89  0.561488  3.7609  4.6061 -0.4219  8.3505  7.3391  6.5608  6.1526  6.5453  6.3639  5.9623  5.7474  5.6591  5.4917  5.2405  5.2325  5.0964
  90  0.565314  3.7635  4.5959 -0.3983  8.2134  7.2262  6.4694  6.0701  6.4745  6.2962  5.9009  5.6886  5.6012  5.4358  5.1876  5.1797  5.0460
  91  0.569127  3.7661  4.5855 -0.3746  8.0777  7.1144  6.3786  5.9883  6.4035  6.2282  5.8391  5.6295  5.5431  5.3795  5.1343  5.1266  4.9953
  92  0.572910  3.7686  4.5748 -0.3508  7.9452  7.0046  6.2893  5.9078  6.3327  6.1603  5.7772  5.5701  5.4847  5.3229  5.0806  5.0733  4.9442
  93  0.576648  3.7712  4.5637 -0.3268  7.8158  6.8970  6.2014  5.8284  6.2622  6.0926  5.7153  5.5107  5.4260  5.2662  5.0267  5.0196  4.8928
  94  0.580325  3.7736  4.5523 -0.3029  7.6890  6.7912  6.1147  5.7502  6.1920  6.0250  5.6534  5.4512  5.3675  5.2094  4.9728  4.9659  4.8414
  95  0.583927  3.7760  4.5408 -0.2791  7.5650  6.6874  6.0295  5.6731  6.1222  5.9578  5.5916  5.3920  5.3091  5.1528  4.9190  4.9123  4.7900
  96  0.587437  3.7784  4.5291 -0.2551  7.4439  6.5857  5.9457  5.5973  6.0530  5.8910  5.5303  5.3330  5.2510  5.0965  4.8654  4.8589  4.7387
  97  0.590851  3.7808  4.5172 -0.2315  7.3261  6.4863  5.8636  5.5230  5.9844  5.8248  5.4693  5.2743  5.1932  5.0404  4.8121  4.8058  4.6877
  98  0.594155  3.7830  4.5052 -0.2079  7.2114  6.3893  5.7834  5.4501  5.9166  5.7592  5.4088  5.2161  5.1359  4.9847  4.7590  4.7529  4.6369
  99  0.597346  3.7852  4.4929 -0.1845  7.1011  6.2955  5.7055  5.3793  5.8497  5.6945  5.3488  5.1583  5.0788  4.9292  4.7061  4.7002  4.5860
 100  0.600421  3.7873  4.4803 -0.1613  6.9939  6.2042  5.6294  5.3100  5.7836  5.6305  5.2892  5.1009  5.0222  4.8742  4.6535  4.6478  4.5355
 101  0.603387  3.7894  4.4677 -0.1383  6.8897  6.1153  5.5551  5.2421  5.7182  5.5671  5.2302  5.0440  4.9661  4.8196  4.6012  4.5957  4.4853
 102  0.606247  3.7914  4.4548 -0.1155  6.7891  6.0292  5.4827  5.1758  5.6537  5.5045  5.1717  4.9875  4.9103  4.7653  4.5493  4.5438  4.4352
 103  0.609005  3.7932  4.4417 -0.0928  6.6921  5.9457  5.4121  5.1111  5.5900  5.4426  5.1137  4.9313  4.8550  4.7113  4.4974  4.4922  4.3852
 104  0.611665  3.7951  4.4284 -0.0704  6.5984  5.8646  5.3431  5.0478  5.5273  5.3815  5.0563  4.8758  4.8000  4.6577  4.4460  4.4408  4.3355
 105  0.614231  3.7968  4.4148 -0.0481  6.5073  5.7856  5.2754  4.9857  5.4653  5.3211  4.9994  4.8206  4.7456  4.6045  4.3948  4.3898  4.2860
 106  0.616705  3.7983  4.4010 -0.0260  6.4185  5.7084  5.2088  4.9245  5.4038  5.2612  4.9432  4.7661  4.6917  4.5519  4.3441  4.3393  4.2368
 107  0.619094  3.7999  4.3869 -0.0041  6.3320  5.6330  5.1433  4.8642  5.3432  5.2022  4.8876  4.7121  4.6383  4.4997  4.2938  4.2891  4.1880
 108  0.621402  3.8013  4.3725  0.0175  6.2478  5.5591  5.0789  4.8049  5.2831  5.1436  4.8325  4.6586  4.5854  4.4480  4.2439  4.2394  4.1396
 109  0.623636  3.8027  4.3580  0.0391  6.1664  5.4875  5.0160  4.7467  5.2239  5.0857  4.7776  4.6054  4.5328  4.3966  4.1942  4.1896  4.0911
 110  0.625803  3.8040  4.3432  0.0605  6.0879  5.4179  4.9546  4.6896  5.1654  5.0284  4.7233  4.5525  4.4805  4.3454  4.1446  4.1402  4.0427
 111  0.627910  3.8052  4.3282  0.0817  6.0126  5.3510  4.8951  4.6339  5.1076  4.9718  4.6694  4.4999  4.4282  4.2941  4.0948  4.0904  3.9940
 112  0.628570  3.8055  4.3234  0.0884  5.9893  5.3301  4.8766  4.6166  5.0894  4.9541  4.6523  4.4831  4.4117  4.2779  4.0790  4.0747  3.9786
 113  0.629228  3.8059  4.3184  0.0951  5.9658  5.3091  4.8578  4.5989  5.0710  4.9360  4.6350  4.4663  4.3950  4.2614  4.0629  4.0586  3.9630
 114  0.629884  3.8062  4.3136  0.1019  5.9426  5.2883  4.8392  4.5814  5.0527  4.9180  4.6178  4.4494  4.3783  4.2450  4.0470  4.0427  3.9473
 115  0.630538  3.8066  4.3086  0.1089  5.9182  5.2665  4.8199  4.5633  5.0337  4.8995  4.6000  4.4321  4.3611  4.2281  4.0306  4.0264  3.9313
 116  0.631190  3.8070  4.3036  0.1158  5.8944  5.2453  4.8009  4.5455  5.0150  4.8810  4.5823  4.4149  4.3440  4.2113  4.0142  4.0100  3.9153
 117  0.631838  3.8074  4.2986  0.1229  5.8695  5.2232  4.7814  4.5272  4.9957  4.8621  4.5643  4.3972  4.3265  4.1942  3.9977  3.9934  3.8991
 118  0.632483  3.8079  4.2938  0.1301  5.8435  5.2003  4.7612  4.5085  4.9759  4.8428  4.5459  4.3793  4.3088  4.1767  3.9808  3.9767  3.8826
 119  0.633126  3.8083  4.2890  0.1373  5.8176  5.1773  4.7411  4.4897  4.9560  4.8233  4.5274  4.3612  4.2909  4.1592  3.9639  3.9598  3.8662
 120  0.633765  3.8088  4.2841  0.1447  5.7908  5.1538  4.7206  4.4706  4.9358  4.8036  4.5086  4.3429  4.2728  4.1415  3.9468  3.9427  3.8495
 121  0.634401  3.8093  4.2791  0.1520  5.7642  5.1304  4.7000  4.4516  4.9155  4.7836  4.4896  4.3244  4.2545  4.1236  3.9295  3.9254  3.8327
 122  0.635035  3.8098  4.2740  0.1595  5.7377  5.1070  4.6793  4.4323  4.8949  4.7635  4.4704  4.3057  4.2360  4.1054  3.9118  3.9078  3.8156
 123  0.635664  3.8102  4.2685  0.1671  5.7119  5.0839  4.6587  4.4130  4.8743  4.7433  4.4509  4.2867  4.2172  4.0870  3.8939  3.8899  3.7980
 124  0.636287  3.8106  4.2626  0.1748  5.6866  5.0612  4.6382  4.3937  4.8535  4.7228  4.4313  4.2674  4.1980  4.0681  3.8755  3.8715  3.7799
 125  0.636906  3.8109  4.2565  0.1827  5.6619  5.0387  4.6177  4.3742  4.8326  4.7021  4.4113  4.2478  4.1785  4.0489  3.8566  3.8527  3.7614
 126  0.637518  3.8112  4.2500  0.1906  5.6375  5.0163  4.5971  4.3546  4.8115  4.6814  4.3911  4.2279  4.1587  4.0293  3.8375  3.8335  3.7424
 127  0.638126  3.8114  4.2433  0.1987  5.6133  4.9940  4.5765  4.3348  4.7903  4.6604  4.3707  4.2077  4.1386  4.0094  3.8179  3.8140  3.7231
 128  0.638727  3.8117  4.2365  0.2069  5.5888  4.9715  4.5556  4.3148  4.7687  4.6391  4.3499  4.1872  4.1183  3.9893  3.7980  3.7941  3.7034
 129  0.639326  3.8119  4.2295  0.2151  5.5647  4.9491  4.5347  4.2947  4.7471  4.6177  4.3290  4.1666  4.0978  3.9689  3.7780  3.7741  3.6836
 130  0.639920  3.8121  4.2224  0.2235  5.5408  4.9268  4.5138  4.2746  4.7254  4.5962  4.3080  4.1458  4.0770  3.9483  3.7577  3.7538  3.6635
 131  0.640509  3.8122  4.2150  0.2318  5.5172  4.9046  4.4929  4.2543  4.7036  4.5746  4.2867  4.1247  4.0561  3.9275  3.7371  3.7332  3.6430
 132  0.641093  3.8124  4.2075  0.2402  5.4936  4.8823  4.4719  4.2339  4.6815  4.5527  4.2653  4.1035  4.0349  3.9065  3.7163  3.7125  3.6224
 133  0.641671  3.8124  4.1998  0.2488  5.4701  4.8602  4.4507  4.2133  4.6593  4.5307  4.2436  4.0820  4.0135  3.8852  3.6953  3.6914  3.6013
 134  0.642242  3.8125  4.1917  0.2574  5.4475  4.8385  4.4297  4.1927  4.6371  4.5086  4.2217  4.0603  3.9918  3.8636  3.6737  3.6698  3.5798
 135  0.642807  3.8125  4.1834  0.2662  5.4256  4.8172  4.4088  4.1721  4.6148  4.4863  4.1996  4.0382  3.9698  3.8416  3.6518  3.6480  3.5580
 136  0.643363  3.8125  4.1748  0.2751  5.4042  4.7961  4.3878  4.1512  4.5924  4.4639  4.1774  4.0159  3.9475  3.8193  3.6295  3.6257  3.5357
 137  0.643913  3.8124  4.1660  0.2840  5.3830  4.7750  4.3667  4.1303  4.5698  4.4415  4.1547  3.9934  3.9249  3.7967  3.6070  3.6031  3.5130
 138  0.644455  3.8123  4.1568  0.2931  5.3625  4.7543  4.3459  4.1093  4.5472  4.4187  4.1320  3.9705  3.9020  3.7739  3.5839  3.5801  3.4899
 139  0.644989  3.8121  4.1474  0.3022  5.3425  4.7339  4.3249  4.0881  4.5245  4.3959  4.1091  3.9474  3.8789  3.7507  3.5607  3.5568  3.4664
 140  0.645514  3.8119  4.1377  0.3114  5.3233  4.7139  4.3041  4.0669  4.5017  4.3730  4.0859  3.9242  3.8555  3.7271  3.5369  3.5330  3.4425
 141  0.646029  3.8117  4.1276  0.3208  5.3047  4.6941  4.2833  4.0456  4.4788  4.3499  4.0625  3.9005  3.8318  3.7033  3.5128  3.5089  3.4182
 142  0.646534  3.8114  4.1173  0.3302  5.2868  4.6749  4.2626  4.0241  4.4559  4.3269  4.0389  3.8766  3.8079  3.6791  3.4883  3.4843  3.3932
 143  0.647030  3.8110  4.1066  0.3398  5.2698  4.6559  4.2419  4.0027  4.4329  4.3037  4.0151  3.8525  3.7836  3.6546  3.4634  3.4594  3.3680
 144  0.647515  3.8106  4.0956  0.3494  5.2531  4.6373  4.2214  3.9812  4.4100  4.2804  3.9911  3.8282  3.7591  3.6298  3.4383  3.4342  3.3423
 145  0.647988  3.8101  4.0841  0.3591  5.2374  4.6192  4.2011  3.9597  4.3869  4.2570  3.9669  3.8036  3.7343  3.6048  3.4126  3.4085  3.3162
 146  0.648449  3.8095  4.0723  0.3688  5.2225  4.6015  4.1808  3.9383  4.3640  4.2337  3.9427  3.7788  3.7094  3.5794  3.3866  3.3825  3.2896
 147  0.648899  3.8088  4.0600  0.3787  5.2085  4.5844  4.1607  3.9168  4.3411  4.2103  3.9183  3.7538  3.6842  3.5537  3.3602  3.3560  3.2626
 148  0.649336  3.8081  4.0472  0.3887  5.1958  4.5680  4.1410  3.8954  4.3182  4.1869  3.8937  3.7287  3.6588  3.5277  3.3335  3.3292  3.2351
 149  0.649760  3.8072  4.0341  0.3987  5.1839  4.5522  4.1215  3.8742  4.2954  4.1636  3.8691  3.7032  3.6331  3.5015  3.3063  3.3020  3.2072
 150  0.650171  3.8063  4.0206  0.4089  5.1734  4.5372  4.1023  3.8531  4.2728  4.1403  3.8443  3.6777  3.6073  3.4751  3.2789  3.2745  3.1788
 151  0.650570  3.8053  4.0065  0.4190  5.1649  4.5235  4.0838  3.8323  4.2505  4.1172  3.8195  3.6520  3.5813  3.4483  3.2510  3.2465  3.1499
 152  0.650954  3.8040  3.9917  0.4292  5.1583  4.5110  4.0659  3.8117  4.2284  4.0943  3.7947  3.6262  3.5550  3.4213  3.2226  3.2181  3.1203
 153  0.651325  3.8027  3.9764  0.4396  5.1542  4.5001  4.0486  3.7916  4.2066  4.0716  3.7700  3.6002  3.5287  3.3941  3.1940  3.1893  3.0904
 154  0.651682  3.8013  3.9606  0.4498  5.1521  4.4905  4.0320  3.7717  4.1852  4.0491  3.7452  3.5742  3.5022  3.3666  3.1650  3.1601  3.0600
 155  0.652025  3.7997  3.9442  0.4603  5.1529  4.4826  4.0164  3.7523  4.1642  4.0270  3.7204  3.5481  3.4755  3.3389  3.1355  3.1306  3.0290
 156  0.652356  3.7980  3.9272  0.4706  5.1555  4.4761  4.0013  3.7334  4.1436  4.0051  3.6957  3.5219  3.4488  3.3111  3.1058  3.1007  2.9977
 157  0.652674  3.7963  3.9099  0.4811  5.1608  4.4713  3.9873  3.7149  4.1234  3.9836  3.6710  3.4957  3.4220  3.2830  3.0758  3.0707  2.9660
 158  0.652978  3.7943  3.8920  0.4916  5.1685  4.4679  3.9740  3.6970  4.1035  3.9622  3.6465  3.4695  3.3951  3.2548  3.0456  3.0401  2.9338
 159  0.653272  3.7924  3.8739  0.5021  5.1780  4.4660  3.9615  3.6795  4.0840  3.9412  3.6219  3.4432  3.3681  3.2265  3.0151  3.0095  2.9014
 160  0.653552  3.7903  3.8553  0.5125  5.1915  4.4665  3.9503  3.6629  4.0651  3.9205  3.5975  3.4168  3.3409  3.1979  2.9841  2.9785  2.8684
 161  0.653819  3.7877  3.8349  0.5229  5.2177  4.4756  3.9437  3.6491  4.0487  3.9018  3.5737  3.3905  3.3138  3.1688  2.9520  2.9461  2.8338
 162  0.654059  3.7845  3.8125  0.5326  5.2625  4.4976  3.9451  3.6408  4.0372  3.8872  3.5525  3.3660  3.2881  3.1407  2.9200  2.9139  2.7986
 163  0.654295  3.7813  3.7897  0.5426  5.3059  4.5186  3.9460  3.6325  4.0248  3.8719  3.5308  3.3412  3.2621  3.1124  2.8880  2.8816  2.7635
 164  0.654530  3.7781  3.7668  0.5527  5.3493  4.5398  3.9472  3.6247  4.0118  3.8561  3.5087  3.3160  3.2358  3.0838  2.8557  2.8490  2.7280
 165  0.654761  3.7748  3.7435  0.5631  5.3968  4.5640  3.9506  3.6189  3.9992  3.8403  3.4860  3.2899  3.2085  3.0540  2.8222  2.8151  2.6911
 166  0.654990  3.7721  3.7220  0.5739  5.4341  4.5810  3.9498  3.6101  3.9840  3.8222  3.4619  3.2629  3.1805  3.0239  2.7887  2.7815  2.6549
 167  0.655215  3.7698  3.7016  0.5851  5.4636  4.5926  3.9454  3.5988  3.9664  3.8023  3.4366  3.2352  3.1519  2.9935  2.7555  2.7481  2.6192
 168  0.655436  3.7676  3.6816  0.5966  5.4888  4.6007  3.9386  3.5855  3.9472  3.7808  3.4104  3.2068  3.1227  2.9627  2.7222  2.7146  2.5837
 169  0.655654  3.7654  3.6612  0.6084  5.5135  4.6081  3.9309  3.5715  3.9269  3.7582  3.3833  3.1777  3.0929  2.9313  2.6882  2.6804  2.5475
 170  0.655865  3.7633  3.6406  0.6207  5.5369  4.6145  3.9223  3.5567  3.9054  3.7346  3.3553  3.1476  3.0621  2.8990  2.6534  2.6455  2.5105
 171  0.656069  3.7612  3.6199  0.6334  5.5578  4.6189  3.9122  3.5406  3.8826  3.7097  3.3261  3.1165  3.0302  2.8658  2.6179  2.6097  2.4730
 172  0.656268  3.7593  3.5992  0.6465  5.5764  4.6213  3.9005  3.5233  3.8585  3.6835  3.2958  3.0843  2.9975  2.8316  2.5815  2.5731  2.4345
 173  0.656460  3.7575  3.5785  0.6600  5.5917  4.6213  3.8872  3.5046  3.8330  3.6561  3.2644  3.0512  2.9638  2.7966  2.5444  2.5359  2.3956
 174  0.656645  3.7558  3.5580  0.6740  5.6036  4.6187  3.8720  3.4843  3.8061  3.6273  3.2319  3.0171  2.9291  2.7608  2.5066  2.4979  2.3560
 175  0.656824  3.7542  3.5377  0.6882  5.6117  4.6130  3.8547  3.4622  3.7777  3.5972  3.1984  2.9823  2.8937  2.7243  2.4683  2.4595  2.3161
 176  0.656996  3.7529  3.5176  0.7027  5.6157  4.6044  3.8353  3.4387  3.7479  3.5658  3.1642  2.9466  2.8576  2.6873  2.4296  2.4207  2.2760
 177  0.657164  3.7516  3.4977  0.7175  5.6164  4.5934  3.8143  3.4139  3.7172  3.5336  3.1291  2.9103  2.8209  2.6496  2.3906  2.3815  2.2354
 178  0.657326  3.7503  3.4779  0.7324  5.6156  4.5812  3.7926  3.3884  3.6859  3.5008  3.0935  2.8736  2.7837  2.6116  2.3511  2.3418  2.1946
 179  0.657484  3.7492  3.4582  0.7475  5.6119  4.5667  3.7695  3.3620  3.6538  3.4674  3.0574  2.8363  2.7462  2.5731  2.3113  2.3020  2.1536
 180  0.657640  3.7481  3.4390  0.7628  5.6055  4.5505  3.7453  3.3347  3.6209  3.4332  3.0209  2.7987  2.7082  2.5345  2.2713  2.2619  2.1125
 181  0.657793  3.7471  3.4198  0.7781  5.5967  4.5326  3.7200  3.3066  3.5876  3.3987  2.9840  2.7609  2.6699  2.4955  2.2311  2.2216  2.0712
 182  0.657926  3.7463  3.4029  0.7919  5.5873  4.5156  3.6968  3.2811  3.5574  3.3675  2.9508  2.7268  2.6355  2.4604  2.1950  2.1855  2.0343
 183  0.658060  3.7456  3.3859  0.8059  5.5766  4.4974  3.6728  3.2549  3.5266  3.3358  2.9171  2.6922  2.6007  2.4249  2.1586  2.1489  1.9970
 184  0.658193  3.7448  3.3689  0.8201  5.5644  4.4780  3.6480  3.2278  3.4951  3.3034  2.8829  2.6571  2.5654  2.3889  2.1217  2.1119  1.9593
 185  0.658325  3.7441  3.3520  0.8344  5.5509  4.4579  3.6223  3.2003  3.4632  3.2706  2.8483  2.6218  2.5298  2.3528  2.0847  2.0749  1.9215
 186  0.658457  3.7435  3.3350  0.8488  5.5359  4.4363  3.5958  3.1719  3.4307  3.2372  2.8134  2.5861  2.4939  2.3164  2.0475  2.0376  1.8835
 187  0.658589  3.7429  3.3182  0.8633  5.5195  4.4138  3.5686  3.1431  3.3977  3.2035  2.7781  2.5503  2.4578  2.2799  2.0101  2.0001  1.8455
 188  0.658720  3.7422  3.3012  0.8780  5.5031  4.3912  3.5411  3.1138  3.3643  3.1694  2.7425  2.5140  2.4213  2.2429  1.9724  1.9624  1.8071
 189  0.658851  3.7416  3.2840  0.8928  5.4854  4.3676  3.5128  3.0838  3.3305  3.1347  2.7064  2.4773  2.3844  2.2055  1.9343  1.9242  1.7684
 190  0.658980  3.7412  3.2669  0.9078  5.4665  4.3428  3.4837  3.0531  3.2958  3.0994  2.6697  2.4401  2.3470  2.1678  1.8958  1.8856  1.7293
 191  0.659109  3.7406  3.2494  0.9231  5.4472  4.3177  3.4540  3.0218  3.2606  3.0634  2.6325  2.4023  2.3090  2.1293  1.8567  1.8465  1.6895
 192  0.659237  3.7400  3.2319  0.9385  5.4270  4.2918  3.4238  2.9900  3.2248  3.0270  2.5949  2.3641  2.2707  2.0906  1.8173  1.8071  1.6496
 193  0.659364  3.7395  3.2142  0.9541  5.4061  4.2650  3.3926  2.9575  3.1884  2.9899  2.5566  2.3253  2.2316  2.0512  1.7773  1.7670  1.6090
 194  0.659490  3.7389  3.1961  0.9701  5.3849  4.2379  3.3611  2.9242  3.1512  2.9521  2.5175  2.2857  2.1920  2.0111  1.7366  1.7263  1.5675
 195  0.659615  3.7384  3.1778  0.9864  5.3630  4.2101  3.3288  2.8904  3.1133  2.9135  2.4778  2.2456  2.1516  1.9704  1.6952  1.6848  1.5256
 196  0.659739  3.7379  3.1596  1.0028  5.3394  4.1811  3.2956  2.8558  3.0749  2.8745  2.4377  2.2051  2.1109  1.9293  1.6537  1.6432  1.4835
 197  0.659862  3.7374  3.1409  1.0194  5.3159  4.1518  3.2619  2.8206  3.0358  2.8347  2.3969  2.1637  2.0695  1.8876  1.6113  1.6008  1.4406
 198  0.659982  3.7369  3.1216  1.0367  5.2922  4.1219  3.2273  2.7844  2.9954  2.7938  2.3547  2.1210  2.0267  1.8444  1.5675  1.5569  1.3961
 199  0.660098  3.7363  3.1017  1.0545  5.2670  4.0905  3.1912  2.7469  2.9536  2.7513  2.3111  2.0770  1.9824  1.7999  1.5223  1.5117  1.3504
 200  0.660212  3.7358  3.0812  1.0729  5.2414  4.0584  3.1542  2.7082  2.9105  2.7075  2.2661  2.0315  1.9368  1.7538  1.4757  1.4650  1.3031
 201  0.660323  3.7352  3.0601  1.0918  5.2157  4.0257  3.1163  2.6685  2.8662  2.6625  2.2199  1.9848  1.8900  1.7066  1.4277  1.4170  1.2545
 202  0.660431  3.7347  3.0386  1.1111  5.1891  3.9921  3.0774  2.6279  2.8209  2.6165  2.1727  1.9370  1.8420  1.6582  1.3787  1.3679  1.2049
 203  0.660535  3.7341  3.0165  1.1308  5.1626  3.9583  3.0379  2.5866  2.7747  2.5695  2.1243  1.8881  1.7930  1.6088  1.3286  1.3178  1.1541
 204  0.660638  3.7334  2.9941  1.1510  5.1352  3.9235  2.9975  2.5444  2.7275  2.5217  2.0751  1.8384  1.7430  1.5585  1.2777  1.2667  1.1023
 205  0.660738  3.7327  2.9709  1.1714  5.1102  3.8900  2.9575  2.5022  2.6800  2.4731  2.0252  1.7878  1.6922  1.5072  1.2256  1.2146  1.0496
 206  0.660834  3.7320  2.9473  1.1923  5.0845  3.8557  2.9168  2.4594  2.6315  2.4238  1.9742  1.7363  1.6405  1.4551  1.1726  1.1615  0.9958
 207  0.660928  3.7314  2.9234  1.2136  5.0594  3.8215  2.8756  2.4161  2.5823  2.3738  1.9226  1.6839  1.5879  1.4020  1.1187  1.1075  0.9410
 208  0.661019  3.7306  2.8991  1.2351  5.0344  3.7871  2.8341  2.3722  2.5327  2.3230  1.8701  1.6309  1.5346  1.3481  1.0639  1.0527  0.8855
 209  0.661107  3.7299  2.8742  1.2569  5.0105  3.7531  2.7925  2.3282  2.4823  2.2716  1.8169  1.5768  1.4804  1.2934  1.0082  0.9969  0.8289
 210  0.661192  3.7292  2.8492  1.2791  4.9858  3.7184  2.7502  2.2833  2.4312  2.2195  1.7630  1.5222  1.4254  1.2379  0.9519  0.9406  0.7717
 211  0.661275  3.7283  2.8237  1.3016  4.9624  3.6842  2.7079  2.2385  2.3798  2.1670  1.7084  1.4668  1.3698  1.1817  0.8947  0.8833  0.7136
 212  0.661354  3.7276  2.7979  1.3243  4.9393  3.6502  2.6654  2.1932  2.3278  2.1139  1.6532  1.4108  1.3135  1.1248  0.8368  0.8253  0.6548
 213  0.661430  3.7268  2.7718  1.3473  4.9168  3.6161  2.6227  2.1477  2.2755  2.0602  1.5974  1.3541  1.2566  1.0672  0.7782  0.7666  0.5953
 214  0.661505  3.7260  2.7454  1.3705  4.8948  3.5825  2.5799  2.1020  2.2228  2.0062  1.5411  1.2968  1.1990  1.0090  0.7191  0.7073  0.5350
 215  0.661576  3.7252  2.7187  1.3940  4.8730  3.5487  2.5370  2.0559  2.1695  1.9517  1.4842  1.2390  1.1410  0.9502  0.6591  0.6473  0.4743
 216  0.661644  3.7243  2.6917  1.4176  4.8520  3.5152  2.4939  2.0098  2.1160  1.8968  1.4269  1.1807  1.0823  0.8910  0.5987  0.5868  0.4129
 217  0.661656  3.7241  2.6870  1.4217  4.8483  3.5095  2.4865  2.0019  2.1067  1.8873  1.4169  1.1706  1.0721  0.8807  0.5883  0.5763  0.4022
 218  0.661667  3.7240  2.6823  1.4258  4.8449  3.5039  2.4790  1.9939  2.0975  1.8778  1.4069  1.1604  1.0619  0.8704  0.5777  0.5657  0.3916
 219  0.661679  3.7238  2.6776  1.4300  4.8410  3.4978  2.4714  1.9857  2.0880  1.8681  1.3969  1.1502  1.0517  0.8599  0.5671  0.5551  0.3808
 220  0.661691  3.7237  2.6728  1.4342  4.8376  3.4922  2.4639  1.9776  2.0787  1.8584  1.3867  1.1398  1.0413  0.8495  0.5564  0.5445  0.3699
 221  0.661702  3.7235  2.6680  1.4383  4.8341  3.4863  2.4564  1.9696  2.0692  1.8488  1.3766  1.1296  1.0310  0.8390  0.5458  0.5338  0.3591
 222  0.661713  3.7234  2.6633  1.4425  4.8306  3.4805  2.4489  1.9615  2.0597  1.8391  1.3665  1.1193  1.0206  0.8285  0.5351  0.5231  0.3483
 223  0.661724  3.7232  2.6585  1.4467  4.8271  3.4748  2.4414  1.9533  2.0502  1.8293  1.3563  1.1089  1.0102  0.8180  0.5244  0.5124  0.3373
 224  0.661735  3.7231  2.6536  1.4509  4.8234  3.4689  2.4337  1.9451  2.0407  1.8195  1.3461  1.0986  0.9997  0.8074  0.5136  0.5016  0.3264
 225  0.661747  3.7230  2.6488  1.4552  4.8197  3.4630  2.4260  1.9368  2.0311  1.8097  1.3358  1.0881  0.9893  0.7968  0.5028  0.4907  0.3154
 226  0.661758  3.7228  2.6439  1.4595  4.8161  3.4570  2.4182  1.9285  2.0214  1.7998  1.3254  1.0776  0.9786  0.7861  0.4919  0.4799  0.3043
 227  0.661871  3.7212  2.5919  1.5051  4.7790  3.3948  2.3364  1.8407  1.9186  1.6942  1.2152  0.9654  0.8659  0.6721  0.3757  0.3634  0.1862
 228  0.661972  3.7196  2.5408  1.5497  4.7457  3.3359  2.2576  1.7555  1.8185  1.5913  1.1074  0.8558  0.7557  0.5605  0.2620  0.2495  0.0705
 229  0.662059  3.7180  2.4928  1.5917  4.7165  3.2818  2.1841  1.6762  1.7245  1.4947  1.0062  0.7528  0.6521  0.4557  0.1551  0.1425 -0.0383
 230  0.662144  3.7163  2.4414  1.6360  4.6955  3.2312  2.1102  1.5952  1.6268  1.3939  0.9000  0.6446  0.5433  0.3455  0.0424  0.0296 -0.1532
 231  0.662221  3.7144  2.3902  1.6801  4.6793  3.1840  2.0384  1.5161  1.5304  1.2941  0.7946  0.5370  0.4351  0.2357 -0.0698 -0.0828 -0.2676
 232  0.662293  3.7126  2.3377  1.7251  4.6673  3.1389  1.9667  1.4367  1.4324  1.1925  0.6871  0.4272  0.3246  0.1237 -0.1844 -0.1977 -0.3847
 233  0.662355  3.7108  2.2877  1.7679  4.6602  3.0997  1.9007  1.3630  1.3402  1.0968  0.5853  0.3234  0.2199  0.0175 -0.2933 -0.3067 -0.4957
 234  0.662414  3.7090  2.2366  1.8115  4.6562  3.0619  1.8344  1.2888  1.2466  0.9993  0.4817  0.2174  0.1133 -0.0908 -0.4042 -0.4178 -0.6090
 235  0.662467  3.7071  2.1870  1.8540  4.6545  3.0261  1.7706  1.2173  1.1558  0.9048  0.3811  0.1145  0.0097 -0.1959 -0.5119 -0.5258 -0.7191
 236  0.662515  3.7053  2.1388  1.8952  4.6562  2.9938  1.7102  1.1490  1.0683  0.8136  0.2838  0.0148 -0.0906 -0.2978 -0.6163 -0.6304 -0.8258
 237  0.662560  3.7035  2.0902  1.9365  4.6608  2.9635  1.6505  1.0814  0.9807  0.7220  0.1858 -0.0855 -0.1917 -0.4005 -0.7217 -0.7360 -0.9333
 238  0.662601  3.7019  2.0442  1.9759  4.6672  2.9364  1.5947  1.0179  0.8980  0.6355  0.0932 -0.1804 -0.2873 -0.4975 -0.8212 -0.8357 -1.0351
 239  0.662638  3.7003  2.0010  2.0128  4.6744  2.9120  1.5427  0.9586  0.8205  0.5543  0.0060 -0.2696 -0.3772 -0.5888 -0.9149 -0.9296 -1.1309
 240  0.662674  3.6984  1.9538  2.0525  4.6921  2.8934  1.4913  0.8989  0.7391  0.4686 -0.0868 -0.3650 -0.4734 -0.6868 -1.0157 -1.0307 -1.2342
 241  0.662706  3.6965  1.9076  2.0911  4.7167  2.8817  1.4442  0.8438  0.6616  0.3864 -0.1764 -0.4573 -0.5666 -0.7818 -1.1136 -1.1288 -1.3347
 242  0.662735  3.6947  1.8625  2.1288  4.7432  2.8736  1.4001  0.7918  0.5870  0.3070 -0.2631 -0.5468 -0.6570 -0.8740 -1.2089 -1.2243 -1.4327
 243  0.662763  3.6930  1.8214  2.1631  4.7685  2.8685  1.3611  0.7457  0.5198  0.2353 -0.3418 -0.6282 -0.7392 -0.9580 -1.2956 -1.3112 -1.5218
 244  0.662788  3.6918  1.7924  2.1875  4.7813  2.8620  1.3316  0.7114  0.4709  0.1834 -0.3985 -0.6866 -0.7981 -1.0181 -1.3577 -1.3735 -1.5854
 245  0.662813  3.6911  1.7743  2.2030  4.7877  2.8574  1.3128  0.6897  0.4401  0.1507 -0.4341 -0.7234 -0.8352 -1.0559 -1.3966 -1.4125 -1.6255
 246  0.662838  3.6895  1.7333  2.2375  4.8079  2.8522  1.2736  0.6436  0.3726  0.0787 -0.5132 -0.8051 -0.9178 -1.1402 -1.4837 -1.4998 -1.7149
 247  0.662860  3.6875  1.6850  2.2776  4.8407  2.8548  1.2333  0.5944  0.2963 -0.0034 -0.6046 -0.9001 -1.0138 -1.2385 -1.5855 -1.6020 -1.8197
 248  0.662881  3.6854  1.6364  2.3180  4.8749  2.8600  1.1947  0.5465  0.2204 -0.0853 -0.6963 -0.9954 -1.1102 -1.3372 -1.6879 -1.7045 -1.9249
 249  0.662901  3.6834  1.5877  2.3583  4.9104  2.8685  1.1579  0.5004  0.1453 -0.1666 -0.7875 -1.0902 -1.2062 -1.4355 -1.7898 -1.8068 -2.0298
 250  0.662918  3.6813  1.5404  2.3975  4.9454  2.8794  1.1236  0.4570  0.0731 -0.2450 -0.8756 -1.1819 -1.2989 -1.5306 -1.8885 -1.9056 -2.1314
 251  0.662933  3.6793  1.4945  2.4354  4.9802  2.8930  1.0919  0.4164  0.0039 -0.3204 -0.9606 -1.2705 -1.3885 -1.6224 -1.9839 -2.0014 -2.2298
 252  0.662948  3.6772  1.4485  2.4730  5.0210  2.9145  1.0650  0.3807 -0.0626 -0.3934 -1.0439 -1.3575 -1.4767 -1.7130 -2.0783 -2.0960 -2.3273
 253  0.662961  3.6751  1.4046  2.5087  5.0610  2.9389  1.0417  0.3489 -0.1247 -0.4619 -1.1225 -1.4398 -1.5601 -1.7988 -2.1679 -2.1859 -2.4199
 254  0.662973  3.6731  1.3607  2.5444  5.1013  2.9665  1.0201  0.3190 -0.1857 -0.5296 -1.2006 -1.5217 -1.6431 -1.8842 -2.2572 -2.2755 -2.5124
 255  0.662985  3.6710  1.3169  2.5799  5.1422  2.9973  1.0008  0.2914 -0.2451 -0.5958 -1.2774 -1.6026 -1.7252 -1.9688 -2.3456 -2.3643 -2.6040
 256  0.662996  3.6690  1.2753  2.6136  5.1821  3.0301  0.9842  0.2672 -0.3006 -0.6581 -1.3502 -1.6791 -1.8028 -2.0489 -2.4297 -2.4486 -2.6912
 257  0.663006  3.6671  1.2332  2.6476  5.2235  3.0665  0.9693  0.2445 -0.3556 -0.7201 -1.4230 -1.7559 -1.8808 -2.1294 -2.5142 -2.5334 -2.7790
 258  0.663013  3.6650  1.1925  2.6805  5.2642  3.1059  0.9571  0.2249 -0.4073 -0.7789 -1.4926 -1.8297 -1.9557 -2.2070 -2.5957 -2.6153 -2.8638
 259  0.663022  3.6631  1.1525  2.7128  5.3033  3.1471  0.9466  0.2074 -0.4571 -0.8359 -1.5605 -1.9016 -2.0289 -2.2827 -2.6754 -2.6953 -2.9467
 260  0.663030  3.6611  1.1133  2.7443  5.3412  3.1914  0.9385  0.1923 -0.5045 -0.8906 -1.6263 -1.9716 -2.1001 -2.3564 -2.7532 -2.7735 -3.0278
 261  0.663037  3.6593  1.0744  2.7755  5.3763  3.2382  0.9320  0.1793 -0.5502 -0.9438 -1.6909 -2.0405 -2.1701 -2.4292 -2.8301 -2.8506 -3.1079
 262  0.663044  3.6573  1.0364  2.8059  5.4077  3.2868  0.9273  0.1682 -0.5938 -0.9949 -1.7534 -2.1072 -2.2380 -2.4998 -2.9049 -2.9257 -3.1860
 263  0.663050  3.6555  0.9991  2.8357  5.4351  3.3365  0.9240  0.1589 -0.6354 -1.0442 -1.8142 -2.1723 -2.3043 -2.5688 -2.9780 -2.9992 -3.2624
 264  0.663056  3.6536  0.9620  2.8651  5.4623  3.3923  0.9244  0.1534 -0.6742 -1.0910 -1.8732 -2.2359 -2.3692 -2.6365 -3.0500 -3.0715 -3.3377
 265  0.663062  3.6516  0.9255  2.8938  5.4867  3.4521  0.9280  0.1512 -0.7102 -1.1352 -1.9299 -2.2972 -2.4319 -2.7020 -3.1200 -3.1418 -3.4113
 266  0.663067  3.6497  0.8896  2.9221  5.5056  3.5132  0.9331  0.1509 -0.7443 -1.1778 -1.9850 -2.3573 -2.4932 -2.7664 -3.1889 -3.2109 -3.4835
 267  0.663071  3.6478  0.8543  2.9497  5.5195  3.5755  0.9397  0.1525 -0.7764 -1.2185 -2.0384 -2.4156 -2.5528 -2.8289 -3.2559 -3.2784 -3.5542
 268  0.663075  3.6459  0.8198  2.9767  5.5283  3.6367  0.9469  0.1550 -0.8069 -1.2574 -2.0900 -2.4720 -2.6106 -2.8896 -3.3211 -3.3439 -3.6228
 269  0.663080  3.6441  0.7858  3.0033  5.5328  3.6982  0.9549  0.1588 -0.8359 -1.2951 -2.1404 -2.5273 -2.6672 -2.9492 -3.3852 -3.4084 -3.6904
 270  0.663084  3.6423  0.7523  3.0295  5.5326  3.7582  0.9631  0.1630 -0.8639 -1.3317 -2.1898 -2.5815 -2.7227 -3.0078 -3.4482 -3.4717 -3.7570
 271  0.663087  3.6404  0.7197  3.0550  5.5287  3.8163  0.9711  0.1676 -0.8905 -1.3668 -2.2373 -2.6340 -2.7765 -3.0645 -3.5094 -3.5332 -3.8215
 272  0.663091  3.6387  0.6879  3.0799  5.5216  3.8727  0.9791  0.1725 -0.9160 -1.4007 -2.2837 -2.6853 -2.8290 -3.1200 -3.5692 -3.5933 -3.8847
 273  0.663094  3.6370  0.6562  3.1047  5.5114  3.9278  0.9869  0.1773 -0.9407 -1.4341 -2.3295 -2.7359 -2.8809 -3.1749 -3.6284 -3.6529 -3.9473
 274  0.663098  3.6353  0.6251  3.1290  5.4989  3.9817  0.9948  0.1828 -0.9641 -1.4661 -2.3738 -2.7852 -2.9313 -3.2284 -3.6862 -3.7110 -4.0085
 275  0.663101  3.6337  0.5953  3.1524  5.4842  4.0323  1.0020  0.1879 -0.9862 -1.4964 -2.4164 -2.8326 -2.9800 -3.2799 -3.7419 -3.7670 -4.0674
 276  0.663104  3.6321  0.5659  3.1756  5.4678  4.0820  1.0094  0.1933 -1.0073 -1.5260 -2.4581 -2.8791 -3.0277 -3.3305 -3.7968 -3.8222 -4.1256
 277  0.663107  3.6306  0.5374  3.1981  5.4495  4.1278  1.0153  0.1978 -1.0279 -1.5547 -2.4987 -2.9243 -3.0742 -3.3797 -3.8501 -3.8758 -4.1821
 278  0.663109  3.6292  0.5100  3.2197  5.4309  4.1717  1.0216  0.2026 -1.0469 -1.5815 -2.5372 -2.9674 -3.1183 -3.4268 -3.9011 -3.9272 -4.2362
 279  0.663112  3.6279  0.4850  3.2396  5.4122  4.2098  1.0263  0.2065 -1.0643 -1.6063 -2.5725 -3.0070 -3.1590 -3.4701 -3.9481 -3.9744 -4.2860
