#NUMBER OF AGES= 1
#----------------------------------------------------       
#MIX-LEN  Y      Z          Zeff        [Fe/H] [a/Fe]
# 1.9380  0.3300 3.4153E-04 1.7385E-04  -1.94   0.40 
#----------------------------------------------------       
#**PHOTOMETRIC SYSTEM**: HST WFPC2 (Vega)                   
#----------------------------------------------------       
#AGE=14.400 EEPS=265
#EEP   M/Mo    LogTeff  LogG   LogL/Lo F218W   F255W   F300W   F336W   F439W   F450W   F555W   F606W   F622W   F675W   F791W   F814W   F850LP
  15  0.108182  3.5438  5.2900 -2.6891 20.6545 20.2718 16.7354 15.8785 14.7390 14.1272 12.7458 12.1998 12.0068 11.6251 10.8446 10.8065 10.4099
  16  0.119060  3.5526  5.2522 -2.5749 20.2984 19.6727 16.2721 15.4067 14.2689 13.7044 12.3791 11.8377 11.6452 11.2724 10.5573 10.5209 10.1364
  17  0.129173  3.5598  5.2193 -2.4777 19.9868 19.1689 15.8805 15.0111 13.8819 13.3519 12.0731 11.5372 11.3461 10.9793 10.3117 10.2765  9.9018
  18  0.138553  3.5656  5.1913 -2.3958 19.7203 18.7549 15.5566 14.6855 13.5678 13.0622 11.8209 11.2909 11.1012 10.7391 10.1048 10.0707  9.7035
  19  0.147750  3.5704  5.1666 -2.3239 19.4862 18.4040 15.2785 14.4069 13.3008 12.8134 11.6031 11.0791 10.8909 10.5329  9.9228  9.8896  9.5286
  20  0.157823  3.5748  5.1432 -2.2542 19.2588 18.0735 15.0156 14.1445 13.0506 12.5778 11.3957 10.8778 10.6913 10.3372  9.7467  9.7142  9.3588
  21  0.169812  3.5792  5.1191 -2.1808 19.0139 17.7247 14.7417 13.8727 12.7927 12.3333 11.1796 10.6686 10.4840 10.1340  9.5612  9.5293  9.1794
  22  0.184087  3.5837  5.0946 -2.1034 18.7547 17.3539 14.4564 13.5910 12.5259 12.0794 10.9545 10.4511 10.2688  9.9232  9.3663  9.3352  8.9908
  23  0.199959  3.5880  5.0715 -2.0271 18.4744 16.9696 14.1724 13.3131 12.2661 11.8308 10.7337 10.2385 10.0585  9.7173  9.1744  9.1440  8.8047
  24  0.219435  3.5926  5.0467 -1.9437 18.0980 16.4970 13.8515 13.0039 11.9850 11.5609 10.4939 10.0080  9.8307  9.4946  8.9649  8.9352  8.6014
  25  0.237970  3.5964  5.0278 -1.8742 17.7362 16.0689 13.5757 12.7414 11.7523 11.3366 10.2947  9.8169  9.6422  9.3105  8.7909  8.7616  8.4323
  26  0.250306  3.5988  5.0192 -1.8346 17.5154 15.8129 13.4130 12.5873 11.6176 11.2069 10.1797  9.7072  9.5339  9.2049  8.6910  8.6621  8.3356
  27  0.257564  3.5999  5.0160 -1.8138 17.3967 15.6762 13.3264 12.5052 11.5465 11.1383 10.1193  9.6496  9.4772  9.1497  8.6389  8.6102  8.2853
  28  0.262718  3.6009  5.0140 -1.7996 17.3194 15.5879 13.2677 12.4493 11.4979 11.0915 10.0780  9.6103  9.4384  9.1120  8.6032  8.5747  8.2506
  29  0.266365  3.6015  5.0120 -1.7890 17.2643 15.5251 13.2240 12.4075 11.4614 11.0563 10.0471  9.5808  9.4094  9.0838  8.5766  8.5481  8.2249
  30  0.269037  3.6021  5.0101 -1.7806 17.2208 15.4758 13.1893 12.3745 11.4326 11.0284 10.0225  9.5575  9.3865  9.0614  8.5554  8.5270  8.2045
  31  0.271117  3.6025  5.0083 -1.7735 17.1831 15.4329 13.1593 12.3458 11.4078 11.0046 10.0016  9.5376  9.3670  9.0425  8.5375  8.5092  8.1872
  32  0.272929  3.6030  5.0064 -1.7670 17.1475 15.3926 13.1312 12.3189 11.3845 10.9821  9.9822  9.5192  9.3488  9.0249  8.5209  8.4926  8.1713
  33  0.274826  3.6035  5.0046 -1.7601 17.1107 15.3511 13.1019 12.2908 11.3603 10.9587  9.9618  9.4998  9.3298  9.0064  8.5036  8.4754  8.1546
  34  0.277108  3.6039  5.0025 -1.7524 17.0711 15.3069 13.0698 12.2601 11.3337 10.9330  9.9393  9.4784  9.3088  8.9859  8.4841  8.4561  8.1359
  35  0.280084  3.6045  5.0001 -1.7432 17.0267 15.2576 13.0332 12.2249 11.3028 10.9030  9.9127  9.4531  9.2837  8.9616  8.4610  8.4330  8.1135
  36  0.284181  3.6051  4.9972 -1.7316 16.9745 15.2005 12.9892 12.1824 11.2651 10.8664  9.8797  9.4215  9.2526  8.9311  8.4318  8.4038  8.0850
  37  0.290020  3.6058  4.9931 -1.7159 16.9088 15.1294 12.9328 12.1277 11.2160 10.8184  9.8360  9.3793  9.2109  8.8902  8.3923  8.3645  8.0465
  38  0.298301  3.6068  4.9864 -1.6932 16.8149 15.0283 12.8515 12.0487 11.1450 10.7489  9.7726  9.3182  9.1504  8.8309  8.3352  8.3075  7.9906
  39  0.309836  3.6086  4.9748 -1.6581 16.6625 14.8645 12.7202 11.9213 11.0318 10.6386  9.6732  9.2227  9.0562  8.7389  8.2467  8.2193  7.9046
  40  0.320537  3.6108  4.9618 -1.6216 16.4923 14.6834 12.5753 11.7810 10.9095 10.5196  9.5675  9.1220  8.9571  8.6426  8.1544  8.1274  7.8154
  41  0.329178  3.6129  4.9496 -1.5893 16.3370 14.5195 12.4450 11.6546 10.8001 10.4134  9.4736  9.0330  8.8696  8.5575  8.0732  8.0464  7.7370
  42  0.338244  3.6153  4.9358 -1.5538 16.1707 14.3415 12.3013 11.5147 10.6779 10.2947  9.3687  8.9334  8.7716  8.4625  7.9834  7.9570  7.6507
  43  0.345938  3.6176  4.9232 -1.5223 16.0219 14.1832 12.1718 11.3884 10.5679 10.1880  9.2747  8.8444  8.6840  8.3776  7.9033  7.8773  7.5739
  44  0.352648  3.6197  4.9115 -1.4941 15.8914 14.0464 12.0576 11.2768 10.4705 10.0934  9.1910  8.7652  8.6060  8.3021  7.8319  7.8062  7.5054
  45  0.361692  3.6226  4.8967 -1.4567 15.7180 13.8651 11.9045 11.1267 10.3401  9.9667  9.0792  8.6595  8.5022  8.2019  7.7373  7.7120  7.4149
  46  0.372706  3.6267  4.8797 -1.4103 15.4995 13.6354 11.7082 10.9336 10.1734  9.8051  8.9375  8.5263  8.3714  8.0762  7.6194  7.5948  7.3031
  47  0.384282  3.6316  4.8622 -1.3597 15.2561 13.3791 11.4861 10.7146  9.9859  9.6238  8.7795  8.3787  8.2267  7.9378  7.4909  7.4671  7.1819
  48  0.395600  3.6371  4.8456 -1.3090 14.9995 13.1084 11.2516 10.4834  9.7918  9.4363  8.6175  8.2281  8.0794  7.7976  7.3619  7.3389  7.0612
  49  0.404474  3.6417  4.8326 -1.2680 14.7816 12.8793 11.0544 10.2894  9.6318  9.2822  8.4850  8.1054  7.9596  7.6839  7.2577  7.2353  6.9641
  50  0.411921  3.6459  4.8220 -1.2320 14.5783 12.6676 10.8742 10.1132  9.4899  9.1458  8.3682  7.9976  7.8545  7.5844  7.1668  7.1451  6.8799
  51  0.419033  3.6505  4.8122 -1.1967 14.3666 12.4492 10.6897  9.9339  9.3487  9.0103  8.2528  7.8912  7.7509  7.4865  7.0777  7.0567  6.7975
  52  0.423380  3.6534  4.8064 -1.1748 14.2294 12.3085 10.5713  9.8194  9.2597  8.9250  8.1804  7.8247  7.6862  7.4253  7.0222  7.0017  6.7465
  53  0.427612  3.6564  4.8009 -1.1532 14.0912 12.1672 10.4525  9.7050  9.1716  8.8408  8.1089  7.7590  7.6224  7.3653  6.9678  6.9477  6.6964
  54  0.431765  3.6594  4.7959 -1.1317 13.9488 12.0232 10.3320  9.5893  9.0838  8.7570  8.0378  7.6938  7.5591  7.3056  6.9139  6.8943  6.6471
  55  0.435882  3.6624  4.7908 -1.1105 13.8039 11.8785 10.2121  9.4748  8.9976  8.6748  7.9680  7.6297  7.4969  7.2470  6.8607  6.8416  6.5984
  56  0.439989  3.6654  4.7859 -1.0893 13.6490 11.7263 10.0885  9.3572  8.9104  8.5918  7.8979  7.5653  7.4344  7.1881  6.8075  6.7888  6.5498
  57  0.444090  3.6685  4.7810 -1.0682 13.4911 11.5738  9.9656  9.2409  8.8249  8.5105  7.8289  7.5016  7.3727  7.1297  6.7546  6.7363  6.5014
  58  0.448216  3.6717  4.7764 -1.0469 13.3242 11.4160  9.8394  9.1221  8.7387  8.4287  7.7593  7.4376  7.3106  7.0710  6.7013  6.6835  6.4525
  59  0.452383  3.6748  4.7715 -1.0254 13.1542 11.2592  9.7137  9.0047  8.6538  8.3481  7.6905  7.3740  7.2488  7.0126  6.6479  6.6305  6.4035
  60  0.456593  3.6781  4.7669 -1.0037 12.9742 11.0971  9.5843  8.8847  8.5680  8.2666  7.6209  7.3095  7.1864  6.9531  6.5938  6.5766  6.3538
  61  0.460847  3.6815  4.7621 -0.9815 12.7866 10.9314  9.4523  8.7631  8.4816  8.1848  7.5509  7.2446  7.1233  6.8932  6.5390  6.5223  6.3034
  62  0.465142  3.6850  4.7576 -0.9591 12.5889 10.7606  9.3165  8.6386  8.3940  8.1021  7.4802  7.1788  7.0594  6.8326  6.4834  6.4672  6.2525
  63  0.469467  3.6884  4.7530 -0.9364 12.3867 10.5890  9.1801  8.5139  8.3065  8.0196  7.4094  7.1129  6.9954  6.7716  6.4275  6.4118  6.2012
  64  0.473797  3.6920  4.7485 -0.9135 12.1811 10.4170  9.0434  8.3895  8.2192  7.9374  7.3388  7.0470  6.9312  6.7107  6.3717  6.3564  6.1500
  65  0.478109  3.6956  4.7440 -0.8908 11.9763 10.2479  8.9086  8.2669  8.1329  7.8563  7.2690  6.9818  6.8677  6.6499  6.3162  6.3013  6.0989
  66  0.482391  3.6992  4.7393 -0.8681 11.7730 10.0816  8.7758  8.1462  8.0476  7.7763  7.2003  6.9174  6.8050  6.5900  6.2613  6.2468  6.0486
  67  0.486612  3.7026  4.7346 -0.8456 11.5724  9.9190  8.6454  8.0280  7.9639  7.6978  7.1327  6.8542  6.7433  6.5314  6.2076  6.1935  5.9992
  68  0.490731  3.7060  4.7298 -0.8237 11.3783  9.7625  8.5196  7.9140  7.8831  7.6221  7.0675  6.7931  6.6838  6.4747  6.1555  6.1419  5.9513
  69  0.494713  3.7092  4.7251 -0.8025 11.1914  9.6125  8.3987  7.8049  7.8056  7.5497  7.0048  6.7344  6.6264  6.4200  6.1051  6.0919  5.9049
  70  0.498530  3.7122  4.7202 -0.7821 11.0167  9.4726  8.2857  7.7030  7.7329  7.4816  6.9458  6.6788  6.5721  6.3680  6.0570  6.0441  5.8604
  71  0.502161  3.7152  4.7156 -0.7626 10.8486  9.3388  8.1776  7.6058  7.6635  7.4166  6.8893  6.6257  6.5202  6.3183  6.0112  5.9986  5.8179
  72  0.505598  3.7179  4.7109 -0.7441 10.6951  9.2163  8.0784  7.5164  7.5988  7.3560  6.8367  6.5760  6.4715  6.2718  5.9679  5.9556  5.7777
  73  0.508863  3.7206  4.7066 -0.7262 10.5433  9.0959  7.9812  7.4290  7.5358  7.2972  6.7857  6.5279  6.4245  6.2268  5.9264  5.9143  5.7392
  74  0.511968  3.7230  4.7019 -0.7092 10.4048  8.9859  7.8922  7.3491  7.4773  7.2424  6.7379  6.4828  6.3804  6.1844  5.8870  5.8752  5.7026
  75  0.514931  3.7255  4.6978 -0.6926 10.2655  8.8758  7.8039  7.2699  7.4195  7.1887  6.6913  6.4388  6.3372  6.1432  5.8489  5.8373  5.6672
  76  0.517766  3.7278  4.6932 -0.6768 10.1391  8.7757  7.7233  7.1974  7.3659  7.1384  6.6473  6.3973  6.2965  6.1041  5.8125  5.8013  5.6332
  77  0.520489  3.7301  4.6891 -0.6612 10.0114  8.6749  7.6426  7.1251  7.3127  7.0886  6.6040  6.3564  6.2565  6.0658  5.7770  5.7660  5.6003
  78  0.523112  3.7322  4.6847 -0.6462  9.8931  8.5812  7.5671  7.0575  7.2622  7.0414  6.5627  6.3173  6.2182  6.0291  5.7429  5.7320  5.5685
  79  0.525651  3.7342  4.6802 -0.6315  9.7798  8.4913  7.4943  6.9921  7.2134  6.9956  6.5225  6.2793  6.1810  5.9934  5.7096  5.6989  5.5374
  80  0.528120  3.7362  4.6760 -0.6172  9.6676  8.4025  7.4225  6.9276  7.1651  6.9503  6.4830  6.2419  6.1442  5.9581  5.6768  5.6665  5.5069
  81  0.530525  3.7380  4.6714 -0.6030  9.5637  8.3195  7.3548  6.8668  7.1190  6.9070  6.4448  6.2056  6.1086  5.9239  5.6450  5.6347  5.4770
  82  0.533894  3.7408  4.6650 -0.5830  9.4166  8.2021  7.2596  6.7814  7.0537  6.8456  6.3907  6.1543  6.0583  5.8756  5.5999  5.5899  5.4348
  83  0.537299  3.7435  4.6583 -0.5626  9.2700  8.0848  7.1650  6.6965  6.9877  6.7835  6.3358  6.1022  6.0072  5.8265  5.5540  5.5443  5.3917
  84  0.540763  3.7463  4.6511 -0.5418  9.1245  7.9678  7.0706  6.6117  6.9210  6.7204  6.2800  6.0492  5.9552  5.7765  5.5073  5.4978  5.3479
  85  0.544301  3.7490  4.6434 -0.5205  8.9798  7.8508  6.9758  6.5265  6.8530  6.6561  6.2230  5.9952  5.9023  5.7257  5.4597  5.4506  5.3031
  86  0.547921  3.7517  4.6353 -0.4987  8.8340  7.7329  6.8797  6.4398  6.7832  6.5902  6.1646  5.9399  5.8481  5.6738  5.4113  5.4023  5.2576
  87  0.551623  3.7544  4.6268 -0.4762  8.6885  7.6146  6.7835  6.3530  6.7125  6.5230  6.1051  5.8835  5.7927  5.6206  5.3616  5.3530  5.2109
  88  0.555381  3.7571  4.6177 -0.4533  8.5449  7.4977  6.6885  6.2672  6.6415  6.4555  6.0446  5.8260  5.7362  5.5663  5.3106  5.3023  5.1626
  89  0.559163  3.7598  4.6080 -0.4301  8.4040  7.3824  6.5951  6.1833  6.5708  6.3880  5.9838  5.7679  5.6791  5.5110  5.2585  5.2504  5.1133
  90  0.562952  3.7624  4.5980 -0.4066  8.2659  7.2689  6.5033  6.1004  6.5000  6.3204  5.9225  5.7091  5.6213  5.4551  5.2057  5.1977  5.0630
  91  0.566734  3.7650  4.5876 -0.3829  8.1293  7.1563  6.4121  6.0182  6.4290  6.2524  5.8608  5.6500  5.5632  5.3989  5.1524  5.1447  5.0124
  92  0.570493  3.7675  4.5769 -0.3591  7.9958  7.0459  6.3222  5.9371  6.3580  6.1844  5.7988  5.5906  5.5048  5.3423  5.0987  5.0914  4.9613
  93  0.574211  3.7701  4.5658 -0.3351  7.8654  6.9376  6.2337  5.8573  6.2873  6.1165  5.7368  5.5312  5.4461  5.2855  5.0448  5.0376  4.9099
  94  0.577874  3.7725  4.5544 -0.3111  7.7376  6.8311  6.1466  5.7785  6.2169  6.0487  5.6747  5.4715  5.3874  5.2286  4.9908  4.9838  4.8583
  95  0.581468  3.7749  4.5429 -0.2872  7.6127  6.7265  6.0608  5.7010  6.1468  5.9813  5.6129  5.4121  5.3288  5.1718  4.9368  4.9300  4.8067
  96  0.584976  3.7773  4.5312 -0.2632  7.4905  6.6241  5.9764  5.6246  6.0773  5.9143  5.5512  5.3529  5.2705  5.1152  4.8829  4.8764  4.7552
  97  0.588392  3.7797  4.5191 -0.2395  7.3717  6.5238  5.8937  5.5497  6.0083  5.8477  5.4900  5.2940  5.2125  5.0589  4.8294  4.8229  4.7039
  98  0.591702  3.7819  4.5071 -0.2158  7.2559  6.4260  5.8127  5.4762  5.9403  5.7819  5.4292  5.2354  5.1548  5.0029  4.7760  4.7698  4.6528
  99  0.594901  3.7841  4.4947 -0.1922  7.1446  6.3314  5.7340  5.4046  5.8730  5.7168  5.3689  5.1774  5.0975  4.9471  4.7228  4.7169  4.6017
 100  0.597986  3.7863  4.4820 -0.1690  7.0364  6.2393  5.6573  5.3347  5.8065  5.6524  5.3090  5.1197  5.0407  4.8919  4.6700  4.6641  4.5510
 101  0.600956  3.7883  4.4693 -0.1458  6.9312  6.1496  5.5823  5.2663  5.7409  5.5888  5.2497  5.0625  4.9842  4.8370  4.6175  4.6118  4.5005
 102  0.603814  3.7903  4.4563 -0.1229  6.8298  6.0627  5.5093  5.1994  5.6760  5.5259  5.1910  5.0058  4.9282  4.7825  4.5653  4.5597  4.4502
 103  0.606568  3.7922  4.4432 -0.1001  6.7317  5.9784  5.4382  5.1341  5.6121  5.4637  5.1328  4.9494  4.8727  4.7283  4.5133  4.5079  4.4001
 104  0.609225  3.7940  4.4298 -0.0777  6.6373  5.8967  5.3688  5.0704  5.5491  5.4024  5.0752  4.8937  4.8175  4.6744  4.4615  4.4563  4.3501
 105  0.611786  3.7957  4.4161 -0.0553  6.5456  5.8173  5.3007  5.0080  5.4868  5.3418  5.0181  4.8383  4.7629  4.6210  4.4101  4.4051  4.3003
 106  0.614255  3.7974  4.4023 -0.0331  6.4566  5.7399  5.2341  4.9466  5.4253  5.2817  4.9616  4.7834  4.7086  4.5681  4.3591  4.3542  4.2509
 107  0.616637  3.7989  4.3882 -0.0112  6.3702  5.6645  5.1686  4.8863  5.3645  5.2225  4.9057  4.7292  4.6549  4.5156  4.3084  4.3036  4.2017
 108  0.618939  3.8003  4.3738  0.0106  6.2854  5.5901  5.1038  4.8266  5.3043  5.1638  4.8504  4.6755  4.6019  4.4637  4.2584  4.2537  4.1531
 109  0.621165  3.8017  4.3591  0.0322  6.2034  5.5180  5.0405  4.7681  5.2448  5.1057  4.7955  4.6221  4.5491  4.4121  4.2085  4.2039  4.1044
 110  0.623322  3.8030  4.3443  0.0536  6.1242  5.4478  4.9787  4.7106  5.1861  5.0483  4.7410  4.5692  4.4968  4.3609  4.1588  4.1543  4.0560
 111  0.625419  3.8042  4.3293  0.0749  6.0477  5.3799  4.9184  4.6544  5.1281  4.9915  4.6870  4.5165  4.4445  4.3096  4.1091  4.1046  4.0073
 112  0.626077  3.8045  4.3245  0.0816  6.0240  5.3588  4.8997  4.6369  5.1099  4.9736  4.6699  4.4997  4.4280  4.2934  4.0933  4.0889  3.9919
 113  0.626732  3.8049  4.3195  0.0884  6.0002  5.3374  4.8807  4.6190  5.0913  4.9555  4.6526  4.4828  4.4112  4.2769  4.0772  4.0729  3.9763
 114  0.627385  3.8052  4.3147  0.0952  5.9766  5.3164  4.8618  4.6013  5.0730  4.9374  4.6354  4.4660  4.3945  4.2605  4.0613  4.0570  3.9606
 115  0.628037  3.8056  4.3097  0.1022  5.9519  5.2944  4.8424  4.5830  5.0539  4.9188  4.6175  4.4486  4.3773  4.2436  4.0449  4.0407  3.9446
 116  0.628685  3.8060  4.3047  0.1091  5.9279  5.2730  4.8232  4.5651  5.0351  4.9003  4.5998  4.4314  4.3602  4.2268  4.0285  4.0243  3.9286
 117  0.629331  3.8064  4.2997  0.1162  5.9029  5.2507  4.8035  4.5467  5.0158  4.8814  4.5818  4.4137  4.3427  4.2097  4.0120  4.0077  3.9124
 118  0.629974  3.8068  4.2948  0.1234  5.8768  5.2277  4.7832  4.5278  4.9960  4.8621  4.5634  4.3958  4.3249  4.1921  3.9951  3.9908  3.8959
 119  0.630613  3.8074  4.2899  0.1306  5.8507  5.2046  4.7630  4.5090  4.9761  4.8426  4.5449  4.3777  4.3070  4.1747  3.9782  3.9739  3.8795
 120  0.631249  3.8078  4.2850  0.1380  5.8237  5.1809  4.7423  4.4897  4.9557  4.8227  4.5259  4.3593  4.2889  4.1568  3.9609  3.9568  3.8628
 121  0.631882  3.8083  4.2800  0.1454  5.7970  5.1573  4.7216  4.4705  4.9354  4.8027  4.5069  4.3407  4.2705  4.1389  3.9436  3.9394  3.8459
 122  0.632512  3.8088  4.2749  0.1529  5.7702  5.1337  4.7007  4.4511  4.9148  4.7826  4.4877  4.3220  4.2519  4.1207  3.9259  3.9218  3.8287
 123  0.633139  3.8093  4.2695  0.1605  5.7442  5.1104  4.6800  4.4317  4.8940  4.7622  4.4682  4.3030  4.2331  4.1022  3.9080  3.9039  3.8111
 124  0.633760  3.8097  4.2636  0.1683  5.7187  5.0875  4.6593  4.4122  4.8732  4.7417  4.4484  4.2837  4.2139  4.0833  3.8896  3.8855  3.7930
 125  0.634375  3.8100  4.2575  0.1762  5.6938  5.0649  4.6388  4.3926  4.8523  4.7210  4.4284  4.2640  4.1944  4.0640  3.8707  3.8666  3.7745
 126  0.634985  3.8103  4.2511  0.1841  5.6694  5.0425  4.6181  4.3729  4.8311  4.7002  4.4082  4.2440  4.1745  4.0444  3.8514  3.8474  3.7555
 127  0.635589  3.8105  4.2443  0.1922  5.6452  5.0202  4.5974  4.3531  4.8098  4.6791  4.3876  4.2238  4.1543  4.0244  3.8318  3.8278  3.7360
 128  0.636188  3.8108  4.2375  0.2004  5.6209  4.9977  4.5765  4.3329  4.7882  4.6578  4.3668  4.2032  4.1339  4.0042  3.8118  3.8078  3.7163
 129  0.636783  3.8110  4.2304  0.2086  5.5968  4.9753  4.5556  4.3128  4.7666  4.6364  4.3459  4.1825  4.1133  3.9837  3.7917  3.7877  3.6964
 130  0.637375  3.8112  4.2233  0.2170  5.5729  4.9529  4.5346  4.2926  4.7448  4.6148  4.3248  4.1616  4.0925  3.9630  3.7713  3.7673  3.6762
 131  0.637960  3.8113  4.2159  0.2253  5.5493  4.9307  4.5136  4.2722  4.7229  4.5931  4.3034  4.1404  4.0714  3.9422  3.7506  3.7467  3.6557
 132  0.638542  3.8115  4.2084  0.2339  5.5257  4.9084  4.4926  4.2517  4.7008  4.5712  4.2819  4.1192  4.0502  3.9210  3.7298  3.7258  3.6349
 133  0.639117  3.8115  4.2007  0.2425  5.5022  4.8863  4.4713  4.2310  4.6786  4.5491  4.2602  4.0976  4.0287  3.8997  3.7086  3.7047  3.6138
 134  0.639685  3.8116  4.1926  0.2511  5.4796  4.8645  4.4502  4.2104  4.6563  4.5269  4.2382  4.0758  4.0069  3.8780  3.6870  3.6831  3.5923
 135  0.640247  3.8116  4.1843  0.2599  5.4577  4.8431  4.4292  4.1896  4.6339  4.5046  4.2161  4.0537  3.9849  3.8559  3.6651  3.6611  3.5703
 136  0.640800  3.8116  4.1757  0.2688  5.4361  4.8218  4.4081  4.1687  4.6115  4.4822  4.1937  4.0314  3.9624  3.8336  3.6427  3.6388  3.5480
 137  0.641348  3.8115  4.1669  0.2777  5.4147  4.8007  4.3870  4.1477  4.5888  4.4596  4.1710  4.0087  3.9398  3.8110  3.6201  3.6162  3.5253
 138  0.641886  3.8114  4.1577  0.2868  5.3940  4.7798  4.3660  4.1266  4.5661  4.4368  4.1483  3.9858  3.9169  3.7880  3.5970  3.5931  3.5021
 139  0.642418  3.8112  4.1483  0.2960  5.3738  4.7592  4.3449  4.1053  4.5433  4.4139  4.1253  3.9627  3.8938  3.7648  3.5737  3.5697  3.4786
 140  0.642939  3.8110  4.1385  0.3052  5.3542  4.7390  4.3240  4.0840  4.5204  4.3909  4.1020  3.9393  3.8703  3.7412  3.5499  3.5459  3.4546
 141  0.643452  3.8108  4.1284  0.3147  5.3352  4.7190  4.3030  4.0627  4.4975  4.3678  4.0786  3.9156  3.8466  3.7174  3.5258  3.5218  3.4303
 142  0.643955  3.8105  4.1181  0.3241  5.3169  4.6994  4.2822  4.0412  4.4744  4.3446  4.0549  3.8917  3.8226  3.6932  3.5013  3.4972  3.4053
 143  0.644448  3.8101  4.1073  0.3337  5.2993  4.6802  4.2614  4.0196  4.4514  4.3213  4.0310  3.8676  3.7983  3.6687  3.4764  3.4723  3.3801
 144  0.644930  3.8097  4.0963  0.3433  5.2824  4.6613  4.2407  3.9981  4.4283  4.2979  4.0070  3.8432  3.7738  3.6438  3.4512  3.4471  3.3544
 145  0.645401  3.8092  4.0848  0.3530  5.2665  4.6431  4.2202  3.9766  4.4052  4.2745  3.9828  3.8185  3.7490  3.6187  3.4255  3.4214  3.3283
 146  0.645859  3.8086  4.0730  0.3628  5.2513  4.6252  4.1999  3.9550  4.3821  4.2510  3.9584  3.7937  3.7240  3.5933  3.3995  3.3952  3.3017
 147  0.646306  3.8079  4.0607  0.3728  5.2370  4.6079  4.1796  3.9335  4.3591  4.2276  3.9340  3.7687  3.6987  3.5676  3.3730  3.3687  3.2746
 148  0.646741  3.8072  4.0479  0.3828  5.2241  4.5913  4.1599  3.9121  4.3361  4.2041  3.9094  3.7434  3.6733  3.5415  3.3462  3.3419  3.2470
 149  0.647163  3.8063  4.0348  0.3928  5.2120  4.5754  4.1402  3.8908  4.3132  4.1807  3.8846  3.7179  3.6475  3.5152  3.3190  3.3147  3.2191
 150  0.647572  3.8054  4.0213  0.4030  5.2015  4.5603  4.1210  3.8696  4.2905  4.1573  3.8597  3.6923  3.6216  3.4888  3.2916  3.2871  3.1906
 151  0.647967  3.8044  4.0072  0.4133  5.1931  4.5467  4.1025  3.8488  4.2680  4.1341  3.8348  3.6665  3.5954  3.4619  3.2635  3.2590  3.1616
 152  0.648349  3.8031  3.9924  0.4235  5.1868  4.5343  4.0846  3.8282  4.2459  4.1110  3.8099  3.6405  3.5691  3.4348  3.2351  3.2304  3.1320
 153  0.648718  3.8018  3.9770  0.4339  5.1827  4.5234  4.0673  3.8079  4.2240  4.0883  3.7851  3.6145  3.5426  3.4074  3.2063  3.2016  3.1019
 154  0.649073  3.8005  3.9612  0.4441  5.1806  4.5138  4.0507  3.7880  4.2025  4.0657  3.7602  3.5884  3.5161  3.3799  3.1773  3.1724  3.0715
 155  0.649414  3.7989  3.9447  0.4546  5.1816  4.5060  4.0351  3.7687  4.1815  4.0435  3.7353  3.5622  3.4893  3.3520  3.1477  3.1427  3.0404
 156  0.649743  3.7971  3.9277  0.4650  5.1842  4.4996  4.0200  3.7497  4.1607  4.0216  3.7106  3.5360  3.4625  3.3242  3.1179  3.1128  3.0090
 157  0.650059  3.7954  3.9104  0.4756  5.1897  4.4948  4.0060  3.7313  4.1405  3.9999  3.6857  3.5096  3.4355  3.2960  3.0879  3.0826  2.9772
 158  0.650361  3.7935  3.8925  0.4861  5.1976  4.4916  3.9928  3.7135  4.1205  3.9785  3.6611  3.4833  3.4086  3.2677  3.0575  3.0520  2.9449
 159  0.650653  3.7916  3.8744  0.4966  5.2073  4.4898  3.9803  3.6959  4.1009  3.9573  3.6364  3.4569  3.3814  3.2392  3.0269  3.0213  2.9125
 160  0.650932  3.7895  3.8558  0.5071  5.2214  4.4908  3.9693  3.6794  4.0820  3.9366  3.6118  3.4303  3.3542  3.2106  2.9958  2.9900  2.8793
 161  0.651198  3.7870  3.8354  0.5176  5.2478  4.4999  3.9628  3.6656  4.0654  3.9177  3.5880  3.4039  3.3269  3.1813  2.9635  2.9576  2.8445
 162  0.651436  3.7838  3.8130  0.5273  5.2924  4.5217  3.9640  3.6573  4.0537  3.9029  3.5666  3.3793  3.3010  3.1531  2.9315  2.9252  2.8093
 163  0.651672  3.7806  3.7902  0.5373  5.3348  4.5421  3.9646  3.6488  4.0409  3.8873  3.5447  3.3543  3.2750  3.1247  2.8995  2.8930  2.7742
 164  0.651905  3.7774  3.7673  0.5476  5.3780  4.5633  3.9659  3.6412  4.0277  3.8712  3.5223  3.3289  3.2485  3.0959  2.8670  2.8603  2.7385
 165  0.652136  3.7741  3.7440  0.5581  5.4263  4.5879  3.9696  3.6356  4.0151  3.8554  3.4994  3.3026  3.2208  3.0658  2.8331  2.8260  2.7012
 166  0.652364  3.7714  3.7225  0.5690  5.4632  4.6046  3.9685  3.6266  3.9995  3.8370  3.4750  3.2753  3.1926  3.0354  2.7994  2.7922  2.6650
 167  0.652588  3.7691  3.7023  0.5803  5.4909  4.6148  3.9632  3.6146  3.9813  3.8165  3.4494  3.2473  3.1638  3.0049  2.7662  2.7587  2.6293
 168  0.652809  3.7671  3.6825  0.5919  5.5139  4.6214  3.9553  3.6006  3.9613  3.7943  3.4228  3.2187  3.1344  2.9740  2.7328  2.7251  2.5938
 169  0.653025  3.7649  3.6622  0.6039  5.5364  4.6272  3.9466  3.5858  3.9404  3.7712  3.3952  3.1892  3.1042  2.9423  2.6987  2.6908  2.5575
 170  0.653236  3.7629  3.6417  0.6163  5.5584  4.6326  3.9373  3.5704  3.9183  3.7471  3.3668  3.1587  3.0730  2.9097  2.6637  2.6556  2.5203
 171  0.653438  3.7609  3.6210  0.6291  5.5784  4.6362  3.9267  3.5538  3.8951  3.7217  3.3372  3.1273  3.0409  2.8761  2.6278  2.6196  2.4825
 172  0.653636  3.7590  3.6003  0.6424  5.5961  4.6380  3.9144  3.5361  3.8706  3.6951  3.3066  3.0948  3.0078  2.8417  2.5911  2.5827  2.4438
 173  0.653827  3.7572  3.5795  0.6561  5.6106  4.6374  3.9007  3.5169  3.8445  3.6672  3.2748  3.0613  2.9737  2.8063  2.5537  2.5452  2.4045
 174  0.654010  3.7555  3.5589  0.6701  5.6217  4.6340  3.8849  3.4962  3.8172  3.6381  3.2420  3.0268  2.9387  2.7702  2.5157  2.5069  2.3647
 175  0.654189  3.7539  3.5386  0.6845  5.6290  4.6277  3.8671  3.4737  3.7884  3.6075  3.2081  2.9916  2.9030  2.7334  2.4770  2.4682  2.3246
 176  0.654360  3.7526  3.5183  0.6991  5.6321  4.6184  3.8472  3.4496  3.7582  3.5757  3.1735  2.9556  2.8665  2.6960  2.4381  2.4291  2.2841
 177  0.654527  3.7513  3.4984  0.7140  5.6320  4.6067  3.8256  3.4244  3.7270  3.5431  3.1380  2.9190  2.8295  2.6580  2.3987  2.3896  2.2433
 178  0.654689  3.7501  3.4786  0.7291  5.6305  4.5939  3.8035  3.3985  3.6954  3.5099  3.1021  2.8819  2.7920  2.6197  2.3589  2.3497  2.2022
 179  0.654847  3.7490  3.4589  0.7444  5.6262  4.5790  3.7800  3.3717  3.6629  3.4762  3.0657  2.8443  2.7541  2.5809  2.3188  2.3095  2.1609
 180  0.655002  3.7479  3.4395  0.7597  5.6191  4.5622  3.7553  3.3441  3.6296  3.4417  3.0288  2.8064  2.7158  2.5420  2.2786  2.2691  2.1196
 181  0.655154  3.7469  3.4203  0.7752  5.6098  4.5439  3.7297  3.3157  3.5960  3.4068  2.9916  2.7683  2.6772  2.5026  2.2380  2.2285  2.0779
 182  0.655287  3.7461  3.4034  0.7890  5.6000  4.5265  3.7063  3.2900  3.5657  3.3756  2.9583  2.7341  2.6428  2.4675  2.2019  2.1924  2.0410
 183  0.655419  3.7455  3.3864  0.8030  5.5889  4.5081  3.6821  3.2636  3.5347  3.3437  2.9246  2.6995  2.6079  2.4320  2.1655  2.1557  2.0037
 184  0.655552  3.7447  3.3694  0.8172  5.5763  4.4885  3.6571  3.2365  3.5032  3.3113  2.8903  2.6644  2.5725  2.3960  2.1286  2.1188  1.9660
 185  0.655683  3.7440  3.3525  0.8315  5.5626  4.4680  3.6313  3.2088  3.4712  3.2784  2.8556  2.6290  2.5369  2.3599  2.0916  2.0818  1.9282
 186  0.655814  3.7434  3.3356  0.8459  5.5472  4.4464  3.6047  3.1804  3.4386  3.2449  2.8207  2.5934  2.5010  2.3234  2.0544  2.0445  1.8902
 187  0.655945  3.7428  3.3188  0.8604  5.5306  4.4237  3.5774  3.1514  3.4056  3.2112  2.7854  2.5574  2.4649  2.2869  2.0170  2.0070  1.8522
 188  0.656075  3.7421  3.3019  0.8751  5.5140  4.4009  3.5498  3.1221  3.3722  3.1771  2.7498  2.5211  2.4284  2.2499  1.9793  1.9693  1.8138
 189  0.656205  3.7415  3.2847  0.8899  5.4961  4.3771  3.5214  3.0920  3.3382  3.1423  2.7137  2.4845  2.3915  2.2125  1.9412  1.9311  1.7751
 190  0.656333  3.7411  3.2676  0.9049  5.4770  4.3522  3.4922  3.0612  3.3035  3.1069  2.6770  2.4472  2.3541  2.1747  1.9027  1.8925  1.7360
 191  0.656462  3.7405  3.2501  0.9202  5.4575  4.3270  3.4624  3.0299  3.2683  3.0709  2.6397  2.4094  2.3161  2.1363  1.8636  1.8533  1.6962
 192  0.656588  3.7399  3.2326  0.9356  5.4371  4.3009  3.4321  2.9980  3.2324  3.0345  2.6020  2.3712  2.2778  2.0975  1.8242  1.8140  1.6563
 193  0.656715  3.7394  3.2149  0.9514  5.4161  4.2741  3.4009  2.9654  3.1959  2.9974  2.5637  2.3324  2.2387  2.0582  1.7842  1.7739  1.6157
 194  0.656839  3.7388  3.1968  0.9673  5.3948  4.2468  3.3692  2.9320  3.1587  2.9594  2.5246  2.2928  2.1989  2.0180  1.7434  1.7330  1.5742
 195  0.656964  3.7383  3.1785  0.9837  5.3727  4.2190  3.3369  2.8982  3.1208  2.9208  2.4849  2.2525  2.1585  1.9773  1.7019  1.6915  1.5323
 196  0.657086  3.7378  3.1603  1.0001  5.3489  4.1898  3.3035  2.8635  3.0823  2.8818  2.4448  2.2120  2.1178  1.9362  1.6604  1.6499  1.4902
 197  0.657209  3.7373  3.1416  1.0167  5.3254  4.1604  3.2698  2.8283  3.0431  2.8420  2.4039  2.1706  2.0764  1.8944  1.6180  1.6075  1.4473
 198  0.657327  3.7368  3.1223  1.0340  5.3015  4.1304  3.2351  2.7919  3.0027  2.8009  2.3616  2.1279  2.0335  1.8511  1.5741  1.5636  1.4026
 199  0.657443  3.7362  3.1023  1.0519  5.2761  4.0988  3.1989  2.7542  2.9607  2.7582  2.3178  2.0837  1.9891  1.8064  1.5288  1.5182  1.3568
 200  0.657555  3.7357  3.0817  1.0703  5.2505  4.0666  3.1617  2.7154  2.9174  2.7144  2.2728  2.0380  1.9433  1.7603  1.4820  1.4713  1.3094
 201  0.657666  3.7351  3.0606  1.0893  5.2246  4.0338  3.1236  2.6756  2.8731  2.6692  2.2264  1.9912  1.8963  1.7129  1.4340  1.4233  1.2607
 202  0.657772  3.7346  3.0391  1.1086  5.1978  4.0000  3.0847  2.6349  2.8276  2.6231  2.1791  1.9433  1.8483  1.6645  1.3848  1.3740  1.2109
 203  0.657876  3.7340  3.0169  1.1283  5.1713  3.9661  3.0450  2.5935  2.7813  2.5760  2.1306  1.8944  1.7991  1.6149  1.3346  1.3238  1.1600
 204  0.657977  3.7333  2.9944  1.1485  5.1437  3.9312  3.0046  2.5512  2.7340  2.5280  2.0812  1.8445  1.7491  1.5645  1.2836  1.2726  1.1082
 205  0.658077  3.7326  2.9712  1.1691  5.1185  3.8975  2.9644  2.5089  2.6863  2.4794  2.0312  1.7937  1.6981  1.5131  1.2313  1.2203  1.0553
 206  0.658172  3.7319  2.9476  1.1900  5.0928  3.8632  2.9235  2.4659  2.6377  2.4299  1.9801  1.7421  1.6463  1.4608  1.1783  1.1671  1.0013
 207  0.658265  3.7313  2.9236  1.2113  5.0675  3.8288  2.8823  2.4225  2.5884  2.3798  1.9284  1.6896  1.5936  1.4076  1.1242  1.1130  0.9465
 208  0.658356  3.7305  2.8992  1.2329  5.0425  3.7943  2.8406  2.3785  2.5386  2.3289  1.8758  1.6364  1.5401  1.3536  1.0693  1.0581  0.8908
 209  0.658442  3.7298  2.8743  1.2548  5.0185  3.7602  2.7989  2.3343  2.4882  2.2773  1.8224  1.5823  1.4858  1.2987  1.0135  1.0022  0.8341
 210  0.658527  3.7291  2.8493  1.2770  4.9937  3.7254  2.7565  2.2894  2.4369  2.2251  1.7683  1.5275  1.4307  1.2432  0.9570  0.9457  0.7768
 211  0.658609  3.7282  2.8237  1.2995  4.9702  3.6911  2.7141  2.2444  2.3854  2.1725  1.7136  1.4720  1.3749  1.1868  0.8997  0.8882  0.7185
 212  0.658687  3.7275  2.7978  1.3223  4.9470  3.6569  2.6715  2.1990  2.3333  2.1192  1.6583  1.4157  1.3185  1.1297  0.8417  0.8301  0.6595
 213  0.658763  3.7267  2.7717  1.3454  4.9245  3.6228  2.6286  2.1534  2.2808  2.0654  1.6023  1.3590  1.2615  1.0721  0.7829  0.7713  0.5999
 214  0.658836  3.7259  2.7452  1.3686  4.9023  3.5890  2.5858  2.1075  2.2279  2.0112  1.5459  1.3015  1.2037  1.0137  0.7236  0.7118  0.5395
 215  0.658907  3.7251  2.7184  1.3922  4.8805  3.5552  2.5427  2.0614  2.1746  1.9566  1.4889  1.2436  1.1455  0.9547  0.6636  0.6517  0.4786
 216  0.658974  3.7242  2.6914  1.4159  4.8594  3.5217  2.4996  2.0151  2.1209  1.9016  1.4314  1.1852  1.0868  0.8953  0.6030  0.5911  0.4170
 217  0.658986  3.7240  2.6867  1.4200  4.8558  3.5159  2.4922  2.0072  2.1116  1.8921  1.4214  1.1751  1.0765  0.8850  0.5926  0.5806  0.4064
 218  0.658997  3.7239  2.6820  1.4241  4.8524  3.5102  2.4846  1.9992  2.1024  1.8825  1.4114  1.1648  1.0663  0.8747  0.5820  0.5700  0.3957
 219  0.659009  3.7237  2.6773  1.4283  4.8484  3.5042  2.4770  1.9910  2.0929  1.8728  1.4014  1.1546  1.0560  0.8642  0.5714  0.5594  0.3849
 220  0.659020  3.7236  2.6725  1.4325  4.8450  3.4985  2.4696  1.9829  2.0836  1.8631  1.3912  1.1443  1.0457  0.8538  0.5607  0.5487  0.3741
 221  0.659031  3.7234  2.6677  1.4366  4.8414  3.4926  2.4620  1.9749  2.0741  1.8535  1.3811  1.1341  1.0354  0.8433  0.5501  0.5380  0.3632
 222  0.659042  3.7233  2.6630  1.4408  4.8379  3.4868  2.4544  1.9668  2.0646  1.8438  1.3710  1.1238  1.0249  0.8328  0.5393  0.5273  0.3524
 223  0.659053  3.7231  2.6582  1.4450  4.8344  3.4811  2.4469  1.9586  2.0551  1.8340  1.3608  1.1133  1.0146  0.8223  0.5286  0.5165  0.3414
 224  0.659064  3.7230  2.6533  1.4492  4.8307  3.4752  2.4392  1.9504  2.0456  1.8242  1.3506  1.1030  1.0040  0.8117  0.5178  0.5058  0.3305
 225  0.659076  3.7229  2.6485  1.4535  4.8270  3.4693  2.4315  1.9421  2.0360  1.8144  1.3403  1.0924  0.9936  0.8011  0.5070  0.4948  0.3195
 226  0.659087  3.7227  2.6436  1.4578  4.8234  3.4633  2.4237  1.9338  2.0263  1.8045  1.3299  1.0820  0.9829  0.7904  0.4960  0.4840  0.3084
 227  0.659198  3.7211  2.5915  1.5034  4.7863  3.4010  2.3419  1.8458  1.9233  1.6988  1.2195  0.9697  0.8702  0.6762  0.3798  0.3675  0.1902
 228  0.659299  3.7195  2.5403  1.5482  4.7528  3.3419  2.2627  1.7604  1.8228  1.5955  1.1114  0.8597  0.7596  0.5643  0.2657  0.2532  0.0740
 229  0.659384  3.7179  2.4922  1.5902  4.7236  3.2877  2.1892  1.6809  1.7288  1.4988  1.0101  0.7566  0.6558  0.4594  0.1586  0.1461 -0.0348
 230  0.659468  3.7162  2.4409  1.6345  4.7026  3.2371  2.1153  1.5999  1.6311  1.3980  0.9039  0.6484  0.5470  0.3492  0.0459  0.0332 -0.1497
 231  0.659544  3.7143  2.3895  1.6786  4.6866  3.1900  2.0435  1.5208  1.5346  1.2982  0.7985  0.5407  0.4388  0.2393 -0.0663 -0.0793 -0.2642
 232  0.659615  3.7125  2.3370  1.7238  4.6745  3.1448  1.9716  1.4413  1.4363  1.1963  0.6906  0.4307  0.3279  0.1270 -0.1813 -0.1945 -0.3816
 233  0.659676  3.7107  2.2869  1.7666  4.6675  3.1056  1.9056  1.3675  1.3441  1.1005  0.5888  0.3267  0.2232  0.0208 -0.2902 -0.3036 -0.4926
 234  0.659735  3.7089  2.2357  1.8104  4.6635  3.0678  1.8391  1.2933  1.2503  1.0028  0.4850  0.2206  0.1164 -0.0877 -0.4013 -0.4149 -0.6061
 235  0.659787  3.7070  2.1861  1.8527  4.6618  3.0320  1.7753  1.2217  1.1595  0.9084  0.3844  0.1177  0.0128 -0.1928 -0.5090 -0.5229 -0.7162
 236  0.659834  3.7052  2.1379  1.8939  4.6635  2.9997  1.7149  1.1535  1.0721  0.8172  0.2871  0.0180 -0.0875 -0.2947 -0.6134 -0.6275 -0.8229
 237  0.659879  3.7034  2.0893  1.9354  4.6682  2.9694  1.6552  1.0857  0.9843  0.7255  0.1889 -0.0824 -0.1887 -0.3976 -0.7188 -0.7331 -0.9306
 238  0.659919  3.7018  2.0433  1.9748  4.6745  2.9423  1.5994  1.0222  0.9016  0.6389  0.0963 -0.1773 -0.2843 -0.4946 -0.8185 -0.8330 -1.0324
 239  0.659955  3.7002  2.0001  2.0115  4.6816  2.9178  1.5474  0.9631  0.8242  0.5579  0.0093 -0.2663 -0.3739 -0.5857 -0.9119 -0.9265 -1.1280
 240  0.659991  3.6983  1.9527  2.0515  4.6998  2.8995  1.4960  0.9031  0.7425  0.4717 -0.0840 -0.3623 -0.4707 -0.6843 -1.0133 -1.0282 -1.2319
 241  0.660023  3.6964  1.9065  2.0902  4.7246  2.8879  1.4489  0.8481  0.6649  0.3895 -0.1736 -0.4547 -0.5640 -0.7793 -1.1113 -1.1265 -1.3324
 242  0.660051  3.6946  1.8614  2.1277  4.7509  2.8798  1.4048  0.7961  0.5905  0.3103 -0.2602 -0.5441 -0.6542 -0.8713 -1.2064 -1.2218 -1.4303
 243  0.660078  3.6929  1.8206  2.1618  4.7758  2.8746  1.3660  0.7504  0.5237  0.2390 -0.3383 -0.6249 -0.7359 -0.9547 -1.2925 -1.3081 -1.5187
 244  0.660103  3.6917  1.7923  2.1858  4.7880  2.8680  1.3369  0.7167  0.4758  0.1881 -0.3938 -0.6821 -0.7936 -1.0136 -1.3532 -1.3690 -1.5811
 245  0.660128  3.6911  1.7742  2.2011  4.7934  2.8628  1.3179  0.6948  0.4450  0.1555 -0.4294 -0.7187 -0.8305 -1.0513 -1.3921 -1.4079 -1.6209
 246  0.660153  3.6894  1.7318  2.2368  4.8157  2.8585  1.2779  0.6475  0.3754  0.0812 -0.5111 -0.8032 -0.9159 -1.1384 -1.4821 -1.4981 -1.7134
 247  0.660175  3.6874  1.6830  2.2773  4.8489  2.8611  1.2374  0.5979  0.2984 -0.0017 -0.6035 -0.8992 -1.0129 -1.2378 -1.5850 -1.6015 -1.8193
 248  0.660195  3.6853  1.6345  2.3177  4.8830  2.8665  1.1988  0.5502  0.2227 -0.0834 -0.6949 -0.9943 -1.1091 -1.3363 -1.6872 -1.7038 -1.9243
 249  0.660214  3.6833  1.5858  2.3580  4.9185  2.8751  1.1621  0.5041  0.1476 -0.1647 -0.7862 -1.0891 -1.2051 -1.4346 -1.7891 -1.8061 -2.0293
 250  0.660231  3.6812  1.5385  2.3972  4.9535  2.8861  1.1279  0.4608  0.0754 -0.2431 -0.8743 -1.1807 -1.2978 -1.5296 -1.8877 -1.9049 -2.1308
 251  0.660246  3.6792  1.4926  2.4350  4.9883  2.8998  1.0962  0.4203  0.0063 -0.3184 -0.9591 -1.2692 -1.3872 -1.6213 -1.9830 -2.0005 -2.2291
 252  0.660261  3.6771  1.4466  2.4727  5.0293  2.9216  1.0695  0.3848 -0.0601 -0.3913 -1.0424 -1.3562 -1.4754 -1.7119 -2.0774 -2.0951 -2.3266
 253  0.660274  3.6750  1.4027  2.5084  5.0691  2.9461  1.0463  0.3530 -0.1222 -0.4598 -1.1210 -1.4385 -1.5588 -1.7977 -2.1670 -2.1850 -2.4192
 254  0.660286  3.6730  1.3588  2.5441  5.1094  2.9738  1.0248  0.3232 -0.1831 -0.5274 -1.1989 -1.5203 -1.6418 -1.8831 -2.2562 -2.2746 -2.5116
 255  0.660298  3.6709  1.3150  2.5795  5.1502  3.0046  1.0055  0.2957 -0.2425 -0.5937 -1.2758 -1.6012 -1.7239 -1.9676 -2.3447 -2.3634 -2.6033
 256  0.660307  3.6689  1.2734  2.6132  5.1902  3.0376  0.9889  0.2715 -0.2979 -0.6558 -1.3485 -1.6777 -1.8015 -2.0477 -2.4287 -2.4477 -2.6904
 257  0.660317  3.6670  1.2313  2.6473  5.2314  3.0742  0.9740  0.2488 -0.3529 -0.7178 -1.4213 -1.7545 -1.8795 -2.1282 -2.5133 -2.5325 -2.7782
 258  0.660325  3.6649  1.1906  2.6802  5.2721  3.1136  0.9620  0.2294 -0.4046 -0.7766 -1.4909 -1.8282 -1.9544 -2.2058 -2.5948 -2.6143 -2.8630
 259  0.660333  3.6630  1.1506  2.7124  5.3110  3.1550  0.9515  0.2119 -0.4544 -0.8336 -1.5588 -1.9001 -2.0274 -2.2814 -2.6743 -2.6943 -2.9458
 260  0.660341  3.6610  1.1114  2.7439  5.3488  3.1993  0.9434  0.1969 -0.5017 -0.8882 -1.6246 -1.9701 -2.0986 -2.3551 -2.7521 -2.7724 -3.0269
 261  0.660348  3.6592  1.0725  2.7751  5.3836  3.2463  0.9370  0.1840 -0.5474 -0.9414 -1.6892 -2.0390 -2.1686 -2.4279 -2.8290 -2.8496 -3.1070
 262  0.660355  3.6572  1.0345  2.8055  5.4148  3.2949  0.9324  0.1729 -0.5909 -0.9925 -1.7517 -2.1057 -2.2366 -2.4985 -2.9038 -2.9247 -3.1851
 263  0.660361  3.6554  0.9973  2.8353  5.4419  3.3447  0.9291  0.1636 -0.6325 -1.0417 -1.8124 -2.1708 -2.3028 -2.5675 -2.9769 -2.9981 -3.2615
 264  0.660367  3.6535  0.9601  2.8648  5.4690  3.4008  0.9297  0.1583 -0.6713 -1.0885 -1.8713 -2.2344 -2.3677 -2.6352 -3.0490 -3.0704 -3.3369
 265  0.660373  3.6515  0.9236  2.8935  5.4930  3.4606  0.9333  0.1561 -0.7071 -1.1327 -1.9280 -2.2957 -2.4304 -2.7007 -3.1189 -3.1407 -3.4104
 266  0.660378  3.6496  0.8877  2.9218  5.5115  3.5219  0.9384  0.1559 -0.7412 -1.1753 -1.9833 -2.3558 -2.4917 -2.7651 -3.1878 -3.2099 -3.4828
 267  0.660382  3.6477  0.8524  2.9494  5.5251  3.5840  0.9450  0.1574 -0.7733 -1.2160 -2.0366 -2.4141 -2.5513 -2.8276 -3.2548 -3.2774 -3.5533
 268  0.660386  3.6458  0.8179  2.9763  5.5336  3.6452  0.9522  0.1600 -0.8038 -1.2549 -2.0881 -2.4704 -2.6091 -2.8883 -3.3201 -3.3428 -3.6219
 269  0.660391  3.6440  0.7839  3.0030  5.5377  3.7065  0.9602  0.1637 -0.8328 -1.2926 -2.1386 -2.5258 -2.6657 -2.9479 -3.3842 -3.4073 -3.6895
 270  0.660395  3.6422  0.7505  3.0292  5.5372  3.7663  0.9682  0.1679 -0.8608 -1.3291 -2.1879 -2.5800 -2.7212 -3.0065 -3.4471 -3.4707 -3.7561
 271  0.660398  3.6403  0.7179  3.0547  5.5330  3.8242  0.9762  0.1725 -0.8874 -1.3643 -2.2355 -2.6325 -2.7750 -3.0632 -3.5083 -3.5322 -3.8206
 272  0.660402  3.6386  0.6860  3.0796  5.5256  3.8804  0.9840  0.1772 -0.9130 -1.3982 -2.2819 -2.6838 -2.8275 -3.1187 -3.5681 -3.5922 -3.8838
 273  0.660405  3.6369  0.6544  3.1044  5.5151  3.9353  0.9916  0.1820 -0.9378 -1.4316 -2.3277 -2.7344 -2.8794 -3.1736 -3.6273 -3.6518 -3.9464
 274  0.660408  3.6352  0.6234  3.1287  5.5024  3.9890  0.9995  0.1873 -0.9612 -1.4636 -2.3721 -2.7837 -2.9299 -3.2271 -3.6852 -3.7101 -4.0076
 275  0.660411  3.6336  0.5936  3.1521  5.4875  4.0392  1.0065  0.1923 -0.9833 -1.4940 -2.4147 -2.8311 -2.9785 -3.2787 -3.7409 -3.7661 -4.0666
 276  0.660414  3.6320  0.5641  3.1753  5.4709  4.0886  1.0138  0.1976 -1.0044 -1.5236 -2.4564 -2.8776 -3.0264 -3.3293 -3.7957 -3.8212 -4.1248
 277  0.660417  3.6305  0.5357  3.1978  5.4524  4.1342  1.0196  0.2019 -1.0252 -1.5524 -2.4970 -2.9230 -3.0729 -3.3786 -3.8492 -3.8749 -4.1814
 278  0.660419  3.6291  0.5083  3.2194  5.4336  4.1778  1.0257  0.2067 -1.0442 -1.5792 -2.5355 -2.9661 -3.1170 -3.4257 -3.9002 -3.9263 -4.2355
 279  0.660422  3.6278  0.4831  3.2395  5.4146  4.2160  1.0304  0.2105 -1.0616 -1.6042 -2.5712 -3.0059 -3.1580 -3.4692 -3.9475 -3.9739 -4.2857
