#NUMBER OF AGES= 1
#----------------------------------------------------       
#MIX-LEN  Y      Z          Zeff        [Fe/H] [a/Fe]
# 1.9380  0.3300 3.4153E-04 1.7385E-04  -1.94   0.40 
#----------------------------------------------------       
#**PHOTOMETRIC SYSTEM**: HST WFPC2 (Vega)                   
#----------------------------------------------------       
#AGE=14.800 EEPS=264
#EEP   M/Mo    LogTeff  LogG   LogL/Lo F218W   F255W   F300W   F336W   F439W   F450W   F555W   F606W   F622W   F675W   F791W   F814W   F850LP
  16  0.117599  3.5515  5.2569 -2.5893 20.3439 19.7482 16.3304 15.4658 14.3272 13.7573 12.4249 11.8828 11.6903 11.3165 10.5936 10.5569 10.1710
  17  0.127655  3.5588  5.2236 -2.4911 20.0303 19.2382 15.9344 15.0654 13.9345 13.4001 12.1150 11.5783 11.3869 11.0193 10.3457 10.3103  9.9342
  18  0.136942  3.5647  5.1953 -2.4085 19.7620 18.8190 15.6066 14.7356 13.6159 13.1068 11.8599 11.3288 11.1388 10.7761 10.1369 10.1027  9.7343
  19  0.145957  3.5696  5.1705 -2.3364 19.5269 18.4643 15.3264 14.4548 13.3466 12.8563 11.6408 11.1156 10.9271 10.5685  9.9544  9.9210  9.5590
  20  0.155673  3.5740  5.1471 -2.2675 19.3025 18.1368 15.0655 14.1943 13.0979 12.6225 11.4351 10.9160 10.7292 10.3743  9.7802  9.7476  9.3911
  21  0.167253  3.5784  5.1232 -2.1948 19.0609 17.7920 14.7940 13.9245 12.8417 12.3800 11.2209 10.7085 10.5235 10.1728  9.5967  9.5647  9.2138
  22  0.181219  3.5828  5.0985 -2.1174 18.8031 17.4224 14.5082 13.6420 12.5740 12.1252 10.9952 10.4904 10.3076  9.9611  9.4016  9.3703  9.0249
  23  0.197083  3.5873  5.0748 -2.0397 18.5228 17.0347 14.2194 13.3588 12.3086 11.8715 10.7699 10.2733 10.0929  9.7509  9.2059  9.1753  8.8352
  24  0.216073  3.5919  5.0503 -1.9569 18.1633 16.5760 13.9030 13.0531 12.0292 11.6033 10.5316 10.0442  9.8665  9.5295  8.9980  8.9680  8.6334
  25  0.235432  3.5959  5.0296 -1.8826 17.7813 16.1216 13.6093 12.7733 11.7804 11.3638 10.3187  9.8400  9.6649  9.3327  8.8119  8.7825  8.4527
  26  0.248912  3.5985  5.0197 -1.8384 17.5375 15.8383 13.4292 12.6026 11.6310 11.2198 10.1911  9.7181  9.5447  9.2154  8.7009  8.6720  8.3452
  27  0.256641  3.5998  5.0161 -1.8160 17.4091 15.6904 13.3356 12.5138 11.5540 11.1456 10.1258  9.6558  9.4833  9.1556  8.6446  8.6158  8.2907
  28  0.262063  3.6008  5.0141 -1.8011 17.3268 15.5963 13.2735 12.4550 11.5029 11.0963 10.0823  9.6144  9.4425  9.1159  8.6070  8.5784  8.2543
  29  0.265889  3.6014  5.0121 -1.7901 17.2694 15.5308 13.2281 12.4116 11.4649 11.0597 10.0501  9.5837  9.4123  9.0866  8.5793  8.5507  8.2275
  30  0.268677  3.6020  5.0102 -1.7814 17.2245 15.4799 13.1924 12.3774 11.4352 11.0309 10.0248  9.5597  9.3886  9.0635  8.5575  8.5291  8.2064
  31  0.270822  3.6025  5.0084 -1.7742 17.1860 15.4362 13.1618 12.3481 11.4099 11.0066 10.0035  9.5394  9.3687  9.0442  8.5392  8.5109  8.1888
  32  0.272653  3.6030  5.0065 -1.7676 17.1502 15.3956 13.1334 12.3211 11.3864 10.9840  9.9839  9.5208  9.3504  9.0264  8.5225  8.4941  8.1728
  33  0.274522  3.6035  5.0047 -1.7608 17.1136 15.3542 13.1042 12.2931 11.3625 10.9608  9.9637  9.5017  9.3317  9.0082  8.5053  8.4772  8.1563
  34  0.276733  3.6039  5.0026 -1.7533 17.0745 15.3106 13.0727 12.2630 11.3363 10.9356  9.9416  9.4807  9.3110  8.9881  8.4863  8.4583  8.1380
  35  0.279587  3.6045  5.0004 -1.7444 17.0310 15.2623 13.0370 12.2285 11.3062 10.9064  9.9158  9.4561  9.2867  8.9645  8.4638  8.4359  8.1163
  36  0.283488  3.6051  4.9975 -1.7332 16.9804 15.2068 12.9945 12.1875 11.2699 10.8711  9.8840  9.4258  9.2568  8.9352  8.4358  8.4078  8.0890
  37  0.289021  3.6057  4.9937 -1.7184 16.9178 15.1388 12.9408 12.1354 11.2231 10.8253  9.8425  9.3857  9.2172  8.8964  8.3984  8.3706  8.0525
  38  0.296835  3.6066  4.9876 -1.6972 16.8307 15.0451 12.8653 12.0621 11.1571 10.7608  9.7836  9.3288  9.1608  8.8412  8.3451  8.3174  8.0004
  39  0.307718  3.6082  4.9770 -1.6646 16.6911 14.8952 12.7449 11.9452 11.0530 10.6592  9.6917  9.2405  9.0737  8.7560  8.2631  8.2357  7.9206
  40  0.318442  3.6103  4.9644 -1.6287 16.5264 14.7192 12.6039 11.8086 10.9335 10.5428  9.5880  9.1416  8.9763  8.6612  8.1724  8.1452  7.8328
  41  0.326723  3.6123  4.9528 -1.5980 16.3779 14.5626 12.4796 11.6882 10.8293 10.4418  9.4987  9.0569  8.8930  8.5803  8.0951  8.0682  7.7581
  42  0.335073  3.6145  4.9402 -1.5657 16.2261 14.4011 12.3495 11.5617 10.7190 10.3346  9.4039  8.9669  8.8044  8.4943  8.0134  7.9869  7.6795
  43  0.343008  3.6168  4.9274 -1.5335 16.0744 14.2388 12.2176 11.4331 10.6068 10.2258  9.3080  8.8759  8.7150  8.4076  7.9317  7.9056  7.6011
  44  0.349443  3.6188  4.9161 -1.5061 15.9478 14.1054 12.1069 11.3251 10.5125 10.1342  9.2270  8.7992  8.6395  8.3346  7.8625  7.8367  7.5347
  45  0.356961  3.6211  4.9032 -1.4749 15.8040 13.9551 11.9804 11.2011 10.4045 10.0291  9.1341  8.7113  8.5530  8.2510  7.7834  7.7579  7.4589
  46  0.366814  3.6245  4.8876 -1.4338 15.6120 13.7537 11.8093 11.0332 10.2590  9.8880  9.0099  8.5942  8.4380  8.1401  7.6792  7.6542  7.3596
  47  0.377752  3.6289  4.8707 -1.3867 15.3884 13.5184 11.6068 10.8336 10.0872  9.7217  8.8645  8.4579  8.3043  8.0118  7.5595  7.5353  7.2463
  48  0.389238  3.6341  4.8535 -1.3356 15.1380 13.2545 11.3775 10.6074  9.8952  9.5361  8.7034  8.3078  8.1572  7.8715  7.4297  7.4062  7.1244
  49  0.399463  3.6392  4.8383 -1.2890 14.8972 13.0006 11.1582 10.3913  9.7152  9.3624  8.5537  8.1688  8.0214  7.7425  7.3112  7.2884  7.0138
  50  0.407400  3.6434  4.8267 -1.2514 14.6930 12.7867 10.9748 10.2113  9.5680  9.2208  8.4322  8.0565  7.9117  7.6385  7.2160  7.1940  6.9254
  51  0.414610  3.6479  4.8164 -1.2161 14.4875 12.5736 10.7941 10.0352  9.4277  9.0860  8.3170  7.9501  7.8082  7.5405  7.1267  7.1053  6.8425
  52  0.419054  3.6507  4.8103 -1.1938 14.3519 12.4340 10.6763  9.9208  9.3380  9.0000  8.2437  7.8828  7.7426  7.4785  7.0703  7.0494  6.7905
  53  0.423350  3.6537  4.8046 -1.1720 14.2153 12.2938 10.5583  9.8068  9.2495  8.9151  8.1717  7.8165  7.6782  7.4178  7.0152  6.9947  6.7397
  54  0.427535  3.6567  4.7993 -1.1504 14.0763 12.1518 10.4391  9.6919  9.1613  8.8309  8.1003  7.7509  7.6145  7.3578  6.9609  6.9409  6.6900
  55  0.431655  3.6596  4.7940 -1.1292 13.9366 12.0106 10.3209  9.5786  9.0749  8.7484  8.0302  7.6867  7.5521  7.2989  6.9076  6.8880  6.6410
  56  0.435741  3.6627  4.7891 -1.1080 13.7885 11.8630 10.1993  9.4624  8.9879  8.6654  7.9599  7.6221  7.4895  7.2399  6.8542  6.8351  6.5923
  57  0.439796  3.6656  4.7841 -1.0869 13.6372 11.7144 10.0784  9.3474  8.9025  8.5841  7.8910  7.5587  7.4279  7.1818  6.8016  6.7829  6.5441
  58  0.443852  3.6688  4.7794 -1.0658 13.4764 11.5594  9.9539  9.2296  8.8163  8.5023  7.8216  7.4948  7.3661  7.1234  6.7487  6.7304  6.4957
  59  0.447931  3.6718  4.7745 -1.0447 13.3129 11.4052  9.8302  9.1133  8.7316  8.4218  7.7531  7.4316  7.3048  7.0654  6.6959  6.6781  6.4473
  60  0.452047  3.6750  4.7698 -1.0233 13.1411 11.2471  9.7036  8.9952  8.6465  8.3410  7.6841  7.3680  7.2430  7.0068  6.6426  6.6251  6.3984
  61  0.456210  3.6782  4.7650 -1.0016 12.9638 11.0872  9.5759  8.8769  8.5616  8.2605  7.6153  7.3041  7.1810  6.9480  6.5888  6.5718  6.3490
  62  0.460421  3.6816  4.7604 -0.9796 12.7751 10.9211  9.4436  8.7549  8.4753  8.1786  7.5454  7.2392  7.1181  6.8882  6.5340  6.5174  6.2988
  63  0.464676  3.6850  4.7557 -0.9572 12.5797 10.7523  9.3093  8.6318  8.3885  8.0967  7.4751  7.1739  7.0546  6.8279  6.4788  6.4626  6.2481
  64  0.468954  3.6885  4.7512 -0.9346 12.3771 10.5805  9.1728  8.5072  8.3010  8.0143  7.4044  7.1081  6.9906  6.7671  6.4231  6.4074  6.1970
  65  0.473236  3.6921  4.7466 -0.9118 12.1734 10.4103  9.0373  8.3838  8.2144  7.9327  7.3342  7.0426  6.9269  6.7063  6.3675  6.3522  6.1458
  66  0.477511  3.6957  4.7420 -0.8891 11.9694 10.2418  8.9030  8.2616  8.1282  7.8517  7.2647  6.9775  6.8635  6.6457  6.3120  6.2971  6.0949
  67  0.481753  3.6992  4.7372 -0.8664 11.7671 10.0763  8.7708  8.1414  8.0433  7.7719  7.1960  6.9132  6.8008  6.5860  6.2573  6.2428  6.0445
  68  0.485926  3.7026  4.7324 -0.8440 11.5674  9.9143  8.6410  8.0237  7.9598  7.6938  7.1288  6.8504  6.7395  6.5276  6.2037  6.1897  5.9953
  69  0.489997  3.7060  4.7277 -0.8222 11.3728  9.7575  8.5150  7.9096  7.8791  7.6181  7.0635  6.7892  6.6799  6.4709  6.1517  6.1381  5.9475
  70  0.493938  3.7092  4.7228 -0.8010 11.1885  9.6094  8.3955  7.8017  7.8022  7.5462  7.0013  6.7309  6.6229  6.4164  6.1015  6.0882  5.9012
  71  0.497717  3.7123  4.7181 -0.7806 11.0107  9.4674  8.2810  7.6985  7.7289  7.4775  6.9418  6.6749  6.5682  6.3642  6.0533  6.0403  5.8567
  72  0.501314  3.7151  4.7132 -0.7612 10.8477  9.3371  8.1755  7.6035  7.6606  7.4135  6.8862  6.6224  6.5169  6.3150  6.0076  5.9950  5.8143
  73  0.504722  3.7180  4.7088 -0.7425 10.6884  9.2104  8.0732  7.5115  7.5945  7.3518  6.8327  6.5720  6.4675  6.2678  5.9641  5.9518  5.7739
  74  0.507950  3.7205  4.7040 -0.7248 10.5442  9.0957  7.9800  7.4275  7.5334  7.2946  6.7827  6.5249  6.4214  6.2235  5.9229  5.9109  5.7357
  75  0.511018  3.7231  4.6997 -0.7077 10.3993  8.9809  7.8877  7.3447  7.4733  7.2385  6.7341  6.4791  6.3765  6.1807  5.8833  5.8715  5.6989
  76  0.513941  3.7254  4.6951 -0.6914 10.2684  8.8771  7.8038  7.2693  7.4177  7.1865  6.6886  6.4361  6.3344  6.1402  5.8457  5.8342  5.6638
  77  0.516733  3.7278  4.6910 -0.6754 10.1357  8.7723  7.7200  7.1942  7.3627  7.1351  6.6439  6.3939  6.2931  6.1007  5.8091  5.7978  5.6299
  78  0.519409  3.7299  4.6865 -0.6601 10.0136  8.6757  7.6423  7.1244  7.3108  7.0866  6.6016  6.3538  6.2539  6.0631  5.7741  5.7630  5.5973
  79  0.521983  3.7320  4.6820 -0.6453  9.8969  8.5832  7.5677  7.0575  7.2608  7.0398  6.5606  6.3150  6.2158  6.0266  5.7402  5.7293  5.5656
  80  0.524472  3.7340  4.6778 -0.6306  9.7811  8.4915  7.4938  6.9912  7.2116  6.9936  6.5203  6.2769  6.1785  5.9908  5.7069  5.6963  5.5346
  81  0.526882  3.7359  4.6733 -0.6164  9.6747  8.4069  7.4249  6.9293  7.1648  6.9498  6.4817  6.2403  6.1426  5.9563  5.6747  5.6643  5.5044
  82  0.530214  3.7386  4.6669 -0.5965  9.5255  8.2881  7.3284  6.8427  7.0993  6.8882  6.4275  6.1890  6.0922  5.9080  5.6297  5.6195  5.4623
  83  0.533553  3.7414  4.6603 -0.5763  9.3778  8.1701  7.2329  6.7569  7.0334  6.8263  6.3730  6.1372  6.0414  5.8592  5.5842  5.5742  5.4197
  84  0.536924  3.7441  4.6534 -0.5557  9.2317  8.0529  7.1383  6.6720  6.9672  6.7637  6.3177  6.0847  5.9899  5.8097  5.5378  5.5282  5.3762
  85  0.540346  3.7468  4.6459 -0.5347  9.0872  7.9365  7.0442  6.5875  6.9003  6.7005  6.2616  6.0315  5.9377  5.7595  5.4908  5.4814  5.3319
  86  0.543834  3.7495  4.6381 -0.5133  8.9417  7.8191  6.9489  6.5016  6.8317  6.6357  6.2043  5.9771  5.8844  5.7083  5.4430  5.4339  5.2871
  87  0.547398  3.7522  4.6299 -0.4914  8.7964  7.7013  6.8529  6.4150  6.7618  6.5695  6.1456  5.9216  5.8299  5.6561  5.3943  5.3855  5.2413
  88  0.551033  3.7549  4.6210 -0.4688  8.6520  7.5838  6.7572  6.3287  6.6911  6.5023  6.0858  5.8649  5.7743  5.6027  5.3444  5.3358  5.1941
  89  0.554722  3.7576  4.6116 -0.4458  8.5094  7.4674  6.6626  6.2435  6.6202  6.4348  6.0253  5.8072  5.7176  5.5480  5.2930  5.2846  5.1456
  90  0.558430  3.7602  4.6018 -0.4225  8.3694  7.3527  6.5698  6.1597  6.5494  6.3673  5.9643  5.7489  5.6603  5.4926  5.2406  5.2325  5.0958
  91  0.562142  3.7629  4.5916 -0.3989  8.2310  7.2389  6.4777  6.0767  6.4784  6.2994  5.9027  5.6899  5.6023  5.4365  5.1875  5.1797  5.0454
  92  0.565840  3.7654  4.5810 -0.3751  8.0956  7.1272  6.3869  5.9949  6.4073  6.2313  5.8409  5.6307  5.5440  5.3800  5.1341  5.1264  4.9945
  93  0.569510  3.7680  4.5699 -0.3511  7.9633  7.0175  6.2975  5.9141  6.3363  6.1632  5.7788  5.5711  5.4853  5.3232  5.0801  5.0727  4.9431
  94  0.573135  3.7705  4.5585 -0.3271  7.8337  6.9097  6.2094  5.8344  6.2656  6.0953  5.7165  5.5113  5.4264  5.2662  5.0260  5.0187  4.8914
  95  0.576702  3.7728  4.5470 -0.3031  7.7068  6.8038  6.1225  5.7559  6.1952  6.0274  5.6545  5.4517  5.3676  5.2091  4.9717  4.9647  4.8396
  96  0.580193  3.7753  4.5352 -0.2791  7.5827  6.6999  6.0371  5.6786  6.1252  5.9600  5.5925  5.3920  5.3090  5.1522  4.9176  4.9108  4.7879
  97  0.583601  3.7776  4.5231 -0.2551  7.4619  6.5982  5.9532  5.6026  6.0556  5.8930  5.5307  5.3327  5.2505  5.0954  4.8636  4.8569  4.7361
  98  0.586912  3.7799  4.5109 -0.2313  7.3442  6.4988  5.8710  5.5281  5.9870  5.8266  5.4695  5.2737  5.1923  5.0389  4.8097  4.8034  4.6846
  99  0.590119  3.7821  4.4984 -0.2076  7.2307  6.4026  5.7910  5.4552  5.9190  5.7608  5.4086  5.2151  5.1345  4.9827  4.7560  4.7499  4.6330
 100  0.593215  3.7843  4.4856 -0.1841  7.1206  6.3088  5.7128  5.3840  5.8519  5.6959  5.3483  5.1569  5.0771  4.9269  4.7027  4.6967  4.5818
 101  0.596199  3.7864  4.4727 -0.1607  7.0136  6.2175  5.6364  5.3144  5.7856  5.6316  5.2885  5.0993  5.0202  4.8716  4.6497  4.6439  4.5308
 102  0.599069  3.7883  4.4596 -0.1376  6.9102  6.1290  5.5621  5.2464  5.7201  5.5682  5.2293  5.0420  4.9637  4.8165  4.5970  4.5913  4.4800
 103  0.601827  3.7902  4.4463 -0.1147  6.8104  6.0432  5.4898  5.1800  5.6556  5.5054  5.1705  4.9852  4.9078  4.7619  4.5446  4.5391  4.4294
 104  0.604479  3.7921  4.4328 -0.0920  6.7141  5.9601  5.4194  5.1152  5.5920  5.4436  5.1124  4.9290  4.8521  4.7076  4.4924  4.4871  4.3790
 105  0.607034  3.7937  4.4190 -0.0695  6.6210  5.8795  5.3505  5.0520  5.5292  5.3825  5.0549  4.8731  4.7970  4.6538  4.4406  4.4354  4.3289
 106  0.609494  3.7954  4.4049 -0.0472  6.5311  5.8013  5.2834  4.9900  5.4673  5.3220  4.9979  4.8178  4.7423  4.6003  4.3890  4.3840  4.2789
 107  0.611867  3.7970  4.3908 -0.0250  6.4440  5.7253  5.2175  4.9292  5.4062  5.2623  4.9416  4.7631  4.6880  4.5473  4.3378  4.3329  4.2291
 108  0.614156  3.7984  4.3763 -0.0031  6.3590  5.6507  5.1526  4.8693  5.3457  5.2034  4.8858  4.7088  4.6344  4.4948  4.2871  4.2823  4.1798
 109  0.616369  3.7998  4.3616  0.0186  6.2764  5.5780  5.0889  4.8104  5.2860  5.1450  4.8305  4.6550  4.5812  4.4427  4.2368  4.2319  4.1308
 110  0.618511  3.8010  4.3467  0.0401  6.1960  5.5069  5.0263  4.7522  5.2269  5.0872  4.7758  4.6018  4.5286  4.3911  4.1867  4.1820  4.0820
 111  0.620591  3.8022  4.3315  0.0615  6.1181  5.4379  4.9651  4.6952  5.1685  5.0301  4.7215  4.5489  4.4761  4.3397  4.1368  4.1323  4.0333
 112  0.621243  3.8026  4.3267  0.0683  6.0939  5.4163  4.9460  4.6774  5.1501  5.0121  4.7043  4.5321  4.4596  4.3234  4.1210  4.1165  4.0178
 113  0.621894  3.8030  4.3217  0.0752  6.0695  5.3946  4.9266  4.6593  5.1314  4.9938  4.6869  4.5151  4.4427  4.3069  4.1049  4.1004  4.0021
 114  0.622542  3.8033  4.3168  0.0820  6.0454  5.3731  4.9074  4.6413  5.1129  4.9756  4.6696  4.4982  4.4259  4.2904  4.0889  4.0844  3.9864
 115  0.623190  3.8037  4.3118  0.0890  6.0203  5.3507  4.8877  4.6228  5.0938  4.9569  4.6517  4.4807  4.4086  4.2734  4.0725  4.0680  3.9703
 116  0.623834  3.8041  4.3067  0.0960  5.9958  5.3289  4.8681  4.6045  5.0748  4.9383  4.6340  4.4635  4.3915  4.2566  4.0561  4.0517  3.9543
 117  0.624475  3.8045  4.3017  0.1031  5.9703  5.3062  4.8481  4.5858  5.0554  4.9194  4.6159  4.4458  4.3741  4.2395  4.0396  4.0351  3.9381
 118  0.625112  3.8049  4.2967  0.1103  5.9436  5.2827  4.8274  4.5666  5.0355  4.8998  4.5974  4.4278  4.3562  4.2220  4.0227  4.0182  3.9217
 119  0.625747  3.8055  4.2918  0.1176  5.9170  5.2592  4.8068  4.5475  5.0154  4.8803  4.5789  4.4098  4.3384  4.2046  4.0057  4.0014  3.9052
 120  0.626377  3.8059  4.2869  0.1250  5.8891  5.2348  4.7855  4.5277  4.9949  4.8602  4.5599  4.3913  4.3202  4.1867  3.9885  3.9842  3.8885
 121  0.627005  3.8064  4.2818  0.1325  5.8617  5.2106  4.7644  4.5081  4.9743  4.8400  4.5406  4.3727  4.3017  4.1688  3.9711  3.9668  3.8716
 122  0.627629  3.8069  4.2767  0.1400  5.8343  5.1865  4.7431  4.4883  4.9535  4.8197  4.5213  4.3538  4.2831  4.1504  3.9534  3.9492  3.8543
 123  0.628251  3.8074  4.2714  0.1477  5.8076  5.1627  4.7221  4.4687  4.9326  4.7992  4.5018  4.3347  4.2642  4.1319  3.9354  3.9312  3.8368
 124  0.628867  3.8078  4.2655  0.1555  5.7815  5.1393  4.7010  4.4489  4.9116  4.7786  4.4820  4.3153  4.2448  4.1129  3.9170  3.9128  3.8187
 125  0.629478  3.8081  4.2594  0.1634  5.7561  5.1163  4.6802  4.4290  4.8906  4.7578  4.4618  4.2956  4.2253  4.0936  3.8980  3.8939  3.8001
 126  0.630082  3.8084  4.2530  0.1713  5.7316  5.0937  4.6594  4.4092  4.8693  4.7368  4.4414  4.2756  4.2053  4.0739  3.8787  3.8746  3.7810
 127  0.630681  3.8087  4.2462  0.1795  5.7072  5.0713  4.6384  4.3891  4.8479  4.7157  4.4208  4.2551  4.1851  4.0537  3.8589  3.8548  3.7615
 128  0.631274  3.8089  4.2394  0.1877  5.6828  5.0486  4.6174  4.3688  4.8263  4.6942  4.3999  4.2345  4.1645  4.0334  3.8389  3.8347  3.7416
 129  0.631864  3.8091  4.2323  0.1960  5.6586  5.0260  4.5963  4.3484  4.8044  4.6727  4.3788  4.2136  4.1437  4.0128  3.8186  3.8145  3.7216
 130  0.632450  3.8093  4.2251  0.2044  5.6345  5.0035  4.5751  4.3280  4.7826  4.6510  4.3576  4.1926  4.1228  3.9920  3.7981  3.7940  3.7013
 131  0.633030  3.8095  4.2177  0.2129  5.6108  4.9811  4.5540  4.3074  4.7606  4.6292  4.3362  4.1713  4.1016  3.9710  3.7773  3.7733  3.6805
 132  0.633606  3.8096  4.2102  0.2214  5.5870  4.9586  4.5327  4.2868  4.7383  4.6072  4.3144  4.1499  4.0803  3.9497  3.7563  3.7522  3.6597
 133  0.634176  3.8097  4.2025  0.2301  5.5634  4.9363  4.5112  4.2659  4.7160  4.5849  4.2927  4.1283  4.0586  3.9282  3.7350  3.7309  3.6385
 134  0.634739  3.8098  4.1944  0.2387  5.5405  4.9143  4.4900  4.2451  4.6936  4.5626  4.2706  4.1063  4.0367  3.9064  3.7133  3.7092  3.6169
 135  0.635296  3.8098  4.1860  0.2476  5.5183  4.8926  4.4688  4.2241  4.6711  4.5403  4.2482  4.0841  4.0145  3.8843  3.6913  3.6872  3.5947
 136  0.635844  3.8097  4.1773  0.2565  5.4964  4.8712  4.4475  4.2031  4.6485  4.5176  4.2258  4.0616  3.9920  3.8618  3.6688  3.6647  3.5723
 137  0.636386  3.8097  4.1684  0.2655  5.4748  4.8497  4.4263  4.1819  4.6257  4.4949  4.2030  4.0388  3.9693  3.8390  3.6460  3.6420  3.5495
 138  0.636919  3.8096  4.1592  0.2746  5.4538  4.8287  4.4050  4.1606  4.6028  4.4720  4.1800  4.0158  3.9463  3.8160  3.6228  3.6188  3.5263
 139  0.637445  3.8095  4.1498  0.2839  5.4332  4.8078  4.3838  4.1392  4.5798  4.4489  4.1569  3.9926  3.9230  3.7927  3.5994  3.5953  3.5026
 140  0.637961  3.8093  4.1400  0.2932  5.4133  4.7872  4.3626  4.1177  4.5568  4.4258  4.1335  3.9690  3.8994  3.7690  3.5755  3.5715  3.4786
 141  0.638469  3.8090  4.1299  0.3027  5.3938  4.7669  4.3415  4.0962  4.5336  4.4025  4.1099  3.9453  3.8755  3.7450  3.5513  3.5473  3.4541
 142  0.638968  3.8087  4.1196  0.3122  5.3750  4.7470  4.3204  4.0746  4.5104  4.3791  4.0862  3.9213  3.8515  3.7207  3.5268  3.5226  3.4292
 143  0.639454  3.8083  4.1088  0.3218  5.3569  4.7274  4.2994  4.0530  4.4872  4.3556  4.0622  3.8970  3.8271  3.6961  3.5018  3.4976  3.4038
 144  0.639932  3.8079  4.0977  0.3315  5.3396  4.7082  4.2785  4.0313  4.4639  4.3321  4.0380  3.8725  3.8025  3.6711  3.4765  3.4722  3.3780
 145  0.640397  3.8074  4.0862  0.3413  5.3232  4.6897  4.2578  4.0097  4.4406  4.3085  4.0136  3.8477  3.7775  3.6459  3.4507  3.4464  3.3518
 146  0.640851  3.8069  4.0743  0.3512  5.3077  4.6716  4.2372  3.9879  4.4173  4.2848  3.9891  3.8227  3.7524  3.6204  3.4246  3.4201  3.3251
 147  0.641294  3.8062  4.0620  0.3612  5.2931  4.6540  4.2169  3.9664  4.3941  4.2612  3.9645  3.7975  3.7270  3.5945  3.3980  3.3936  3.2979
 148  0.641724  3.8055  4.0492  0.3713  5.2801  4.6374  4.1971  3.9449  4.3709  4.2375  3.9397  3.7721  3.7013  3.5683  3.3710  3.3666  3.2702
 149  0.642140  3.8046  4.0360  0.3814  5.2682  4.6215  4.1773  3.9235  4.3479  4.2139  3.9147  3.7464  3.6754  3.5419  3.3436  3.3391  3.2420
 150  0.642545  3.8037  4.0224  0.3916  5.2577  4.6065  4.1581  3.9021  4.3250  4.1903  3.8897  3.7206  3.6492  3.5152  3.3160  3.3114  3.2134
 151  0.642936  3.8027  4.0083  0.4020  5.2494  4.5927  4.1394  3.8811  4.3023  4.1670  3.8646  3.6946  3.6229  3.4882  3.2877  3.2831  3.1842
 152  0.643314  3.8015  3.9935  0.4123  5.2430  4.5803  4.1213  3.8604  4.2800  4.1437  3.8395  3.6685  3.5964  3.4609  3.2592  3.2544  3.1545
 153  0.643678  3.8002  3.9781  0.4227  5.2390  4.5694  4.1040  3.8401  4.2580  4.1208  3.8145  3.6423  3.5698  3.4333  3.2303  3.2254  3.1243
 154  0.644029  3.7988  3.9622  0.4331  5.2370  4.5598  4.0874  3.8201  4.2363  4.0981  3.7894  3.6160  3.5430  3.4056  3.2010  3.1961  3.0937
 155  0.644366  3.7972  3.9457  0.4437  5.2382  4.5521  4.0718  3.8008  4.2151  4.0757  3.7643  3.5896  3.5161  3.3776  3.1714  3.1663  3.0625
 156  0.644691  3.7955  3.9287  0.4542  5.2413  4.5459  4.0568  3.7818  4.1942  4.0536  3.7394  3.5632  3.4891  3.3495  3.1414  3.1361  3.0308
 157  0.645002  3.7938  3.9111  0.4648  5.2475  4.5416  4.0430  3.7635  4.1738  4.0318  3.7144  3.5366  3.4619  3.3212  3.1111  3.1057  2.9988
 158  0.645301  3.7918  3.8932  0.4753  5.2560  4.5389  4.0300  3.7458  4.1538  4.0102  3.6895  3.5101  3.4347  3.2927  3.0805  3.0749  2.9663
 159  0.645589  3.7899  3.8750  0.4860  5.2671  4.5379  4.0178  3.7285  4.1341  3.9889  3.6646  3.4834  3.4074  3.2639  3.0495  3.0438  2.9335
 160  0.645864  3.7879  3.8564  0.4966  5.2820  4.5394  4.0071  3.7120  4.1151  3.9681  3.6398  3.4565  3.3798  3.2349  3.0182  3.0123  2.9001
 161  0.646127  3.7854  3.8361  0.5072  5.3081  4.5483  4.0004  3.6982  4.0982  3.9488  3.6156  3.4299  3.3522  3.2054  2.9857  2.9797  2.8652
 162  0.646363  3.7823  3.8138  0.5170  5.3498  4.5682  4.0006  3.6893  4.0854  3.9332  3.5939  3.4051  3.3263  3.1772  2.9539  2.9475  2.8303
 163  0.646597  3.7791  3.7913  0.5272  5.3904  4.5875  4.0007  3.6806  4.0719  3.9170  3.5715  3.3798  3.2999  3.1487  2.9218  2.9152  2.7951
 164  0.646829  3.7760  3.7685  0.5376  5.4334  4.6085  4.0021  3.6733  4.0584  3.9006  3.5487  3.3539  3.2729  3.1192  2.8887  2.8819  2.7589
 165  0.647057  3.7729  3.7454  0.5483  5.4808  4.6325  4.0054  3.6674  4.0453  3.8842  3.5252  3.3270  3.2448  3.0887  2.8544  2.8473  2.7214
 166  0.647283  3.7703  3.7241  0.5594  5.5160  4.6479  4.0034  3.6578  4.0290  3.8651  3.5003  3.2993  3.2161  3.0581  2.8206  2.8132  2.6849
 167  0.647506  3.7681  3.7040  0.5709  5.5406  4.6558  3.9965  3.6445  4.0096  3.8435  3.4740  3.2709  3.1869  3.0272  2.7872  2.7796  2.6493
 168  0.647725  3.7661  3.6844  0.5828  5.5605  4.6600  3.9870  3.6292  3.9884  3.8203  3.4466  3.2416  3.1569  2.9959  2.7535  2.7458  2.6136
 169  0.647938  3.7641  3.6644  0.5951  5.5798  4.6636  3.9767  3.6132  3.9663  3.7962  3.4183  3.2114  3.1261  2.9636  2.7190  2.7110  2.5770
 170  0.648146  3.7622  3.6439  0.6077  5.5993  4.6671  3.9661  3.5968  3.9433  3.7712  3.3892  3.1803  3.0943  2.9304  2.6835  2.6754  2.5394
 171  0.648347  3.7602  3.6231  0.6209  5.6176  4.6694  3.9544  3.5794  3.9191  3.7449  3.3588  3.1481  3.0615  2.8962  2.6471  2.6388  2.5011
 172  0.648542  3.7584  3.6024  0.6344  5.6337  4.6699  3.9413  3.5607  3.8938  3.7175  3.3274  3.1150  3.0277  2.8612  2.6098  2.6014  2.4619
 173  0.648731  3.7566  3.5814  0.6484  5.6467  4.6680  3.9265  3.5407  3.8669  3.6888  3.2949  3.0808  2.9930  2.8251  2.5718  2.5632  2.4221
 174  0.648913  3.7550  3.5608  0.6626  5.6563  4.6634  3.9098  3.5191  3.8387  3.6589  3.2614  3.0457  2.9574  2.7884  2.5332  2.5244  2.3818
 175  0.649089  3.7535  3.5403  0.6773  5.6619  4.6558  3.8909  3.4958  3.8090  3.6275  3.2268  3.0098  2.9210  2.7510  2.4941  2.4852  2.3410
 176  0.649259  3.7521  3.5200  0.6922  5.6635  4.6452  3.8700  3.4708  3.7781  3.5950  3.1915  2.9731  2.8839  2.7130  2.4545  2.4455  2.3001
 177  0.649425  3.7508  3.5000  0.7073  5.6619  4.6323  3.8475  3.4448  3.7461  3.5616  3.1554  2.9359  2.8463  2.6744  2.4146  2.4054  2.2588
 178  0.649586  3.7497  3.4799  0.7227  5.6590  4.6184  3.8244  3.4181  3.7137  3.5278  3.1188  2.8982  2.8081  2.6355  2.3742  2.3649  2.2171
 179  0.649743  3.7486  3.4602  0.7382  5.6534  4.6024  3.8001  3.3906  3.6805  3.4933  3.0817  2.8600  2.7696  2.5961  2.3336  2.3242  2.1752
 180  0.649898  3.7476  3.4406  0.7538  5.6452  4.5847  3.7748  3.3623  3.6466  3.4582  3.0443  2.8215  2.7307  2.5566  2.2927  2.2832  2.1333
 181  0.650048  3.7466  3.4212  0.7695  5.6349  4.5655  3.7485  3.3333  3.6123  3.4227  3.0065  2.7827  2.6915  2.5166  2.2516  2.2420  2.0911
 182  0.650180  3.7458  3.4044  0.7834  5.6243  4.5476  3.7247  3.3073  3.5818  3.3912  2.9731  2.7484  2.6570  2.4814  2.2154  2.2058  2.0541
 183  0.650310  3.7452  3.3875  0.7973  5.6125  4.5286  3.7002  3.2807  3.5507  3.3592  2.9392  2.7137  2.6221  2.4458  2.1789  2.1692  2.0168
 184  0.650440  3.7444  3.3705  0.8116  5.5993  4.5086  3.6748  3.2533  3.5189  3.3266  2.9048  2.6786  2.5866  2.4099  2.1421  2.1322  1.9791
 185  0.650570  3.7437  3.3537  0.8259  5.5850  4.4877  3.6488  3.2254  3.4868  3.2936  2.8702  2.6432  2.5509  2.3737  2.1050  2.0952  1.9414
 186  0.650699  3.7431  3.3369  0.8403  5.5691  4.4657  3.6219  3.1968  3.4541  3.2601  2.8351  2.6075  2.5150  2.3373  2.0678  2.0579  1.9035
 187  0.650829  3.7425  3.3201  0.8549  5.5521  4.4428  3.5945  3.1677  3.4210  3.2262  2.7998  2.5716  2.4789  2.3007  2.0305  2.0205  1.8656
 188  0.650956  3.7419  3.3032  0.8695  5.5350  4.4196  3.5667  3.1381  3.3875  3.1920  2.7641  2.5353  2.4424  2.2637  1.9928  1.9828  1.8271
 189  0.651084  3.7414  3.2860  0.8844  5.5169  4.3956  3.5381  3.1080  3.3534  3.1572  2.7279  2.4985  2.4055  2.2263  1.9547  1.9445  1.7884
 190  0.651211  3.7409  3.2689  0.8994  5.4974  4.3705  3.5088  3.0771  3.3186  3.1217  2.6913  2.4612  2.3680  2.1885  1.9162  1.9060  1.7493
 191  0.651338  3.7403  3.2515  0.9147  5.4775  4.3450  3.4788  3.0456  3.2833  3.0857  2.6539  2.4233  2.3299  2.1501  1.8771  1.8668  1.7096
 192  0.651463  3.7398  3.2341  0.9301  5.4568  4.3186  3.4482  3.0136  3.2474  3.0492  2.6162  2.3851  2.2916  2.1113  1.8377  1.8274  1.6696
 193  0.651587  3.7393  3.2164  0.9459  5.4354  4.2916  3.4169  2.9808  3.2107  3.0119  2.5778  2.3462  2.2525  2.0718  1.7976  1.7873  1.6290
 194  0.651710  3.7387  3.1983  0.9618  5.4138  4.2642  3.3851  2.9473  3.1734  2.9739  2.5386  2.3066  2.2127  2.0316  1.7568  1.7464  1.5875
 195  0.651833  3.7382  3.1799  0.9782  5.3916  4.2361  3.3526  2.9133  3.1354  2.9352  2.4988  2.2662  2.1722  1.9908  1.7153  1.7049  1.5455
 196  0.651954  3.7377  3.1617  0.9946  5.3674  4.2066  3.3191  2.8785  3.0968  2.8960  2.4586  2.2256  2.1315  1.9497  1.6737  1.6633  1.5033
 197  0.652074  3.7372  3.1430  1.0113  5.3437  4.1771  3.2853  2.8431  3.0575  2.8561  2.4176  2.1842  2.0899  1.9078  1.6312  1.6207  1.4603
 198  0.652191  3.7367  3.1236  1.0286  5.3196  4.1468  3.2503  2.8066  3.0168  2.8148  2.3751  2.1412  2.0467  1.8643  1.5871  1.5766  1.4156
 199  0.652304  3.7361  3.1036  1.0467  5.2939  4.1150  3.2138  2.7686  2.9746  2.7719  2.3311  2.0967  2.0021  1.8193  1.5415  1.5309  1.3694
 200  0.652415  3.7356  3.0830  1.0652  5.2679  4.0825  3.1763  2.7295  2.9311  2.7277  2.2858  2.0509  1.9561  1.7729  1.4946  1.4839  1.3217
 201  0.652523  3.7350  3.0617  1.0843  5.2418  4.0494  3.1380  2.6895  2.8865  2.6824  2.2392  2.0038  1.9089  1.7253  1.4463  1.4355  1.2729
 202  0.652628  3.7345  3.0400  1.1037  5.2147  4.0155  3.0988  2.6485  2.8408  2.6361  2.1916  1.9557  1.8606  1.6767  1.3969  1.3861  1.2228
 203  0.652730  3.7338  3.0178  1.1235  5.1880  3.9813  3.0590  2.6069  2.7942  2.5887  2.1429  1.9065  1.8112  1.6269  1.3464  1.3356  1.1716
 204  0.652830  3.7332  2.9952  1.1438  5.1602  3.9461  3.0182  2.5644  2.7467  2.5405  2.0934  1.8564  1.7609  1.5763  1.2951  1.2842  1.1197
 205  0.652927  3.7325  2.9719  1.1645  5.1346  3.9121  2.9778  2.5219  2.6987  2.4916  2.0430  1.8054  1.7098  1.5246  1.2427  1.2317  1.0664
 206  0.653021  3.7318  2.9482  1.1855  5.1087  3.8775  2.9367  2.4786  2.6499  2.4419  1.9917  1.7535  1.6577  1.4720  1.1893  1.1782  1.0123
 207  0.653113  3.7312  2.9241  1.2069  5.0832  3.8430  2.8952  2.4349  2.6004  2.3914  1.9397  1.7008  1.6047  1.4187  1.1350  1.1239  0.9572
 208  0.653201  3.7304  2.8996  1.2286  5.0581  3.8083  2.8534  2.3908  2.5502  2.3403  1.8869  1.6473  1.5510  1.3644  1.0799  1.0687  0.9012
 209  0.653286  3.7297  2.8746  1.2506  5.0338  3.7740  2.8114  2.3463  2.4996  2.2885  1.8332  1.5929  1.4964  1.3093  1.0238  1.0125  0.8443
 210  0.653370  3.7290  2.8494  1.2729  5.0088  3.7389  2.7688  2.3012  2.4481  2.2361  1.7789  1.5378  1.4410  1.2534  0.9672  0.9557  0.7867
 211  0.653450  3.7281  2.8238  1.2955  4.9852  3.7044  2.7261  2.2560  2.3964  2.1831  1.7239  1.4821  1.3851  1.1967  0.9095  0.8980  0.7282
 212  0.653527  3.7274  2.7978  1.3184  4.9618  3.6701  2.6833  2.2103  2.3440  2.1296  1.6683  1.4256  1.3283  1.1395  0.8512  0.8396  0.6690
 213  0.653601  3.7266  2.7715  1.3416  4.9390  3.6358  2.6402  2.1645  2.2912  2.0756  1.6121  1.3685  1.2710  1.0815  0.7922  0.7805  0.6090
 214  0.653673  3.7258  2.7449  1.3649  4.9168  3.6018  2.5971  2.1184  2.2381  2.0211  1.5554  1.3109  1.2130  1.0228  0.7325  0.7208  0.5483
 215  0.653743  3.7250  2.7180  1.3886  4.8949  3.5677  2.5538  2.0720  2.1845  1.9662  1.4981  1.2526  1.1545  0.9637  0.6722  0.6604  0.4872
 216  0.653809  3.7241  2.6909  1.4124  4.8737  3.5341  2.5105  2.0255  2.1306  1.9110  1.4403  1.1939  1.0954  0.9039  0.6114  0.5994  0.4253
 217  0.653820  3.7239  2.6861  1.4165  4.8701  3.5283  2.5030  2.0176  2.1212  1.9015  1.4304  1.1838  1.0852  0.8936  0.6009  0.5889  0.4146
 218  0.653831  3.7238  2.6814  1.4206  4.8666  3.5226  2.4956  2.0096  2.1119  1.8918  1.4203  1.1735  1.0750  0.8832  0.5903  0.5783  0.4039
 219  0.653842  3.7236  2.6767  1.4248  4.8625  3.5165  2.4878  2.0014  2.1025  1.8821  1.4102  1.1633  1.0646  0.8728  0.5797  0.5677  0.3931
 220  0.653853  3.7235  2.6719  1.4291  4.8591  3.5108  2.4804  1.9933  2.0930  1.8724  1.4000  1.1530  1.0543  0.8623  0.5690  0.5570  0.3822
 221  0.653864  3.7233  2.6671  1.4332  4.8556  3.5049  2.4728  1.9852  2.0836  1.8627  1.3899  1.1427  1.0439  0.8518  0.5583  0.5463  0.3713
 222  0.653875  3.7232  2.6623  1.4374  4.8520  3.4990  2.4652  1.9770  2.0741  1.8530  1.3797  1.1323  1.0335  0.8412  0.5475  0.5355  0.3604
 223  0.653886  3.7230  2.6575  1.4416  4.8485  3.4932  2.4576  1.9688  2.0645  1.8431  1.3695  1.1219  1.0230  0.8306  0.5368  0.5247  0.3494
 224  0.653897  3.7229  2.6526  1.4459  4.8448  3.4873  2.4499  1.9606  2.0549  1.8333  1.3592  1.1115  1.0125  0.8201  0.5259  0.5139  0.3385
 225  0.653907  3.7228  2.6478  1.4501  4.8411  3.4813  2.4421  1.9523  2.0453  1.8234  1.3489  1.1009  1.0020  0.8093  0.5151  0.5030  0.3274
 226  0.653918  3.7226  2.6429  1.4544  4.8374  3.4753  2.4344  1.9439  2.0356  1.8135  1.3385  1.0904  0.9914  0.7986  0.5042  0.4920  0.3163
 227  0.654027  3.7210  2.5908  1.5001  4.8001  3.4129  2.3523  1.8558  1.9325  1.7077  1.2280  0.9780  0.8784  0.6844  0.3877  0.3754  0.1979
 228  0.654126  3.7194  2.5392  1.5452  4.7664  3.3534  2.2727  1.7698  1.8313  1.6037  1.1192  0.8672  0.7671  0.5717  0.2728  0.2604  0.0811
 229  0.654209  3.7178  2.4910  1.5874  4.7371  3.2992  2.1989  1.6901  1.7370  1.5068  1.0175  0.7639  0.6631  0.4665  0.1656  0.1529 -0.0281
 230  0.654291  3.7161  2.4396  1.6317  4.7163  3.2486  2.1250  1.6091  1.6393  1.4059  0.9113  0.6556  0.5542  0.3562  0.0528  0.0400 -0.1430
 231  0.654364  3.7142  2.3883  1.6759  4.7005  3.2015  2.0532  1.5300  1.5427  1.3060  0.8058  0.5479  0.4458  0.2463 -0.0595 -0.0726 -0.2576
 232  0.654434  3.7124  2.3355  1.7213  4.6884  3.1561  1.9810  1.4501  1.4440  1.2037  0.6974  0.4373  0.3345  0.1333 -0.1751 -0.1883 -0.3755
 233  0.654493  3.7106  2.2853  1.7641  4.6814  3.1169  1.9148  1.3762  1.3516  1.1077  0.5955  0.3332  0.2296  0.0270 -0.2840 -0.2975 -0.4868
 234  0.654550  3.7087  2.2340  1.8080  4.6773  3.0789  1.8482  1.3018  1.2576  1.0098  0.4914  0.2268  0.1226 -0.0817 -0.3955 -0.4091 -0.6006
 235  0.654602  3.7069  2.1844  1.8504  4.6758  3.0432  1.7845  1.2303  1.1668  0.9154  0.3908  0.1239  0.0190 -0.1869 -0.5032 -0.5171 -0.7107
 236  0.654647  3.7051  2.1362  1.8916  4.6774  3.0108  1.7240  1.1619  1.0793  0.8240  0.2934  0.0242 -0.0814 -0.2888 -0.6076 -0.6218 -0.8174
 237  0.654691  3.7033  2.0874  1.9332  4.6822  2.9806  1.6642  1.0940  0.9914  0.7321  0.1951 -0.0765 -0.1829 -0.3918 -0.7133 -0.7277 -0.9253
 238  0.654730  3.7017  2.0414  1.9725  4.6885  2.9534  1.6083  1.0305  0.9086  0.6455  0.1022 -0.1715 -0.2785 -0.4889 -0.8130 -0.8276 -1.0272
 239  0.654765  3.7000  1.9984  2.0092  4.6953  2.9288  1.5565  0.9715  0.8314  0.5647  0.0157 -0.2602 -0.3679 -0.5797 -0.9061 -0.9209 -1.1224
 240  0.654799  3.6982  1.9505  2.0496  4.7146  2.9110  1.5048  0.9113  0.7491  0.4778 -0.0785 -0.3571 -0.4656 -0.6793 -1.0086 -1.0235 -1.2273
 241  0.654830  3.6963  1.9042  2.0883  4.7395  2.8997  1.4578  0.8563  0.6715  0.3956 -0.1682 -0.4495 -0.5589 -0.7743 -1.1066 -1.1218 -1.3280
 242  0.654858  3.6944  1.8595  2.1256  4.7655  2.8916  1.4138  0.8046  0.5974  0.3167 -0.2544 -0.5385 -0.6487 -0.8660 -1.2013 -1.2168 -1.4254
 243  0.654885  3.6928  1.8193  2.1592  4.7891  2.8859  1.3753  0.7593  0.5315  0.2464 -0.3313 -0.6180 -0.7290 -0.9480 -1.2860 -1.3016 -1.5125
 244  0.654909  3.6917  1.7921  2.1823  4.8004  2.8794  1.3473  0.7267  0.4853  0.1975 -0.3848 -0.6731 -0.7846 -1.0047 -1.3445 -1.3603 -1.5724
 245  0.654933  3.6910  1.7736  2.1982  4.8041  2.8727  1.3269  0.7036  0.4532  0.1636 -0.4215 -0.7109 -0.8228 -1.0436 -1.3845 -1.4003 -1.6134
 246  0.654957  3.6892  1.7289  2.2356  4.8305  2.8704  1.2862  0.6550  0.3807  0.0860 -0.5072 -0.7996 -0.9124 -1.1351 -1.4791 -1.4953 -1.7107
 247  0.654979  3.6871  1.6792  2.2768  4.8644  2.8732  1.2451  0.6047  0.3025  0.0017 -0.6011 -0.8972 -1.0111 -1.2361 -1.5837 -1.6002 -1.8184
 248  0.654998  3.6850  1.6308  2.3170  4.8985  2.8789  1.2068  0.5572  0.2270 -0.0797 -0.6922 -0.9919 -1.1069 -1.3344 -1.6856 -1.7022 -1.9230
 249  0.655017  3.6830  1.5821  2.3574  4.9339  2.8876  1.1701  0.5112  0.1519 -0.1610 -0.7835 -1.0868 -1.2029 -1.4327 -1.7876 -1.8046 -2.0281
 250  0.655033  3.6809  1.5349  2.3965  4.9688  2.8989  1.1361  0.4680  0.0799 -0.2393 -0.8715 -1.1783 -1.2955 -1.5275 -1.8860 -1.9032 -2.1295
 251  0.655048  3.6789  1.4891  2.4342  5.0035  2.9127  1.1046  0.4278  0.0109 -0.3144 -0.9561 -1.2665 -1.3848 -1.6191 -1.9811 -1.9986 -2.2275
 252  0.655062  3.6768  1.4430  2.4719  5.0447  2.9350  1.0782  0.3925 -0.0554 -0.3873 -1.0394 -1.3535 -1.4729 -1.7097 -2.0755 -2.0933 -2.3251
 253  0.655075  3.6748  1.3991  2.5077  5.0845  2.9597  1.0550  0.3609 -0.1174 -0.4556 -1.1179 -1.4358 -1.5563 -1.7954 -2.1650 -2.1832 -2.4176
 254  0.655086  3.6727  1.3553  2.5433  5.1246  2.9875  1.0336  0.3312 -0.1782 -0.5232 -1.1958 -1.5175 -1.6392 -1.8807 -2.2543 -2.2727 -2.5099
 255  0.655097  3.6706  1.3115  2.5788  5.1653  3.0187  1.0144  0.3038 -0.2375 -0.5894 -1.2727 -1.5985 -1.7212 -1.9652 -2.3428 -2.3615 -2.6017
 256  0.655107  3.6687  1.2699  2.6125  5.2053  3.0518  0.9980  0.2798 -0.2929 -0.6515 -1.3453 -1.6749 -1.7988 -2.0453 -2.4267 -2.4457 -2.6888
 257  0.655117  3.6667  1.2278  2.6466  5.2464  3.0886  0.9832  0.2572 -0.3478 -0.7135 -1.4181 -1.7518 -1.8769 -2.1259 -2.5113 -2.5306 -2.7766
 258  0.655125  3.6647  1.1871  2.6794  5.2869  3.1282  0.9712  0.2378 -0.3995 -0.7722 -1.4877 -1.8255 -1.9517 -2.2033 -2.5927 -2.6123 -2.8613
 259  0.655133  3.6628  1.1471  2.7116  5.3256  3.1698  0.9609  0.2205 -0.4490 -0.8290 -1.5554 -1.8972 -2.0247 -2.2789 -2.6723 -2.6922 -2.9441
 260  0.655140  3.6608  1.1079  2.7431  5.3630  3.2142  0.9529  0.2056 -0.4963 -0.8836 -1.6212 -1.9672 -2.0957 -2.3526 -2.7500 -2.7703 -3.0251
 261  0.655147  3.6589  1.0690  2.7744  5.3972  3.2614  0.9465  0.1927 -0.5420 -0.9368 -1.6858 -2.0360 -2.1658 -2.4254 -2.8269 -2.8475 -3.1053
 262  0.655154  3.6570  1.0310  2.8048  5.4279  3.3101  0.9419  0.1818 -0.5855 -0.9878 -1.7483 -2.1028 -2.2339 -2.4960 -2.9018 -2.9227 -3.1834
 263  0.655160  3.6552  0.9938  2.8346  5.4546  3.3601  0.9387  0.1726 -0.6270 -1.0370 -1.8089 -2.1678 -2.3001 -2.5649 -2.9748 -2.9960 -3.2598
 264  0.655165  3.6532  0.9566  2.8640  5.4814  3.4166  0.9396  0.1675 -0.6655 -1.0837 -1.8678 -2.2314 -2.3648 -2.6326 -3.0469 -3.0683 -3.3352
 265  0.655170  3.6513  0.9201  2.8928  5.5048  3.4765  0.9433  0.1655 -0.7013 -1.1277 -1.9245 -2.2927 -2.4275 -2.6982 -3.1169 -3.1387 -3.4087
 266  0.655175  3.6494  0.8841  2.9211  5.5225  3.5378  0.9483  0.1652 -0.7355 -1.1704 -1.9798 -2.3529 -2.4890 -2.7626 -3.1857 -3.2080 -3.4811
 267  0.655180  3.6474  0.8489  2.9487  5.5355  3.5998  0.9549  0.1668 -0.7675 -1.2110 -2.0331 -2.4110 -2.5484 -2.8251 -3.2528 -3.2753 -3.5516
 268  0.655184  3.6456  0.8144  2.9756  5.5433  3.6607  0.9620  0.1693 -0.7980 -1.2499 -2.0846 -2.4674 -2.6062 -2.8858 -3.3180 -3.3408 -3.6202
 269  0.655188  3.6438  0.7805  3.0023  5.5467  3.7218  0.9699  0.1730 -0.8271 -1.2877 -2.1351 -2.5228 -2.6628 -2.9454 -3.3821 -3.4053 -3.6879
 270  0.655192  3.6419  0.7470  3.0285  5.5456  3.7812  0.9777  0.1770 -0.8551 -1.3243 -2.1844 -2.5770 -2.7184 -3.0040 -3.4451 -3.4686 -3.7544
 271  0.655196  3.6402  0.7145  3.0540  5.5409  3.8387  0.9855  0.1814 -0.8818 -1.3595 -2.2321 -2.6296 -2.7722 -3.0608 -3.5063 -3.5302 -3.8190
 272  0.655199  3.6385  0.6826  3.0789  5.5329  3.8945  0.9931  0.1860 -0.9074 -1.3936 -2.2785 -2.6808 -2.8248 -3.1162 -3.5661 -3.5903 -3.8821
 273  0.655202  3.6368  0.6510  3.1037  5.5220  3.9487  1.0004  0.1905 -0.9323 -1.4270 -2.3243 -2.7315 -2.8767 -3.1712 -3.6253 -3.6498 -3.9447
 274  0.655205  3.6351  0.6200  3.1280  5.5088  4.0020  1.0080  0.1957 -0.9557 -1.4590 -2.3687 -2.7809 -2.9273 -3.2248 -3.6832 -3.7081 -4.0060
 275  0.655208  3.6335  0.5902  3.1514  5.4934  4.0516  1.0147  0.2003 -0.9781 -1.4896 -2.4114 -2.8284 -2.9759 -3.2763 -3.7389 -3.7641 -4.0649
 276  0.655210  3.6319  0.5608  3.1746  5.4764  4.1004  1.0216  0.2053 -0.9993 -1.5192 -2.4532 -2.8749 -3.0237 -3.3270 -3.7938 -3.8193 -4.1231
 277  0.655213  3.6304  0.5323  3.1971  5.4575  4.1453  1.0270  0.2093 -1.0202 -1.5482 -2.4940 -2.9204 -3.0703 -3.3764 -3.8473 -3.8731 -4.1798
 278  0.655215  3.6290  0.5050  3.2188  5.4385  4.1883  1.0328  0.2138 -1.0393 -1.5752 -2.5326 -2.9635 -3.1147 -3.4236 -3.8985 -3.9246 -4.2340
 279  0.655218  3.6277  0.4795  3.2391  5.4189  4.2265  1.0374  0.2174 -1.0569 -1.6004 -2.5686 -3.0040 -3.1562 -3.4677 -3.9463 -3.9728 -4.2848
