#NUMBER OF AGES= 1
#----------------------------------------------------       
#MIX-LEN  Y      Z          Zeff        [Fe/H] [a/Fe]
# 1.9380  0.3300 2.4146E-03 1.2291E-03  -1.09   0.40 
#----------------------------------------------------       
#**PHOTOMETRIC SYSTEM**: HST WFPC2 (Vega)                   
#----------------------------------------------------       
#AGE=11.600 EEPS=266
#EEP   M/Mo    LogTeff  LogG   LogL/Lo F218W   F255W   F300W   F336W   F439W   F450W   F555W   F606W   F622W   F675W   F791W   F814W   F850LP
  14  0.120053  3.5266  5.2306 -2.6533 20.6347 20.5392 16.8012 15.9954 14.8364 14.3167 12.9806 12.4627 12.2737 11.8594 10.8058 10.7635 10.2844
  15  0.137832  3.5318  5.1765 -2.5193 20.2605 20.0457 16.3655 15.5463 14.3812 13.8847 12.5771 12.0606 11.8719 11.4663 10.4631 10.4221  9.9544
  16  0.154255  3.5368  5.1363 -2.4100 19.9463 19.6227 15.9982 15.1681 13.9995 13.5213 12.2390 11.7242 11.5358 11.1382 10.1823 10.1427  9.6865
  17  0.169296  3.5419  5.1069 -2.3198 19.6788 19.2580 15.6849 14.8456 13.6737 13.2106 11.9510 11.4379 11.2496 10.8596  9.9489  9.9106  9.4658
  18  0.183249  3.5466  5.0836 -2.2438 19.4490 18.9459 15.4196 14.5737 13.4000 12.9485 11.7078 11.1965 11.0085 10.6247  9.7525  9.7154  9.2807
  19  0.196307  3.5503  5.0636 -2.1787 19.2511 18.6814 15.1956 14.3454 13.1714 12.7287 11.5036 10.9936 10.8060 10.4269  9.5851  9.5487  9.1222
  20  0.210251  3.5537  5.0448 -2.1162 19.0609 18.4319 14.9837 14.1302 12.9565 12.5210 11.3101 10.8015 10.6143 10.2393  9.4246  9.3891  8.9699
  21  0.223604  3.5568  5.0286 -2.0610 18.8924 18.2128 14.7976 13.9417 12.7688 12.3393 11.1403 10.6332 10.4462 10.0747  9.2831  9.2484  8.8354
  22  0.235870  3.5594  5.0146 -2.0133 18.7457 18.0239 14.6376 13.7802 12.6086 12.1836 10.9950 10.4893 10.3026  9.9339  9.1612  9.1268  8.7193
  23  0.245979  3.5614  5.0034 -1.9758 18.6321 17.8786 14.5129 13.6544 12.4838 12.0623 10.8815 10.3770 10.1906  9.8240  9.0655  9.0316  8.6281
  24  0.253826  3.5628  4.9952 -1.9479 18.5487 17.7732 14.4215 13.5620 12.3922 11.9727 10.7977 10.2940 10.1079  9.7429  8.9944  8.9608  8.5602
  25  0.259813  3.5640  4.9892 -1.9274 18.4876 17.6962 14.3546 13.4946 12.3253 11.9073 10.7363 10.2333 10.0475  9.6836  8.9423  8.9090  8.5105
  26  0.264460  3.5648  4.9847 -1.9121 18.4415 17.6383 14.3045 13.4440 12.2754 11.8583 10.6905 10.1879 10.0022  9.6392  8.9033  8.8701  8.4733
  27  0.268085  3.5654  4.9814 -1.9004 18.4062 17.5936 14.2661 13.4053 12.2370 11.8207 10.6551 10.1530  9.9674  9.6050  8.8734  8.8403  8.4448
  28  0.271105  3.5659  4.9792 -1.8911 18.3779 17.5572 14.2351 13.3740 12.2061 11.7904 10.6267 10.1250  9.9395  9.5777  8.8498  8.8167  8.4224
  29  0.273649  3.5664  4.9771 -1.8830 18.3532 17.5253 14.2081 13.3468 12.1791 11.7639 10.6020 10.1005  9.9150  9.5538  8.8290  8.7961  8.4028
  30  0.276065  3.5669  4.9751 -1.8753 18.3300 17.4953 14.1826 13.3210 12.1536 11.7389 10.5786 10.0773  9.8919  9.5312  8.8096  8.7768  8.3843
  31  0.278588  3.5673  4.9733 -1.8676 18.3062 17.4640 14.1564 13.2945 12.1274 11.7131 10.5545 10.0535  9.8682  9.5080  8.7898  8.7571  8.3656
  32  0.281245  3.5679  4.9711 -1.8592 18.2807 17.4310 14.1284 13.2663 12.0995 11.6857 10.5288 10.0282  9.8430  9.4833  8.7685  8.7358  8.3455
  33  0.284150  3.5684  4.9685 -1.8501 18.2530 17.3951 14.0982 13.2358 12.0693 11.6559 10.5010 10.0006  9.8155  9.4564  8.7452  8.7126  8.3234
  34  0.287361  3.5689  4.9654 -1.8399 18.2224 17.3562 14.0650 13.2024 12.0362 11.6234 10.4705  9.9703  9.7854  9.4268  8.7193  8.6869  8.2987
  35  0.291045  3.5696  4.9616 -1.8281 18.1877 17.3124 14.0274 13.1645 11.9987 11.5864 10.4356  9.9359  9.7510  9.3929  8.6895  8.6573  8.2703
  36  0.292608  3.5696  4.9596 -1.8234 18.1737 17.2954 14.0138 13.1515 11.9876 11.5752 10.4251  9.9251  9.7404  9.3819  8.6785  8.6461  8.2589
  37  0.308924  3.5726  4.9414 -1.7700 18.0179 17.0927 13.8415 12.9776 11.8145 11.4043 10.2640  9.7654  9.5811  9.2256  8.5431  8.5111  8.1302
  38  0.344340  3.5823  4.8960 -1.6396 17.6178 16.5363 13.3936 12.5270 11.3706 10.9633  9.8527  9.3597  9.1772  8.8316  8.2117  8.1814  7.8208
  39  0.364470  3.5880  4.8679 -1.5633 17.3517 16.1806 13.1140 12.2495 11.1086 10.7039  9.6154  9.1288  8.9480  8.6086  8.0180  7.9885  7.6388
  40  0.379497  3.5931  4.8453 -1.5023 17.1303 15.8825 12.8811 12.0186 10.8934 10.4909  9.4228  8.9427  8.7635  8.4301  7.8631  7.8343  7.4939
  41  0.391181  3.5977  4.8273 -1.4526 16.9525 15.6334 12.6881 11.8271 10.7148 10.3136  9.2630  8.7887  8.6111  8.2828  7.7369  7.7088  7.3769
  42  0.401937  3.6024  4.8110 -1.4059 16.7820 15.3939 12.5019 11.6423 10.5434 10.1440  9.1113  8.6436  8.4674  8.1449  7.6183  7.5908  7.2671
  43  0.411457  3.6069  4.7967 -1.3633 16.6223 15.1742 12.3278 11.4694 10.3835  9.9866  8.9724  8.5118  8.3373  8.0203  7.5102  7.4834  7.1673
  44  0.420306  3.6115  4.7838 -1.3229 16.4671 14.9669 12.1587 11.3012 10.2283  9.8351  8.8403  8.3876  8.2149  7.9036  7.4078  7.3817  7.0725
  45  0.428753  3.6162  4.7720 -1.2837 16.3122 14.7639 11.9896 11.1324 10.0735  9.6847  8.7108  8.2669  8.0960  7.7909  7.3086  7.2831  6.9809
  46  0.436839  3.6210  4.7613 -1.2456 16.1586 14.5657 11.8204 10.9631  9.9193  9.5355  8.5836  8.1495  7.9806  7.6823  7.2125  7.1877  6.8925
  47  0.444921  3.6261  4.7515 -1.2076 16.0023 14.3677 11.6459 10.7877  9.7612  9.3832  8.4548  8.0313  7.8648  7.5734  7.1163  7.0924  6.8043
  48  0.452865  3.6314  4.7425 -1.1697 15.8506 14.1839 11.4689 10.6085  9.5996  9.2280  8.3244  7.9124  7.7482  7.4649  7.0209  6.9978  6.7174
  49  0.460807  3.6370  4.7344 -1.1314 15.6917 13.9940 11.2819 10.4192  9.4320  9.0675  8.1906  7.7911  7.6297  7.3547  6.9245  6.9023  6.6301
  50  0.468598  3.6430  4.7275 -1.0933 15.5147 13.7825 11.0850 10.2198  9.2617  8.9048  8.0561  7.6697  7.5114  7.2451  6.8284  6.8071  6.5433
  51  0.476373  3.6492  4.7212 -1.0548 15.3077 13.5229 10.8680 10.0019  9.0864  8.7369  7.9185  7.5458  7.3914  7.1338  6.7309  6.7104  6.4552
  52  0.481121  3.6532  4.7175 -1.0312 15.1666 13.3385 10.7247  9.8601  8.9779  8.6328  7.8337  7.4696  7.3177  7.0653  6.6709  6.6510  6.4011
  53  0.485805  3.6572  4.7142 -1.0078 15.0144 13.1392 10.5760  9.7145  8.8700  8.5293  7.7496  7.3940  7.2449  6.9975  6.6113  6.5921  6.3475
  54  0.490430  3.6611  4.7112 -0.9845 14.8499 12.9264 10.4230  9.5661  8.7629  8.4264  7.6663  7.3191  7.1729  6.9305  6.5524  6.5337  6.2944
  55  0.494985  3.6651  4.7081 -0.9617 14.6746 12.7048 10.2687  9.4179  8.6582  8.3260  7.5849  7.2457  7.1025  6.8647  6.4943  6.4761  6.2419
  56  0.499475  3.6690  4.7052 -0.9391 14.4885 12.4720 10.1138  9.2713  8.5563  8.2281  7.5052  7.1737  7.0335  6.8001  6.4367  6.4191  6.1899
  57  0.503909  3.6729  4.7025 -0.9168 14.2883 12.2305  9.9577  9.1251  8.4566  8.1325  7.4272  7.1031  6.9660  6.7365  6.3798  6.3628  6.1385
  58  0.508268  3.6767  4.6995 -0.8949 14.0764 11.9865  9.8029  8.9819  8.3603  8.0403  7.3517  7.0345  6.9003  6.6746  6.3241  6.3075  6.0879
  59  0.512566  3.6806  4.6967 -0.8732 13.8478 11.7374  9.6471  8.8393  8.2661  7.9502  7.2778  6.9672  6.8360  6.6138  6.2692  6.2531  6.0381
  60  0.516799  3.6843  4.6937 -0.8521 13.6011 11.4887  9.4928  8.6998  8.1753  7.8635  7.2064  6.9021  6.7738  6.5548  6.2156  6.2000  5.9894
  61  0.520969  3.6878  4.6908 -0.8312 13.3105 11.2305  9.3342  8.5590  8.0861  7.7792  7.1370  6.8386  6.7131  6.4972  6.1633  6.1482  5.9419
  62  0.525073  3.6913  4.6878 -0.8108 13.0111 10.9781  9.1788  8.4222  8.0001  7.6979  7.0698  6.7770  6.6543  6.4413  6.1126  6.0977  5.8956
  63  0.529115  3.6948  4.6847 -0.7907 12.7133 10.7353  9.0274  8.2895  7.9163  7.6191  7.0043  6.7169  6.5969  6.3868  6.0628  6.0483  5.8501
  64  0.533101  3.6980  4.6814 -0.7709 12.4317 10.5100  8.8836  8.1632  7.8359  7.5434  6.9411  6.6587  6.5410  6.3336  6.0141  6.0001  5.8057
  65  0.537041  3.7013  4.6779 -0.7514 12.1756 10.3062  8.7486  8.0441  7.7583  7.4705  6.8796  6.6019  6.4863  6.2816  5.9663  5.9528  5.7620
  66  0.540931  3.7044  4.6743 -0.7324 11.9947 10.1514  8.6328  7.9388  7.6847  7.4009  6.8201  6.5466  6.4329  6.2305  5.9196  5.9064  5.7190
  67  0.544774  3.7073  4.6705 -0.7135 11.8415 10.0176  8.5258  7.8404  7.6136  7.3338  6.7624  6.4926  6.3805  6.1805  5.8736  5.8607  5.6768
  68  0.548574  3.7103  4.6666 -0.6949 11.7081  9.8993  8.4253  7.7471  7.5446  7.2686  6.7059  6.4397  6.3291  6.1314  5.8284  5.8158  5.6352
  69  0.552323  3.7132  4.6628 -0.6766 11.5830  9.7896  8.3288  7.6573  7.4774  7.2051  6.6506  6.3878  6.2786  6.0832  5.7840  5.7717  5.5943
  70  0.556032  3.7159  4.6588 -0.6584 11.4612  9.6850  8.2351  7.5701  7.4116  7.1431  6.5966  6.3371  6.2291  6.0358  5.7402  5.7283  5.5539
  71  0.559691  3.7187  4.6548 -0.6406 11.3277  9.5767  8.1407  7.4831  7.3470  7.0822  6.5436  6.2873  6.1806  5.9893  5.6973  5.6857  5.5142
  72  0.563312  3.7213  4.6506 -0.6228 11.1693  9.4570  8.0436  7.3949  7.2832  7.0224  6.4917  6.2384  6.1330  5.9437  5.6551  5.6437  5.4751
  73  0.566888  3.7240  4.6463 -0.6054 11.0028  9.3349  7.9467  7.3077  7.2207  6.9639  6.4408  6.1906  6.0864  5.8990  5.6136  5.6025  5.4367
  74  0.570419  3.7267  4.6421 -0.5880 10.8327  9.2125  7.8508  7.2217  7.1592  6.9064  6.3910  6.1436  6.0406  5.8551  5.5727  5.5619  5.3988
  75  0.573898  3.7291  4.6375 -0.5709 10.6641  9.0925  7.7573  7.1380  7.0993  6.8503  6.3423  6.0977  5.9958  5.8119  5.5327  5.5221  5.3616
  76  0.577319  3.7315  4.6331 -0.5541 10.4972  8.9747  7.6657  7.0561  7.0405  6.7955  6.2946  6.0527  5.9519  5.7698  5.4935  5.4831  5.3251
  77  0.580681  3.7339  4.6284 -0.5375 10.3364  8.8612  7.5773  6.9769  6.9834  6.7421  6.2482  6.0087  5.9090  5.7285  5.4549  5.4448  5.2891
  78  0.583991  3.7361  4.6236 -0.5212 10.1877  8.7542  7.4926  6.9011  6.9278  6.6900  6.2026  5.9656  5.8670  5.6880  5.4171  5.4072  5.2538
  79  0.587230  3.7383  4.6188 -0.5052 10.0461  8.6518  7.4111  6.8280  6.8736  6.6392  6.1583  5.9235  5.8258  5.6485  5.3801  5.3705  5.2192
  80  0.590405  3.7404  4.6138 -0.4896  9.9123  8.5541  7.3328  6.7575  6.8209  6.5899  6.1150  5.8826  5.7857  5.6098  5.3439  5.3344  5.1852
  81  0.593508  3.7425  4.6088 -0.4741  9.7840  8.4600  7.2571  6.6893  6.7697  6.5418  6.0728  5.8425  5.7466  5.5719  5.3085  5.2992  5.1520
  82  0.597602  3.7451  4.6019 -0.4537  9.6195  8.3384  7.1589  6.6008  6.7024  6.4787  6.0173  5.7898  5.6948  5.5221  5.2615  5.2526  5.1078
  83  0.601643  3.7477  4.5948 -0.4335  9.4613  8.2205  7.0636  6.5149  6.6365  6.4168  5.9627  5.7377  5.6439  5.4729  5.2152  5.2065  5.0642
  84  0.605632  3.7501  4.5875 -0.4134  9.3088  8.1060  6.9710  6.4314  6.5717  6.3558  5.9087  5.6863  5.5934  5.4241  5.1693  5.1608  5.0208
  85  0.609574  3.7525  4.5799 -0.3934  9.1644  7.9961  6.8817  6.3510  6.5083  6.2960  5.8554  5.6354  5.5434  5.3756  5.1234  5.1151  4.9773
  86  0.613468  3.7549  4.5721 -0.3735  9.0246  7.8888  6.7946  6.2725  6.4456  6.2370  5.8027  5.5849  5.4938  5.3275  5.0779  5.0698  4.9341
  87  0.617310  3.7571  4.5640 -0.3537  8.8905  7.7846  6.7098  6.1961  6.3841  6.1787  5.7505  5.5348  5.4446  5.2798  5.0325  5.0246  4.8910
  88  0.621101  3.7593  4.5558 -0.3341  8.7608  7.6831  6.6268  6.1212  6.3233  6.1212  5.6989  5.4852  5.3958  5.2322  4.9875  4.9798  4.8480
  89  0.624842  3.7614  4.5472 -0.3145  8.6354  7.5840  6.5457  6.0480  6.2633  6.0643  5.6477  5.4360  5.3474  5.1852  4.9426  4.9350  4.8051
  90  0.628530  3.7633  4.5382 -0.2950  8.5147  7.4876  6.4666  5.9765  6.2042  6.0082  5.5970  5.3872  5.2992  5.1384  4.8979  4.8906  4.7624
  91  0.632156  3.7653  4.5291 -0.2757  8.3972  7.3932  6.3892  5.9063  6.1457  5.9526  5.5467  5.3387  5.2514  5.0919  4.8535  4.8463  4.7199
  92  0.635720  3.7672  4.5199 -0.2564  8.2819  7.2995  6.3124  5.8366  6.0877  5.8975  5.4968  5.2909  5.2042  5.0460  4.8097  4.8026  4.6777
  93  0.639215  3.7690  4.5103 -0.2372  8.1697  7.2074  6.2373  5.7680  6.0303  5.8430  5.4476  5.2434  5.1576  5.0005  4.7662  4.7593  4.6359
  94  0.642635  3.7708  4.5005 -0.2182  8.0611  7.1178  6.1640  5.7010  5.9736  5.7891  5.3986  5.1965  5.1113  4.9555  4.7231  4.7163  4.5945
  95  0.645975  3.7724  4.4905 -0.1993  7.9564  7.0306  6.0926  5.6354  5.9180  5.7360  5.3503  5.1499  5.0656  4.9109  4.6803  4.6737  4.5533
  96  0.649229  3.7740  4.4804 -0.1807  7.8557  6.9463  6.0232  5.5720  5.8632  5.6839  5.3026  5.1039  5.0203  4.8666  4.6379  4.6314  4.5122
  97  0.652396  3.7755  4.4701 -0.1623  7.7590  6.8650  5.9556  5.5104  5.8096  5.6324  5.2556  5.0585  4.9754  4.8229  4.5958  4.5894  4.4714
  98  0.655476  3.7769  4.4596 -0.1440  7.6670  6.7870  5.8903  5.4512  5.7570  5.5821  5.2093  5.0135  4.9310  4.7795  4.5540  4.5477  4.4308
  99  0.658464  3.7782  4.4491 -0.1261  7.5782  6.7116  5.8267  5.3935  5.7055  5.5325  5.1635  4.9691  4.8872  4.7366  4.5124  4.5063  4.3907
 100  0.661367  3.7795  4.4384 -0.1083  7.4929  6.6387  5.7653  5.3376  5.6549  5.4838  5.1185  4.9253  4.8438  4.6941  4.4715  4.4655  4.3509
 101  0.664183  3.7808  4.4277 -0.0909  7.4102  6.5678  5.7054  5.2829  5.6050  5.4357  5.0739  4.8821  4.8011  4.6524  4.4311  4.4252  4.3115
 102  0.666920  3.7820  4.4169 -0.0736  7.3317  6.5004  5.6481  5.2302  5.5562  5.3884  5.0299  4.8392  4.7588  4.6109  4.3910  4.3852  4.2725
 103  0.669579  3.7831  4.4061 -0.0564  7.2562  6.4357  5.5928  5.1791  5.5081  5.3419  4.9865  4.7969  4.7170  4.5699  4.3513  4.3455  4.2338
 104  0.672164  3.7842  4.3952 -0.0396  7.1836  6.3729  5.5390  5.1295  5.4608  5.2960  4.9435  4.7551  4.6756  4.5293  4.3119  4.3063  4.1954
 105  0.674680  3.7853  4.3843 -0.0229  7.1136  6.3124  5.4870  5.0813  5.4144  5.2509  4.9010  4.7137  4.6346  4.4891  4.2729  4.2673  4.1573
 106  0.677136  3.7863  4.3734 -0.0064  7.0459  6.2536  5.4362  5.0342  5.3688  5.2064  4.8590  4.6728  4.5940  4.4492  4.2342  4.2287  4.1194
 107  0.679540  3.7872  4.3624  0.0099  6.9809  6.1968  5.3870  4.9882  5.3239  5.1626  4.8176  4.6323  4.5539  4.4097  4.1958  4.1903  4.0818
 108  0.681898  3.7881  4.3515  0.0260  6.9174  6.1411  5.3386  4.9433  5.2796  5.1193  4.7766  4.5922  4.5140  4.3706  4.1576  4.1522  4.0444
 109  0.684218  3.7889  4.3405  0.0419  6.8559  6.0870  5.2914  4.8992  5.2360  5.0766  4.7360  4.5524  4.4746  4.3318  4.1198  4.1144  4.0073
 110  0.686514  3.7898  4.3294  0.0578  6.7961  6.0341  5.2451  4.8559  5.1928  5.0345  4.6958  4.5131  4.4356  4.2932  4.0823  4.0770  3.9705
 111  0.688743  3.7906  4.3185  0.0734  6.7372  5.9821  5.1994  4.8134  5.1502  4.9927  4.6561  4.4741  4.3969  4.2552  4.0451  4.0399  3.9339
 112  0.689589  3.7909  4.3142  0.0795  6.7134  5.9612  5.1814  4.7965  5.1333  4.9763  4.6405  4.4589  4.3818  4.2403  4.0306  4.0254  3.9197
 113  0.690435  3.7913  4.3100  0.0857  6.6890  5.9399  5.1628  4.7794  5.1163  4.9595  4.6247  4.4434  4.3665  4.2252  4.0160  4.0107  3.9054
 114  0.691281  3.7916  4.3058  0.0920  6.6645  5.9184  5.1443  4.7621  5.0990  4.9427  4.6088  4.4278  4.3510  4.2101  4.0011  3.9960  3.8909
 115  0.692125  3.7920  4.3013  0.0983  6.6404  5.8972  5.1257  4.7449  5.0817  4.9258  4.5927  4.4120  4.3354  4.1947  3.9862  3.9810  3.8762
 116  0.692967  3.7923  4.2968  0.1047  6.6163  5.8760  5.1072  4.7275  5.0642  4.9087  4.5764  4.3961  4.3196  4.1791  3.9710  3.9659  3.8613
 117  0.693807  3.7927  4.2921  0.1112  6.5926  5.8549  5.0886  4.7101  5.0466  4.8913  4.5599  4.3799  4.3036  4.1633  3.9555  3.9504  3.8461
 118  0.694642  3.7930  4.2872  0.1178  6.5693  5.8340  5.0701  4.6927  5.0288  4.8739  4.5433  4.3635  4.2873  4.1472  3.9398  3.9347  3.8306
 119  0.695474  3.7932  4.2821  0.1245  6.5464  5.8132  5.0516  4.6752  5.0110  4.8564  4.5264  4.3469  4.2707  4.1309  3.9238  3.9187  3.8147
 120  0.696303  3.7934  4.2768  0.1312  6.5234  5.7924  5.0328  4.6575  4.9929  4.8386  4.5093  4.3300  4.2540  4.1144  3.9075  3.9025  3.7987
 121  0.697129  3.7937  4.2715  0.1381  6.5008  5.7717  5.0141  4.6399  4.9748  4.8208  4.4920  4.3130  4.2371  4.0976  3.8910  3.8860  3.7823
 122  0.697952  3.7939  4.2659  0.1450  6.4782  5.7512  4.9955  4.6221  4.9566  4.8028  4.4746  4.2958  4.2200  4.0807  3.8744  3.8693  3.7659
 123  0.698770  3.7941  4.2603  0.1519  6.4557  5.7305  4.9767  4.6042  4.9382  4.7846  4.4571  4.2785  4.2027  4.0635  3.8575  3.8525  3.7491
 124  0.699582  3.7944  4.2546  0.1590  6.4328  5.7094  4.9576  4.5861  4.9194  4.7662  4.4391  4.2609  4.1851  4.0461  3.8404  3.8354  3.7322
 125  0.700392  3.7945  4.2488  0.1661  6.4101  5.6886  4.9386  4.5680  4.9007  4.7477  4.4212  4.2432  4.1675  4.0287  3.8232  3.8181  3.7151
 126  0.701202  3.7947  4.2429  0.1732  6.3876  5.6678  4.9195  4.5498  4.8820  4.7291  4.4031  4.2253  4.1497  4.0111  3.8058  3.8007  3.6979
 127  0.702007  3.7949  4.2369  0.1804  6.3654  5.6471  4.9005  4.5316  4.8631  4.7105  4.3849  4.2074  4.1319  3.9933  3.7882  3.7832  3.6804
 128  0.702810  3.7950  4.2308  0.1877  6.3434  5.6265  4.8814  4.5133  4.8441  4.6917  4.3667  4.1892  4.1138  3.9754  3.7705  3.7655  3.6628
 129  0.703609  3.7952  4.2246  0.1950  6.3215  5.6060  4.8624  4.4950  4.8250  4.6729  4.3482  4.1710  4.0956  3.9573  3.7526  3.7476  3.6450
 130  0.704403  3.7953  4.2182  0.2024  6.3001  5.5858  4.8434  4.4767  4.8059  4.6539  4.3297  4.1526  4.0773  3.9390  3.7345  3.7295  3.6270
 131  0.705193  3.7954  4.2115  0.2098  6.2794  5.5660  4.8247  4.4585  4.7868  4.6350  4.3111  4.1340  4.0587  3.9205  3.7161  3.7112  3.6086
 132  0.705977  3.7955  4.2047  0.2173  6.2590  5.5463  4.8058  4.4401  4.7676  4.6159  4.2922  4.1152  4.0400  3.9018  3.6976  3.6925  3.5900
 133  0.706756  3.7955  4.1978  0.2249  6.2390  5.5268  4.7871  4.4218  4.7483  4.5966  4.2732  4.0963  4.0211  3.8831  3.6787  3.6737  3.5713
 134  0.707528  3.7955  4.1906  0.2326  6.2196  5.5077  4.7684  4.4035  4.7291  4.5774  4.2541  4.0772  4.0020  3.8640  3.6597  3.6547  3.5521
 135  0.708292  3.7955  4.1832  0.2402  6.2006  5.4887  4.7499  4.3852  4.7097  4.5581  4.2348  4.0579  3.9828  3.8447  3.6404  3.6354  3.5328
 136  0.709051  3.7954  4.1756  0.2481  6.1822  5.4702  4.7314  4.3669  4.6903  4.5387  4.2153  4.0385  3.9633  3.8252  3.6209  3.6159  3.5132
 137  0.709803  3.7953  4.1679  0.2558  6.1644  5.4520  4.7131  4.3487  4.6709  4.5192  4.1959  4.0189  3.9437  3.8055  3.6011  3.5962  3.4934
 138  0.710546  3.7952  4.1600  0.2638  6.1472  5.4341  4.6949  4.3304  4.6515  4.4998  4.1762  3.9991  3.9240  3.7857  3.5812  3.5762  3.4732
 139  0.711282  3.7950  4.1518  0.2717  6.1307  5.4167  4.6769  4.3122  4.6320  4.4802  4.1564  3.9793  3.9039  3.7656  3.5610  3.5559  3.4528
 140  0.712008  3.7948  4.1434  0.2797  6.1151  5.3998  4.6591  4.2941  4.6126  4.4606  4.1365  3.9592  3.8837  3.7453  3.5404  3.5354  3.4321
 141  0.712725  3.7945  4.1347  0.2878  6.1006  5.3835  4.6415  4.2761  4.5932  4.4410  4.1165  3.9389  3.8634  3.7248  3.5197  3.5146  3.4111
 142  0.713434  3.7943  4.1257  0.2959  6.0866  5.3676  4.6241  4.2581  4.5739  4.4214  4.0964  3.9186  3.8430  3.7042  3.4987  3.4936  3.3898
 143  0.714132  3.7938  4.1164  0.3041  6.0739  5.3524  4.6071  4.2404  4.5546  4.4019  4.0761  3.8980  3.8224  3.6833  3.4775  3.4723  3.3682
 144  0.714821  3.7934  4.1070  0.3123  6.0622  5.3379  4.5904  4.2227  4.5354  4.3824  4.0558  3.8773  3.8015  3.6622  3.4559  3.4507  3.3462
 145  0.715499  3.7930  4.0973  0.3206  6.0510  5.3236  4.5737  4.2051  4.5162  4.3628  4.0354  3.8564  3.7806  3.6409  3.4341  3.4290  3.3240
 146  0.716167  3.7924  4.0872  0.3290  6.0420  5.3108  4.5578  4.1878  4.4972  4.3433  4.0149  3.8354  3.7595  3.6194  3.4121  3.4068  3.3015
 147  0.716823  3.7919  4.0768  0.3374  6.0341  5.2985  4.5421  4.1708  4.4784  4.3240  3.9943  3.8144  3.7381  3.5978  3.3897  3.3845  3.2786
 148  0.717467  3.7912  4.0660  0.3458  6.0284  5.2876  4.5274  4.1542  4.4599  4.3048  3.9738  3.7932  3.7167  3.5759  3.3671  3.3618  3.2553
 149  0.718101  3.7905  4.0549  0.3543  6.0238  5.2776  4.5128  4.1379  4.4415  4.2857  3.9532  3.7719  3.6952  3.5539  3.3443  3.3388  3.2317
 150  0.718721  3.7895  4.0431  0.3628  6.0227  5.2698  4.4996  4.1224  4.4237  4.2670  3.9327  3.7506  3.6735  3.5316  3.3210  3.3156  3.2077
 151  0.719331  3.7885  4.0311  0.3714  6.0233  5.2630  4.4870  4.1073  4.4060  4.2485  3.9122  3.7292  3.6518  3.5092  3.2976  3.2920  3.1834
 152  0.719926  3.7874  4.0184  0.3800  6.0278  5.2587  4.4759  4.0934  4.3890  4.2304  3.8917  3.7078  3.6301  3.4866  3.2738  3.2681  3.1585
 153  0.720510  3.7861  4.0051  0.3885  6.0359  5.2569  4.4661  4.0803  4.3727  4.2129  3.8714  3.6863  3.6082  3.4638  3.2496  3.2439  3.1332
 154  0.721081  3.7847  3.9911  0.3972  6.0490  5.2584  4.4585  4.0687  4.3572  4.1959  3.8513  3.6648  3.5863  3.4410  3.2252  3.2193  3.1075
 155  0.721640  3.7831  3.9766  0.4057  6.0663  5.2631  4.4525  4.0586  4.3422  4.1792  3.8313  3.6434  3.5643  3.4180  3.2005  3.1945  3.0812
 156  0.722187  3.7813  3.9613  0.4143  6.0924  5.2744  4.4506  4.0513  4.3285  4.1634  3.8114  3.6219  3.5421  3.3946  3.1752  3.1691  3.0544
 157  0.722723  3.7795  3.9459  0.4229  6.1221  5.2889  4.4505  4.0455  4.3151  4.1476  3.7914  3.6001  3.5198  3.3710  3.1496  3.1433  3.0271
 158  0.723252  3.7778  3.9304  0.4315  6.1510  5.3030  4.4501  4.0393  4.3015  4.1317  3.7712  3.5782  3.4972  3.3474  3.1240  3.1176  2.9998
 159  0.723771  3.7758  3.9142  0.4402  6.1856  5.3213  4.4520  4.0349  4.2888  4.1165  3.7512  3.5564  3.4747  3.3235  3.0979  3.0914  2.9719
 160  0.724281  3.7736  3.8970  0.4488  6.2288  5.3455  4.4574  4.0332  4.2778  4.1024  3.7316  3.5347  3.4521  3.2994  3.0714  3.0647  2.9433
 161  0.724780  3.7712  3.8792  0.4573  6.2786  5.3743  4.4657  4.0335  4.2678  4.0891  3.7123  3.5131  3.4296  3.2752  3.0447  3.0377  2.9142
 162  0.725261  3.7684  3.8602  0.4655  6.3432  5.4134  4.4808  4.0392  4.2608  4.0782  3.6942  3.4922  3.4078  3.2515  3.0178  3.0106  2.8848
 163  0.725739  3.7655  3.8404  0.4740  6.4137  5.4551  4.4978  4.0465  4.2543  4.0675  3.6759  3.4710  3.3855  3.2273  2.9903  2.9829  2.8546
 164  0.726214  3.7625  3.8199  0.4828  6.4874  5.4969  4.5151  4.0543  4.2479  4.0570  3.6577  3.4498  3.3632  3.2029  2.9626  2.9548  2.8238
 165  0.726682  3.7594  3.7985  0.4919  6.5677  5.5414  4.5342  4.0637  4.2418  4.0463  3.6388  3.4279  3.3403  3.1777  2.9338  2.9258  2.7920
 166  0.727144  3.7562  3.7759  0.5018  6.6544  5.5877  4.5543  4.0737  4.2351  4.0351  3.6190  3.4049  3.3160  3.1512  2.9035  2.8952  2.7584
 167  0.727591  3.7529  3.7522  0.5126  6.7445  5.6341  4.5739  4.0832  4.2267  4.0219  3.5971  3.3796  3.2896  3.1226  2.8710  2.8624  2.7225
 168  0.728019  3.7497  3.7279  0.5246  6.8316  5.6766  4.5900  4.0895  4.2151  4.0054  3.5722  3.3516  3.2604  3.0912  2.8358  2.8270  2.6841
 169  0.728424  3.7469  3.7035  0.5379  6.9093  5.7114  4.6003  4.0911  4.1991  3.9852  3.5441  3.3204  3.2282  3.0569  2.7982  2.7890  2.6435
 170  0.728803  3.7444  3.6791  0.5522  6.9748  5.7371  4.6039  4.0869  4.1789  3.9610  3.5128  3.2867  3.1935  3.0203  2.7585  2.7491  2.6010
 171  0.729159  3.7421  3.6551  0.5675  7.0273  5.7539  4.6007  4.0770  4.1546  3.9332  3.4790  3.2504  3.1565  2.9817  2.7172  2.7076  2.5573
 172  0.729493  3.7402  3.6316  0.5835  7.0673  5.7621  4.5916  4.0621  4.1268  3.9024  3.4430  3.2124  3.1178  2.9417  2.6747  2.6650  2.5127
 173  0.729810  3.7384  3.6086  0.5999  7.0961  5.7629  4.5773  4.0428  4.0962  3.8691  3.4053  3.1730  3.0777  2.9004  2.6315  2.6216  2.4676
 174  0.730112  3.7370  3.5862  0.6167  7.1153  5.7575  4.5586  4.0200  4.0633  3.8339  3.3662  3.1325  3.0368  2.8585  2.5878  2.5777  2.4223
 175  0.730403  3.7357  3.5641  0.6338  7.1283  5.7474  4.5367  3.9945  4.0286  3.7973  3.3262  3.0912  2.9950  2.8158  2.5436  2.5334  2.3767
 176  0.730684  3.7346  3.5426  0.6512  7.1367  5.7338  4.5120  3.9666  3.9922  3.7593  3.2854  3.0493  2.9526  2.7728  2.4991  2.4889  2.3311
 177  0.730957  3.7337  3.5215  0.6686  7.1385  5.7160  4.4847  3.9366  3.9546  3.7202  3.2438  3.0068  2.9098  2.7292  2.4546  2.4442  2.2854
 178  0.731224  3.7328  3.5005  0.6863  7.1361  5.6957  4.4556  3.9051  3.9162  3.6804  3.2018  2.9640  2.8667  2.6855  2.4098  2.3994  2.2396
 179  0.731485  3.7320  3.4795  0.7038  7.1333  5.6750  4.4262  3.8734  3.8776  3.6405  3.1598  2.9210  2.8235  2.6418  2.3650  2.3544  2.1937
 180  0.731742  3.7312  3.4588  0.7215  7.1271  5.6524  4.3955  3.8406  3.8384  3.6000  3.1174  2.8778  2.7801  2.5979  2.3200  2.3094  2.1478
 181  0.731994  3.7304  3.4382  0.7393  7.1175  5.6277  4.3636  3.8066  3.7987  3.5592  3.0747  2.8344  2.7365  2.5537  2.2749  2.2642  2.1020
 182  0.732193  3.7299  3.4220  0.7535  7.1079  5.6070  4.3374  3.7792  3.7667  3.5265  3.0406  2.7999  2.7017  2.5185  2.2392  2.2284  2.0654
 183  0.732391  3.7294  3.4057  0.7679  7.0967  5.5853  4.3104  3.7508  3.7341  3.4931  3.0059  2.7647  2.6663  2.4828  2.2028  2.1919  2.0285
 184  0.732588  3.7289  3.3891  0.7826  7.0840  5.5623  4.2824  3.7217  3.7007  3.4589  2.9705  2.7287  2.6302  2.4463  2.1656  2.1548  1.9907
 185  0.732785  3.7283  3.3724  0.7974  7.0711  5.5390  4.2541  3.6920  3.6668  3.4243  2.9347  2.6924  2.5937  2.4095  2.1281  2.1172  1.9526
 186  0.732982  3.7278  3.3553  0.8125  7.0576  5.5151  4.2249  3.6616  3.6323  3.3891  2.8981  2.6552  2.5564  2.3718  2.0899  2.0789  1.9137
 187  0.733178  3.7273  3.3379  0.8280  7.0434  5.4905  4.1951  3.6307  3.5971  3.3530  2.8608  2.6175  2.5184  2.3335  2.0508  2.0397  1.8741
 188  0.733373  3.7269  3.3204  0.8437  7.0271  5.4643  4.1643  3.5986  3.5611  3.3162  2.8229  2.5790  2.4799  2.2946  2.0113  2.0002  1.8339
 189  0.733567  3.7264  3.3026  0.8597  7.0103  5.4376  4.1327  3.5659  3.5243  3.2787  2.7841  2.5398  2.4404  2.2548  1.9709  1.9596  1.7929
 190  0.733760  3.7259  3.2841  0.8762  6.9927  5.4099  4.1000  3.5320  3.4862  3.2399  2.7440  2.4992  2.3997  2.2136  1.9291  1.9179  1.7506
 191  0.733949  3.7254  3.2649  0.8935  6.9724  5.3797  4.0651  3.4960  3.4462  3.1992  2.7020  2.4567  2.3571  2.1707  1.8854  1.8742  1.7063
 192  0.734135  3.7249  3.2447  0.9118  6.9519  5.3485  4.0287  3.4585  3.4043  3.1565  2.6581  2.4121  2.3123  2.1256  1.8395  1.8282  1.6597
 193  0.734318  3.7243  3.2237  0.9307  6.9315  5.3167  3.9913  3.4199  3.3608  3.1122  2.6123  2.3658  2.2657  2.0786  1.7918  1.7804  1.6113
 194  0.734498  3.7237  3.2020  0.9503  6.9087  5.2826  3.9520  3.3793  3.3157  3.0661  2.5649  2.3177  2.2175  2.0299  1.7424  1.7310  1.5612
 195  0.734674  3.7231  3.1794  0.9706  6.8861  5.2481  3.9117  3.3377  3.2690  3.0186  2.5158  2.2681  2.1676  1.9795  1.6912  1.6798  1.5093
 196  0.734846  3.7225  3.1561  0.9916  6.8622  5.2121  3.8698  3.2945  3.2209  2.9694  2.4651  2.2166  2.1160  1.9275  1.6383  1.6268  1.4557
 197  0.735015  3.7219  3.1318  1.0132  6.8393  5.1760  3.8273  3.2504  3.1713  2.9188  2.4127  2.1635  2.0627  1.8736  1.5835  1.5719  1.4000
 198  0.735179  3.7212  3.1069  1.0355  6.8149  5.1384  3.7834  3.2049  3.1203  2.8670  2.3589  2.1090  2.0080  1.8184  1.5274  1.5157  1.3431
 199  0.735341  3.7204  3.0814  1.0584  6.7898  5.0999  3.7382  3.1583  3.0680  2.8136  2.3037  2.0530  1.9518  1.7616  1.4697  1.4579  1.2845
 200  0.735498  3.7198  3.0550  1.0819  6.7641  5.0605  3.6922  3.1107  3.0145  2.7589  2.2470  1.9955  1.8940  1.7031  1.4103  1.3983  1.2241
 201  0.735650  3.7190  3.0280  1.1060  6.7325  5.0175  3.6443  3.0614  2.9597  2.7029  2.1891  1.9367  1.8350  1.6435  1.3495  1.3375  1.1624
 202  0.735799  3.7182  3.0002  1.1306  6.6997  4.9736  3.5955  3.0111  2.9039  2.6459  2.1299  1.8767  1.7746  1.5826  1.2874  1.2753  1.0993
 203  0.735943  3.7173  2.9716  1.1558  6.6691  4.9304  3.5470  2.9608  2.8474  2.5882  2.0697  1.8155  1.7132  1.5205  1.2241  1.2119  1.0348
 204  0.736083  3.7164  2.9422  1.1815  6.6388  4.8871  3.4979  2.9098  2.7899  2.5292  2.0084  1.7532  1.6505  1.4570  1.1593  1.1470  0.9689
 205  0.736219  3.7153  2.9121  1.2078  6.6097  4.8441  3.4486  2.8584  2.7316  2.4695  1.9460  1.6896  1.5867  1.3924  1.0933  1.0810  0.9016
 206  0.736349  3.7143  2.8813  1.2344  6.5811  4.8013  3.3989  2.8066  2.6725  2.4089  1.8825  1.6250  1.5218  1.3267  1.0262  1.0137  0.8331
 207  0.736475  3.7133  2.8499  1.2616  6.5532  4.7586  3.3491  2.7542  2.6126  2.3474  1.8181  1.5595  1.4559  1.2599  0.9579  0.9454  0.7635
 208  0.736596  3.7121  2.8179  1.2891  6.5267  4.7167  3.2990  2.7016  2.5520  2.2852  1.7528  1.4930  1.3890  1.1921  0.8886  0.8759  0.6927
 209  0.736713  3.7109  2.7854  1.3171  6.5018  4.6755  3.2489  2.6489  2.4907  2.2222  1.6867  1.4256  1.3212  1.1234  0.8183  0.8054  0.6209
 210  0.736825  3.7098  2.7522  1.3456  6.4792  4.6354  3.1991  2.5961  2.4289  2.1585  1.6197  1.3573  1.2526  1.0539  0.7470  0.7340  0.5480
 211  0.736932  3.7085  2.7186  1.3743  6.4587  4.5967  3.1494  2.5433  2.3665  2.0943  1.5520  1.2883  1.1831  0.9834  0.6748  0.6617  0.4741
 212  0.737034  3.7072  2.6844  1.4034  6.4412  4.5598  3.1001  2.4906  2.3038  2.0295  1.4837  1.2185  1.1129  0.9123  0.6018  0.5885  0.3994
 213  0.737131  3.7059  2.6498  1.4329  6.4276  4.5254  3.0516  2.4384  2.2407  1.9644  1.4148  1.1481  1.0420  0.8403  0.5280  0.5145  0.3238
 214  0.737225  3.7045  2.6147  1.4626  6.4176  4.4933  3.0038  2.3867  2.1774  1.8987  1.3453  1.0771  0.9705  0.7678  0.4535  0.4398  0.2475
 215  0.737314  3.7032  2.5793  1.4926  6.4214  4.4683  2.9584  2.3366  2.1140  1.8329  1.2752  1.0054  0.8984  0.6945  0.3781  0.3644  0.1704
 216  0.737399  3.7018  2.5434  1.5228  6.4494  4.4553  2.9174  2.2897  2.0510  1.7670  1.2047  0.9331  0.8255  0.6204  0.3020  0.2881  0.0924
 217  0.737410  3.7016  2.5381  1.5274  6.4541  4.4538  2.9115  2.2830  2.0417  1.7572  1.1942  0.9224  0.8147  0.6094  0.2907  0.2767  0.0808
 218  0.737422  3.7013  2.5327  1.5319  6.4582  4.4520  2.9054  2.2761  2.0323  1.7474  1.1837  0.9116  0.8037  0.5984  0.2794  0.2654  0.0692
 219  0.737434  3.7011  2.5273  1.5364  6.4626  4.4504  2.8994  2.2690  2.0229  1.7375  1.1732  0.9008  0.7928  0.5873  0.2679  0.2539  0.0575
 220  0.737446  3.7009  2.5219  1.5410  6.4679  4.4494  2.8937  2.2624  2.0136  1.7277  1.1627  0.8899  0.7819  0.5762  0.2565  0.2424  0.0458
 221  0.737458  3.7007  2.5164  1.5455  6.4730  4.4482  2.8878  2.2556  2.0042  1.7178  1.1520  0.8790  0.7709  0.5649  0.2449  0.2309  0.0340
 222  0.737469  3.7004  2.5110  1.5501  6.4781  4.4471  2.8821  2.2489  1.9949  1.7079  1.1413  0.8680  0.7599  0.5537  0.2334  0.2193  0.0221
 223  0.737482  3.7002  2.5054  1.5547  6.4835  4.4463  2.8764  2.2422  1.9856  1.6981  1.1306  0.8571  0.7488  0.5424  0.2218  0.2077  0.0102
 224  0.737494  3.7000  2.4999  1.5594  6.4891  4.4455  2.8707  2.2355  1.9761  1.6882  1.1200  0.8460  0.7377  0.5311  0.2101  0.1960 -0.0018
 225  0.737505  3.6998  2.4943  1.5640  6.4950  4.4449  2.8651  2.2288  1.9667  1.6782  1.1092  0.8350  0.7265  0.5198  0.1984  0.1842 -0.0138
 226  0.737517  3.6996  2.4887  1.5686  6.5011  4.4445  2.8595  2.2222  1.9572  1.6682  1.0984  0.8239  0.7152  0.5084  0.1865  0.1724 -0.0260
 227  0.737627  3.6971  2.4321  1.6155  6.5677  4.4469  2.8063  2.1581  1.8634  1.5687  0.9904  0.7126  0.6030  0.3939  0.0684  0.0540 -0.1472
 228  0.737727  3.6945  2.3739  1.6634  6.6445  4.4628  2.7574  2.0974  1.7696  1.4688  0.8811  0.5996  0.4886  0.2773 -0.0522 -0.0669 -0.2712
 229  0.737818  3.6918  2.3164  1.7106  6.7261  4.4871  2.7129  2.0407  1.6784  1.3712  0.7737  0.4885  0.3763  0.1627 -0.1709 -0.1860 -0.3934
 230  0.737898  3.6895  2.2639  1.7536  6.8078  4.5125  2.6736  1.9899  1.5958  1.2825  0.6760  0.3873  0.2740  0.0581 -0.2793 -0.2947 -0.5049
 231  0.737973  3.6872  2.2146  1.7938  6.8825  4.5402  2.6378  1.9433  1.5187  1.1998  0.5846  0.2926  0.1782 -0.0398 -0.3808 -0.3964 -0.6092
 232  0.738042  3.6852  2.1705  1.8298  6.9275  4.5594  2.6034  1.8996  1.4497  1.1257  0.5030  0.2081  0.0927 -0.1271 -0.4714 -0.4871 -0.7024
 233  0.738107  3.6840  2.1418  1.8538  6.9408  4.5609  2.5753  1.8661  1.4020  1.0753  0.4481  0.1516  0.0357 -0.1854 -0.5315 -0.5474 -0.7641
 234  0.738171  3.6842  2.1387  1.8578  6.9297  4.5346  2.5582  1.8494  1.3890  1.0628  0.4364  0.1402  0.0243 -0.1964 -0.5421 -0.5580 -0.7743
 235  0.738237  3.6826  2.1026  1.8875  6.9486  4.5451  2.5268  1.8108  1.3313  1.0013  0.3690  0.0704 -0.0461 -0.2685 -0.6166 -0.6327 -0.8511
 236  0.738301  3.6796  2.0406  1.9375  6.9798  4.5874  2.4853  1.7560  1.2393  0.9019  0.2583 -0.0447 -0.1627 -0.3879 -0.7411 -0.7574 -0.9797
 237  0.738357  3.6767  1.9815  1.9848  7.0006  4.6364  2.4494  1.7074  1.1536  0.8091  0.1545 -0.1530 -0.2723 -0.5004 -0.8584 -0.8753 -1.1013
 238  0.738408  3.6737  1.9249  2.0298  7.0157  4.6960  2.4209  1.6664  1.0746  0.7230  0.0572 -0.2546 -0.3753 -0.6063 -0.9693 -0.9865 -1.2164
 239  0.738454  3.6709  1.8706  2.0729  7.0232  4.7632  2.3974  1.6309  1.0009  0.6420 -0.0349 -0.3512 -0.4731 -0.7071 -1.0751 -1.0926 -1.3264
 240  0.738496  3.6684  1.8237  2.1100  7.0211  4.8357  2.3818  1.6049  0.9390  0.5738 -0.1132 -0.4335 -0.5567 -0.7932 -1.1656 -1.1834 -1.4207
 241  0.738534  3.6658  1.7723  2.1504  7.0199  4.9209  2.3664  1.5783  0.8719  0.4994 -0.1986 -0.5234 -0.6480 -0.8874 -1.2644 -1.2827 -1.5237
 242  0.738570  3.6627  1.7170  2.1939  7.0198  5.0093  2.3508  1.5512  0.8004  0.4201 -0.2901 -0.6198 -0.7459 -0.9885 -1.3706 -1.3893 -1.6344
 243  0.738602  3.6598  1.6610  2.2379  7.0140  5.1011  2.3373  1.5266  0.7297  0.3411 -0.3818 -0.7166 -0.8442 -1.0901 -1.4776 -1.4967 -1.7461
 244  0.738631  3.6568  1.6070  2.2802  7.0023  5.1901  2.3263  1.5057  0.6629  0.2662 -0.4694 -0.8092 -0.9383 -1.1874 -1.5800 -1.5996 -1.8531
 245  0.738658  3.6540  1.5541  2.3216  6.9858  5.2766  2.3172  1.4877  0.5987  0.1937 -0.5546 -0.8995 -1.0300 -1.2825 -1.6803 -1.7003 -1.9579
 246  0.738682  3.6509  1.5008  2.3629  6.9669  5.3650  2.3120  1.4742  0.5368  0.1233 -0.6387 -0.9890 -1.1211 -1.3768 -1.7802 -1.8006 -2.0625
 247  0.738704  3.6480  1.4490  2.4028  6.9447  5.4482  2.3107  1.4665  0.4793  0.0571 -0.7186 -1.0744 -1.2082 -1.4674 -1.8761 -1.8968 -2.1631
 248  0.738724  3.6451  1.3989  2.4414  6.9189  5.5259  2.3119  1.4628  0.4256 -0.0053 -0.7949 -1.1562 -1.2917 -1.5542 -1.9681 -1.9895 -2.2601
 249  0.738742  3.6421  1.3490  2.4796  6.8900  5.5991  2.3150  1.4621  0.3743 -0.0655 -0.8692 -1.2361 -1.3732 -1.6395 -2.0589 -2.0807 -2.3557
 250  0.738759  3.6393  1.3011  2.5162  6.8604  5.6660  2.3200  1.4644  0.3268 -0.1217 -0.9396 -1.3122 -1.4510 -1.7208 -2.1458 -2.1679 -2.4474
 251  0.738774  3.6365  1.2535  2.5524  6.8287  5.7273  2.3259  1.4686  0.2814 -0.1760 -1.0082 -1.3866 -1.5271 -1.8005 -2.2311 -2.2538 -2.5377
 252  0.738789  3.6336  1.2064  2.5882  6.7951  5.7827  2.3327  1.4748  0.2380 -0.2282 -1.0751 -1.4594 -1.6016 -1.8785 -2.3151 -2.3382 -2.6269
 253  0.738802  3.6310  1.1609  2.6228  6.7609  5.8302  2.3397  1.4821  0.1974 -0.2773 -1.1389 -1.5290 -1.6729 -1.9533 -2.3959 -2.4194 -2.7126
 254  0.738814  3.6282  1.1158  2.6570  6.7256  5.8685  2.3470  1.4910  0.1590 -0.3246 -1.2013 -1.5975 -1.7432 -2.0271 -2.4753 -2.4994 -2.7971
 255  0.738825  3.6256  1.0718  2.6903  6.6898  5.9002  2.3543  1.5006  0.1227 -0.3697 -1.2618 -1.6639 -1.8115 -2.0988 -2.5528 -2.5772 -2.8796
 256  0.738835  3.6229  1.0285  2.7230  6.6535  5.9268  2.3618  1.5111  0.0888 -0.4122 -1.3198 -1.7280 -1.8773 -2.1682 -2.6280 -2.6530 -2.9601
 257  0.738845  3.6203  0.9859  2.7551  6.6174  5.9500  2.3701  1.5231  0.0575 -0.4522 -1.3755 -1.7897 -1.9409 -2.2352 -2.7014 -2.7268 -3.0388
 258  0.738855  3.6177  0.9443  2.7864  6.5807  5.9681  2.3771  1.5343  0.0279 -0.4902 -1.4290 -1.8493 -2.0023 -2.3001 -2.7728 -2.7986 -3.1156
 259  0.738863  3.6151  0.9033  2.8172  6.5434  5.9815  2.3830  1.5447 -0.0003 -0.5266 -1.4811 -1.9072 -2.0620 -2.3633 -2.8428 -2.8691 -3.1910
 260  0.738871  3.6127  0.8633  2.8472  6.5061  5.9911  2.3877  1.5543 -0.0265 -0.5608 -1.5308 -1.9628 -2.1192 -2.4239 -2.9106 -2.9373 -3.2643
 261  0.738878  3.6102  0.8241  2.8766  6.4688  5.9972  2.3909  1.5623 -0.0515 -0.5936 -1.5792 -2.0168 -2.1750 -2.4829 -2.9770 -3.0041 -3.3362
 262  0.738885  3.6077  0.7853  2.9056  6.4313  6.0006  2.3924  1.5688 -0.0751 -0.6250 -1.6267 -2.0699 -2.2301 -2.5409 -3.0422 -3.0698 -3.4069
 263  0.738891  3.6053  0.7477  2.9337  6.3940  6.0012  2.3922  1.5735 -0.0975 -0.6548 -1.6725 -2.1211 -2.2832 -2.5967 -3.1056 -3.1335 -3.4757
 264  0.738897  3.6030  0.7108  2.9612  6.3569  5.9995  2.3906  1.5767 -0.1187 -0.6834 -1.7171 -2.1711 -2.3351 -2.6511 -3.1675 -3.1957 -3.5429
 265  0.738903  3.6008  0.6746  2.9884  6.3195  5.9958  2.3874  1.5786 -0.1390 -0.7108 -1.7607 -2.2198 -2.3857 -2.7041 -3.2284 -3.2569 -3.6092
 266  0.738908  3.5986  0.6393  3.0149  6.2824  5.9903  2.3830  1.5789 -0.1581 -0.7366 -1.8022 -2.2663 -2.4340 -2.7548 -3.2873 -3.3161 -3.6736
 267  0.738913  3.5964  0.6044  3.0410  6.2453  5.9838  2.3774  1.5784 -0.1759 -0.7609 -1.8420 -2.3110 -2.4806 -2.8037 -3.3454 -3.3744 -3.7372
 268  0.738918  3.5942  0.5703  3.0665  6.2084  5.9758  2.3706  1.5767 -0.1926 -0.7837 -1.8801 -2.3536 -2.5248 -2.8506 -3.4020 -3.4314 -3.7994
 269  0.738922  3.5921  0.5369  3.0915  6.1719  5.9669  2.3624  1.5736 -0.2082 -0.8049 -1.9161 -2.3942 -2.5670 -2.8954 -3.4572 -3.4869 -3.8605
 270  0.738926  3.5900  0.5038  3.1159  6.1363  5.9590  2.3546  1.5709 -0.2197 -0.8221 -1.9486 -2.4311 -2.6054 -2.9370 -3.5109 -3.5409 -3.9205
 271  0.738930  3.5879  0.4717  3.1400  6.1010  5.9498  2.3450  1.5667 -0.2308 -0.8384 -1.9797 -2.4666 -2.6423 -2.9769 -3.5634 -3.5937 -3.9792
 272  0.738934  3.5859  0.4402  3.1634  6.0659  5.9405  2.3341  1.5612 -0.2414 -0.8538 -2.0101 -2.5006 -2.6778 -3.0149 -3.6148 -3.6455 -4.0368
 273  0.738938  3.5838  0.4091  3.1863  6.0312  5.9310  2.3226  1.5552 -0.2508 -0.8672 -2.0382 -2.5321 -2.7107 -3.0506 -3.6652 -3.6961 -4.0937
 274  0.738941  3.5818  0.3782  3.2088  5.9976  5.9230  2.3120  1.5507 -0.2568 -0.8768 -2.0619 -2.5589 -2.7384 -3.0818 -3.7140 -3.7450 -4.1492
 275  0.738944  3.5798  0.3485  3.2308  5.9637  5.9134  2.2988  1.5433 -0.2647 -0.8881 -2.0861 -2.5855 -2.7658 -3.1130 -3.7619 -3.7932 -4.2038
 276  0.738947  3.5779  0.3194  3.2522  5.9303  5.9045  2.2855  1.5358 -0.2713 -0.8975 -2.1076 -2.6097 -2.7903 -3.1417 -3.8087 -3.8401 -4.2571
 277  0.738950  3.5761  0.2913  3.2730  5.8976  5.8953  2.2714  1.5276 -0.2776 -0.9061 -2.1275 -2.6317 -2.8126 -3.1684 -3.8538 -3.8855 -4.3089
 278  0.738953  3.5743  0.2642  3.2932  5.8657  5.8863  2.2572  1.5194 -0.2827 -0.9129 -2.1445 -2.6506 -2.8316 -3.1923 -3.8967 -3.9288 -4.3587
 279  0.738971  3.5728  0.2398  3.3113  5.8365  5.8776  2.2435  1.5111 -0.2871 -0.9186 -2.1588 -2.6667 -2.8474 -3.2130 -3.9354 -3.9678 -4.4038
