#NUMBER OF AGES= 1
#----------------------------------------------------       
#MIX-LEN  Y      Z          Zeff        [Fe/H] [a/Fe]
# 1.9380  0.3300 2.4146E-03 1.2291E-03  -1.09   0.40 
#----------------------------------------------------       
#**PHOTOMETRIC SYSTEM**: HST WFPC2 (Vega)                   
#----------------------------------------------------       
#AGE=11.800 EEPS=266
#EEP   M/Mo    LogTeff  LogG   LogL/Lo F218W   F255W   F300W   F336W   F439W   F450W   F555W   F606W   F622W   F675W   F791W   F814W   F850LP
  14  0.118683  3.5263  5.2351 -2.6644 20.6652 20.5790 16.8367 16.0320 14.8737 14.3520 13.0136 12.4956 12.3066 11.8915 10.8339 10.7916 10.3115
  15  0.136365  3.5313  5.1804 -2.5294 20.2892 20.0838 16.3990 15.5808 14.4161 13.9178 12.6080 12.0914 11.9026 11.4964 10.4892 10.4481  9.9795
  16  0.152738  3.5363  5.1394 -2.4193 19.9734 19.6594 16.0300 15.2009 14.0326 13.5528 12.2683 11.7533 11.5649 11.1665 10.2063 10.1666  9.7092
  17  0.167734  3.5414  5.1094 -2.3283 19.7045 19.2931 15.7148 14.8763 13.7047 13.2403 11.9785 11.4652 11.2769 10.8862  9.9710  9.9327  9.4867
  18  0.181676  3.5461  5.0857 -2.2515 19.4727 18.9780 15.4467 14.6014 13.4279 12.9753 11.7327 11.2212 11.0332 10.6488  9.7726  9.7353  9.2996
  19  0.194766  3.5499  5.0655 -2.1856 19.2722 18.7094 15.2193 14.3694 13.1954 12.7518 11.5251 11.0150 10.8273 10.4478  9.6028  9.5664  9.1391
  20  0.208560  3.5534  5.0465 -2.1230 19.0818 18.4592 15.0068 14.1537 12.9799 12.5437 11.3312 10.8225 10.6352 10.2598  9.4421  9.4065  8.9864
  21  0.222071  3.5565  5.0300 -2.0667 18.9099 18.2355 14.8169 13.9612 12.7881 12.3581 11.1578 10.6506 10.4636 10.0917  9.2977  9.2629  8.8493
  22  0.234512  3.5591  5.0157 -2.0180 18.7604 18.0428 14.6536 13.7963 12.6245 12.1991 11.0095 10.5036 10.3169  9.9479  9.1733  9.1389  8.7308
  23  0.244934  3.5612  5.0042 -1.9793 18.6426 17.8919 14.5244 13.6659 12.4953 12.0734 10.8920 10.3873 10.2009  9.8341  9.0742  9.0403  8.6364
  24  0.253041  3.5627  4.9957 -1.9503 18.5560 17.7825 14.4294 13.5700 12.4001 11.9805 10.8050 10.3011 10.1150  9.7500  9.0005  8.9669  8.5661
  25  0.259232  3.5639  4.9895 -1.9291 18.4927 17.7025 14.3601 13.5001 12.3308 11.9126 10.7414 10.2383 10.0524  9.6885  8.9466  8.9132  8.5146
  26  0.264020  3.5647  4.9849 -1.9133 18.4452 17.6428 14.3084 13.4480 12.2793 11.8622 10.6940 10.1914 10.0057  9.6427  8.9064  8.8732  8.4762
  27  0.267742  3.5653  4.9816 -1.9013 18.4089 17.5971 14.2690 13.4082 12.2399 11.8236 10.6578 10.1557  9.9701  9.6077  8.8757  8.8426  8.4470
  28  0.270820  3.5658  4.9793 -1.8918 18.3800 17.5599 14.2374 13.3763 12.2084 11.7927 10.6289 10.1271  9.9416  9.5798  8.8517  8.8186  8.4241
  29  0.273388  3.5663  4.9772 -1.8837 18.3552 17.5278 14.2102 13.3489 12.1812 11.7660 10.6039 10.1024  9.9169  9.5557  8.8307  8.7978  8.4043
  30  0.275796  3.5668  4.9752 -1.8760 18.3320 17.4978 14.1847 13.3232 12.1557 11.7410 10.5806 10.0793  9.8939  9.5331  8.8113  8.7785  8.3860
  31  0.278283  3.5673  4.9734 -1.8683 18.3085 17.4669 14.1588 13.2970 12.1299 11.7155 10.5568 10.0558  9.8705  9.5103  8.7917  8.7590  8.3675
  32  0.280882  3.5678  4.9712 -1.8601 18.2834 17.4343 14.1313 13.2692 12.1024 11.6886 10.5315 10.0309  9.8457  9.4859  8.7708  8.7381  8.3477
  33  0.283709  3.5683  4.9687 -1.8512 18.2563 17.3992 14.1017 13.2393 12.0728 11.6594 10.5043 10.0039  9.8188  9.4596  8.7480  8.7155  8.3261
  34  0.286820  3.5688  4.9657 -1.8413 18.2265 17.3613 14.0693 13.2067 12.0405 11.6277 10.4746  9.9744  9.7895  9.4307  8.7228  8.6904  8.3021
  35  0.290371  3.5695  4.9621 -1.8299 18.1928 17.3188 14.0329 13.1701 12.0042 11.5919 10.4409  9.9410  9.7561  9.3980  8.6940  8.6618  8.2746
  36  0.291925  3.5695  4.9601 -1.8251 18.1788 17.3015 14.0191 13.1568 11.9927 11.5803 10.4299  9.9299  9.7451  9.3866  8.6829  8.6504  8.2632
  37  0.302699  3.5713  4.9480 -1.7902 18.0772 17.1709 13.9075 13.0443 11.8809 11.4700 10.3258  9.8267  9.6422  9.2854  8.5944  8.5622  8.1787
  38  0.339501  3.5809  4.9021 -1.6573 17.6737 16.6156 13.4559 12.5895 11.4313 11.0238  9.9089  9.4150  9.2322  8.8851  8.2566  8.2261  7.8627
  39  0.359792  3.5866  4.8741 -1.5809 17.4166 16.2659 13.1807 12.3156 11.1699 10.7644  9.6703  9.1818  9.0005  8.6597  8.0627  8.0330  7.6807
  40  0.376504  3.5920  4.8492 -1.5140 17.1724 15.9412 12.9264 12.0636 10.9354 10.5326  9.4605  8.9790  8.7996  8.4649  7.8929  7.8640  7.5216
  41  0.388392  3.5966  4.8310 -1.4637 16.9930 15.6905 12.7322 11.8708 10.7554 10.3539  9.2991  8.8234  8.6454  8.3159  7.7652  7.7369  7.4030
  42  0.399323  3.6013  4.8143 -1.4164 16.8213 15.4494 12.5450 11.6850 10.5829 10.1829  9.1460  8.6766  8.5001  8.1762  7.6451  7.6175  7.2918
  43  0.409028  3.6058  4.7996 -1.3732 16.6606 15.2266 12.3695 11.5109 10.4218 10.0241  9.0053  8.5428  8.3678  8.0494  7.5355  7.5085  7.1906
  44  0.417939  3.6104  4.7865 -1.3326 16.5056 15.0186 12.2008 11.3431 10.2668  9.8726  8.8728  8.4180  8.2448  7.9321  7.4327  7.4064  7.0954
  45  0.426379  3.6149  4.7745 -1.2936 16.3525 14.8170 12.0337 11.1765 10.1138  9.7236  8.7441  8.2978  8.1263  7.8196  7.3337  7.3080  7.0040
  46  0.434424  3.6197  4.7636 -1.2557 16.2005 14.6200 11.8669 11.0096  9.9614  9.5762  8.6180  8.1811  8.0117  7.7114  7.2382  7.2132  6.9160
  47  0.442407  3.6246  4.7536 -1.2181 16.0464 14.4238 11.6954 10.8375  9.8059  9.4262  8.4909  8.0643  7.8971  7.6037  7.1428  7.1187  6.8286
  48  0.450324  3.6298  4.7444 -1.1804 15.8945 14.2372 11.5208 10.6610  9.6467  9.2731  8.3621  7.9467  7.7817  7.4960  7.0480  7.0246  6.7419
  49  0.458228  3.6353  4.7361 -1.1423 15.7394 14.0513 11.3378 10.4757  9.4815  9.1148  8.2297  7.8264  7.6642  7.3866  6.9522  6.9297  6.6550
  50  0.465955  3.6411  4.7288 -1.1046 15.5708 13.8500 11.1461 10.2815  9.3136  8.9543  8.0968  7.7063  7.5469  7.2780  6.8571  6.8355  6.5690
  51  0.473644  3.6472  4.7223 -1.0666 15.3752 13.6100 10.9381 10.0720  9.1415  8.7896  7.9614  7.5843  7.4285  7.1682  6.7608  6.7401  6.4821
  52  0.478397  3.6511  4.7185 -1.0429 15.2399 13.4358 10.7991  9.9336  9.0334  8.6860  7.8767  7.5081  7.3548  7.0997  6.7008  6.6807  6.4280
  53  0.483086  3.6551  4.7151 -1.0195 15.0940 13.2443 10.6535  9.7902  8.9255  8.5825  7.7925  7.4323  7.2818  7.0318  6.6412  6.6217  6.3742
  54  0.487715  3.6590  4.7119 -0.9962 14.9362 13.0387 10.5028  9.6434  8.8181  8.4793  7.7088  7.3572  7.2094  6.9644  6.5821  6.5631  6.3210
  55  0.492273  3.6630  4.7088 -0.9733 14.7681 12.8235 10.3504  9.4962  8.7128  8.3783  7.6270  7.2835  7.1386  6.8984  6.5238  6.5054  6.2684
  56  0.496764  3.6669  4.7058 -0.9506 14.5884 12.5973 10.1963  9.3492  8.6098  8.2794  7.5466  7.2110  7.0692  6.8334  6.4662  6.4482  6.2164
  57  0.501197  3.6708  4.7030 -0.9283 14.3958 12.3607 10.0408  9.2027  8.5089  8.1826  7.4679  7.1398  7.0009  6.7694  6.4091  6.3917  6.1648
  58  0.505555  3.6746  4.7000 -0.9062 14.1925 12.1204  9.8868  9.0594  8.4117  8.0894  7.3916  7.0706  6.9348  6.7070  6.3530  6.3362  6.1140
  59  0.509849  3.6785  4.6973 -0.8845 13.9729 11.8737  9.7314  8.9163  8.3164  7.9982  7.3169  7.0027  6.8698  6.6457  6.2979  6.2815  6.0640
  60  0.514080  3.6822  4.6943 -0.8633 13.7388 11.6274  9.5779  8.7765  8.2246  7.9104  7.2447  6.9369  6.8069  6.5861  6.2439  6.2280  6.0149
  61  0.518250  3.6858  4.6915 -0.8423 13.4746 11.3752  9.4221  8.6367  8.1346  7.8249  7.1743  6.8726  6.7454  6.5279  6.1910  6.1755  5.9669
  62  0.522352  3.6893  4.6884 -0.8217 13.1833 11.1216  9.2662  8.4989  8.0475  7.7425  7.1063  6.8103  6.6860  6.4714  6.1397  6.1246  5.9201
  63  0.526389  3.6928  4.6854 -0.8015 12.8834 10.8730  9.1125  8.3638  7.9625  7.6624  7.0400  6.7496  6.6280  6.4163  6.0895  6.0748  5.8743
  64  0.530366  3.6961  4.6821 -0.7816 12.5945 10.6395  8.9654  8.2348  7.8808  7.5855  6.9760  6.6906  6.5715  6.3626  6.0404  6.0262  5.8296
  65  0.534293  3.6994  4.6788 -0.7621 12.3248 10.4241  8.8259  8.1121  7.8018  7.5113  6.9137  6.6332  6.5164  6.3101  5.9923  5.9785  5.7857
  66  0.538166  3.7025  4.6752 -0.7429 12.1032 10.2429  8.7001  7.9997  7.7264  7.4402  6.8534  6.5774  6.4626  6.2588  5.9453  5.9319  5.7425
  67  0.541991  3.7055  4.6716 -0.7240 11.9266 10.0929  8.5867  7.8965  7.6540  7.3719  6.7949  6.5229  6.4098  6.2084  5.8991  5.8860  5.7001
  68  0.545773  3.7085  4.6677 -0.7053 11.7858  9.9680  8.4837  7.8012  7.5843  7.3059  6.7380  6.4696  6.3582  6.1591  5.8537  5.8409  5.6583
  69  0.549505  3.7114  4.6639 -0.6870 11.6569  9.8542  8.3856  7.7101  7.5165  7.2419  6.6823  6.4175  6.3075  6.1107  5.8091  5.7966  5.6172
  70  0.553196  3.7142  4.6599 -0.6689 11.5343  9.7475  8.2910  7.6220  7.4503  7.1794  6.6280  6.3665  6.2577  6.0631  5.7652  5.7530  5.5768
  71  0.556836  3.7170  4.6559 -0.6509 11.4076  9.6414  8.1973  7.5352  7.3853  7.1182  6.5747  6.3164  6.2089  6.0163  5.7220  5.7102  5.5369
  72  0.560436  3.7196  4.6518 -0.6332 11.2685  9.5312  8.1033  7.4490  7.3216  7.0583  6.5225  6.2672  6.1610  5.9704  5.6796  5.6681  5.4976
  73  0.563991  3.7223  4.6476 -0.6157 11.1103  9.4126  8.0074  7.3621  7.2588  6.9994  6.4713  6.2191  6.1141  5.9255  5.6380  5.6268  5.4591
  74  0.567502  3.7250  4.6434 -0.5983 10.9423  9.2904  7.9113  7.2757  7.1970  6.9415  6.4212  6.1719  6.0681  5.8814  5.5970  5.5860  5.4211
  75  0.570964  3.7274  4.6389 -0.5812 10.7746  9.1702  7.8172  7.1914  7.1367  6.8852  6.3722  6.1257  6.0231  5.8380  5.5568  5.5460  5.3837
  76  0.574372  3.7298  4.6345 -0.5644 10.6073  9.0515  7.7248  7.1087  7.0775  6.8298  6.3241  6.0804  5.9788  5.7956  5.5173  5.5068  5.3470
  77  0.577726  3.7323  4.6299 -0.5478 10.4449  8.9367  7.6354  7.0286  7.0199  6.7760  6.2773  6.0361  5.9357  5.7540  5.4785  5.4683  5.3109
  78  0.581028  3.7345  4.6251 -0.5314 10.2904  8.8267  7.5490  6.9514  6.9637  6.7234  6.2314  5.9927  5.8933  5.7133  5.4404  5.4304  5.2754
  79  0.584261  3.7368  4.6204 -0.5153 10.1424  8.7209  7.4656  6.8767  6.9089  6.6721  6.1866  5.9502  5.8519  5.6734  5.4032  5.3934  5.2405
  80  0.587434  3.7389  4.6155 -0.4995 10.0058  8.6214  7.3861  6.8051  6.8556  6.6222  6.1429  5.9089  5.8114  5.6343  5.3667  5.3571  5.2063
  81  0.590537  3.7410  4.6105 -0.4840  9.8745  8.5254  7.3090  6.7358  6.8038  6.5735  6.1003  5.8684  5.7719  5.5962  5.3310  5.3216  5.1729
  82  0.594643  3.7436  4.6036 -0.4634  9.7060  8.4013  7.2090  6.6457  6.7356  6.5096  6.0440  5.8151  5.7195  5.5458  5.2836  5.2745  5.1283
  83  0.598694  3.7462  4.5965 -0.4430  9.5442  8.2812  7.1119  6.5582  6.6688  6.4469  5.9888  5.7624  5.6680  5.4960  5.2367  5.2279  5.0843
  84  0.602689  3.7488  4.5893 -0.4228  9.3883  8.1647  7.0177  6.4732  6.6032  6.3853  5.9342  5.7105  5.6171  5.4468  5.1904  5.1819  5.0405
  85  0.606633  3.7512  4.5817 -0.4027  9.2401  8.0526  6.9268  6.3913  6.5390  6.3247  5.8805  5.6591  5.5667  5.3981  5.1443  5.1360  4.9969
  86  0.610527  3.7536  4.5740 -0.3827  9.0973  7.9435  6.8383  6.3114  6.4757  6.2651  5.8274  5.6083  5.5167  5.3496  5.0986  5.0903  4.9534
  87  0.614369  3.7558  4.5659 -0.3628  8.9606  7.8379  6.7523  6.2340  6.4136  6.2064  5.7748  5.5579  5.4671  5.3015  5.0529  5.0449  4.9101
  88  0.618158  3.7580  4.5577 -0.3431  8.8285  7.7350  6.6683  6.1582  6.3523  6.1483  5.7228  5.5079  5.4181  5.2537  5.0076  4.9997  4.8669
  89  0.621893  3.7602  4.5491 -0.3234  8.7010  7.6347  6.5862  6.0841  6.2918  6.0910  5.6712  5.4584  5.3693  5.2064  4.9625  4.9548  4.8238
  90  0.625573  3.7622  4.5403 -0.3038  8.5783  7.5372  6.5063  6.0118  6.2323  6.0345  5.6202  5.4093  5.3209  5.1593  4.9176  4.9101  4.7809
  91  0.629191  3.7642  4.5312 -0.2844  8.4591  7.4417  6.4280  5.9410  6.1734  5.9785  5.5696  5.3606  5.2729  5.1126  4.8730  4.8656  4.7382
  92  0.632747  3.7661  4.5220 -0.2651  8.3428  7.3478  6.3509  5.8710  6.1151  5.9232  5.5195  5.3124  5.2253  5.0663  4.8288  4.8217  4.6958
  93  0.636234  3.7679  4.5124 -0.2457  8.2298  7.2556  6.2754  5.8023  6.0574  5.8685  5.4699  5.2645  5.1783  5.0204  4.7849  4.7780  4.6536
  94  0.639648  3.7697  4.5026 -0.2267  8.1196  7.1649  6.2011  5.7345  6.0005  5.8142  5.4207  5.2174  5.1318  4.9752  4.7416  4.7348  4.6120
  95  0.642982  3.7713  4.4927 -0.2077  8.0131  7.0765  6.1289  5.6681  5.9443  5.7608  5.3721  5.1706  5.0859  4.9304  4.6986  4.6920  4.5706
  96  0.646234  3.7730  4.4826 -0.1890  7.9106  6.9909  6.0585  5.6037  5.8891  5.7082  5.3241  5.1243  5.0402  4.8859  4.6560  4.6495  4.5294
  97  0.649401  3.7745  4.4724 -0.1705  7.8119  6.9081  5.9900  5.5411  5.8349  5.6563  5.2767  5.0786  4.9951  4.8419  4.6137  4.6073  4.4885
  98  0.652480  3.7760  4.4619 -0.1521  7.7180  6.8288  5.9238  5.4809  5.7819  5.6055  5.2300  5.0334  4.9505  4.7983  4.5717  4.5654  4.4477
  99  0.655469  3.7773  4.4513 -0.1340  7.6277  6.7522  5.8594  5.4224  5.7298  5.5555  5.1840  4.9886  4.9063  4.7551  4.5299  4.5238  4.4074
 100  0.658371  3.7786  4.4405 -0.1162  7.5410  6.6782  5.7972  5.3657  5.6788  5.5065  5.1386  4.9445  4.8627  4.7124  4.4887  4.4826  4.3672
 101  0.661186  3.7799  4.4298 -0.0986  7.4571  6.6065  5.7364  5.3104  5.6286  5.4580  5.0938  4.9010  4.8196  4.6703  4.4480  4.4421  4.3276
 102  0.663921  3.7811  4.4189 -0.0812  7.3772  6.5378  5.6781  5.2569  5.5794  5.4105  5.0496  4.8579  4.7771  4.6286  4.4077  4.4017  4.2883
 103  0.666576  3.7822  4.4080 -0.0639  7.2999  6.4714  5.6215  5.2048  5.5309  5.3636  5.0058  4.8154  4.7351  4.5874  4.3678  4.3619  4.2495
 104  0.669157  3.7833  4.3971 -0.0469  7.2260  6.4076  5.5669  5.1544  5.4833  5.3174  4.9626  4.7734  4.6935  4.5466  4.3282  4.3225  4.2109
 105  0.671668  3.7844  4.3861 -0.0302  7.1551  6.3463  5.5143  5.1056  5.4365  5.2720  4.9199  4.7318  4.6523  4.5062  4.2890  4.2833  4.1726
 106  0.674119  3.7854  4.3751 -0.0136  7.0866  6.2868  5.4629  5.0579  5.3905  5.2272  4.8777  4.6906  4.6115  4.4661  4.2501  4.2445  4.1345
 107  0.676515  3.7863  4.3640  0.0028  7.0208  6.2293  5.4131  5.0115  5.3454  5.1831  4.8361  4.6500  4.5712  4.4264  4.2115  4.2059  4.0967
 108  0.678865  3.7872  4.3530  0.0190  6.9567  6.1732  5.3643  4.9662  5.3009  5.1396  4.7949  4.6096  4.5311  4.3871  4.1731  4.1677  4.0591
 109  0.681177  3.7880  4.3418  0.0350  6.8948  6.1187  5.3167  4.9217  5.2569  5.0967  4.7541  4.5697  4.4915  4.3481  4.1351  4.1297  4.0218
 110  0.683463  3.7889  4.3307  0.0509  6.8345  6.0654  5.2700  4.8780  5.2136  5.0544  4.7137  4.5301  4.4523  4.3093  4.0974  4.0920  3.9848
 111  0.685683  3.7897  4.3196  0.0667  6.7753  6.0131  5.2241  4.8351  5.1708  5.0124  4.6738  4.4910  4.4134  4.2711  4.0600  4.0547  3.9480
 112  0.686520  3.7900  4.3154  0.0727  6.7516  5.9923  5.2060  4.8182  5.1540  4.9960  4.6582  4.4757  4.3983  4.2562  4.0455  4.0402  3.9338
 113  0.687357  3.7904  4.3112  0.0790  6.7272  5.9710  5.1875  4.8011  5.1370  4.9793  4.6424  4.4603  4.3830  4.2411  4.0309  4.0256  3.9195
 114  0.688194  3.7907  4.3070  0.0852  6.7027  5.9495  5.1690  4.7838  5.1197  4.9625  4.6265  4.4447  4.3675  4.2260  4.0160  4.0109  3.9050
 115  0.689030  3.7911  4.3025  0.0915  6.6785  5.9283  5.1504  4.7666  5.1024  4.9456  4.6104  4.4289  4.3519  4.2106  4.0011  3.9959  3.8903
 116  0.689865  3.7914  4.2979  0.0979  6.6544  5.9070  5.1317  4.7492  5.0849  4.9285  4.5941  4.4130  4.3361  4.1950  3.9859  3.9807  3.8754
 117  0.690697  3.7918  4.2933  0.1044  6.6308  5.8859  5.1131  4.7318  5.0673  4.9112  4.5776  4.3968  4.3201  4.1792  3.9704  3.9653  3.8602
 118  0.691525  3.7921  4.2883  0.1110  6.6074  5.8650  5.0946  4.7143  5.0496  4.8938  4.5610  4.3804  4.3038  4.1631  3.9547  3.9495  3.8447
 119  0.692350  3.7923  4.2832  0.1176  6.5845  5.8442  5.0761  4.6968  5.0317  4.8763  4.5441  4.3638  4.2873  4.1468  3.9387  3.9335  3.8288
 120  0.693172  3.7925  4.2780  0.1245  6.5615  5.8234  5.0573  4.6791  5.0137  4.8585  4.5270  4.3469  4.2705  4.1303  3.9224  3.9173  3.8128
 121  0.693992  3.7928  4.2726  0.1313  6.5389  5.8027  5.0386  4.6614  4.9956  4.8407  4.5097  4.3299  4.2536  4.1135  3.9059  3.9008  3.7964
 122  0.694809  3.7930  4.2670  0.1381  6.5163  5.7821  5.0200  4.6436  4.9774  4.8227  4.4923  4.3127  4.2365  4.0966  3.8893  3.8840  3.7799
 123  0.695621  3.7932  4.2614  0.1451  6.4938  5.7614  5.0011  4.6257  4.9589  4.8045  4.4748  4.2954  4.2192  4.0794  3.8723  3.8672  3.7631
 124  0.696427  3.7935  4.2557  0.1522  6.4709  5.7403  4.9819  4.6075  4.9402  4.7861  4.4568  4.2777  4.2016  4.0620  3.8551  3.8501  3.7461
 125  0.697232  3.7936  4.2499  0.1593  6.4482  5.7195  4.9629  4.5893  4.9215  4.7676  4.4389  4.2600  4.1840  4.0445  3.8379  3.8328  3.7290
 126  0.698036  3.7938  4.2440  0.1665  6.4257  5.6987  4.9438  4.5711  4.9027  4.7489  4.4208  4.2421  4.1662  4.0268  3.8205  3.8154  3.7118
 127  0.698835  3.7940  4.2380  0.1737  6.4035  5.6780  4.9248  4.5529  4.8838  4.7302  4.4026  4.2241  4.1483  4.0090  3.8029  3.7979  3.6943
 128  0.699633  3.7941  4.2318  0.1810  6.3815  5.6574  4.9057  4.5346  4.8648  4.7115  4.3844  4.2059  4.1302  3.9911  3.7852  3.7801  3.6767
 129  0.700425  3.7943  4.2255  0.1883  6.3594  5.6368  4.8866  4.5162  4.8457  4.6926  4.3659  4.1877  4.1120  3.9730  3.7672  3.7622  3.6589
 130  0.701214  3.7944  4.2191  0.1957  6.3380  5.6166  4.8676  4.4979  4.8266  4.6736  4.3473  4.1693  4.0936  3.9547  3.7491  3.7440  3.6408
 131  0.701997  3.7945  4.2124  0.2031  6.3173  5.5967  4.8488  4.4796  4.8075  4.6547  4.3286  4.1507  4.0750  3.9362  3.7307  3.7257  3.6224
 132  0.702774  3.7945  4.2056  0.2106  6.2969  5.5770  4.8299  4.4612  4.7883  4.6356  4.3097  4.1319  4.0563  3.9175  3.7121  3.7070  3.6037
 133  0.703547  3.7946  4.1987  0.2182  6.2769  5.5575  4.8112  4.4429  4.7690  4.6163  4.2907  4.1129  4.0374  3.8986  3.6932  3.6882  3.5850
 134  0.704313  3.7946  4.1915  0.2259  6.2575  5.5384  4.7925  4.4246  4.7497  4.5971  4.2716  4.0937  4.0183  3.8795  3.6742  3.6692  3.5658
 135  0.705071  3.7946  4.1841  0.2335  6.2385  5.5194  4.7739  4.4062  4.7303  4.5778  4.2523  4.0745  3.9990  3.8602  3.6549  3.6499  3.5465
 136  0.705824  3.7945  4.1765  0.2414  6.2201  5.5009  4.7555  4.3878  4.7109  4.5584  4.2328  4.0550  3.9795  3.8407  3.6354  3.6302  3.5269
 137  0.706568  3.7944  4.1688  0.2491  6.2023  5.4827  4.7371  4.3696  4.6915  4.5389  4.2133  4.0354  3.9598  3.8210  3.6155  3.6105  3.5069
 138  0.707305  3.7943  4.1608  0.2571  6.1853  5.4648  4.7190  4.3513  4.6720  4.5193  4.1936  4.0156  3.9401  3.8012  3.5955  3.5905  3.4868
 139  0.708034  3.7941  4.1525  0.2650  6.1688  5.4474  4.7009  4.3331  4.6525  4.4997  4.1738  3.9957  3.9200  3.7810  3.5753  3.5702  3.4663
 140  0.708753  3.7939  4.1441  0.2731  6.1533  5.4305  4.6831  4.3150  4.6331  4.4802  4.1538  3.9756  3.8998  3.7607  3.5547  3.5497  3.4456
 141  0.709464  3.7936  4.1354  0.2811  6.1389  5.4143  4.6656  4.2970  4.6137  4.4605  4.1338  3.9553  3.8795  3.7402  3.5340  3.5287  3.4245
 142  0.710166  3.7933  4.1264  0.2894  6.1251  5.3985  4.6482  4.2790  4.5944  4.4410  4.1137  3.9349  3.8590  3.7195  3.5129  3.5077  3.4031
 143  0.710857  3.7929  4.1171  0.2976  6.1126  5.3833  4.6312  4.2613  4.5751  4.4214  4.0934  3.9143  3.8383  3.6986  3.4916  3.4864  3.3815
 144  0.711538  3.7925  4.1076  0.3058  6.1010  5.3689  4.6145  4.2438  4.5559  4.4019  4.0731  3.8936  3.8174  3.6775  3.4700  3.4648  3.3595
 145  0.712210  3.7920  4.0979  0.3141  6.0901  5.3548  4.5980  4.2262  4.5367  4.3823  4.0527  3.8727  3.7965  3.6562  3.4482  3.4429  3.3373
 146  0.712870  3.7915  4.0877  0.3225  6.0815  5.3421  4.5822  4.2091  4.5179  4.3629  4.0322  3.8517  3.7754  3.6346  3.4261  3.4208  3.3146
 147  0.713520  3.7908  4.0773  0.3309  6.0738  5.3300  4.5666  4.1921  4.4990  4.3435  4.0116  3.8307  3.7540  3.6129  3.4038  3.3984  3.2917
 148  0.714156  3.7901  4.0664  0.3393  6.0683  5.3193  4.5519  4.1756  4.4806  4.3243  3.9911  3.8095  3.7326  3.5910  3.3811  3.3757  3.2684
 149  0.714782  3.7894  4.0553  0.3478  6.0639  5.3093  4.5375  4.1594  4.4621  4.3053  3.9704  3.7881  3.7111  3.5690  3.3582  3.3527  3.2448
 150  0.715396  3.7885  4.0436  0.3563  6.0624  5.3013  4.5241  4.1439  4.4442  4.2865  3.9498  3.7668  3.6894  3.5467  3.3350  3.3295  3.2208
 151  0.715998  3.7876  4.0316  0.3649  6.0627  5.2943  4.5115  4.1288  4.4264  4.2679  3.9293  3.7453  3.6677  3.5243  3.3115  3.3059  3.1965
 152  0.716586  3.7865  4.0190  0.3735  6.0667  5.2898  4.5002  4.1147  4.4093  4.2497  3.9088  3.7239  3.6458  3.5017  3.2878  3.2820  3.1717
 153  0.717163  3.7852  4.0058  0.3821  6.0743  5.2877  4.4904  4.1016  4.3928  4.2320  3.8884  3.7024  3.6239  3.4789  3.2637  3.2579  3.1465
 154  0.717726  3.7838  3.9920  0.3907  6.0869  5.2889  4.4826  4.0900  4.3771  4.2148  3.8682  3.6809  3.6020  3.4561  3.2393  3.2334  3.1208
 155  0.718278  3.7823  3.9775  0.3994  6.1045  5.2942  4.4770  4.0802  4.3620  4.1979  3.8480  3.6593  3.5798  3.4329  3.2145  3.2084  3.0945
 156  0.718817  3.7806  3.9624  0.4080  6.1303  5.3056  4.4751  4.0730  4.3480  4.1819  3.8279  3.6376  3.5576  3.4095  3.1892  3.1830  3.0677
 157  0.719346  3.7788  3.9472  0.4166  6.1589  5.3194  4.4746  4.0669  4.3344  4.1659  3.8077  3.6158  3.5351  3.3859  3.1637  3.1573  3.0404
 158  0.719866  3.7771  3.9317  0.4252  6.1879  5.3336  4.4742  4.0608  4.3208  4.1500  3.7875  3.5938  3.5125  3.3622  3.1380  3.1315  3.0131
 159  0.720376  3.7751  3.9155  0.4339  6.2231  5.3522  4.4763  4.0566  4.3081  4.1348  3.7675  3.5720  3.4900  3.3383  3.1119  3.1053  2.9852
 160  0.720877  3.7729  3.8983  0.4425  6.2669  5.3768  4.4819  4.0551  4.2971  4.1207  3.7479  3.5502  3.4674  3.3141  3.0853  3.0786  2.9566
 161  0.721367  3.7705  3.8805  0.4510  6.3168  5.4056  4.4904  4.0556  4.2871  4.1074  3.7286  3.5286  3.4449  3.2900  3.0586  3.0516  2.9275
 162  0.721843  3.7677  3.8614  0.4594  6.3822  5.4449  4.5057  4.0613  4.2799  4.0963  3.7103  3.5075  3.4228  3.2660  3.0315  3.0243  2.8979
 163  0.722316  3.7648  3.8415  0.4680  6.4516  5.4854  4.5219  4.0681  4.2730  4.0852  3.6918  3.4861  3.4004  3.2416  3.0038  2.9964  2.8674
 164  0.722786  3.7618  3.8208  0.4770  6.5251  5.5266  4.5388  4.0756  4.2662  4.0743  3.6730  3.4645  3.3777  3.2168  2.9757  2.9679  2.8363
 165  0.723249  3.7587  3.7993  0.4864  6.6046  5.5701  4.5573  4.0844  4.2595  4.0630  3.6537  3.4421  3.3542  3.1912  2.9465  2.9385  2.8041
 166  0.723705  3.7555  3.7766  0.4965  6.6901  5.6152  4.5764  4.0936  4.2520  4.0510  3.6333  3.4184  3.3293  3.1641  2.9156  2.9073  2.7699
 167  0.724146  3.7523  3.7528  0.5076  6.7788  5.6602  4.5949  4.1021  4.2427  4.0370  3.6106  3.3925  3.3023  3.1349  2.8825  2.8739  2.7334
 168  0.724568  3.7492  3.7284  0.5199  6.8644  5.7013  4.6099  4.1076  4.2302  4.0197  3.5849  3.3637  3.2723  3.1027  2.8467  2.8378  2.6944
 169  0.724967  3.7464  3.7039  0.5334  6.9402  5.7345  4.6190  4.1081  4.2133  3.9985  3.5560  3.3319  3.2395  3.0678  2.8085  2.7993  2.6533
 170  0.725341  3.7439  3.6794  0.5481  7.0039  5.7588  4.6214  4.1028  4.1922  3.9735  3.5241  3.2974  3.2040  3.0306  2.7682  2.7588  2.6103
 171  0.725692  3.7416  3.6552  0.5636  7.0546  5.7742  4.6172  4.0920  4.1671  3.9449  3.4895  3.2605  3.1664  2.9914  2.7263  2.7167  2.5660
 172  0.726024  3.7398  3.6316  0.5798  7.0930  5.7811  4.6069  4.0762  4.1385  3.9134  3.4529  3.2219  3.1271  2.9508  2.6834  2.6735  2.5210
 173  0.726337  3.7381  3.6085  0.5965  7.1204  5.7808  4.5918  4.0561  4.1071  3.8794  3.4146  3.1819  3.0864  2.9089  2.6396  2.6297  2.4753
 174  0.726637  3.7367  3.5859  0.6136  7.1384  5.7744  4.5722  4.0325  4.0734  3.8436  3.3749  3.1408  3.0449  2.8664  2.5953  2.5852  2.4294
 175  0.726926  3.7354  3.5637  0.6309  7.1514  5.7637  4.5496  4.0063  4.0381  3.8062  3.3343  3.0989  3.0026  2.8231  2.5505  2.5403  2.3834
 176  0.727205  3.7343  3.5420  0.6485  7.1586  5.7491  4.5241  3.9777  4.0011  3.7676  3.2928  3.0564  2.9596  2.7795  2.5056  2.4953  2.3372
 177  0.727476  3.7334  3.5207  0.6661  7.1594  5.7305  4.4960  3.9469  3.9628  3.7279  3.2507  3.0133  2.9163  2.7355  2.4605  2.4501  2.2909
 178  0.727741  3.7325  3.4996  0.6840  7.1562  5.7094  4.4663  3.9148  3.9237  3.6875  3.2081  2.9699  2.8726  2.6912  2.4151  2.4047  2.2446
 179  0.728002  3.7317  3.4784  0.7018  7.1524  5.6879  4.4361  3.8824  3.8845  3.6470  3.1655  2.9264  2.8288  2.6469  2.3697  2.3591  2.1982
 180  0.728257  3.7309  3.4575  0.7198  7.1452  5.6645  4.4048  3.8489  3.8447  3.6059  3.1225  2.8827  2.7848  2.6024  2.3242  2.3135  2.1517
 181  0.728509  3.7301  3.4367  0.7378  7.1346  5.6391  4.3721  3.8143  3.8044  3.5645  3.0792  2.8387  2.7406  2.5576  2.2786  2.2679  2.1053
 182  0.728703  3.7296  3.4205  0.7519  7.1246  5.6181  4.3459  3.7868  3.7724  3.5318  3.0452  2.8042  2.7059  2.5226  2.2429  2.2321  2.0689
 183  0.728897  3.7291  3.4042  0.7663  7.1130  5.5962  4.3189  3.7584  3.7398  3.4985  3.0106  2.7691  2.6706  2.4869  2.2066  2.1957  2.0320
 184  0.729091  3.7286  3.3878  0.7809  7.1001  5.5732  4.2908  3.7292  3.7066  3.4644  2.9752  2.7332  2.6347  2.4506  2.1696  2.1587  1.9944
 185  0.729284  3.7281  3.3711  0.7957  7.0868  5.5497  4.2624  3.6995  3.6727  3.4298  2.9395  2.6970  2.5982  2.4138  2.1322  2.1213  1.9564
 186  0.729477  3.7275  3.3540  0.8108  7.0730  5.5257  4.2332  3.6691  3.6382  3.3946  2.9030  2.6599  2.5610  2.3763  2.0940  2.0830  1.9176
 187  0.729669  3.7271  3.3367  0.8263  7.0585  5.5010  4.2034  3.6382  3.6031  3.3586  2.8658  2.6222  2.5231  2.3380  2.0551  2.0440  1.8781
 188  0.729860  3.7266  3.3193  0.8419  7.0419  5.4746  4.1725  3.6061  3.5670  3.3219  2.8279  2.5838  2.4846  2.2991  2.0156  2.0045  1.8380
 189  0.730051  3.7261  3.3015  0.8580  7.0248  5.4477  4.1408  3.5733  3.5302  3.2843  2.7891  2.5446  2.4451  2.2593  1.9752  1.9639  1.7970
 190  0.730240  3.7256  3.2830  0.8745  7.0069  5.4198  4.1079  3.5393  3.4920  3.2454  2.7489  2.5039  2.4043  2.2181  1.9333  1.9221  1.7545
 191  0.730426  3.7252  3.2638  0.8918  6.9865  5.3895  4.0729  3.5032  3.4519  3.2045  2.7069  2.4613  2.3616  2.1751  1.8895  1.8783  1.7102
 192  0.730608  3.7246  3.2436  0.9101  6.9657  5.3582  4.0364  3.4656  3.4100  3.1618  2.6628  2.4167  2.3168  2.1299  1.8436  1.8323  1.6636
 193  0.730787  3.7241  3.2225  0.9290  6.9451  5.3262  3.9990  3.4269  3.3665  3.1175  2.6170  2.3703  2.2702  2.0829  1.7959  1.7845  1.6152
 194  0.730963  3.7235  3.2008  0.9486  6.9222  5.2921  3.9595  3.3863  3.3214  3.0714  2.5696  2.3222  2.2220  2.0342  1.7465  1.7351  1.5651
 195  0.731136  3.7229  3.1782  0.9689  6.8993  5.2574  3.9192  3.3446  3.2747  3.0239  2.5205  2.2726  2.1721  1.9838  1.6953  1.6839  1.5132
 196  0.731305  3.7223  3.1550  0.9899  6.8753  5.2214  3.8773  3.3014  3.2265  2.9747  2.4698  2.2211  2.1205  1.9318  1.6424  1.6309  1.4596
 197  0.731470  3.7217  3.1307  1.0115  6.8520  5.1851  3.8347  3.2573  3.1769  2.9241  2.4174  2.1680  2.0672  1.8779  1.5876  1.5760  1.4039
 198  0.731632  3.7210  3.1058  1.0338  6.8276  5.1475  3.7908  3.2118  3.1260  2.8723  2.3637  2.1136  2.0125  1.8227  1.5315  1.5198  1.3470
 199  0.731790  3.7203  3.0803  1.0567  6.8023  5.1089  3.7456  3.1652  3.0737  2.8189  2.3085  2.0577  1.9563  1.7660  1.4738  1.4620  1.2884
 200  0.731945  3.7196  3.0539  1.0802  6.7752  5.0688  3.6993  3.1174  3.0201  2.7642  2.2519  2.0002  1.8985  1.7076  1.4144  1.4025  1.2281
 201  0.732094  3.7188  3.0269  1.1043  6.7427  5.0254  3.6513  3.0679  2.9653  2.7083  2.1940  1.9414  1.8396  1.6480  1.3538  1.3418  1.1665
 202  0.732240  3.7180  2.9991  1.1289  6.7100  4.9815  3.6026  3.0178  2.9096  2.6513  2.1348  1.8814  1.7793  1.5871  1.2917  1.2796  1.1034
 203  0.732382  3.7171  2.9705  1.1541  6.6793  4.9383  3.5541  2.9675  2.8531  2.5936  2.0746  1.8202  1.7179  1.5250  1.2284  1.2162  1.0389
 204  0.732519  3.7162  2.9411  1.1798  6.6489  4.8950  3.5050  2.9164  2.7956  2.5347  2.0133  1.7579  1.6552  1.4615  1.1636  1.1513  0.9730
 205  0.732652  3.7152  2.9110  1.2060  6.6198  4.8520  3.4557  2.8651  2.7373  2.4750  1.9509  1.6944  1.5914  1.3969  1.0976  1.0853  0.9057
 206  0.732780  3.7141  2.8802  1.2327  6.5912  4.8092  3.4060  2.8132  2.6782  2.4144  1.8875  1.6298  1.5265  1.3312  1.0305  1.0180  0.8372
 207  0.732904  3.7131  2.8488  1.2599  6.5634  4.7667  3.3562  2.7609  2.6183  2.3529  1.8231  1.5643  1.4606  1.2645  0.9622  0.9497  0.7676
 208  0.733023  3.7120  2.8169  1.2874  6.5370  4.7248  3.3061  2.7083  2.5577  2.2907  1.7578  1.4978  1.3937  1.1968  0.8930  0.8802  0.6968
 209  0.733137  3.7108  2.7843  1.3154  6.5123  4.6838  3.2560  2.6556  2.4964  2.2277  1.6916  1.4303  1.3259  1.1281  0.8226  0.8097  0.6250
 210  0.733246  3.7096  2.7512  1.3438  6.4898  4.6439  3.2062  2.6028  2.4346  2.1640  1.6247  1.3621  1.2573  1.0584  0.7514  0.7383  0.5521
 211  0.733352  3.7084  2.7175  1.3726  6.4695  4.6052  3.1566  2.5500  2.3722  2.0998  1.5570  1.2930  1.1878  0.9880  0.6791  0.6660  0.4782
 212  0.733452  3.7071  2.6834  1.4017  6.4523  4.5685  3.1074  2.4974  2.3095  2.0350  1.4886  1.2232  1.1176  0.9168  0.6061  0.5928  0.4035
 213  0.733548  3.7058  2.6487  1.4312  6.4389  4.5343  3.0589  2.4453  2.2464  1.9698  1.4197  1.1528  1.0467  0.8448  0.5323  0.5188  0.3279
 214  0.733640  3.7044  2.6136  1.4609  6.4293  4.5025  3.0111  2.3936  2.1831  1.9042  1.3502  1.0818  0.9752  0.7723  0.4578  0.4441  0.2516
 215  0.733727  3.7030  2.5782  1.4909  6.4367  4.4792  2.9664  2.3439  2.1197  1.8383  1.2801  1.0101  0.9030  0.6990  0.3824  0.3686  0.1744
 216  0.733810  3.7016  2.5423  1.5211  6.4651  4.4665  2.9255  2.2971  2.0567  1.7723  1.2095  0.9377  0.8300  0.6248  0.3061  0.2922  0.0963
 217  0.733821  3.7014  2.5370  1.5257  6.4698  4.4650  2.9196  2.2903  2.0474  1.7625  1.1990  0.9269  0.8192  0.6138  0.2948  0.2808  0.0847
 218  0.733833  3.7012  2.5316  1.5302  6.4741  4.4633  2.9135  2.2834  2.0380  1.7527  1.1884  0.9161  0.8082  0.6027  0.2835  0.2695  0.0731
 219  0.733845  3.7010  2.5262  1.5347  6.4785  4.4617  2.9075  2.2763  2.0286  1.7428  1.1779  0.9053  0.7973  0.5916  0.2720  0.2580  0.0614
 220  0.733857  3.7008  2.5208  1.5393  6.4838  4.4607  2.9018  2.2697  2.0193  1.7330  1.1674  0.8944  0.7864  0.5805  0.2606  0.2465  0.0497
 221  0.733869  3.7006  2.5153  1.5438  6.4889  4.4595  2.8959  2.2629  2.0099  1.7231  1.1567  0.8835  0.7754  0.5692  0.2490  0.2349  0.0378
 222  0.733880  3.7003  2.5098  1.5484  6.4941  4.4585  2.8902  2.2562  2.0005  1.7132  1.1460  0.8725  0.7643  0.5580  0.2374  0.2233  0.0259
 223  0.733891  3.7001  2.5043  1.5530  6.4996  4.4577  2.8845  2.2495  1.9911  1.7033  1.1353  0.8616  0.7531  0.5467  0.2258  0.2116  0.0139
 224  0.733903  3.6999  2.4987  1.5577  6.5052  4.4570  2.8788  2.2428  1.9816  1.6933  1.1246  0.8505  0.7420  0.5353  0.2140  0.1999  0.0019
 225  0.733914  3.6997  2.4931  1.5624  6.5111  4.4564  2.8732  2.2361  1.9722  1.6833  1.1138  0.8393  0.7308  0.5239  0.2023  0.1881 -0.0101
 226  0.733926  3.6994  2.4874  1.5671  6.5172  4.4560  2.8676  2.2295  1.9627  1.6733  1.1029  0.8282  0.7195  0.5125  0.1904  0.1763 -0.0223
 227  0.734036  3.6969  2.4300  1.6146  6.5854  4.4592  2.8138  2.1646  1.8675  1.5724  0.9933  0.7153  0.6055  0.3962  0.0705  0.0560 -0.1455
 228  0.734132  3.6944  2.3726  1.6619  6.6608  4.4752  2.7656  2.1048  1.7749  1.4737  0.8854  0.6037  0.4927  0.2812 -0.0485 -0.0633 -0.2678
 229  0.734221  3.6917  2.3151  1.7091  6.7425  4.4995  2.7211  2.0482  1.6839  1.3763  0.7782  0.4928  0.3805  0.1666 -0.1672 -0.1823 -0.3899
 230  0.734301  3.6893  2.2620  1.7525  6.8249  4.5254  2.6813  1.9968  1.6003  1.2866  0.6793  0.3904  0.2769  0.0608 -0.2768 -0.2922 -0.5026
 231  0.734374  3.6871  2.2131  1.7925  6.8982  4.5527  2.6457  1.9504  1.5237  1.2043  0.5885  0.2963  0.1817 -0.0363 -0.3777 -0.3933 -0.6063
 232  0.734442  3.6851  2.1696  1.8281  6.9396  4.5707  2.6113  1.9069  1.4554  1.1312  0.5080  0.2128  0.0974 -0.1226 -0.4670 -0.4828 -0.6983
 233  0.734506  3.6839  2.1423  1.8509  6.9510  4.5702  2.5836  1.8740  1.4095  1.0828  0.4554  0.1587  0.0428 -0.1783 -0.5245 -0.5404 -0.7572
 234  0.734569  3.6841  2.1388  1.8553  6.9389  4.5429  2.5655  1.8565  1.3957  1.0694  0.4428  0.1465  0.0306 -0.1901 -0.5359 -0.5518 -0.7682
 235  0.734635  3.6823  2.0979  1.8888  6.9619  4.5592  2.5323  1.8149  1.3316  1.0008  0.3673  0.0683 -0.0484 -0.2710 -0.6197 -0.6358 -0.8546
 236  0.734696  3.6793  2.0365  1.9382  6.9915  4.6017  2.4914  1.7608  1.2406  0.9026  0.2580 -0.0456 -0.1636 -0.3891 -0.7428 -0.7593 -0.9818
 237  0.734752  3.6764  1.9771  1.9859  7.0114  4.6517  2.4557  1.7123  1.1547  0.8094  0.1536 -0.1543 -0.2738 -0.5021 -0.8607 -0.8776 -1.1040
 238  0.734801  3.6734  1.9203  2.0309  7.0255  4.7123  2.4273  1.6715  1.0755  0.7231  0.0561 -0.2563 -0.3771 -0.6084 -0.9720 -0.9892 -1.2195
 239  0.734846  3.6706  1.8663  2.0738  7.0323  4.7801  2.4043  1.6366  1.0024  0.6428 -0.0353 -0.3521 -0.4742 -0.7085 -1.0770 -1.0945 -1.3287
 240  0.734887  3.6681  1.8193  2.1109  7.0295  4.8542  2.3889  1.6108  0.9404  0.5744 -0.1138 -0.4346 -0.5580 -0.7948 -1.1677 -1.1857 -1.4234
 241  0.734925  3.6654  1.7676  2.1517  7.0283  4.9399  2.3735  1.5842  0.8728  0.4995 -0.1998 -0.5252 -0.6499 -0.8897 -1.2673 -1.2856 -1.5272
 242  0.734959  3.6624  1.7118  2.1955  7.0275  5.0290  2.3580  1.5571  0.8010  0.4197 -0.2920 -0.6222 -0.7484 -0.9914 -1.3742 -1.3930 -1.6387
 243  0.734991  3.6594  1.6561  2.2393  7.0209  5.1200  2.3446  1.5327  0.7306  0.3412 -0.3833 -0.7186 -0.8464 -1.0926 -1.4808 -1.4999 -1.7498
 244  0.735018  3.6565  1.6019  2.2817  7.0084  5.2094  2.3338  1.5120  0.6638  0.2661 -0.4710 -0.8114 -0.9407 -1.1902 -1.5835 -1.6031 -1.8572
 245  0.735045  3.6535  1.5487  2.3233  6.9913  5.2961  2.3249  1.4944  0.5996  0.1936 -0.5565 -0.9020 -1.0327 -1.2856 -1.6841 -1.7042 -1.9623
 246  0.735069  3.6506  1.4955  2.3646  6.9720  5.3841  2.3201  1.4815  0.5381  0.1234 -0.6402 -0.9911 -1.1234 -1.3796 -1.7837 -1.8041 -2.0666
 247  0.735090  3.6476  1.4437  2.4045  6.9492  5.4667  2.3190  1.4742  0.4807  0.0574 -0.7201 -1.0765 -1.2106 -1.4703 -1.8796 -1.9005 -2.1674
 248  0.735109  3.6447  1.3932  2.4433  6.9226  5.5442  2.3204  1.4708  0.4269 -0.0052 -0.7966 -1.1587 -1.2944 -1.5575 -1.9722 -1.9936 -2.2648
 249  0.735127  3.6418  1.3438  2.4811  6.8935  5.6159  2.3235  1.4703  0.3762 -0.0647 -0.8703 -1.2380 -1.3753 -1.6420 -2.0622 -2.0840 -2.3596
 250  0.735144  3.6389  1.2952  2.5182  6.8633  5.6828  2.3287  1.4729  0.3283 -0.1214 -0.9413 -1.3147 -1.4539 -1.7241 -2.1500 -2.1722 -2.4523
 251  0.735158  3.6361  1.2478  2.5543  6.8312  5.7428  2.3345  1.4772  0.2832 -0.1753 -1.0096 -1.3888 -1.5296 -1.8034 -2.2350 -2.2577 -2.5423
 252  0.735173  3.6332  1.2007  2.5901  6.7974  5.7972  2.3413  1.4835  0.2399 -0.2274 -1.0764 -1.4615 -1.6040 -1.8814 -2.3190 -2.3421 -2.6314
 253  0.735185  3.6305  1.1550  2.6249  6.7626  5.8437  2.3482  1.4910  0.1993 -0.2766 -1.1404 -1.5314 -1.6756 -1.9566 -2.4001 -2.4237 -2.7176
 254  0.735197  3.6278  1.1101  2.6589  6.7273  5.8805  2.3555  1.4999  0.1613 -0.3236 -1.2026 -1.5996 -1.7456 -2.0300 -2.4792 -2.5033 -2.8018
 255  0.735208  3.6251  1.0659  2.6924  6.6911  5.9115  2.3628  1.5097  0.1250 -0.3686 -1.2631 -1.6662 -1.8140 -2.1019 -2.5569 -2.5814 -2.8845
 256  0.735218  3.6224  1.0226  2.7251  6.6546  5.9375  2.3703  1.5204  0.0913 -0.4109 -1.3209 -1.7301 -1.8797 -2.1711 -2.6321 -2.6571 -2.9651
 257  0.735228  3.6198  0.9800  2.7572  6.6183  5.9597  2.3784  1.5322  0.0602 -0.4507 -1.3764 -1.7916 -1.9432 -2.2381 -2.7054 -2.7309 -3.0437
 258  0.735236  3.6173  0.9382  2.7885  6.5812  5.9770  2.3852  1.5432  0.0306 -0.4887 -1.4301 -1.8513 -2.0046 -2.3030 -2.7769 -2.8029 -3.1207
 259  0.735244  3.6147  0.8973  2.8194  6.5437  5.9896  2.3907  1.5534  0.0026 -0.5249 -1.4820 -1.9091 -2.0641 -2.3660 -2.8469 -2.8733 -3.1961
 260  0.735252  3.6122  0.8573  2.8493  6.5062  5.9984  2.3950  1.5626 -0.0235 -0.5589 -1.5315 -1.9645 -2.1213 -2.4264 -2.9146 -2.9414 -3.2694
 261  0.735259  3.6097  0.8180  2.8788  6.4688  6.0041  2.3980  1.5704 -0.0484 -0.5917 -1.5799 -2.0185 -2.1771 -2.4856 -2.9811 -3.0084 -3.3413
 262  0.735266  3.6073  0.7793  2.9077  6.4312  6.0069  2.3991  1.5765 -0.0718 -0.6229 -1.6274 -2.0716 -2.2320 -2.5434 -3.0463 -3.0739 -3.4120
 263  0.735272  3.6049  0.7416  2.9360  6.3937  6.0070  2.3985  1.5808 -0.0942 -0.6527 -1.6731 -2.1227 -2.2851 -2.5992 -3.1097 -3.1377 -3.4809
 264  0.735278  3.6025  0.7047  2.9635  6.3564  6.0049  2.3966  1.5838 -0.1153 -0.6811 -1.7178 -2.1726 -2.3370 -2.6536 -3.1717 -3.2000 -3.5482
 265  0.735284  3.6003  0.6685  2.9907  6.3189  6.0009  2.3931  1.5853 -0.1355 -0.7083 -1.7610 -2.2211 -2.3873 -2.7063 -3.2325 -3.2610 -3.6144
 266  0.735289  3.5981  0.6332  3.0172  6.2816  5.9950  2.3883  1.5854 -0.1544 -0.7339 -1.8024 -2.2674 -2.4355 -2.7568 -3.2914 -3.3203 -3.6789
 267  0.735293  3.5959  0.5983  3.0433  6.2443  5.9881  2.3823  1.5845 -0.1722 -0.7582 -1.8421 -2.3119 -2.4819 -2.8056 -3.3495 -3.3787 -3.7426
 268  0.735298  3.5937  0.5641  3.0688  6.2073  5.9799  2.3751  1.5824 -0.1889 -0.7808 -1.8800 -2.3543 -2.5258 -2.8523 -3.4061 -3.4356 -3.8049
 269  0.735303  3.5916  0.5308  3.0938  6.1709  5.9710  2.3669  1.5793 -0.2037 -0.8013 -1.9154 -2.3943 -2.5674 -2.8966 -3.4611 -3.4910 -3.8658
 270  0.735307  3.5895  0.4977  3.1182  6.1352  5.9629  2.3587  1.5764 -0.2150 -0.8182 -1.9475 -2.4310 -2.6055 -2.9379 -3.5148 -3.5449 -3.9258
 271  0.735310  3.5874  0.4656  3.1422  6.0997  5.9535  2.3487  1.5717 -0.2263 -0.8345 -1.9788 -2.4665 -2.6424 -2.9776 -3.5673 -3.5978 -3.9846
 272  0.735314  3.5854  0.4340  3.1657  6.0644  5.9440  2.3376  1.5659 -0.2367 -0.8497 -2.0090 -2.5001 -2.6776 -3.0154 -3.6189 -3.6496 -4.0423
 273  0.735317  3.5833  0.4026  3.1886  6.0305  5.9359  2.3273  1.5615 -0.2440 -0.8609 -2.0351 -2.5298 -2.7085 -3.0494 -3.6687 -3.6996 -4.0990
 274  0.735320  3.5813  0.3721  3.2111  5.9961  5.9263  2.3149  1.5550 -0.2520 -0.8724 -2.0602 -2.5578 -2.7373 -3.0817 -3.7179 -3.7489 -4.1547
 275  0.735323  3.5793  0.3424  3.2331  5.9620  5.9166  2.3015  1.5474 -0.2598 -0.8834 -2.0840 -2.5840 -2.7643 -3.1125 -3.7658 -3.7971 -4.2093
 276  0.735326  3.5775  0.3133  3.2545  5.9286  5.9075  2.2878  1.5396 -0.2664 -0.8928 -2.1053 -2.6078 -2.7885 -3.1410 -3.8124 -3.8440 -4.2626
 277  0.735329  3.5756  0.2852  3.2753  5.8959  5.8986  2.2739  1.5316 -0.2721 -0.9008 -2.1244 -2.6290 -2.8099 -3.1671 -3.8573 -3.8892 -4.3144
 278  0.735332  3.5739  0.2582  3.2953  5.8642  5.8896  2.2595  1.5233 -0.2770 -0.9073 -2.1409 -2.6475 -2.8284 -3.1904 -3.9000 -3.9323 -4.3639
 279  0.735380  3.5725  0.2346  3.3130  5.8358  5.8811  2.2460  1.5150 -0.2818 -0.9133 -2.1551 -2.6634 -2.8441 -3.2108 -3.9377 -3.9703 -4.4077
