#NUMBER OF AGES= 1
#----------------------------------------------------       
#MIX-LEN  Y      Z          Zeff        [Fe/H] [a/Fe]
# 1.9380  0.3300 1.2993E-03 6.6136E-04  -1.35   0.40 
#----------------------------------------------------       
#**PHOTOMETRIC SYSTEM**: HST WFPC2 (Vega)                   
#----------------------------------------------------       
#AGE=10.200 EEPS=267
#EEP   M/Mo    LogTeff  LogG   LogL/Lo F218W   F255W   F300W   F336W   F439W   F450W   F555W   F606W   F622W   F675W   F791W   F814W   F850LP
  13  0.108208  3.5301  5.2792 -2.7334 20.8336 20.6786 17.0247 16.2077 15.0592 14.4774 13.0925 12.5609 12.3711 11.9657 10.9920 10.9509 10.5011
  14  0.123212  3.5382  5.2297 -2.5954 20.4190 20.0270 16.5141 15.6806 14.5249 13.9829 12.6446 12.1147 11.9249 11.5323 10.6386 10.5994 10.1668
  15  0.138370  3.5456  5.1864 -2.4726 20.0331 19.4339 16.0566 15.2140 14.0591 13.5482 12.2515 11.7240 11.5344 11.1514 10.3241 10.2866  9.8687
  16  0.152761  3.5519  5.1523 -2.3705 19.6989 18.9412 15.6775 14.8306 13.6802 13.1914 11.9280 11.4035 11.2142 10.8387 10.0628 10.0265  9.6208
  17  0.166322  3.5568  5.1251 -2.2861 19.4106 18.5373 15.3700 14.5220 13.3781 12.9040 11.6660 11.1442 10.9557 10.5855  9.8471  9.8118  9.4154
  18  0.179548  3.5611  5.1012 -2.2121 19.1537 18.1886 15.1047 14.2575 13.1210 12.6582 11.4410 10.9221 10.7344 10.3682  9.6587  9.6243  9.2353
  19  0.193101  3.5648  5.0796 -2.1441 18.9162 17.8756 14.8646 14.0190 12.8904 12.4364 11.2375 10.7213 10.5345 10.1718  9.4859  9.4522  9.0695
  20  0.206499  3.5679  5.0603 -2.0829 18.7013 17.5986 14.6504 13.8065 12.6860 12.2389 11.0558 10.5425 10.3564  9.9968  9.3306  9.2974  8.9202
  21  0.220523  3.5710  5.0423 -2.0242 18.4938 17.3363 14.4460 13.6043 12.4924 12.0516 10.8834 10.3732 10.1879  9.8311  9.1819  9.1492  8.7769
  22  0.234059  3.5736  5.0268 -1.9723 18.3126 17.1110 14.2666 13.4267 12.3228 11.8870 10.7320 10.2246 10.0401  9.6858  9.0502  9.0179  8.6499
  23  0.245138  3.5755  5.0148 -1.9323 18.1754 16.9448 14.1294 13.2906 12.1928 11.7606 10.6155 10.1106  9.9268  9.5746  8.9489  8.9170  8.5522
  24  0.253477  3.5768  5.0060 -1.9033 18.0762 16.8258 14.0303 13.1922 12.0990 11.6693 10.5314 10.0285  9.8451  9.4945  8.8755  8.8439  8.4813
  25  0.259653  3.5778  4.9999 -1.8828 18.0061 16.7426 13.9607 13.1231 12.0330 11.6050 10.4721  9.9705  9.7875  9.4379  8.8237  8.7922  8.4313
  26  0.264416  3.5785  4.9955 -1.8677 17.9543 16.6811 13.9092 13.0720 11.9844 11.5576 10.4283  9.9278  9.7450  9.3962  8.7854  8.7541  8.3943
  27  0.268119  3.5791  4.9924 -1.8563 17.9146 16.6338 13.8699 13.0331 11.9475 11.5214 10.3950  9.8952  9.7127  9.3645  8.7563  8.7250  8.3662
  28  0.271136  3.5796  4.9900 -1.8472 17.8830 16.5960 13.8387 13.0021 11.9180 11.4927 10.3686  9.8693  9.6869  9.3394  8.7334  8.7023  8.3443
  29  0.273695  3.5800  4.9880 -1.8394 17.8558 16.5633 13.8117 12.9753 11.8926 11.4678 10.3457  9.8470  9.6647  9.3176  8.7137  8.6826  8.3254
  30  0.276129  3.5805  4.9861 -1.8321 17.8300 16.5321 13.7860 12.9498 11.8684 11.4442 10.3240  9.8259  9.6437  9.2970  8.6951  8.6641  8.3074
  31  0.278789  3.5809  4.9847 -1.8247 17.8036 16.4998 13.7596 12.9237 11.8436 11.4200 10.3019  9.8043  9.6223  9.2761  8.6763  8.6453  8.2895
  32  0.281616  3.5814  4.9825 -1.8163 17.7740 16.4640 13.7301 12.8944 11.8159 11.3930 10.2771  9.7801  9.5983  9.2525  8.6550  8.6241  8.2690
  33  0.284971  3.5819  4.9801 -1.8066 17.7399 16.4230 13.6964 12.8609 11.7842 11.3620 10.2486  9.7523  9.5706  9.2255  8.6305  8.5996  8.2455
  34  0.287432  3.5821  4.9783 -1.7999 17.7143 16.3934 13.6730 12.8382 11.7642 11.3424 10.2309  9.7351  9.5536  9.2085  8.6139  8.5832  8.2291
  35  0.290916  3.5824  4.9751 -1.7899 17.6792 16.3528 13.6395 12.8055 11.7344 11.3132 10.2041  9.7088  9.5276  9.1825  8.5892  8.5584  8.2047
  36  0.306820  3.5858  4.9566 -1.7358 17.5111 16.1324 13.4575 12.6228 11.5556 11.1363 10.0390  9.5461  9.3656  9.0240  8.4520  8.4218  8.0749
  37  0.328826  3.5905  4.9294 -1.6602 17.2406 15.7986 13.1871 12.3552 11.3044 10.8895  9.8134  9.3267  9.1479  8.8113  8.2607  8.2311  7.8922
  38  0.362913  3.5994  4.8826 -1.5340 16.7243 15.1947 12.6965 11.8733 10.8691 10.4652  9.4357  8.9652  8.7908  8.4645  7.9414  7.9131  7.5867
  39  0.376245  3.6040  4.8620 -1.4795 16.5047 14.9317 12.4803 11.6597 10.6754 10.2760  9.2682  8.8058  8.6334  8.3125  7.8034  7.7758  7.4559
  40  0.387001  3.6082  4.8451 -1.4335 16.3190 14.7071 12.2942 11.4755 10.5084 10.1130  9.1247  8.6697  8.4992  8.1833  7.6867  7.6597  7.3460
  41  0.396789  3.6124  4.8299 -1.3903 16.1422 14.4948 12.1157 11.2983 10.3482  9.9570  8.9885  8.5414  8.3729  8.0621  7.5771  7.5507  7.2430
  42  0.406762  3.6172  4.8150 -1.3455 15.9555 14.2753 11.9263 11.1100 10.1781  9.7922  8.8459  8.4081  8.2418  7.9372  7.4634  7.4378  7.1365
  43  0.416703  3.6226  4.8010 -1.2996 15.7582 14.0441 11.7244 10.9076  9.9969  9.6173  8.6964  8.2697  8.1060  7.8084  7.3470  7.3222  7.0282
  44  0.426364  3.6284  4.7885 -1.2537 15.5549 13.8045 11.5127 10.6941  9.8081  9.4358  8.5430  8.1291  7.9685  7.6790  7.2309  7.2070  6.9213
  45  0.435616  3.6346  4.7777 -1.2092 15.3528 13.5663 11.2968 10.4768  9.6187  9.2542  8.3910  7.9906  7.8333  7.5526  7.1182  7.0953  6.8182
  46  0.444458  3.6407  4.7683 -1.1661 15.1574 13.3364 11.0781 10.2582  9.4318  9.0755  8.2420  7.8559  7.7020  7.4306  7.0101  6.9882  6.7198
  47  0.453016  3.6470  4.7601 -1.1245 14.9574 13.1012 10.8557 10.0377  9.2488  8.9009  8.0970  7.7250  7.5747  7.3125  6.9058  6.8848  6.6253
  48  0.461267  3.6533  4.7529 -1.0843 14.7202 12.8285 10.6298  9.8131  9.0716  8.7314  7.9569  7.5984  7.4522  7.1983  6.8042  6.7840  6.5331
  49  0.469546  3.6600  4.7467 -1.0436 14.4351 12.5050 10.3848  9.5723  8.8916  8.5591  7.8153  7.4702  7.3286  7.0828  6.7010  6.6819  6.4396
  50  0.477861  3.6670  4.7413 -1.0026 14.1103 12.1477 10.1188  9.3179  8.7088  8.3846  7.6720  7.3405  7.2039  6.9659  6.5968  6.5787  6.3455
  51  0.486405  3.6742  4.7359 -0.9605 13.7415 11.7621  9.8364  9.0532  8.5237  8.2082  7.5266  7.2086  7.0771  6.8470  6.4902  6.4731  6.2492
  52  0.491081  3.6782  4.7329 -0.9375 13.5268 11.5471  9.6819  8.9099  8.4248  8.1141  7.4487  7.1375  7.0089  6.7826  6.4322  6.4157  6.1967
  53  0.495682  3.6821  4.7300 -0.9149 13.3067 11.3336  9.5303  8.7704  8.3294  8.0232  7.3731  7.0684  6.9424  6.7199  6.3756  6.3595  6.1453
  54  0.500218  3.6860  4.7270 -0.8927 13.0810 11.1223  9.3815  8.6344  8.2371  7.9355  7.2999  7.0012  6.8777  6.6587  6.3200  6.3044  6.0947
  55  0.504667  3.6896  4.7238 -0.8710 12.8551 10.9179  9.2378  8.5039  8.1490  7.8520  7.2297  6.9364  6.8154  6.5995  6.2660  6.2508  6.0454
  56  0.509013  3.6931  4.7206 -0.8498 12.6190 10.7158  9.0964  8.3766  8.0639  7.7717  7.1619  6.8738  6.7551  6.5420  6.2134  6.1987  5.9974
  57  0.513252  3.6966  4.7174 -0.8292 12.3813 10.5196  8.9587  8.2533  7.9817  7.6942  7.0965  6.8132  6.6967  6.4864  6.1625  6.1482  5.9509
  58  0.517382  3.7000  4.7143 -0.8091 12.1430 10.3301  8.8249  8.1341  7.9023  7.6196  7.0334  6.7548  6.6403  6.4326  6.1133  6.0993  5.9059
  59  0.521426  3.7033  4.7111 -0.7894 11.9114 10.1490  8.6954  8.0189  7.8252  7.5473  6.9722  6.6979  6.5853  6.3802  6.0652  6.0517  5.8619
  60  0.525393  3.7065  4.7079 -0.7700 11.6936  9.9805  8.5727  7.9097  7.7513  7.4780  6.9132  6.6430  6.5322  6.3295  6.0187  6.0055  5.8192
  61  0.529301  3.7096  4.7045 -0.7511 11.4985  9.8282  8.4569  7.8058  7.6794  7.4106  6.8556  6.5892  6.4801  6.2797  5.9730  5.9601  5.7772
  62  0.533157  3.7126  4.7010 -0.7323 11.3208  9.6888  8.3475  7.7071  7.6098  7.3455  6.7995  6.5368  6.4291  6.2311  5.9282  5.9156  5.7360
  63  0.536975  3.7156  4.6975 -0.7138 11.1599  9.5612  8.2434  7.6125  7.5419  7.2818  6.7446  6.4853  6.3789  6.1831  5.8840  5.8718  5.6954
  64  0.540761  3.7185  4.6938 -0.6955 11.0067  9.4398  8.1428  7.5210  7.4756  7.2195  6.6907  6.4346  6.3295  6.1360  5.8404  5.8286  5.6552
  65  0.544524  3.7213  4.6901 -0.6773 10.8579  9.3226  8.0444  7.4317  7.4103  7.1585  6.6378  6.3848  6.2810  6.0894  5.7974  5.7858  5.6154
  66  0.548273  3.7241  4.6861 -0.6592 10.7080  9.2059  7.9470  7.3435  7.3459  7.0983  6.5856  6.3356  6.2330  6.0434  5.7549  5.7436  5.5761
  67  0.552014  3.7269  4.6820 -0.6411 10.5539  9.0880  7.8500  7.2562  7.2822  7.0389  6.5340  6.2870  6.1855  5.9979  5.7127  5.7018  5.5370
  68  0.555750  3.7296  4.6778 -0.6231 10.3968  8.9692  7.7538  7.1698  7.2193  6.9802  6.4830  6.2389  6.1385  5.9529  5.6709  5.6601  5.4982
  69  0.559463  3.7323  4.6734 -0.6052 10.2395  8.8514  7.6592  7.0850  7.1574  6.9223  6.4328  6.1915  6.0922  5.9085  5.6296  5.6191  5.4598
  70  0.563155  3.7349  4.6688 -0.5874 10.0851  8.7358  7.5668  7.0022  7.0965  6.8655  6.3833  6.1447  6.0465  5.8645  5.5886  5.5784  5.4217
  71  0.566815  3.7374  4.6642 -0.5698  9.9342  8.6229  7.4766  6.9213  7.0367  6.8095  6.3347  6.0987  6.0014  5.8211  5.5482  5.5383  5.3841
  72  0.570434  3.7398  4.6593 -0.5524  9.7888  8.5136  7.3888  6.8428  6.9782  6.7548  6.2868  6.0534  5.9571  5.7785  5.5084  5.4987  5.3469
  73  0.574009  3.7422  4.6544 -0.5352  9.6497  8.4080  7.3038  6.7666  6.9210  6.7012  6.2399  6.0089  5.9135  5.7366  5.4692  5.4597  5.3103
  74  0.577532  3.7445  4.6493 -0.5183  9.5158  8.3058  7.2211  6.6925  6.8649  6.6487  6.1940  5.9653  5.8707  5.6954  5.4307  5.4214  5.2741
  75  0.581002  3.7467  4.6441 -0.5016  9.3882  8.2075  7.1411  6.6207  6.8103  6.5975  6.1489  5.9225  5.8288  5.6550  5.3928  5.3838  5.2386
  76  0.584413  3.7489  4.6389 -0.4851  9.2651  8.1122  7.0635  6.5509  6.7570  6.5474  6.1048  5.8804  5.7877  5.6153  5.3556  5.3468  5.2036
  77  0.587768  3.7510  4.6335 -0.4689  9.1473  8.0206  6.9886  6.4836  6.7050  6.4985  6.0616  5.8394  5.7473  5.5764  5.3189  5.3104  5.1690
  78  0.591058  3.7531  4.6281 -0.4529  9.0338  7.9317  6.9162  6.4185  6.6542  6.4507  6.0192  5.7990  5.7077  5.5382  5.2830  5.2746  5.1351
  79  0.594280  3.7551  4.6227 -0.4373  8.9242  7.8457  6.8463  6.3557  6.6044  6.4039  5.9777  5.7595  5.6689  5.5008  5.2477  5.2395  5.1018
  80  0.597438  3.7568  4.6172 -0.4219  8.8197  7.7628  6.7792  6.2954  6.5561  6.3582  5.9372  5.7207  5.6308  5.4639  5.2131  5.2049  5.0690
  81  0.600532  3.7587  4.6116 -0.4068  8.7188  7.6825  6.7144  6.2371  6.5089  6.3136  5.8974  5.6827  5.5935  5.4278  5.1789  5.1709  5.0366
  82  0.604776  3.7612  4.6035 -0.3859  8.5834  7.5739  6.6264  6.1583  6.4443  6.2524  5.8428  5.6304  5.5421  5.3781  5.1318  5.1241  4.9919
  83  0.608986  3.7636  4.5955 -0.3652  8.4512  7.4674  6.5400  6.0809  6.3803  6.1918  5.7884  5.5784  5.4909  5.3285  5.0849  5.0774  4.9473
  84  0.613154  3.7659  4.5870 -0.3443  8.3231  7.3634  6.4554  6.0052  6.3170  6.1317  5.7345  5.5267  5.4399  5.2791  5.0381  5.0308  4.9028
  85  0.617281  3.7682  4.5783 -0.3237  8.2000  7.2628  6.3734  5.9315  6.2546  6.0724  5.6810  5.4752  5.3894  5.2301  4.9915  4.9844  4.8583
  86  0.621353  3.7703  4.5693 -0.3031  8.0797  7.1638  6.2929  5.8591  6.1928  6.0136  5.6278  5.4242  5.3390  5.1813  4.9451  4.9382  4.8139
  87  0.625365  3.7725  4.5602 -0.2827  7.9630  7.0673  6.2145  5.7882  6.1318  5.9554  5.5751  5.3736  5.2893  5.1330  4.8991  4.8923  4.7699
  88  0.629310  3.7745  4.5509 -0.2624  7.8496  6.9728  6.1381  5.7184  6.0715  5.8978  5.5229  5.3235  5.2400  5.0851  4.8536  4.8469  4.7263
  89  0.633179  3.7765  4.5415 -0.2423  7.7390  6.8803  6.0641  5.6499  6.0119  5.8408  5.4710  5.2739  5.1913  5.0378  4.8085  4.8021  4.6831
  90  0.636971  3.7785  4.5320 -0.2224  7.6321  6.7902  5.9923  5.5831  5.9530  5.7846  5.4196  5.2248  5.1431  4.9910  4.7639  4.7576  4.6402
  91  0.640680  3.7805  4.5226 -0.2026  7.5278  6.7022  5.9218  5.5176  5.8950  5.7290  5.3689  5.1763  5.0954  4.9445  4.7197  4.7136  4.5977
  92  0.644306  3.7824  4.5129 -0.1830  7.4272  6.6169  5.8521  5.4546  5.8381  5.6743  5.3188  5.1281  5.0479  4.8983  4.6755  4.6695  4.5552
  93  0.647852  3.7842  4.5033 -0.1636  7.3295  6.5337  5.7835  5.3933  5.7820  5.6204  5.2694  5.0803  5.0007  4.8525  4.6316  4.6257  4.5129
  94  0.651316  3.7860  4.4936 -0.1443  7.2346  6.4529  5.7156  5.3340  5.7268  5.5671  5.2206  5.0329  4.9538  4.8068  4.5878  4.5821  4.4706
  95  0.654703  3.7878  4.4838 -0.1253  7.1415  6.3733  5.6487  5.2754  5.6719  5.5142  5.1721  4.9859  4.9073  4.7616  4.5445  4.5389  4.4288
  96  0.658008  3.7895  4.4739 -0.1063  7.0501  6.2953  5.5833  5.2172  5.6173  5.4615  5.1239  4.9393  4.8614  4.7170  4.5019  4.4964  4.3877
  97  0.661240  3.7912  4.4639 -0.0874  6.9604  6.2185  5.5191  5.1597  5.5629  5.4091  5.0760  4.8931  4.8159  4.6728  4.4597  4.4543  4.3470
  98  0.664393  3.7929  4.4539 -0.0687  6.8720  6.1429  5.4562  5.1028  5.5088  5.3570  5.0283  4.8473  4.7708  4.6291  4.4179  4.4127  4.3067
  99  0.667469  3.7945  4.4438 -0.0500  6.7864  6.0695  5.3951  5.0474  5.4554  5.3053  4.9808  4.8016  4.7259  4.5853  4.3763  4.3711  4.2664
 100  0.670472  3.7961  4.4337 -0.0316  6.7037  5.9981  5.3357  4.9934  5.4027  5.2544  4.9337  4.7562  4.6810  4.5417  4.3344  4.3295  4.2260
 101  0.673400  3.7976  4.4233 -0.0132  6.6240  5.9289  5.2779  4.9408  5.3508  5.2040  4.8869  4.7109  4.6363  4.4982  4.2926  4.2877  4.1855
 102  0.676255  3.7991  4.4128  0.0050  6.5470  5.8618  5.2216  4.8898  5.2997  5.1543  4.8405  4.6659  4.5919  4.4548  4.2509  4.2460  4.1449
 103  0.679041  3.8005  4.4022  0.0231  6.4724  5.7963  5.1666  4.8396  5.2491  5.1052  4.7944  4.6212  4.5477  4.4115  4.2092  4.2045  4.1044
 104  0.681755  3.8019  4.3915  0.0410  6.3995  5.7325  5.1127  4.7903  5.1991  5.0564  4.7488  4.5769  4.5039  4.3687  4.1679  4.1633  4.0642
 105  0.684403  3.8032  4.3807  0.0588  6.3286  5.6702  5.0599  4.7421  5.1497  5.0083  4.7035  4.5330  4.4605  4.3261  4.1268  4.1223  4.0243
 106  0.686991  3.8044  4.3697  0.0764  6.2593  5.6092  5.0078  4.6946  5.1008  4.9606  4.6587  4.4893  4.4173  4.2840  4.0861  4.0817  3.9845
 107  0.689522  3.8056  4.3586  0.0938  6.1921  5.5498  4.9571  4.6481  5.0526  4.9136  4.6144  4.4462  4.3746  4.2422  4.0457  4.0413  3.9449
 108  0.692001  3.8067  4.3474  0.1111  6.1266  5.4917  4.9073  4.6024  5.0050  4.8670  4.5705  4.4036  4.3324  4.2008  4.0056  4.0012  3.9057
 109  0.694435  3.8078  4.3360  0.1282  6.0629  5.4352  4.8586  4.5575  4.9579  4.8211  4.5271  4.3612  4.2905  4.1597  3.9657  3.9615  3.8667
 110  0.696828  3.8088  4.3246  0.1451  6.0009  5.3799  4.8108  4.5135  4.9117  4.7758  4.4842  4.3194  4.2491  4.1190  3.9262  3.9221  3.8279
 111  0.699148  3.8097  4.3132  0.1617  5.9406  5.3260  4.7640  4.4703  4.8661  4.7312  4.4419  4.2780  4.2081  4.0788  3.8873  3.8830  3.7896
 112  0.699986  3.8101  4.3090  0.1680  5.9176  5.3055  4.7463  4.4540  4.8490  4.7145  4.4261  4.2626  4.1928  4.0639  3.8726  3.8685  3.7753
 113  0.700822  3.8105  4.3048  0.1743  5.8942  5.2846  4.7285  4.4376  4.8316  4.6975  4.4100  4.2470  4.1774  4.0487  3.8580  3.8539  3.7610
 114  0.701657  3.8109  4.3006  0.1807  5.8704  5.2635  4.7104  4.4211  4.8141  4.6804  4.3939  4.2312  4.1619  4.0335  3.8432  3.8391  3.7465
 115  0.702490  3.8113  4.2963  0.1870  5.8468  5.2426  4.6923  4.4044  4.7966  4.6632  4.3777  4.2155  4.1462  4.0182  3.8284  3.8243  3.7318
 116  0.703319  3.8117  4.2918  0.1935  5.8234  5.2216  4.6742  4.3878  4.7788  4.6459  4.3613  4.1994  4.1304  4.0026  3.8133  3.8092  3.7171
 117  0.704146  3.8120  4.2872  0.2000  5.8002  5.2009  4.6562  4.3710  4.7610  4.6285  4.3447  4.1833  4.1143  3.9868  3.7979  3.7938  3.7019
 118  0.704969  3.8124  4.2824  0.2067  5.7775  5.1803  4.6380  4.3541  4.7431  4.6109  4.3279  4.1668  4.0980  3.9707  3.7822  3.7782  3.6865
 119  0.705785  3.8127  4.2773  0.2133  5.7550  5.1599  4.6199  4.3371  4.7250  4.5931  4.3109  4.1501  4.0814  3.9544  3.7663  3.7623  3.6707
 120  0.706598  3.8129  4.2721  0.2201  5.7328  5.1395  4.6017  4.3201  4.7067  4.5752  4.2937  4.1332  4.0646  3.9378  3.7500  3.7461  3.6546
 121  0.707408  3.8132  4.2667  0.2270  5.7108  5.1193  4.5836  4.3029  4.6884  4.5571  4.2762  4.1161  4.0477  3.9210  3.7335  3.7295  3.6382
 122  0.708214  3.8134  4.2612  0.2340  5.6888  5.0991  4.5652  4.2856  4.6700  4.5389  4.2587  4.0987  4.0304  3.9040  3.7168  3.7129  3.6218
 123  0.709017  3.8136  4.2556  0.2410  5.6672  5.0790  4.5470  4.2683  4.6514  4.5205  4.2409  4.0813  4.0131  3.8868  3.6999  3.6959  3.6050
 124  0.709813  3.8138  4.2498  0.2481  5.6451  5.0586  4.5284  4.2507  4.6325  4.5020  4.2230  4.0635  3.9954  3.8693  3.6828  3.6788  3.5879
 125  0.710607  3.8140  4.2441  0.2552  5.6231  5.0382  4.5098  4.2330  4.6135  4.4833  4.2048  4.0456  3.9776  3.8518  3.6654  3.6615  3.5708
 126  0.711397  3.8142  4.2380  0.2625  5.6016  5.0181  4.4912  4.2153  4.5945  4.4644  4.1865  4.0276  3.9596  3.8340  3.6479  3.6440  3.5533
 127  0.712185  3.8144  4.2319  0.2697  5.5800  4.9978  4.4726  4.1975  4.5754  4.4456  4.1682  4.0095  3.9415  3.8161  3.6302  3.6263  3.5357
 128  0.712969  3.8146  4.2257  0.2771  5.5586  4.9777  4.4539  4.1797  4.5561  4.4265  4.1496  3.9911  3.9233  3.7979  3.6124  3.6084  3.5180
 129  0.713750  3.8148  4.2193  0.2845  5.5373  4.9577  4.4352  4.1616  4.5368  4.4074  4.1309  3.9726  3.9049  3.7796  3.5942  3.5903  3.4999
 130  0.714526  3.8149  4.2128  0.2920  5.5164  4.9378  4.4165  4.1437  4.5174  4.3881  4.1120  3.9538  3.8862  3.7611  3.5759  3.5719  3.4816
 131  0.715297  3.8150  4.2061  0.2995  5.4957  4.9181  4.3979  4.1255  4.4979  4.3688  4.0930  3.9350  3.8674  3.7423  3.5573  3.5534  3.4631
 132  0.716062  3.8150  4.1991  0.3071  5.4757  4.8987  4.3793  4.1074  4.4782  4.3492  4.0738  3.9158  3.8483  3.7234  3.5384  3.5345  3.4441
 133  0.716822  3.8150  4.1919  0.3148  5.4560  4.8795  4.3606  4.0892  4.4586  4.3296  4.0544  3.8965  3.8290  3.7041  3.5192  3.5153  3.4249
 134  0.717575  3.8150  4.1844  0.3227  5.4365  4.8605  4.3420  4.0708  4.4388  4.3099  4.0348  3.8770  3.8095  3.6847  3.4998  3.4958  3.4054
 135  0.718323  3.8149  4.1769  0.3304  5.4173  4.8416  4.3233  4.0524  4.4189  4.2901  4.0150  3.8573  3.7898  3.6650  3.4801  3.4762  3.3857
 136  0.719064  3.8149  4.1691  0.3384  5.3987  4.8230  4.3048  4.0339  4.3990  4.2701  3.9952  3.8374  3.7699  3.6450  3.4601  3.4561  3.3656
 137  0.719797  3.8148  4.1611  0.3464  5.3804  4.8046  4.2862  4.0154  4.3790  4.2501  3.9751  3.8173  3.7497  3.6248  3.4399  3.4359  3.3452
 138  0.720523  3.8146  4.1529  0.3545  5.3627  4.7865  4.2678  3.9969  4.3589  4.2300  3.9549  3.7969  3.7294  3.6044  3.4193  3.4154  3.3245
 139  0.721241  3.8144  4.1445  0.3627  5.3456  4.7687  4.2493  3.9782  4.3387  4.2097  3.9344  3.7764  3.7088  3.5837  3.3984  3.3945  3.3035
 140  0.721950  3.8142  4.1358  0.3709  5.3288  4.7514  4.2310  3.9595  4.3186  4.1894  3.9138  3.7556  3.6880  3.5628  3.3774  3.3733  3.2821
 141  0.722651  3.8139  4.1268  0.3791  5.3129  4.7343  4.2128  3.9408  4.2984  4.1691  3.8931  3.7347  3.6670  3.5415  3.3559  3.3519  3.2604
 142  0.723342  3.8135  4.1175  0.3875  5.2975  4.7177  4.1947  3.9221  4.2782  4.1486  3.8722  3.7135  3.6457  3.5201  3.3342  3.3301  3.2383
 143  0.724023  3.8132  4.1080  0.3959  5.2831  4.7015  4.1767  3.9033  4.2579  4.1281  3.8511  3.6922  3.6243  3.4984  3.3121  3.3080  3.2160
 144  0.724693  3.8128  4.0981  0.4045  5.2695  4.6860  4.1590  3.8846  4.2378  4.1076  3.8299  3.6706  3.6025  3.4765  3.2898  3.2856  3.1932
 145  0.725353  3.8123  4.0880  0.4131  5.2569  4.6710  4.1414  3.8659  4.2176  4.0872  3.8085  3.6488  3.5806  3.4543  3.2670  3.2628  3.1700
 146  0.726000  3.8117  4.0776  0.4217  5.2457  4.6569  4.1241  3.8472  4.1976  4.0667  3.7871  3.6269  3.5585  3.4317  3.2438  3.2397  3.1464
 147  0.726635  3.8111  4.0667  0.4304  5.2358  4.6438  4.1073  3.8288  4.1777  4.0463  3.7655  3.6047  3.5361  3.4089  3.2204  3.2161  3.1224
 148  0.727260  3.8104  4.0555  0.4392  5.2277  4.6316  4.0909  3.8104  4.1580  4.0260  3.7438  3.5824  3.5135  3.3858  3.1965  3.1922  3.0979
 149  0.727870  3.8096  4.0438  0.4480  5.2211  4.6205  4.0750  3.7923  4.1386  4.0059  3.7220  3.5599  3.4907  3.3624  3.1723  3.1679  3.0730
 150  0.728468  3.8087  4.0316  0.4569  5.2173  4.6111  4.0599  3.7745  4.1195  3.9860  3.7003  3.5372  3.4677  3.3388  3.1476  3.1432  3.0476
 151  0.729052  3.8077  4.0190  0.4658  5.2150  4.6028  4.0452  3.7570  4.1007  3.9663  3.6785  3.5144  3.4445  3.3149  3.1226  3.1181  3.0217
 152  0.729621  3.8065  4.0058  0.4748  5.2155  4.5961  4.0315  3.7399  4.0823  3.9468  3.6567  3.4915  3.4212  3.2906  3.0971  3.0925  2.9952
 153  0.730177  3.8052  3.9919  0.4837  5.2187  4.5911  4.0186  3.7232  4.0644  3.9278  3.6349  3.4685  3.3977  3.2663  3.0713  3.0666  2.9683
 154  0.730718  3.8038  3.9775  0.4927  5.2251  4.5882  4.0069  3.7073  4.0471  3.9092  3.6133  3.4455  3.3742  3.2417  3.0450  3.0403  2.9408
 155  0.731246  3.8022  3.9625  0.5018  5.2338  4.5869  3.9959  3.6920  4.0302  3.8909  3.5917  3.4224  3.3505  3.2169  3.0185  3.0137  2.9130
 156  0.731758  3.8005  3.9468  0.5108  5.2457  4.5878  3.9864  3.6776  4.0140  3.8731  3.5703  3.3994  3.3269  3.1921  2.9917  2.9868  2.8847
 157  0.732258  3.7986  3.9305  0.5198  5.2597  4.5902  3.9777  3.6639  3.9981  3.8557  3.5492  3.3765  3.3033  3.1671  2.9648  2.9596  2.8561
 158  0.732742  3.7965  3.9135  0.5288  5.2764  4.5947  3.9704  3.6511  3.9830  3.8388  3.5281  3.3536  3.2797  3.1422  2.9375  2.9322  2.8271
 159  0.733211  3.7941  3.8950  0.5378  5.3016  4.6054  3.9664  3.6406  3.9696  3.8232  3.5076  3.3308  3.2561  3.1169  2.9095  2.9041  2.7971
 160  0.733668  3.7912  3.8752  0.5466  5.3375  4.6246  3.9671  3.6331  3.9580  3.8089  3.4876  3.3081  3.2325  3.0913  2.8809  2.8754  2.7660
 161  0.734112  3.7882  3.8542  0.5555  5.3824  4.6505  3.9713  3.6282  3.9480  3.7957  3.4679  3.2856  3.2089  3.0656  2.8518  2.8460  2.7341
 162  0.734521  3.7852  3.8347  0.5637  5.4271  4.6765  3.9766  3.6247  3.9390  3.7837  3.4497  3.2647  3.1870  3.0417  2.8247  2.8187  2.7045
 163  0.734926  3.7822  3.8143  0.5719  5.4800  4.7083  3.9851  3.6236  3.9313  3.7726  3.4317  3.2437  3.1649  3.0175  2.7970  2.7907  2.6740
 164  0.735330  3.7788  3.7929  0.5802  5.5420  4.7459  3.9974  3.6253  3.9249  3.7626  3.4138  3.2226  3.1426  2.9927  2.7686  2.7620  2.6425
 165  0.735727  3.7748  3.7691  0.5883  5.6224  4.7951  4.0171  3.6321  3.9221  3.7551  3.3968  3.2017  3.1201  2.9675  2.7388  2.7320  2.6092
 166  0.736121  3.7707  3.7444  0.5966  5.7134  4.8505  4.0409  3.6421  3.9209  3.7488  3.3802  3.1810  3.0979  2.9422  2.7087  2.7016  2.5754
 167  0.736513  3.7667  3.7200  0.6052  5.8032  4.9042  4.0638  3.6524  3.9184  3.7414  3.3631  3.1600  3.0756  2.9171  2.6791  2.6716  2.5419
 168  0.736902  3.7633  3.6973  0.6144  5.8805  4.9480  4.0812  3.6592  3.9121  3.7309  3.3443  3.1378  3.0521  2.8913  2.6494  2.6416  2.5089
 169  0.737283  3.7603  3.6758  0.6244  5.9465  4.9830  4.0929  3.6619  3.9024  3.7172  3.3232  3.1138  3.0272  2.8642  2.6190  2.6109  2.4755
 170  0.737648  3.7575  3.6543  0.6351  6.0089  5.0147  4.1023  3.6625  3.8905  3.7014  3.3002  3.0879  3.0003  2.8354  2.5868  2.5785  2.4405
 171  0.737992  3.7549  3.6324  0.6467  6.0663  5.0425  4.1086  3.6606  3.8760  3.6834  3.2752  3.0602  2.9716  2.8046  2.5529  2.5444  2.4040
 172  0.738315  3.7525  3.6109  0.6589  6.1147  5.0637  4.1102  3.6548  3.8584  3.6623  3.2479  3.0305  2.9411  2.7723  2.5178  2.5091  2.3665
 173  0.738618  3.7505  3.5897  0.6720  6.1528  5.0774  4.1066  3.6446  3.8374  3.6384  3.2186  2.9991  2.9090  2.7387  2.4818  2.4727  2.3282
 174  0.738900  3.7487  3.5691  0.6855  6.1814  5.0844  4.0982  3.6307  3.8137  3.6120  3.1876  2.9663  2.8755  2.7041  2.4450  2.4358  2.2896
 175  0.739167  3.7471  3.5489  0.6995  6.2017  5.0855  4.0860  3.6136  3.7875  3.5837  3.1552  2.9324  2.8411  2.6685  2.4075  2.3982  2.2505
 176  0.739421  3.7457  3.5294  0.7138  6.2137  5.0807  4.0698  3.5934  3.7593  3.5535  3.1217  2.8975  2.8058  2.6323  2.3698  2.3604  2.2113
 177  0.739664  3.7445  3.5101  0.7282  6.2219  5.0732  4.0517  3.5717  3.7302  3.5226  3.0877  2.8623  2.7701  2.5958  2.3318  2.3223  2.1720
 178  0.739899  3.7434  3.4912  0.7429  6.2253  5.0619  4.0313  3.5482  3.6997  3.4905  3.0529  2.8265  2.7339  2.5590  2.2937  2.2841  2.1328
 179  0.740127  3.7424  3.4726  0.7577  6.2254  5.0483  4.0094  3.5234  3.6683  3.4577  3.0176  2.7903  2.6975  2.5218  2.2554  2.2457  2.0934
 180  0.740349  3.7414  3.4541  0.7726  6.2233  5.0334  3.9865  3.4979  3.6365  3.4245  2.9821  2.7540  2.6609  2.4846  2.2171  2.2073  2.0540
 181  0.740567  3.7406  3.4359  0.7875  6.2180  5.0161  3.9621  3.4711  3.6040  3.3909  2.9464  2.7174  2.6240  2.4472  2.1787  2.1688  2.0146
 182  0.740767  3.7399  3.4189  0.8017  6.2103  4.9983  3.9379  3.4451  3.5728  3.3586  2.9123  2.6827  2.5890  2.4116  2.1423  2.1323  1.9775
 183  0.740968  3.7392  3.4018  0.8161  6.2009  4.9791  3.9128  3.4180  3.5409  3.3256  2.8776  2.6472  2.5534  2.3755  2.1053  2.0953  1.9398
 184  0.741167  3.7385  3.3846  0.8308  6.1895  4.9583  3.8864  3.3898  3.5079  3.2917  2.8421  2.6110  2.5170  2.3387  2.0677  2.0576  1.9015
 185  0.741366  3.7379  3.3673  0.8456  6.1775  4.9370  3.8595  3.3612  3.4747  3.2576  2.8063  2.5746  2.4804  2.3016  2.0299  2.0197  1.8629
 186  0.741563  3.7372  3.3499  0.8607  6.1639  4.9145  3.8316  3.3317  3.4407  3.2226  2.7699  2.5376  2.4431  2.2638  1.9914  1.9811  1.8237
 187  0.741761  3.7367  3.3323  0.8761  6.1495  4.8910  3.8029  3.3013  3.4058  3.1868  2.7325  2.4997  2.4050  2.2253  1.9521  1.9419  1.7838
 188  0.741958  3.7361  3.3145  0.8916  6.1343  4.8670  3.7736  3.2705  3.3706  3.1508  2.6949  2.4615  2.3666  2.1865  1.9126  1.9022  1.7436
 189  0.742153  3.7355  3.2966  0.9074  6.1178  4.8417  3.7433  3.2387  3.3346  3.1138  2.6566  2.4226  2.3275  2.1470  1.8724  1.8620  1.7027
 190  0.742347  3.7349  3.2784  0.9235  6.1003  4.8157  3.7124  3.2062  3.2977  3.0762  2.6176  2.3830  2.2877  2.1068  1.8316  1.8210  1.6612
 191  0.742540  3.7344  3.2599  0.9399  6.0820  4.7888  3.6805  3.1729  3.2601  3.0377  2.5777  2.3425  2.2471  2.0657  1.7898  1.7792  1.6188
 192  0.742731  3.7339  3.2409  0.9569  6.0630  4.7609  3.6476  3.1385  3.2212  2.9980  2.5366  2.3009  2.2053  2.0236  1.7469  1.7362  1.5752
 193  0.742919  3.7333  3.2214  0.9742  6.0433  4.7321  3.6136  3.1030  3.1813  2.9573  2.4944  2.2581  2.1623  1.9801  1.7027  1.6920  1.5304
 194  0.743105  3.7327  3.2013  0.9921  6.0228  4.7022  3.5787  3.0665  3.1402  2.9154  2.4510  2.2141  2.1181  1.9355  1.6574  1.6466  1.4843
 195  0.743288  3.7322  3.1808  1.0104  6.0010  4.6711  3.5424  3.0288  3.0980  2.8722  2.4064  2.1688  2.0727  1.8897  1.6108  1.6001  1.4371
 196  0.743467  3.7316  3.1595  1.0295  5.9781  4.6384  3.5045  2.9895  3.0538  2.8273  2.3600  2.1219  2.0256  1.8421  1.5625  1.5517  1.3881
 197  0.743642  3.7310  3.1374  1.0493  5.9549  4.6050  3.4656  2.9489  3.0082  2.7808  2.3119  2.0731  1.9766  1.7927  1.5124  1.5014  1.3372
 198  0.743812  3.7304  3.1145  1.0697  5.9314  4.5707  3.4255  2.9071  2.9613  2.7328  2.2623  2.0229  1.9261  1.7417  1.4605  1.4495  1.2846
 199  0.743978  3.7297  3.0911  1.0908  5.9064  4.5348  3.3839  2.8639  2.9128  2.6834  2.2113  1.9711  1.8742  1.6893  1.4072  1.3963  1.2306
 200  0.744140  3.7291  3.0670  1.1124  5.8813  4.4984  3.3414  2.8197  2.8631  2.6328  2.1589  1.9180  1.8209  1.6355  1.3526  1.3415  1.1752
 201  0.744297  3.7284  3.0421  1.1345  5.8567  4.4618  3.2983  2.7748  2.8126  2.5810  2.1053  1.8638  1.7664  1.5805  1.2967  1.2854  1.1183
 202  0.744451  3.7277  3.0168  1.1570  5.8304  4.4236  3.2540  2.7286  2.7607  2.5282  2.0506  1.8083  1.7106  1.5243  1.2395  1.2282  1.0602
 203  0.744600  3.7269  2.9909  1.1800  5.8026  4.3842  3.2088  2.6816  2.7080  2.4743  1.9949  1.7518  1.6539  1.4669  1.1812  1.1698  1.0011
 204  0.744746  3.7261  2.9643  1.2035  5.7763  4.3452  3.1635  2.6342  2.6546  2.4197  1.9382  1.6943  1.5962  1.4085  1.1218  1.1103  0.9407
 205  0.744887  3.7252  2.9371  1.2274  5.7506  4.3063  3.1178  2.5864  2.6003  2.3642  1.8804  1.6357  1.5373  1.3491  1.0613  1.0497  0.8791
 206  0.745024  3.7244  2.9093  1.2518  5.7251  4.2669  3.0715  2.5378  2.5452  2.3079  1.8218  1.5762  1.4776  1.2888  0.9998  0.9882  0.8167
 207  0.745157  3.7235  2.8811  1.2765  5.7007  4.2279  3.0249  2.4889  2.4895  2.2507  1.7624  1.5158  1.4168  1.2274  0.9372  0.9255  0.7529
 208  0.745285  3.7226  2.8523  1.3015  5.6771  4.1891  2.9781  2.4396  2.4331  2.1928  1.7020  1.4546  1.3553  1.1652  0.8739  0.8620  0.6884
 209  0.745409  3.7216  2.8230  1.3270  5.6545  4.1504  2.9310  2.3899  2.3760  2.1342  1.6409  1.3925  1.2930  1.1021  0.8094  0.7975  0.6228
 210  0.745528  3.7206  2.7934  1.3528  5.6332  4.1121  2.8839  2.3398  2.3182  2.0751  1.5791  1.3296  1.2297  1.0381  0.7442  0.7321  0.5564
 211  0.745642  3.7195  2.7631  1.3789  5.6135  4.0745  2.8367  2.2897  2.2601  2.0153  1.5165  1.2660  1.1658  0.9734  0.6782  0.6659  0.4890
 212  0.745753  3.7185  2.7325  1.4054  5.5958  4.0377  2.7897  2.2396  2.2015  1.9550  1.4534  1.2017  1.1012  0.9080  0.6113  0.5991  0.4209
 213  0.745858  3.7174  2.7015  1.4321  5.5803  4.0021  2.7431  2.1896  2.1426  1.8943  1.3896  1.1368  1.0360  0.8420  0.5438  0.5314  0.3520
 214  0.745960  3.7163  2.6701  1.4591  5.5668  3.9674  2.6965  2.1395  2.0832  1.8331  1.3253  1.0713  0.9701  0.7752  0.4756  0.4631  0.2824
 215  0.746057  3.7151  2.6384  1.4863  5.5557  3.9339  2.6502  2.0896  2.0236  1.7715  1.2605  1.0053  0.9037  0.7080  0.4067  0.3941  0.2121
 216  0.746149  3.7140  2.6062  1.5139  5.5518  3.9040  2.6051  2.0403  1.9638  1.7097  1.1953  0.9387  0.8367  0.6401  0.3374  0.3245  0.1412
 217  0.746163  3.7138  2.6013  1.5181  5.5523  3.9000  2.5983  2.0328  1.9545  1.7000  1.1851  0.9283  0.8261  0.6294  0.3264  0.3136  0.1301
 218  0.746177  3.7136  2.5962  1.5224  5.5526  3.8958  2.5914  2.0252  1.9452  1.6903  1.1749  0.9178  0.8156  0.6188  0.3155  0.3026  0.1190
 219  0.746192  3.7134  2.5911  1.5268  5.5529  3.8916  2.5845  2.0176  1.9357  1.6806  1.1644  0.9073  0.8051  0.6080  0.3045  0.2917  0.1077
 220  0.746205  3.7132  2.5860  1.5311  5.5536  3.8877  2.5777  2.0100  1.9264  1.6708  1.1542  0.8968  0.7945  0.5973  0.2936  0.2806  0.0965
 221  0.746219  3.7130  2.5809  1.5355  5.5545  3.8838  2.5709  2.0025  1.9170  1.6611  1.1438  0.8862  0.7838  0.5865  0.2825  0.2696  0.0852
 222  0.746233  3.7128  2.5757  1.5399  5.5552  3.8799  2.5640  1.9949  1.9075  1.6512  1.1334  0.8755  0.7731  0.5756  0.2713  0.2583  0.0738
 223  0.746246  3.7127  2.5705  1.5443  5.5560  3.8760  2.5571  1.9874  1.8980  1.6413  1.1229  0.8649  0.7623  0.5647  0.2601  0.2472  0.0624
 224  0.746260  3.7124  2.5654  1.5488  5.5572  3.8724  2.5505  1.9798  1.8886  1.6315  1.1124  0.8542  0.7515  0.5538  0.2489  0.2360  0.0509
 225  0.746274  3.7122  2.5601  1.5531  5.5582  3.8686  2.5436  1.9723  1.8790  1.6215  1.1018  0.8434  0.7407  0.5428  0.2377  0.2246  0.0394
 226  0.746287  3.7121  2.5548  1.5576  5.5593  3.8649  2.5368  1.9647  1.8695  1.6117  1.0914  0.8327  0.7298  0.5318  0.2264  0.2133  0.0279
 227  0.746416  3.7100  2.5019  1.6026  5.5742  3.8312  2.4698  1.8898  1.7741  1.5122  0.9854  0.7243  0.6207  0.4210  0.1128  0.0995 -0.0883
 228  0.746533  3.7079  2.4481  1.6478  5.5968  3.8059  2.4064  1.8178  1.6797  1.4133  0.8795  0.6156  0.5112  0.3097 -0.0016 -0.0151 -0.2054
 229  0.746644  3.7054  2.3906  1.6957  5.6279  3.7895  2.3443  1.7461  1.5817  1.3102  0.7680  0.5010  0.3955  0.1920 -0.1230 -0.1368 -0.3298
 230  0.746739  3.7033  2.3393  1.7384  5.6634  3.7752  2.2896  1.6824  1.4949  1.2186  0.6688  0.3989  0.2926  0.0872 -0.2311 -0.2450 -0.4406
 231  0.746828  3.7011  2.2885  1.7805  5.7012  3.7623  2.2363  1.6200  1.4093  1.1283  0.5709  0.2982  0.1909 -0.0164 -0.3378 -0.3521 -0.5502
 232  0.746911  3.6990  2.2396  1.8210  5.7368  3.7517  2.1858  1.5607  1.3277  1.0419  0.4771  0.2015  0.0933 -0.1159 -0.4404 -0.4550 -0.6555
 233  0.746985  3.6970  2.1951  1.8579  5.7591  3.7371  2.1380  1.5051  1.2529  0.9630  0.3915  0.1134  0.0044 -0.2065 -0.5339 -0.5486 -0.7514
 234  0.747057  3.6956  2.1593  1.8879  5.7754  3.7163  2.0959  1.4570  1.1910  0.8980  0.3213  0.0414 -0.0682 -0.2804 -0.6100 -0.6249 -0.8293
 235  0.747123  3.6942  2.1239  1.9176  5.7927  3.6974  2.0547  1.4101  1.1302  0.8340  0.2521 -0.0298 -0.1400 -0.3534 -0.6851 -0.7003 -0.9064
 236  0.747188  3.6919  2.0729  1.9593  5.8257  3.6991  2.0086  1.3542  1.0489  0.7474  0.1570 -0.1281 -0.2393 -0.4549 -0.7903 -0.8056 -1.0146
 237  0.747248  3.6895  2.0218  2.0009  5.8570  3.7081  1.9653  1.3010  0.9691  0.6621  0.0628 -0.2257 -0.3379 -0.5557 -0.8949 -0.9105 -1.1224
 238  0.747302  3.6871  1.9730  2.0403  5.8866  3.7239  1.9279  1.2538  0.8950  0.5825 -0.0255 -0.3173 -0.4306 -0.6507 -0.9935 -1.0094 -1.2242
 239  0.747351  3.6850  1.9302  2.0748  5.9128  3.7461  1.8987  1.2157  0.8317  0.5141 -0.1018 -0.3968 -0.5110 -0.7331 -1.0794 -1.0956 -1.3131
 240  0.747398  3.6837  1.9011  2.0984  5.9217  3.7678  1.8796  1.1905  0.7885  0.4674 -0.1540 -0.4511 -0.5660 -0.7894 -1.1379 -1.1543 -1.3737
 241  0.747443  3.6829  1.8848  2.1120  5.9133  3.7887  1.8690  1.1763  0.7631  0.4401 -0.1841 -0.4822 -0.5975 -0.8217 -1.1714 -1.1878 -1.4081
 242  0.747488  3.6808  1.8403  2.1477  5.9353  3.8208  1.8421  1.1404  0.6987  0.3701 -0.2626 -0.5642 -0.6805 -0.9069 -1.2600 -1.2768 -1.5000
 243  0.747531  3.6779  1.7833  2.1930  5.9679  3.8606  1.8103  1.0971  0.6184  0.2825 -0.3618 -0.6678 -0.7853 -1.0146 -1.3726 -1.3896 -1.6167
 244  0.747569  3.6750  1.7294  2.2359  5.9926  3.9008  1.7817  1.0581  0.5431  0.2002 -0.4552 -0.7655 -0.8843 -1.1164 -1.4788 -1.4963 -1.7269
 245  0.747604  3.6723  1.6762  2.2781  6.0124  3.9425  1.7555  1.0220  0.4701  0.1200 -0.5466 -0.8612 -0.9814 -1.2162 -1.5832 -1.6010 -1.8353
 246  0.747635  3.6696  1.6234  2.3200  6.0274  3.9861  1.7317  0.9886  0.3987  0.0414 -0.6368 -0.9558 -1.0774 -1.3151 -1.6866 -1.7048 -1.9428
 247  0.747663  3.6669  1.5714  2.3610  6.0385  4.0312  1.7114  0.9591  0.3306 -0.0343 -0.7243 -1.0478 -1.1708 -1.4113 -1.7874 -1.8061 -2.0477
 248  0.747689  3.6642  1.5211  2.4006  6.0447  4.0753  1.6941  0.9338  0.2663 -0.1062 -0.8080 -1.1362 -1.2606 -1.5040 -1.8846 -1.9036 -2.1489
 249  0.747713  3.6616  1.4725  2.4389  6.0459  4.1192  1.6799  0.9123  0.2056 -0.1745 -0.8882 -1.2210 -1.3468 -1.5932 -1.9782 -1.9976 -2.2465
 250  0.747734  3.6590  1.4249  2.4761  6.0456  4.1640  1.6690  0.8947  0.1484 -0.2395 -0.9653 -1.3029 -1.4300 -1.6794 -2.0689 -2.0887 -2.3413
 251  0.747755  3.6563  1.3780  2.5123  6.0444  4.2104  1.6618  0.8813  0.0947 -0.3012 -1.0396 -1.3821 -1.5107 -1.7631 -2.1572 -2.1774 -2.4337
 252  0.747773  3.6537  1.3316  2.5484  6.0406  4.2562  1.6563  0.8700  0.0425 -0.3616 -1.1127 -1.4603 -1.5903 -1.8458 -2.2447 -2.2651 -2.5253
 253  0.747790  3.6511  1.2863  2.5834  6.0350  4.3009  1.6528  0.8614 -0.0070 -0.4192 -1.1831 -1.5356 -1.6672 -1.9257 -2.3292 -2.3501 -2.6140
 254  0.747806  3.6486  1.2418  2.6177  6.0275  4.3437  1.6508  0.8549 -0.0542 -0.4747 -1.2515 -1.6092 -1.7423 -2.0038 -2.4118 -2.4331 -2.7008
 255  0.747820  3.6461  1.1983  2.6514  6.0184  4.3837  1.6501  0.8506 -0.0993 -0.5282 -1.3181 -1.6809 -1.8155 -2.0801 -2.4925 -2.5142 -2.7857
 256  0.747833  3.6436  1.1553  2.6844  6.0079  4.4222  1.6507  0.8480 -0.1425 -0.5797 -1.3828 -1.7508 -1.8870 -2.1545 -2.5715 -2.5935 -2.8689
 257  0.747845  3.6412  1.1134  2.7166  5.9967  4.4597  1.6531  0.8478 -0.1830 -0.6285 -1.4449 -1.8181 -1.9559 -2.2263 -2.6478 -2.6703 -2.9496
 258  0.747858  3.6387  1.0717  2.7485  5.9845  4.4961  1.6564  0.8490 -0.2221 -0.6760 -1.5058 -1.8843 -2.0236 -2.2972 -2.7234 -2.7461 -3.0294
 259  0.747868  3.6364  1.0312  2.7794  5.9713  4.5305  1.6605  0.8515 -0.2589 -0.7210 -1.5641 -1.9478 -2.0887 -2.3652 -2.7961 -2.8192 -3.1065
 260  0.747878  3.6340  0.9914  2.8098  5.9570  4.5628  1.6649  0.8548 -0.2940 -0.7645 -1.6209 -2.0098 -2.1523 -2.4317 -2.8674 -2.8910 -3.1822
 261  0.747887  3.6317  0.9523  2.8397  5.9421  4.5941  1.6700  0.8591 -0.3271 -0.8060 -1.6759 -2.0701 -2.2142 -2.4966 -2.9371 -2.9610 -3.2562
 262  0.747896  3.6293  0.9135  2.8690  5.9272  4.6248  1.6761  0.8646 -0.3583 -0.8457 -1.7296 -2.1290 -2.2748 -2.5601 -3.0055 -3.0299 -3.3291
 263  0.747904  3.6269  0.8757  2.8974  5.9125  4.6545  1.6828  0.8708 -0.3869 -0.8830 -1.7812 -2.1860 -2.3335 -2.6215 -3.0718 -3.0965 -3.3997
 264  0.747912  3.6247  0.8385  2.9255  5.8969  4.6825  1.6895  0.8774 -0.4142 -0.9190 -1.8317 -2.2419 -2.3911 -2.6818 -3.1370 -3.1620 -3.4693
 265  0.747919  3.6224  0.8020  2.9530  5.8804  4.7086  1.6958  0.8838 -0.4404 -0.9539 -1.8813 -2.2969 -2.4479 -2.7410 -3.2008 -3.2261 -3.5374
 266  0.747926  3.6202  0.7661  2.9799  5.8632  4.7326  1.7017  0.8902 -0.4654 -0.9875 -1.9297 -2.3505 -2.5033 -2.7987 -3.2632 -3.2888 -3.6039
 267  0.747933  3.6180  0.7308  3.0064  5.8453  4.7552  1.7074  0.8965 -0.4890 -1.0197 -1.9768 -2.4028 -2.5574 -2.8551 -3.3244 -3.3504 -3.6694
 268  0.747938  3.6159  0.6966  3.0321  5.8268  4.7758  1.7123  0.9024 -0.5109 -1.0501 -2.0218 -2.4530 -2.6094 -2.9093 -3.3836 -3.4098 -3.7327
 269  0.747944  3.6138  0.6627  3.0576  5.8080  4.7953  1.7169  0.9082 -0.5321 -1.0794 -2.0658 -2.5021 -2.6603 -2.9624 -3.4420 -3.4685 -3.7954
 270  0.747949  3.6117  0.6295  3.0826  5.7886  4.8131  1.7209  0.9138 -0.5517 -1.1073 -2.1083 -2.5496 -2.7095 -3.0141 -3.4993 -3.5260 -3.8569
 271  0.747954  3.6096  0.5970  3.1070  5.7691  4.8300  1.7244  0.9190 -0.5697 -1.1333 -2.1488 -2.5952 -2.7568 -3.0638 -3.5550 -3.5821 -3.9170
 272  0.747960  3.6077  0.5652  3.1309  5.7492  4.8457  1.7270  0.9237 -0.5869 -1.1584 -2.1884 -2.6396 -2.8028 -3.1122 -3.6095 -3.6368 -3.9757
 273  0.747964  3.6057  0.5340  3.1543  5.7289  4.8607  1.7290  0.9277 -0.6030 -1.1822 -2.2267 -2.6826 -2.8473 -3.1591 -3.6630 -3.6905 -4.0335
 274  0.747968  3.6038  0.5034  3.1772  5.7082  4.8750  1.7303  0.9315 -0.6177 -1.2042 -2.2630 -2.7234 -2.8898 -3.2038 -3.7150 -3.7428 -4.0898
 275  0.747972  3.6019  0.4734  3.1997  5.6874  4.8889  1.7313  0.9350 -0.6312 -1.2249 -2.2974 -2.7621 -2.9297 -3.2466 -3.7659 -3.7939 -4.1451
 276  0.747976  3.6002  0.4443  3.2217  5.6659  4.9022  1.7309  0.9373 -0.6446 -1.2452 -2.3312 -2.7999 -2.9686 -3.2884 -3.8160 -3.8442 -4.1994
 277  0.747979  3.5984  0.4159  3.2429  5.6455  4.9178  1.7315  0.9405 -0.6553 -1.2629 -2.3624 -2.8352 -3.0050 -3.3280 -3.8643 -3.8927 -4.2520
 278  0.747983  3.5966  0.3884  3.2636  5.6252  4.9337  1.7320  0.9437 -0.6644 -1.2787 -2.3913 -2.8681 -3.0388 -3.3653 -3.9109 -3.9394 -4.3029
 279  0.747986  3.5952  0.3637  3.2822  5.6059  4.9470  1.7311  0.9455 -0.6729 -1.2933 -2.4173 -2.8978 -3.0693 -3.3991 -3.9528 -3.9816 -4.3488
