#NUMBER OF AGES= 1
#----------------------------------------------------       
#MIX-LEN  Y      Z          Zeff        [Fe/H] [a/Fe]
# 1.9380  0.3300 1.6706E-03 8.5034E-04  -1.24   0.40 
#----------------------------------------------------       
#**PHOTOMETRIC SYSTEM**: HST WFPC2 (Vega)                   
#----------------------------------------------------       
#AGE=10.800 EEPS=266
#EEP   M/Mo    LogTeff  LogG   LogL/Lo F218W   F255W   F300W   F336W   F439W   F450W   F555W   F606W   F622W   F675W   F791W   F814W   F850LP
  14  0.122116  3.5330  5.2291 -2.6199 20.5159 20.2668 16.6462 15.8241 14.6657 14.1300 12.7888 12.2641 12.0745 11.6731 10.7089 10.6684 10.2160
  15  0.138349  3.5394  5.1818 -2.4926 20.1362 19.7126 16.1965 15.3627 14.2014 13.6940 12.3891 11.8663 11.6769 11.2852 10.3828 10.3439  9.9054
  16  0.153532  3.5455  5.1458 -2.3874 19.8101 19.2427 15.8182 14.9767 13.8157 13.3297 12.0557 11.5352 11.3460 10.9624 10.1125 10.0751  9.6490
  17  0.167551  3.5507  5.1180 -2.3010 19.5319 18.8536 15.5078 14.6617 13.5028 13.0320 11.7824 11.2641 11.0754 10.6983  9.8905  9.8542  9.4386
  18  0.180903  3.5550  5.0947 -2.2268 19.2878 18.5206 15.2439 14.3955 13.2402 12.7807 11.5512 11.0351 10.8469 10.4747  9.7003  9.6649  9.2580
  19  0.194177  3.5588  5.0737 -2.1601 19.0669 18.2271 15.0109 14.1617 13.0109 12.5601 11.3476 10.8337 10.6460 10.2777  9.5300  9.4953  9.0954
  20  0.207939  3.5621  5.0544 -2.0976 18.8593 17.9574 14.7951 13.9458 12.7997 12.3562 11.1590 10.6471 10.4600 10.0952  9.3708  9.3368  8.9433
  21  0.221157  3.5651  5.0375 -2.0421 18.6737 17.7198 14.6043 13.7552 12.6143 12.1767 10.9926 10.4830 10.2966  9.9347  9.2295  9.1961  8.8079
  22  0.234167  3.5676  5.0225 -1.9915 18.5047 17.5067 14.4314 13.5829 12.4474 12.0147 10.8425 10.3352 10.1493  9.7900  9.1008  9.0679  8.6844
  23  0.244912  3.5696  5.0107 -1.9522 18.3769 17.3479 14.2985 13.4501 12.3186 11.8894 10.7264 10.2209 10.0356  9.6784  9.0008  8.9683  8.5884
  24  0.253269  3.5710  5.0019 -1.9228 18.2824 17.2324 14.2002 13.3519 12.2234 11.7965 10.6402 10.1364  9.9514  9.5957  8.9265  8.8942  8.5169
  25  0.259469  3.5721  4.9956 -1.9019 18.2148 17.1501 14.1300 13.2818 12.1556 11.7303 10.5788 10.0760  9.8913  9.5368  8.8734  8.8413  8.4658
  26  0.264265  3.5728  4.9912 -1.8864 18.1646 17.0892 14.0782 13.2300 12.1055 11.6813 10.5333 10.0314  9.8469  9.4931  8.8341  8.8021  8.4280
  27  0.267998  3.5734  4.9878 -1.8745 18.1260 17.0422 14.0386 13.1904 12.0673 11.6440 10.4987  9.9973  9.8130  9.4599  8.8041  8.7722  8.3993
  28  0.271068  3.5739  4.9855 -1.8653 18.0955 17.0046 14.0071 13.1590 12.0368 11.6142 10.4711  9.9702  9.7861  9.4334  8.7805  8.7488  8.3768
  29  0.273657  3.5743  4.9835 -1.8573 18.0693 16.9720 13.9798 13.1317 12.0105 11.5884 10.4471  9.9467  9.7627  9.4106  8.7602  8.7285  8.3574
  30  0.276108  3.5748  4.9815 -1.8498 18.0445 16.9411 13.9541 13.1060 11.9856 11.5640 10.4246  9.9245  9.7405  9.3889  8.7411  8.7095  8.3391
  31  0.278720  3.5753  4.9799 -1.8422 18.0193 16.9093 13.9278 13.0796 11.9602 11.5391 10.4015  9.9019  9.7181  9.3670  8.7218  8.6903  8.3208
  32  0.281471  3.5758  4.9778 -1.8339 17.9917 16.8747 13.8990 13.0509 11.9324 11.5119 10.3764  9.8772  9.6935  9.3429  8.7005  8.6691  8.3005
  33  0.284604  3.5763  4.9753 -1.8244 17.9608 16.8364 13.8670 13.0189 11.9016 11.4817 10.3483  9.8496  9.6660  9.3160  8.6767  8.6453  8.2777
  34  0.288135  3.5769  4.9721 -1.8137 17.9261 16.7938 13.8312 12.9832 11.8671 11.4477 10.3168  9.8187  9.6353  9.2857  8.6495  8.6183  8.2517
  35  0.288730  3.5766  4.9716 -1.8127 17.9194 16.7869 13.8277 12.9808 11.8678 11.4484 10.3178  9.8195  9.6363  9.2860  8.6479  8.6164  8.2491
  36  0.297429  3.5781  4.9620 -1.7846 17.8347 16.6795 13.7366 12.8893 11.7781 11.3600 10.2349  9.7376  9.5547  9.2056  8.5769  8.5457  8.1811
  37  0.325072  3.5850  4.9281 -1.6863 17.5324 16.2680 13.4018 12.5527 11.4471 11.0318  9.9287  9.4355  9.2540  8.9119  8.3272  8.2972  7.9468
  38  0.349751  3.5909  4.8953 -1.5975 17.2051 15.8614 13.0753 12.2303 11.1478 10.7375  9.6618  9.1770  8.9977  8.6622  8.1028  8.0736  7.7330
  39  0.371774  3.5974  4.8635 -1.5120 16.8661 15.4467 12.7421 11.9018 10.8487 10.4447  9.4004  8.9264  8.7500  8.4220  7.8861  7.8578  7.5274
  40  0.383810  3.6020  4.8447 -1.4615 16.6725 15.1982 12.5426 11.7043 10.6675 10.2666  9.2418  8.7747  8.6001  8.2772  7.7578  7.7302  7.4071
  41  0.394280  3.6064  4.8285 -1.4160 16.4969 14.9705 12.3591 11.5224 10.5011 10.1032  9.0972  8.6373  8.4644  8.1467  7.6425  7.6155  7.2993
  42  0.403993  3.6109  4.8136 -1.3726 16.3259 14.7529 12.1802 11.3448 10.3390  9.9448  8.9587  8.5066  8.3354  8.0233  7.5326  7.5062  7.1968
  43  0.413364  3.6156  4.7997 -1.3300 16.1533 14.5392 11.9994 11.1648 10.1753  9.7858  8.8212  8.3780  8.2090  7.9027  7.4245  7.3987  7.0958
  44  0.422637  3.6207  4.7869 -1.2867 15.9729 14.3179 11.8094 10.9745 10.0037  9.6200  8.6795  8.2467  8.0801  7.7807  7.3151  7.2900  6.9945
  45  0.431573  3.6261  4.7754 -1.2443 15.7912 14.0957 11.6148 10.7786  9.8288  9.4517  8.5374  8.1163  7.9525  7.6606  7.2077  7.1836  6.8956
  46  0.440201  3.6318  4.7651 -1.2028 15.6105 13.8772 11.4169 10.5793  9.6533  9.2834  8.3963  7.9878  7.8268  7.5431  7.1031  7.0798  6.7998
  47  0.448589  3.6377  4.7562 -1.1622 15.4337 13.6664 11.2145 10.3760  9.4767  9.1144  8.2555  7.8603  7.7025  7.4275  7.0009  6.9786  6.7069
  48  0.456703  3.6437  4.7483 -1.1226 15.2519 13.4507 11.0082 10.1697  9.3021  8.9478  8.1174  7.7356  7.5810  7.3149  6.9015  6.8802  6.6168
  49  0.464841  3.6499  4.7412 -1.0828 15.0340 13.1954 10.7898  9.9510  9.1252  8.7788  7.9781  7.6098  7.4591  7.2015  6.8010  6.7805  6.5256
  50  0.472872  3.6565  4.7352 -1.0431 14.7763 12.8888 10.5524  9.7161  8.9462  8.6076  7.8378  7.4835  7.3370  7.0877  6.7001  6.6805  6.4344
  51  0.481054  3.6634  4.7297 -1.0023 14.4772 12.5362 10.2899  9.4626  8.7619  8.4314  7.6939  7.3536  7.2122  6.9712  6.5967  6.5782  6.3411
  52  0.485768  3.6675  4.7266 -0.9789 14.2888 12.3204 10.1334  9.3137  8.6565  8.3306  7.6115  7.2793  7.1408  6.9043  6.5372  6.5192  6.2873
  53  0.490407  3.6715  4.7237 -0.9557 14.0910 12.0987  9.9769  9.1664  8.5537  8.2323  7.5311  7.2064  7.0709  6.8388  6.4786  6.4612  6.2344
  54  0.494982  3.6755  4.7208 -0.9329 13.8830 11.8722  9.8208  9.0207  8.4535  8.1366  7.4525  7.1351  7.0025  6.7745  6.4209  6.4041  6.1822
  55  0.499489  3.6793  4.7179 -0.9106 13.6688 11.6460  9.6681  8.8796  8.3573  8.0448  7.3767  7.0660  6.9362  6.7119  6.3645  6.3481  6.1310
  56  0.503926  3.6831  4.7149 -0.8886 13.4455 11.4197  9.5171  8.7412  8.2642  7.9561  7.3031  6.9987  6.8716  6.6509  6.3091  6.2932  6.0806
  57  0.508291  3.6869  4.7118 -0.8670 13.2112 11.1938  9.3676  8.6056  8.1739  7.8703  7.2317  6.9332  6.8088  6.5913  6.2548  6.2395  6.0313
  58  0.512562  3.6904  4.7088 -0.8459 12.9616 10.9696  9.2201  8.4732  8.0870  7.7879  7.1630  6.8700  6.7481  6.5336  6.2022  6.1873  5.9833
  59  0.516740  3.6939  4.7057 -0.8253 12.6950 10.7455  9.0730  8.3425  8.0022  7.7080  7.0963  6.8085  6.6892  6.4775  6.1510  6.1365  5.9366
  60  0.520832  3.6973  4.7026 -0.8051 12.4290 10.5311  8.9312  8.2172  7.9209  7.6315  7.0321  6.7493  6.6323  6.4234  6.1015  6.0873  5.8914
  61  0.524852  3.7007  4.6995 -0.7853 12.1698 10.3267  8.7938  8.0959  7.8418  7.5573  6.9696  6.6916  6.5767  6.3704  6.0531  6.0394  5.8471
  62  0.528809  3.7039  4.6961 -0.7659 11.9299 10.1391  8.6642  7.9812  7.7658  7.4859  6.9093  6.6356  6.5227  6.3189  6.0058  5.9924  5.8039
  63  0.532712  3.7070  4.6927 -0.7468 11.7209  9.9739  8.5438  7.8735  7.6923  7.4170  6.8506  6.5810  6.4698  6.2685  5.9595  5.9465  5.7613
  64  0.536565  3.7100  4.6892 -0.7280 11.5462  9.8324  8.4336  7.7735  7.6217  7.3505  6.7934  6.5276  6.4181  6.2190  5.9140  5.9013  5.7196
  65  0.540377  3.7130  4.6855 -0.7094 11.3955  9.7079  8.3305  7.6792  7.5531  7.2860  6.7377  6.4753  6.3672  6.1704  5.8693  5.8569  5.6783
  66  0.544148  3.7159  4.6817 -0.6911 11.2536  9.5913  8.2313  7.5881  7.4861  7.2230  6.6831  6.4241  6.3173  6.1227  5.8253  5.8132  5.6378
  67  0.547883  3.7187  4.6778 -0.6728 11.1166  9.4798  8.1346  7.4994  7.4205  7.1614  6.6295  6.3736  6.2681  6.0757  5.7818  5.7701  5.5977
  68  0.551592  3.7215  4.6740 -0.6547 10.9741  9.3672  8.0386  7.4117  7.3558  7.1007  6.5767  6.3241  6.2198  6.0294  5.7391  5.7276  5.5581
  69  0.555271  3.7243  4.6700 -0.6368 10.8273  9.2539  7.9432  7.3250  7.2922  7.0412  6.5249  6.2753  6.1721  5.9837  5.6968  5.6857  5.5191
  70  0.558931  3.7270  4.6657 -0.6190 10.6650  9.1336  7.8465  7.2381  7.2293  6.9824  6.4740  6.2273  6.1253  5.9387  5.6551  5.6442  5.4804
  71  0.562560  3.7296  4.6614 -0.6014 10.5014  9.0137  7.7510  7.1525  7.1675  6.9246  6.4239  6.1800  6.0791  5.8944  5.6139  5.6032  5.4421
  72  0.566158  3.7322  4.6569 -0.5839 10.3399  8.8963  7.6578  7.0690  7.1068  6.8680  6.3746  6.1334  6.0336  5.8508  5.5732  5.5629  5.4044
  73  0.569713  3.7347  4.6523 -0.5666 10.1816  8.7814  7.5668  6.9876  7.0474  6.8124  6.3262  6.0877  5.9890  5.8078  5.5333  5.5231  5.3671
  74  0.573218  3.7371  4.6476 -0.5496 10.0283  8.6699  7.4783  6.9084  6.9893  6.7581  6.2789  6.0429  5.9452  5.7657  5.4939  5.4841  5.3304
  75  0.576672  3.7394  4.6428 -0.5327  9.8822  8.5628  7.3929  6.8319  6.9326  6.7051  6.2326  5.9990  5.9023  5.7244  5.4553  5.4457  5.2943
  76  0.580068  3.7417  4.6378 -0.5162  9.7432  8.4598  7.3102  6.7577  6.8772  6.6532  6.1872  5.9560  5.8602  5.6839  5.4174  5.4080  5.2588
  77  0.583407  3.7438  4.6328 -0.4999  9.6123  8.3618  7.2309  6.6865  6.8234  6.6028  6.1429  5.9139  5.8189  5.6441  5.3802  5.3710  5.2238
  78  0.586686  3.7460  4.6276 -0.4839  9.4865  8.2670  7.1540  6.6173  6.7708  6.5535  6.0995  5.8727  5.7786  5.6052  5.3436  5.3346  5.1895
  79  0.589894  3.7480  4.6224 -0.4681  9.3655  8.1755  7.0794  6.5503  6.7197  6.5054  6.0572  5.8324  5.7391  5.5672  5.3079  5.2991  5.1559
  80  0.593036  3.7500  4.6171 -0.4526  9.2501  8.0874  7.0078  6.4858  6.6699  6.4585  6.0158  5.7931  5.7005  5.5299  5.2728  5.2641  5.1228
  81  0.596113  3.7519  4.6119 -0.4375  9.1389  8.0023  6.9386  6.4235  6.6213  6.4129  5.9754  5.7545  5.6626  5.4933  5.2384  5.2299  5.0904
  82  0.600278  3.7545  4.6044 -0.4169  8.9928  7.8891  6.8467  6.3409  6.5559  6.3513  5.9207  5.7022  5.6114  5.4437  5.1916  5.1834  5.0460
  83  0.604406  3.7569  4.5967 -0.3963  8.8512  7.7785  6.7572  6.2604  6.4913  6.2903  5.8664  5.6504  5.5604  5.3944  5.1450  5.1369  5.0019
  84  0.608491  3.7593  4.5889 -0.3759  8.7146  7.6707  6.6698  6.1819  6.4276  6.2301  5.8126  5.5988  5.5097  5.3453  5.0985  5.0907  4.9578
  85  0.612534  3.7616  4.5805 -0.3555  8.5835  7.5663  6.5848  6.1055  6.3648  6.1706  5.7593  5.5477  5.4594  5.2965  5.0521  5.0446  4.9137
  86  0.616526  3.7639  4.5721 -0.3352  8.4556  7.4638  6.5012  6.0304  6.3027  6.1117  5.7064  5.4969  5.4094  5.2480  5.0061  4.9988  4.8698
  87  0.620473  3.7660  4.5633 -0.3150  8.3323  7.3642  6.4197  5.9572  6.2415  6.0535  5.6538  5.4464  5.3597  5.1997  4.9602  4.9530  4.8259
  88  0.624367  3.7681  4.5543 -0.2948  8.2127  7.2669  6.3402  5.8854  6.1809  5.9959  5.6017  5.3964  5.3103  5.1518  4.9146  4.9075  4.7822
  89  0.628201  3.7701  4.5451 -0.2749  8.0960  7.1710  6.2621  5.8147  6.1208  5.9387  5.5501  5.3467  5.2615  5.1042  4.8693  4.8624  4.7387
  90  0.631967  3.7721  4.5356 -0.2549  7.9831  7.0776  6.1862  5.7454  6.0616  5.8823  5.4988  5.2975  5.2131  5.0572  4.8244  4.8176  4.6957
  91  0.635658  3.7740  4.5261 -0.2352  7.8723  6.9854  6.1116  5.6768  6.0030  5.8264  5.4481  5.2489  5.1653  5.0107  4.7800  4.7734  4.6531
  92  0.639270  3.7759  4.5164 -0.2156  7.7652  6.8957  6.0395  5.6099  5.9452  5.7712  5.3978  5.2007  5.1180  4.9647  4.7360  4.7296  4.6108
  93  0.642799  3.7777  4.5066 -0.1962  7.6619  6.8086  5.9690  5.5449  5.8883  5.7167  5.3481  5.1531  5.0710  4.9190  4.6924  4.6861  4.5688
  94  0.646241  3.7795  4.4966 -0.1772  7.5625  6.7244  5.9000  5.4820  5.8325  5.6633  5.2992  5.1059  5.0245  4.8737  4.6489  4.6428  4.5269
  95  0.649595  3.7811  4.4866 -0.1582  7.4665  6.6428  5.8322  5.4212  5.7777  5.6107  5.2509  5.0591  4.9784  4.8287  4.6057  4.5997  4.4852
  96  0.652862  3.7827  4.4764 -0.1394  7.3739  6.5639  5.7658  5.3622  5.7238  5.5589  5.2033  5.0129  4.9326  4.7840  4.5628  4.5569  4.4436
  97  0.656045  3.7843  4.4661 -0.1208  7.2841  6.4870  5.7010  5.3045  5.6707  5.5077  5.1561  4.9671  4.8873  4.7398  4.5204  4.5146  4.4024
  98  0.659143  3.7858  4.4558 -0.1024  7.1967  6.4120  5.6378  5.2479  5.6180  5.4568  5.1094  4.9217  4.8426  4.6962  4.4783  4.4727  4.3618
  99  0.662159  3.7872  4.4454 -0.0842  7.1111  6.3387  5.5763  5.1922  5.5658  5.4065  5.0630  4.8769  4.7983  4.6531  4.4369  4.4314  4.3217
 100  0.665096  3.7887  4.4351 -0.0661  7.0279  6.2674  5.5163  5.1376  5.5142  5.3567  5.0170  4.8325  4.7545  4.6104  4.3960  4.3905  4.2819
 101  0.667956  3.7901  4.4245 -0.0482  6.9478  6.1984  5.4581  5.0844  5.4633  5.3074  4.9714  4.7884  4.7110  4.5679  4.3552  4.3498  4.2424
 102  0.670740  3.7914  4.4140 -0.0304  6.8702  6.1313  5.4016  5.0326  5.4132  5.2588  4.9262  4.7446  4.6677  4.5257  4.3145  4.3092  4.2029
 103  0.673453  3.7927  4.4034 -0.0128  6.7953  6.0663  5.3466  4.9821  5.3638  5.2108  4.8814  4.7011  4.6248  4.4837  4.2740  4.2688  4.1635
 104  0.676098  3.7940  4.3927  0.0046  6.7230  6.0032  5.2930  4.9329  5.3152  5.1634  4.8371  4.6579  4.5821  4.4419  4.2336  4.2285  4.1241
 105  0.678678  3.7952  4.3818  0.0219  6.6530  5.9418  5.2406  4.8849  5.2672  5.1167  4.7931  4.6151  4.5396  4.4003  4.1934  4.1884  4.0849
 106  0.681200  3.7963  4.3710  0.0390  6.5845  5.8817  5.1892  4.8376  5.2198  5.0705  4.7495  4.5727  4.4976  4.3591  4.1535  4.1485  4.0459
 107  0.683670  3.7975  4.3601  0.0559  6.5182  5.8232  5.1391  4.7913  5.1730  5.0248  4.7063  4.5306  4.4559  4.3182  4.1138  4.1089  4.0071
 108  0.686094  3.7985  4.3490  0.0728  6.4531  5.7658  5.0897  4.7457  5.1266  4.9795  4.6635  4.4889  4.4147  4.2777  4.0744  4.0696  3.9686
 109  0.688478  3.7995  4.3379  0.0894  6.3896  5.7096  5.0412  4.7009  5.0809  4.9348  4.6212  4.4475  4.3737  4.2374  4.0354  4.0306  3.9304
 110  0.690830  3.8005  4.3267  0.1060  6.3277  5.6547  4.9936  4.6569  5.0356  4.8905  4.5793  4.4065  4.3331  4.1976  3.9966  3.9919  3.8923
 111  0.693113  3.8014  4.3155  0.1223  6.2671  5.6008  4.9467  4.6135  4.9909  4.8468  4.5377  4.3659  4.2929  4.1580  3.9582  3.9535  3.8546
 112  0.693959  3.8017  4.3113  0.1286  6.2435  5.5799  4.9288  4.5969  4.9737  4.8299  4.5218  4.3504  4.2775  4.1430  3.9435  3.9389  3.8402
 113  0.694802  3.8022  4.3071  0.1349  6.2194  5.5586  4.9104  4.5801  4.9563  4.8129  4.5058  4.3348  4.2620  4.1277  3.9288  3.9242  3.8258
 114  0.695644  3.8026  4.3030  0.1412  6.1949  5.5370  4.8920  4.5630  4.9387  4.7958  4.4895  4.3189  4.2464  4.1124  3.9138  3.9094  3.8112
 115  0.696485  3.8029  4.2986  0.1476  6.1706  5.5155  4.8734  4.5459  4.9210  4.7784  4.4732  4.3030  4.2306  4.0969  3.8989  3.8944  3.7965
 116  0.697323  3.8034  4.2941  0.1542  6.1465  5.4941  4.8548  4.5288  4.9032  4.7611  4.4567  4.2869  4.2146  4.0812  3.8836  3.8790  3.7815
 117  0.698158  3.8037  4.2894  0.1608  6.1225  5.4727  4.8363  4.5115  4.8852  4.7435  4.4399  4.2705  4.1984  4.0653  3.8681  3.8636  3.7662
 118  0.698989  3.8040  4.2846  0.1674  6.0990  5.4515  4.8176  4.4942  4.8672  4.7257  4.4231  4.2540  4.1819  4.0491  3.8523  3.8478  3.7507
 119  0.699816  3.8043  4.2795  0.1742  6.0758  5.4305  4.7991  4.4768  4.8490  4.7079  4.4060  4.2372  4.1652  4.0326  3.8362  3.8318  3.7348
 120  0.700639  3.8046  4.2742  0.1811  6.0528  5.4096  4.7804  4.4593  4.8307  4.6899  4.3886  4.2202  4.1483  4.0159  3.8198  3.8154  3.7186
 121  0.701458  3.8049  4.2688  0.1880  6.0300  5.3888  4.7617  4.4417  4.8122  4.6717  4.3712  4.2030  4.1313  3.9991  3.8032  3.7988  3.7022
 122  0.702274  3.8051  4.2634  0.1949  6.0074  5.3679  4.7430  4.4240  4.7936  4.6534  4.3535  4.1855  4.1140  3.9819  3.7865  3.7820  3.6857
 123  0.703087  3.8053  4.2577  0.2019  5.9849  5.3472  4.7243  4.4062  4.7749  4.6350  4.3356  4.1680  4.0966  3.9647  3.7695  3.7651  3.6688
 124  0.703892  3.8056  4.2520  0.2092  5.9620  5.3261  4.7052  4.3882  4.7560  4.6163  4.3176  4.1502  4.0788  3.9472  3.7522  3.7478  3.6517
 125  0.704695  3.8058  4.2462  0.2163  5.9391  5.3050  4.6861  4.3701  4.7368  4.5974  4.2995  4.1322  4.0610  3.9295  3.7349  3.7305  3.6345
 126  0.705496  3.8060  4.2402  0.2236  5.9167  5.2842  4.6670  4.3520  4.7177  4.5786  4.2811  4.1142  4.0430  3.9117  3.7173  3.7129  3.6170
 127  0.706295  3.8062  4.2341  0.2309  5.8944  5.2633  4.6480  4.3338  4.6985  4.5597  4.2627  4.0960  4.0249  3.8938  3.6996  3.6952  3.5995
 128  0.707089  3.8063  4.2280  0.2383  5.8723  5.2426  4.6288  4.3155  4.6792  4.5406  4.2441  4.0776  4.0066  3.8756  3.6817  3.6773  3.5817
 129  0.707880  3.8065  4.2216  0.2456  5.8503  5.2219  4.6098  4.2972  4.6599  4.5213  4.2254  4.0591  3.9882  3.8573  3.6636  3.6593  3.5636
 130  0.708667  3.8066  4.2152  0.2531  5.8287  5.2015  4.5907  4.2789  4.6404  4.5021  4.2066  4.0405  3.9696  3.8388  3.6453  3.6409  3.5454
 131  0.709448  3.8067  4.2084  0.2607  5.8077  5.1814  4.5717  4.2606  4.6208  4.4827  4.1876  4.0215  3.9507  3.8201  3.6266  3.6223  3.5268
 132  0.710223  3.8067  4.2015  0.2683  5.7871  5.1616  4.5529  4.2422  4.6013  4.4633  4.1684  4.0024  3.9317  3.8011  3.6078  3.6034  3.5079
 133  0.710993  3.8068  4.1944  0.2760  5.7671  5.1421  4.5340  4.2238  4.5817  4.4437  4.1490  3.9832  3.9124  3.7819  3.5887  3.5843  3.4888
 134  0.711756  3.8068  4.1871  0.2837  5.7473  5.1228  4.5152  4.2053  4.5619  4.4240  4.1296  3.9637  3.8931  3.7625  3.5693  3.5650  3.4695
 135  0.712513  3.8067  4.1797  0.2916  5.7280  5.1038  4.4965  4.1868  4.5422  4.4043  4.1099  3.9441  3.8734  3.7429  3.5498  3.5453  3.4498
 136  0.713263  3.8067  4.1720  0.2995  5.7093  5.0850  4.4778  4.1683  4.5223  4.3845  4.0901  3.9243  3.8536  3.7230  3.5298  3.5255  3.4298
 137  0.714006  3.8066  4.1640  0.3075  5.6911  5.0665  4.4593  4.1498  4.5024  4.3645  4.0701  3.9043  3.8335  3.7029  3.5097  3.5053  3.4096
 138  0.714741  3.8065  4.1560  0.3155  5.6734  5.0485  4.4409  4.1312  4.4825  4.3445  4.0500  3.8840  3.8133  3.6826  3.4893  3.4849  3.3890
 139  0.715468  3.8063  4.1476  0.3237  5.6566  5.0308  4.4225  4.1127  4.4625  4.3245  4.0297  3.8637  3.7928  3.6621  3.4686  3.4642  3.3681
 140  0.716186  3.8061  4.1390  0.3318  5.6402  5.0136  4.4043  4.0942  4.4425  4.3043  4.0093  3.8431  3.7722  3.6413  3.4477  3.4432  3.3469
 141  0.716895  3.8058  4.1301  0.3400  5.6248  4.9969  4.3864  4.0758  4.4225  4.2842  3.9887  3.8223  3.7513  3.6203  3.4263  3.4219  3.3254
 142  0.717594  3.8055  4.1211  0.3483  5.6100  4.9806  4.3685  4.0573  4.4025  4.2640  3.9680  3.8013  3.7303  3.5991  3.4048  3.4003  3.3035
 143  0.718284  3.8052  4.1117  0.3567  5.5962  4.9649  4.3508  4.0388  4.3826  4.2438  3.9471  3.7802  3.7090  3.5776  3.3830  3.3785  3.2814
 144  0.718962  3.8047  4.1019  0.3651  5.5833  4.9497  4.3334  4.0204  4.3628  4.2236  3.9261  3.7588  3.6876  3.5558  3.3608  3.3563  3.2588
 145  0.719630  3.8043  4.0920  0.3737  5.5711  4.9349  4.3161  4.0020  4.3429  4.2033  3.9051  3.7373  3.6659  3.5339  3.3384  3.3338  3.2360
 146  0.720286  3.8037  4.0817  0.3822  5.5603  4.9210  4.2991  3.9838  4.3232  4.1831  3.8839  3.7157  3.6440  3.5117  3.3157  3.3110  3.2127
 147  0.720932  3.8032  4.0710  0.3908  5.5511  4.9081  4.2827  3.9657  4.3036  4.1630  3.8626  3.6938  3.6220  3.4892  3.2925  3.2878  3.1891
 148  0.721564  3.8024  4.0600  0.3995  5.5438  4.8965  4.2668  3.9480  4.2843  4.1431  3.8413  3.6719  3.5998  3.4665  3.2690  3.2643  3.1650
 149  0.722185  3.8016  4.0485  0.4083  5.5380  4.8857  4.2513  3.9303  4.2652  4.1234  3.8199  3.6498  3.5775  3.4436  3.2452  3.2405  3.1405
 150  0.722791  3.8007  4.0363  0.4170  5.5356  4.8771  4.2370  3.9134  4.2467  4.1039  3.7986  3.6275  3.5550  3.4204  3.2210  3.2162  3.1154
 151  0.723385  3.7997  4.0238  0.4258  5.5348  4.8695  4.2232  3.8969  4.2283  4.0847  3.7772  3.6053  3.5322  3.3969  3.1964  3.1915  3.0900
 152  0.723966  3.7985  4.0105  0.4347  5.5381  4.8646  4.2109  3.8811  4.2107  4.0659  3.7560  3.5829  3.5095  3.3733  3.1715  3.1664  3.0639
 153  0.724533  3.7971  3.9966  0.4434  5.5442  4.8615  4.1996  3.8662  4.1936  4.0476  3.7349  3.5605  3.4866  3.3495  3.1462  3.1411  3.0375
 154  0.725085  3.7956  3.9820  0.4523  5.5538  4.8608  4.1897  3.8522  4.1771  4.0299  3.7139  3.5381  3.4637  3.3256  3.1205  3.1153  3.0106
 155  0.725626  3.7940  3.9669  0.4612  5.5663  4.8620  4.1810  3.8392  4.1612  4.0124  3.6931  3.5158  3.4408  3.3015  3.0947  3.0894  2.9833
 156  0.726153  3.7921  3.9509  0.4700  5.5837  4.8666  4.1744  3.8276  4.1461  3.9956  3.6726  3.4935  3.4180  3.2774  3.0686  3.0631  2.9556
 157  0.726667  3.7902  3.9346  0.4789  5.6044  4.8739  4.1693  3.8172  4.1315  3.9791  3.6519  3.4712  3.3950  3.2531  3.0422  3.0365  2.9274
 158  0.727170  3.7882  3.9179  0.4878  5.6274  4.8835  4.1652  3.8075  4.1171  3.9627  3.6312  3.4486  3.3716  3.2285  3.0154  3.0097  2.8988
 159  0.727660  3.7858  3.9000  0.4966  5.6593  4.9000  4.1650  3.8001  4.1044  3.9474  3.6109  3.4261  3.3483  3.2036  2.9879  2.9819  2.8692
 160  0.728138  3.7830  3.8807  0.5053  5.7020  4.9244  4.1692  3.7959  4.0937  3.9337  3.5912  3.4038  3.3251  3.1784  2.9597  2.9536  2.8387
 161  0.728605  3.7801  3.8602  0.5141  5.7538  4.9552  4.1770  3.7943  4.0846  3.9212  3.5718  3.3816  3.3018  3.1531  2.9311  2.9248  2.8073
 162  0.729041  3.7769  3.8395  0.5222  5.8147  4.9927  4.1895  3.7967  4.0780  3.9109  3.5540  3.3608  3.2799  3.1290  2.9034  2.8968  2.7767
 163  0.729476  3.7737  3.8191  0.5305  5.8790  5.0322  4.2038  3.8006  4.0716  3.9005  3.5360  3.3396  3.2575  3.1045  2.8754  2.8686  2.7459
 164  0.729909  3.7707  3.7986  0.5388  5.9448  5.0718  4.2187  3.8052  4.0651  3.8900  3.5177  3.3184  3.2351  3.0799  2.8474  2.8404  2.7150
 165  0.730338  3.7674  3.7774  0.5473  6.0161  5.1132  4.2352  3.8112  4.0594  3.8801  3.4998  3.2972  3.2128  3.0553  2.8192  2.8118  2.6838
 166  0.730762  3.7640  3.7552  0.5562  6.0956  5.1587  4.2540  3.8193  4.0543  3.8705  3.4817  3.2759  3.1902  3.0303  2.7904  2.7828  2.6516
 167  0.731179  3.7607  3.7325  0.5655  6.1784  5.2046  4.2732  3.8280  4.0482  3.8600  3.4626  3.2534  3.1666  3.0044  2.7605  2.7526  2.6184
 168  0.731585  3.7575  3.7097  0.5759  6.2571  5.2460  4.2893  3.8344  4.0396  3.8469  3.4414  3.2290  3.1411  2.9767  2.7292  2.7209  2.5839
 169  0.731974  3.7546  3.6872  0.5872  6.3293  5.2816  4.3012  3.8373  4.0276  3.8307  3.4175  3.2022  3.1133  2.9468  2.6958  2.6873  2.5475
 170  0.732341  3.7519  3.6644  0.5994  6.3946  5.3117  4.3089  3.8366  4.0125  3.8117  3.3911  3.1731  3.0832  2.9147  2.6605  2.6517  2.5094
 171  0.732686  3.7495  3.6417  0.6124  6.4505  5.3349  4.3115  3.8316  3.9941  3.7895  3.3624  3.1418  3.0510  2.8807  2.6235  2.6146  2.4700
 172  0.733010  3.7473  3.6194  0.6262  6.4952  5.3503  4.3085  3.8220  3.9721  3.7644  3.3315  3.1086  3.0171  2.8453  2.5856  2.5764  2.4297
 173  0.733315  3.7454  3.5977  0.6406  6.5294  5.3582  4.3003  3.8081  3.9470  3.7365  3.2987  3.0740  2.9818  2.8086  2.5467  2.5373  2.3889
 174  0.733603  3.7438  3.5764  0.6555  6.5538  5.3597  4.2876  3.7904  3.9194  3.7065  3.2645  3.0381  2.9454  2.7711  2.5072  2.4976  2.3476
 175  0.733878  3.7424  3.5557  0.6707  6.5705  5.3557  4.2713  3.7699  3.8899  3.6748  3.2291  3.0013  2.9081  2.7327  2.4672  2.4575  2.3060
 176  0.734141  3.7411  3.5354  0.6862  6.5802  5.3469  4.2516  3.7467  3.8584  3.6415  3.1927  2.9638  2.8700  2.6939  2.4268  2.4170  2.2644
 177  0.734395  3.7400  3.5155  0.7019  6.5858  5.3348  4.2297  3.7216  3.8258  3.6072  3.1556  2.9256  2.8316  2.6547  2.3864  2.3765  2.2227
 178  0.734641  3.7390  3.4959  0.7176  6.5869  5.3197  4.2057  3.6949  3.7920  3.5721  3.1180  2.8870  2.7927  2.6151  2.3457  2.3357  2.1810
 179  0.734882  3.7381  3.4764  0.7335  6.5863  5.3033  4.1810  3.6675  3.7579  3.5366  3.0801  2.8483  2.7536  2.5755  2.3049  2.2949  2.1392
 180  0.735117  3.7372  3.4572  0.7495  6.5830  5.2853  4.1551  3.6391  3.7232  3.5006  3.0420  2.8093  2.7144  2.5357  2.2641  2.2539  2.0974
 181  0.735349  3.7364  3.4381  0.7655  6.5763  5.2651  4.1277  3.6097  3.6879  3.4641  3.0036  2.7702  2.6750  2.4957  2.2232  2.2129  2.0555
 182  0.735549  3.7358  3.4214  0.7798  6.5679  5.2459  4.1026  3.5828  3.6562  3.4315  2.9694  2.7352  2.6399  2.4602  2.1869  2.1765  2.0186
 183  0.735750  3.7352  3.4045  0.7943  6.5578  5.2254  4.0765  3.5551  3.6238  3.3982  2.9345  2.6998  2.6042  2.4240  2.1499  2.1396  1.9809
 184  0.735949  3.7346  3.3876  0.8090  6.5459  5.2035  4.0492  3.5263  3.5905  3.3640  2.8988  2.6635  2.5678  2.3872  2.1125  2.1020  1.9427
 185  0.736148  3.7340  3.3705  0.8239  6.5336  5.1812  4.0215  3.4971  3.5569  3.3295  2.8628  2.6270  2.5310  2.3501  2.0745  2.0641  1.9042
 186  0.736346  3.7334  3.3531  0.8391  6.5202  5.1579  3.9930  3.4671  3.5224  3.2942  2.8261  2.5898  2.4936  2.3123  2.0360  2.0255  1.8650
 187  0.736543  3.7328  3.3356  0.8545  6.5059  5.1338  3.9637  3.4363  3.4873  3.2581  2.7887  2.5517  2.4555  2.2737  1.9968  1.9861  1.8250
 188  0.736740  3.7323  3.3179  0.8701  6.4904  5.1088  3.9337  3.4050  3.4517  3.2218  2.7510  2.5134  2.4170  2.2349  1.9573  1.9466  1.7849
 189  0.736936  3.7318  3.3000  0.8860  6.4740  5.0829  3.9029  3.3728  3.4153  3.1846  2.7125  2.4745  2.3778  2.1952  1.9170  1.9063  1.7440
 190  0.737130  3.7313  3.2819  0.9022  6.4566  5.0561  3.8713  3.3399  3.3781  3.1467  2.6732  2.4346  2.3378  2.1549  1.8759  1.8652  1.7024
 191  0.737323  3.7307  3.2631  0.9190  6.4377  5.0278  3.8382  3.3055  3.3395  3.1072  2.6325  2.3934  2.2964  2.1131  1.8335  1.8227  1.6592
 192  0.737512  3.7302  3.2437  0.9364  6.4182  4.9985  3.8038  3.2698  3.2994  3.0664  2.5903  2.3507  2.2534  2.0697  1.7894  1.7785  1.6145
 193  0.737699  3.7297  3.2235  0.9544  6.3983  4.9681  3.7684  3.2328  3.2580  3.0241  2.5466  2.3064  2.2090  2.0249  1.7438  1.7329  1.5683
 194  0.737882  3.7291  3.2028  0.9731  6.3767  4.9362  3.7314  3.1946  3.2151  2.9804  2.5014  2.2606  2.1631  1.9785  1.6968  1.6858  1.5205
 195  0.738063  3.7285  3.1813  0.9923  6.3548  4.9033  3.6933  3.1550  3.1708  2.9352  2.4548  2.2133  2.1156  1.9306  1.6481  1.6370  1.4711
 196  0.738239  3.7279  3.1592  1.0122  6.3314  4.8689  3.6534  3.1139  3.1248  2.8883  2.4064  2.1644  2.0664  1.8809  1.5976  1.5866  1.4200
 197  0.738410  3.7273  3.1360  1.0329  6.3084  4.8340  3.6127  3.0716  3.0773  2.8399  2.3562  2.1135  2.0154  1.8295  1.5453  1.5341  1.3668
 198  0.738578  3.7266  3.1122  1.0542  6.2845  4.7979  3.5708  3.0280  3.0284  2.7900  2.3047  2.0613  1.9629  1.7765  1.4915  1.4802  1.3122
 199  0.738742  3.7260  3.0879  1.0761  6.2594  4.7604  3.5274  2.9831  2.9782  2.7387  2.2517  2.0076  1.9091  1.7221  1.4362  1.4249  1.2561
 200  0.738901  3.7253  3.0627  1.0985  6.2344  4.7224  3.4832  2.9372  2.9267  2.6861  2.1974  1.9525  1.8536  1.6662  1.3793  1.3679  1.1984
 201  0.739057  3.7246  3.0369  1.1215  6.2090  4.6838  3.4381  2.8904  2.8742  2.6325  2.1417  1.8961  1.7970  1.6090  1.3212  1.3097  1.1394
 202  0.739208  3.7239  3.0105  1.1450  6.1791  4.6420  3.3915  2.8421  2.8205  2.5777  2.0850  1.8385  1.7392  1.5506  1.2618  1.2502  1.0791
 203  0.739355  3.7231  2.9834  1.1689  6.1499  4.6003  3.3445  2.7934  2.7659  2.5220  2.0272  1.7799  1.6803  1.4911  1.2012  1.1895  1.0175
 204  0.739498  3.7222  2.9556  1.1934  6.1217  4.5587  3.2973  2.7442  2.7107  2.4654  1.9684  1.7202  1.6203  1.4305  1.1394  1.1276  0.9546
 205  0.739636  3.7213  2.9271  1.2184  6.0945  4.5174  3.2497  2.6946  2.6545  2.4080  1.9086  1.6594  1.5593  1.3688  1.0765  1.0646  0.8906
 206  0.739770  3.7203  2.8981  1.2437  6.0675  4.4757  3.2017  2.6443  2.5976  2.3497  1.8478  1.5976  1.4972  1.3060  1.0125  1.0005  0.8254
 207  0.739899  3.7193  2.8684  1.2695  6.0414  4.4342  3.1533  2.5936  2.5399  2.2906  1.7861  1.5349  1.4342  1.2422  0.9475  0.9354  0.7592
 208  0.740024  3.7183  2.8383  1.2957  6.0164  4.3931  3.1047  2.5425  2.4814  2.2307  1.7235  1.4713  1.3703  1.1775  0.8814  0.8692  0.6918
 209  0.740145  3.7173  2.8076  1.3222  5.9927  4.3525  3.0560  2.4912  2.4225  2.1701  1.6601  1.4068  1.3054  1.1120  0.8144  0.8021  0.6235
 210  0.740261  3.7162  2.7764  1.3492  5.9708  4.3124  3.0074  2.4397  2.3629  2.1089  1.5960  1.3416  1.2399  1.0455  0.7465  0.7340  0.5542
 211  0.740372  3.7151  2.7447  1.3765  5.9508  4.2733  2.9588  2.3881  2.3028  2.0471  1.5312  1.2756  1.1735  0.9783  0.6778  0.6652  0.4841
 212  0.740477  3.7139  2.7126  1.4041  5.9332  4.2352  2.9104  2.3365  2.2423  1.9848  1.4657  1.2088  1.1064  0.9103  0.6083  0.5956  0.4131
 213  0.740580  3.7127  2.6799  1.4319  5.9186  4.1989  2.8626  2.2853  2.1815  1.9220  1.3997  1.1416  1.0387  0.8418  0.5380  0.5252  0.3413
 214  0.740677  3.7115  2.6470  1.4601  5.9065  4.1641  2.8150  2.2341  2.1202  1.8589  1.3331  1.0737  0.9704  0.7725  0.4671  0.4542  0.2688
 215  0.740770  3.7103  2.6137  1.4885  5.8981  4.1312  2.7680  2.1832  2.0588  1.7953  1.2660  1.0052  0.9015  0.7027  0.3955  0.3824  0.1956
 216  0.740859  3.7090  2.5800  1.5172  5.9088  4.1076  2.7244  2.1347  1.9976  1.7316  1.1984  0.9361  0.8319  0.6321  0.3231  0.3099  0.1217
 217  0.740873  3.7088  2.5747  1.5217  5.9111  4.1044  2.7177  2.1272  1.9879  1.7216  1.1878  0.9253  0.8210  0.6210  0.3117  0.2985  0.1100
 218  0.740886  3.7086  2.5694  1.5263  5.9132  4.1010  2.7109  2.1196  1.9783  1.7115  1.1771  0.9143  0.8100  0.6097  0.3003  0.2870  0.0983
 219  0.740900  3.7085  2.5640  1.5308  5.9152  4.0976  2.7041  2.1120  1.9685  1.7014  1.1662  0.9033  0.7989  0.5985  0.2887  0.2754  0.0865
 220  0.740913  3.7082  2.5586  1.5354  5.9180  4.0946  2.6974  2.1045  1.9589  1.6913  1.1555  0.8923  0.7878  0.5873  0.2772  0.2639  0.0747
 221  0.740926  3.7080  2.5532  1.5400  5.9209  4.0917  2.6909  2.0971  1.9491  1.6812  1.1447  0.8812  0.7766  0.5759  0.2656  0.2522  0.0628
 222  0.740939  3.7078  2.5478  1.5447  5.9236  4.0887  2.6841  2.0895  1.9394  1.6709  1.1338  0.8701  0.7654  0.5646  0.2539  0.2405  0.0508
 223  0.740953  3.7076  2.5422  1.5493  5.9265  4.0859  2.6775  2.0820  1.9296  1.6607  1.1229  0.8589  0.7542  0.5532  0.2422  0.2287  0.0388
 224  0.740965  3.7074  2.5367  1.5539  5.9296  4.0832  2.6710  2.0746  1.9199  1.6506  1.1120  0.8478  0.7429  0.5417  0.2304  0.2170  0.0268
 225  0.740978  3.7071  2.5311  1.5586  5.9329  4.0806  2.6644  2.0671  1.9101  1.6403  1.1010  0.8365  0.7316  0.5302  0.2186  0.2051  0.0147
 226  0.740992  3.7069  2.5256  1.5633  5.9363  4.0781  2.6579  2.0597  1.9003  1.6300  1.0901  0.8252  0.7202  0.5186  0.2067  0.1933  0.0025
 227  0.741110  3.7047  2.4711  1.6090  5.9750  4.0591  2.5966  1.9892  1.8055  1.5305  0.9832  0.7156  0.6097  0.4064  0.0912  0.0774 -0.1158
 228  0.741219  3.7023  2.4146  1.6560  6.0238  4.0522  2.5392  1.9217  1.7103  1.4300  0.8745  0.6038  0.4967  0.2913 -0.0273 -0.0414 -0.2374
 229  0.741319  3.6997  2.3553  1.7049  6.0789  4.0558  2.4844  1.8556  1.6133  1.3269  0.7620  0.4877  0.3795  0.1718 -0.1509 -0.1652 -0.3643
 230  0.741407  3.6974  2.3033  1.7480  6.1375  4.0573  2.4356  1.7967  1.5275  1.2359  0.6628  0.3854  0.2761  0.0664 -0.2598 -0.2743 -0.4759
 231  0.741488  3.6952  2.2534  1.7891  6.1952  4.0618  2.3902  1.7413  1.4460  1.1492  0.5681  0.2876  0.1774 -0.0343 -0.3638 -0.3787 -0.5829
 232  0.741564  3.6931  2.2059  1.8281  6.2412  4.0649  2.3464  1.6881  1.3687  1.0670  0.4782  0.1948  0.0837 -0.1299 -0.4627 -0.4777 -0.6845
 233  0.741634  3.6914  2.1671  1.8604  6.2636  4.0582  2.3066  1.6410  1.3041  0.9987  0.4040  0.1183  0.0065 -0.2086 -0.5439 -0.5592 -0.7679
 234  0.741701  3.6907  2.1464  1.8782  6.2712  4.0358  2.2766  1.6079  1.2654  0.9586  0.3613  0.0748 -0.0373 -0.2530 -0.5893 -0.6046 -0.8141
 235  0.741766  3.6895  2.1148  1.9047  6.2882  4.0247  2.2410  1.5667  1.2112  0.9013  0.2995  0.0112 -0.1014 -0.3182 -0.6565 -0.6719 -0.8830
 236  0.741831  3.6868  2.0588  1.9503  6.3234  4.0431  2.1959  1.5100  1.1242  0.8082  0.1967 -0.0953 -0.2092 -0.4284 -0.7708 -0.7865 -1.0008
 237  0.741889  3.6842  2.0042  1.9945  6.3530  4.0696  2.1555  1.4583  1.0416  0.7194  0.0981 -0.1977 -0.3127 -0.5345 -0.8811 -0.8972 -1.1147
 238  0.741941  3.6816  1.9529  2.0355  6.3792  4.1055  2.1228  1.4144  0.9667  0.6383  0.0074 -0.2922 -0.4084 -0.6326 -0.9833 -0.9998 -1.2206
 239  0.741990  3.6792  1.9062  2.0727  6.3985  4.1480  2.0969  1.3781  0.9004  0.5662 -0.0739 -0.3770 -0.4942 -0.7209 -1.0755 -1.0922 -1.3162
 240  0.742035  3.6776  1.8733  2.0990  6.4006  4.1913  2.0818  1.3556  0.8546  0.5161 -0.1305 -0.4363 -0.5543 -0.7827 -1.1401 -1.1570 -1.3832
 241  0.742077  3.6759  1.8386  2.1270  6.4003  4.2415  2.0664  1.3324  0.8058  0.4626 -0.1908 -0.4994 -0.6183 -0.8484 -1.2087 -1.2259 -1.4544
 242  0.742118  3.6732  1.7854  2.1693  6.4185  4.3009  2.0419  1.2966  0.7324  0.3822 -0.2822 -0.5951 -0.7153 -0.9483 -1.3131 -1.3306 -1.5628
 243  0.742156  3.6703  1.7289  2.2140  6.4348  4.3654  2.0182  1.2613  0.6560  0.2981 -0.3783 -0.6958 -0.8175 -1.0534 -1.4230 -1.4410 -1.6771
 244  0.742190  3.6674  1.6748  2.2567  6.4446  4.4293  1.9976  1.2300  0.5840  0.2185 -0.4697 -0.7918 -0.9148 -1.1538 -1.5281 -1.5464 -1.7864
 245  0.742220  3.6645  1.6213  2.2988  6.4489  4.4930  1.9789  1.2014  0.5140  0.1407 -0.5594 -0.8862 -1.0106 -1.2525 -1.6316 -1.6503 -1.8941
 246  0.742248  3.6616  1.5674  2.3412  6.4501  4.5589  1.9631  1.1761  0.4454  0.0641 -0.6486 -0.9804 -1.1062 -1.3513 -1.7352 -1.7543 -2.0020
 247  0.742273  3.6588  1.5152  2.3820  6.4469  4.6238  1.9514  1.1559  0.3812 -0.0084 -0.7337 -1.0705 -1.1978 -1.4460 -1.8346 -1.8542 -2.1058
 248  0.742297  3.6560  1.4650  2.4211  6.4393  4.6855  1.9431  1.1407  0.3216 -0.0762 -0.8143 -1.1562 -1.2850 -1.5364 -1.9297 -1.9495 -2.2051
 249  0.742317  3.6533  1.4157  2.4595  6.4272  4.7455  1.9375  1.1290  0.2648 -0.1413 -0.8924 -1.2395 -1.3699 -1.6245 -2.0224 -2.0428 -2.3022
 250  0.742336  3.6506  1.3679  2.4964  6.4148  4.8036  1.9350  1.1212  0.2121 -0.2024 -0.9667 -1.3189 -1.4509 -1.7086 -2.1113 -2.1321 -2.3954
 251  0.742354  3.6478  1.3204  2.5329  6.4000  4.8597  1.9347  1.1164  0.1616 -0.2615 -1.0392 -1.3968 -1.5304 -1.7914 -2.1990 -2.2201 -2.4876
 252  0.742370  3.6451  1.2738  2.5687  6.3830  4.9127  1.9359  1.1140  0.1135 -0.3183 -1.1095 -1.4727 -1.6079 -1.8721 -2.2846 -2.3062 -2.5777
 253  0.742385  3.6424  1.2283  2.6035  6.3647  4.9616  1.9383  1.1133  0.0678 -0.3724 -1.1775 -1.5460 -1.6828 -1.9503 -2.3676 -2.3896 -2.6651
 254  0.742399  3.6398  1.1836  2.6378  6.3444  5.0052  1.9415  1.1146  0.0243 -0.4248 -1.2439 -1.6179 -1.7563 -2.0270 -2.4490 -2.4715 -2.7511
 255  0.742412  3.6372  1.1395  2.6715  6.3234  5.0440  1.9455  1.1174 -0.0173 -0.4751 -1.3085 -1.6881 -1.8283 -2.1022 -2.5288 -2.5516 -2.8353
 256  0.742424  3.6347  1.0965  2.7044  6.3010  5.0791  1.9503  1.1218 -0.0565 -0.5230 -1.3706 -1.7560 -1.8979 -2.1748 -2.6061 -2.6293 -2.9172
 257  0.742435  3.6321  1.0541  2.7367  6.2784  5.1125  1.9567  1.1282 -0.0931 -0.5684 -1.4306 -1.8218 -1.9654 -2.2454 -2.6815 -2.7051 -2.9972
 258  0.742445  3.6297  1.0124  2.7683  6.2550  5.1424  1.9630  1.1351 -0.1281 -0.6121 -1.4888 -1.8857 -2.0311 -2.3142 -2.7552 -2.7793 -3.0756
 259  0.742455  3.6272  0.9717  2.7993  6.2306  5.1689  1.9692  1.1423 -0.1612 -0.6537 -1.5450 -1.9474 -2.0946 -2.3809 -2.8268 -2.8513 -3.1520
 260  0.742464  3.6247  0.9318  2.8295  6.2055  5.1926  1.9749  1.1496 -0.1924 -0.6935 -1.5994 -2.0074 -2.1563 -2.4455 -2.8967 -2.9216 -3.2265
 261  0.742472  3.6223  0.8925  2.8591  6.1804  5.2141  1.9807  1.1569 -0.2219 -0.7317 -1.6523 -2.0658 -2.2165 -2.5087 -2.9652 -2.9905 -3.2998
 262  0.742480  3.6200  0.8536  2.8883  6.1552  5.2341  1.9863  1.1645 -0.2497 -0.7679 -1.7039 -2.1231 -2.2756 -2.5706 -3.0325 -3.0581 -3.3717
 263  0.742487  3.6176  0.8158  2.9167  6.1299  5.2516  1.9912  1.1712 -0.2758 -0.8027 -1.7542 -2.1788 -2.3333 -2.6307 -3.0979 -3.1238 -3.4418
 264  0.742494  3.6152  0.7787  2.9446  6.1042  5.2670  1.9952  1.1774 -0.3006 -0.8359 -1.8031 -2.2332 -2.3896 -2.6894 -3.1617 -3.1880 -3.5102
 265  0.742500  3.6130  0.7421  2.9720  6.0777  5.2801  1.9983  1.1826 -0.3247 -0.8686 -1.8517 -2.2872 -2.4456 -2.7473 -3.2247 -3.2512 -3.5776
 266  0.742507  3.6107  0.7067  2.9986  6.0508  5.2907  2.0002  1.1869 -0.3475 -0.8997 -1.8985 -2.3393 -2.4997 -2.8032 -3.2858 -3.3125 -3.6431
 267  0.742512  3.6086  0.6716  3.0250  6.0237  5.3003  2.0016  1.1908 -0.3690 -0.9294 -1.9440 -2.3898 -2.5524 -2.8578 -3.3460 -3.3729 -3.7078
 268  0.742517  3.6064  0.6373  3.0506  5.9964  5.3080  2.0018  1.1939 -0.3893 -0.9576 -1.9878 -2.4386 -2.6030 -2.9103 -3.4045 -3.4317 -3.7708
 269  0.742522  3.6044  0.6037  3.0759  5.9689  5.3140  2.0010  1.1959 -0.4089 -0.9847 -2.0302 -2.4859 -2.6522 -2.9613 -3.4619 -3.4894 -3.8328
 270  0.742527  3.6022  0.5706  3.1007  5.9418  5.3200  2.0001  1.1983 -0.4257 -1.0091 -2.0701 -2.5307 -2.6988 -3.0101 -3.5180 -3.5458 -3.8937
 271  0.742532  3.6002  0.5382  3.1249  5.9145  5.3247  1.9980  1.1994 -0.4413 -1.0320 -2.1083 -2.5736 -2.7435 -3.0571 -3.5729 -3.6009 -3.9534
 272  0.742536  3.5982  0.5066  3.1486  5.8873  5.3287  1.9949  1.1996 -0.4565 -1.0543 -2.1458 -2.6155 -2.7871 -3.1027 -3.6267 -3.6548 -4.0118
 273  0.742540  3.5963  0.4755  3.1719  5.8597  5.3316  1.9904  1.1984 -0.4710 -1.0753 -2.1820 -2.6558 -2.8290 -3.1464 -3.6794 -3.7077 -4.0694
 274  0.742544  3.5942  0.4448  3.1945  5.8328  5.3357  1.9867  1.1988 -0.4821 -1.0926 -2.2142 -2.6917 -2.8663 -3.1863 -3.7304 -3.7588 -4.1255
 275  0.742548  3.5923  0.4149  3.2168  5.8057  5.3388  1.9814  1.1975 -0.4940 -1.1104 -2.2458 -2.7267 -2.9024 -3.2254 -3.7809 -3.8094 -4.1809
 276  0.742551  3.5905  0.3858  3.2385  5.7786  5.3430  1.9756  1.1957 -0.5045 -1.1267 -2.2757 -2.7598 -2.9365 -3.2626 -3.8302 -3.8589 -4.2351
 277  0.742554  3.5887  0.3577  3.2596  5.7524  5.3477  1.9697  1.1937 -0.5138 -1.1415 -2.3034 -2.7906 -2.9681 -3.2977 -3.8778 -3.9066 -4.2876
 278  0.742557  3.5870  0.3305  3.2798  5.7260  5.3512  1.9629  1.1910 -0.5222 -1.1548 -2.3288 -2.8189 -2.9968 -3.3303 -3.9234 -3.9524 -4.3381
 279  0.742560  3.5855  0.3065  3.2978  5.7020  5.3533  1.9554  1.1875 -0.5296 -1.1661 -2.3503 -2.8429 -3.0212 -3.3583 -3.9635 -3.9927 -4.3828
