#NUMBER OF AGES= 1
#----------------------------------------------------       
#MIX-LEN  Y      Z          Zeff        [Fe/H] [a/Fe]
# 1.9380  0.3300 1.2993E-03 6.6136E-04  -1.35   0.40 
#----------------------------------------------------       
#**PHOTOMETRIC SYSTEM**: HST WFPC2 (Vega)                   
#----------------------------------------------------       
#AGE=11.400 EEPS=266
#EEP   M/Mo    LogTeff  LogG   LogL/Lo F218W   F255W   F300W   F336W   F439W   F450W   F555W   F606W   F622W   F675W   F791W   F814W   F850LP
  14  0.115528  3.5342  5.2536 -2.6632 20.6247 20.3493 16.7652 15.9388 14.7854 14.2245 12.8634 12.3326 12.1428 11.7442 10.8119 10.7719 10.3310
  15  0.130152  3.5417  5.2078 -2.5357 20.2335 19.7395 16.2918 15.4532 14.2972 13.7707 12.4529 11.9240 11.7343 11.3464 10.4857 10.4472 10.0220
  16  0.144013  3.5483  5.1706 -2.4287 19.8911 19.2215 15.8930 15.0483 13.8949 13.3940 12.1119 11.5857 11.3962 11.0164 10.2118 10.1748  9.7621
  17  0.156948  3.5537  5.1412 -2.3405 19.5975 18.7979 15.5682 14.7207 13.5722 13.0890 11.8348 11.3112 11.1222 10.7485  9.9862  9.9504  9.5479
  18  0.169606  3.5581  5.1163 -2.2639 19.3346 18.4335 15.2906 14.4427 13.3005 12.8301 11.5984 11.0773 10.8891 10.5201  9.7906  9.7555  9.3614
  19  0.182387  3.5620  5.0936 -2.1940 19.0914 18.1064 15.0412 14.1943 13.0596 12.5992 11.3869 10.8686 10.6811 10.3160  9.6127  9.5784  9.1910
  20  0.195942  3.5656  5.0726 -2.1275 18.8589 17.8019 14.8073 13.9621 12.8353 12.3832 11.1885 10.6730 10.4864 10.1245  9.4439  9.4103  9.0290
  21  0.209319  3.5687  5.0539 -2.0676 18.6483 17.5317 14.5978 13.7545 12.6358 12.1905 11.0112 10.4985 10.3126  9.9537  9.2918  9.2588  8.8827
  22  0.223799  3.5717  5.0360 -2.0085 18.4392 17.2687 14.3923 13.5511 12.4415 12.0021 10.8378 10.3284 10.1433  9.7873  9.1420  9.1095  8.7384
  23  0.237029  3.5741  5.0213 -1.9589 18.2673 17.0560 14.2212 13.3817 12.2796 11.8450 10.6932 10.1865 10.0023  9.6486  9.0163  8.9842  8.6171
  24  0.247685  3.5760  5.0102 -1.9211 18.1379 16.9000 14.0918 13.2533 12.1570 11.7257 10.5833 10.0792  9.8955  9.5439  8.9207  8.8889  8.5249
  25  0.255473  3.5773  5.0024 -1.8947 18.0470 16.7914 14.0013 13.1635 12.0714 11.6423 10.5066 10.0042  9.8210  9.4708  8.8538  8.8223  8.4603
  26  0.261300  3.5781  4.9971 -1.8761 17.9827 16.7149 13.9375 13.1001 12.0111 11.5836 10.4524  9.9513  9.7683  9.4192  8.8064  8.7751  8.4146
  27  0.265752  3.5788  4.9934 -1.8623 17.9352 16.6583 13.8904 13.0535 11.9668 11.5404 10.4126  9.9123  9.7296  9.3812  8.7717  8.7404  8.3810
  28  0.269230  3.5793  4.9909 -1.8519 17.8991 16.6151 13.8546 13.0180 11.9331 11.5075 10.3823  9.8828  9.7003  9.3524  8.7455  8.7142  8.3558
  29  0.272006  3.5798  4.9887 -1.8436 17.8698 16.5798 13.8256 12.9891 11.9056 11.4807 10.3577  9.8588  9.6765  9.3290  8.7242  8.6931  8.3355
  30  0.274434  3.5802  4.9868 -1.8362 17.8437 16.5483 13.7997 12.9635 11.8814 11.4570 10.3360  9.8375  9.6553  9.3084  8.7056  8.6745  8.3175
  31  0.276873  3.5806  4.9855 -1.8294 17.8189 16.5179 13.7749 12.9389 11.8582 11.4344 10.3152  9.8174  9.6353  9.2889  8.6880  8.6571  8.3008
  32  0.279325  3.5810  4.9836 -1.8219 17.7922 16.4854 13.7484 12.9126 11.8333 11.4101 10.2930  9.7958  9.6138  9.2678  8.6691  8.6382  8.2826
  33  0.282113  3.5815  4.9816 -1.8136 17.7627 16.4498 13.7192 12.8836 11.8059 11.3834 10.2686  9.7720  9.5902  9.2446  8.6482  8.6173  8.2627
  34  0.285228  3.5820  4.9790 -1.8043 17.7301 16.4108 13.6869 12.8517 11.7757 11.3538 10.2414  9.7454  9.5638  9.2188  8.6246  8.5939  8.2399
  35  0.288225  3.5824  4.9761 -1.7952 17.6986 16.3737 13.6562 12.8214 11.7474 11.3261 10.2158  9.7204  9.5390  9.1944  8.6019  8.5712  8.2178
  36  0.289921  3.5824  4.9743 -1.7905 17.6801 16.3539 13.6408 12.8068 11.7357 11.3146 10.2056  9.7103  9.5291  9.1841  8.5907  8.5599  8.2062
  37  0.301007  3.5845  4.9618 -1.7542 17.5686 16.2117 13.5212 12.6869 11.6182 11.1986 10.0971  9.6033  9.4225  9.0795  8.4988  8.4682  8.1185
  38  0.317385  3.5882  4.9408 -1.6963 17.3820 15.9671 13.3224 12.4883 11.4262 11.0086  9.9207  9.4301  9.2503  8.9112  8.3520  8.3222  7.9797
  39  0.351950  3.5962  4.8948 -1.5722 16.8875 15.3864 12.8518 12.0258 11.0056 10.5981  9.5528  9.0766  8.9007  8.5708  8.0384  8.0098  7.6788
  40  0.370185  3.6019  4.8677 -1.5001 16.5915 15.0367 12.5658 11.7442 10.7514 10.3501  9.3332  8.8673  8.6939  8.3708  7.8557  7.8278  7.5052
  41  0.381182  3.6060  4.8502 -1.4534 16.4039 14.8102 12.3790 11.5594 10.5838 10.1863  9.1885  8.7297  8.5583  8.2400  7.7374  7.7102  7.3934
  42  0.391054  3.6101  4.8343 -1.4102 16.2282 14.5987 12.2024 11.3843 10.4252 10.0318  9.0529  8.6016  8.4320  8.1185  7.6276  7.6010  7.2900
  43  0.400458  3.6144  4.8195 -1.3679 16.0539 14.3922 12.0262 11.2095 10.2670  9.8781  8.9193  8.4762  8.3087  8.0005  7.5203  7.4943  7.1893
  44  0.409925  3.6193  4.8054 -1.3245 15.8721 14.1795 11.8408 11.0245 10.1006  9.7171  8.7806  8.3469  8.1816  7.8795  7.4104  7.3851  7.0865
  45  0.419142  3.6245  4.7926 -1.2809 15.6827 13.9570 11.6460 10.8286  9.9258  9.5485  8.6371  8.2147  8.0520  7.7571  7.3000  7.2754  6.9842
  46  0.427932  3.6300  4.7812 -1.2383 15.4926 13.7328 11.4463 10.6273  9.7484  9.3783  8.4938  8.0836  7.9238  7.6367  7.1922  7.1685  6.8850
  47  0.436543  3.6360  4.7711 -1.1960 15.3001 13.5059 11.2391 10.4187  9.5679  9.2052  8.3491  7.9522  7.7957  7.5172  7.0856  7.0629  6.7877
  48  0.444758  3.6418  4.7624 -1.1554 15.1154 13.2884 11.0301 10.2103  9.3904  9.0357  8.2080  7.8245  7.6714  7.4017  6.9835  6.9618  6.6950
  49  0.452885  3.6479  4.7544 -1.1153 14.9185 13.0572 10.8144  9.9965  9.2140  8.8673  8.0681  7.6983  7.5486  7.2878  6.8828  6.8620  6.6036
  50  0.460796  3.6541  4.7474 -1.0762 14.6814 12.7850 10.5932  9.7765  9.0417  8.7026  7.9320  7.5751  7.4293  7.1765  6.7837  6.7638  6.5137
  51  0.468770  3.6607  4.7411 -1.0363 14.3974 12.4640 10.3518  9.5398  8.8656  8.5340  7.7932  7.4494  7.3083  7.0631  6.6824  6.6635  6.4220
  52  0.473528  3.6646  4.7377 -1.0124 14.2130 12.2605 10.1991  9.3936  8.7600  8.4330  7.7101  7.3742  7.2358  6.9953  6.6220  6.6035  6.3672
  53  0.478200  3.6686  4.7344 -0.9889 14.0192 12.0522 10.0445  9.2473  8.6561  8.3339  7.6286  7.3004  7.1648  6.9287  6.5624  6.5445  6.3134
  54  0.482794  3.6727  4.7315 -0.9658 13.8160 11.8397  9.8889  9.1015  8.5542  8.2367  7.5486  7.2277  7.0951  6.8633  6.5038  6.4866  6.2605
  55  0.487313  3.6766  4.7285 -0.9430 13.6091 11.6297  9.7367  8.9599  8.4562  8.1433  7.4713  7.1574  7.0275  6.7997  6.4466  6.4298  6.2087
  56  0.491757  3.6804  4.7254 -0.9207 13.3964 11.4202  9.5873  8.8220  8.3614  8.0530  7.3963  7.0887  6.9616  6.7375  6.3905  6.3741  6.1577
  57  0.496129  3.6841  4.7222 -0.8988 13.1787 11.2128  9.4408  8.6876  8.2697  7.9659  7.3236  7.0220  6.8975  6.6768  6.3354  6.3197  6.1078
  58  0.500418  3.6878  4.7191 -0.8773 12.9586 11.0102  9.2981  8.5577  8.1816  7.8823  7.2535  6.9576  6.8354  6.6179  6.2818  6.2664  6.0588
  59  0.504621  3.6914  4.7160 -0.8562 12.7318 10.8097  9.1575  8.4304  8.0962  7.8015  7.1855  6.8948  6.7749  6.5604  6.2293  6.2144  6.0109
  60  0.508713  3.6948  4.7125 -0.8358 12.5064 10.6181  9.0229  8.3094  8.0152  7.7249  7.1207  6.8348  6.7171  6.5053  6.1788  6.1642  5.9647
  61  0.512685  3.6980  4.7094 -0.8159 12.2695 10.4274  8.8891  8.1900  7.9358  7.6504  7.0577  6.7765  6.6608  6.4517  6.1297  6.1157  5.9199
  62  0.516560  3.7013  4.7061 -0.7964 12.0421 10.2476  8.7616  8.0765  7.8599  7.5791  6.9973  6.7204  6.6067  6.4000  6.0824  6.0686  5.8766
  63  0.520347  3.7044  4.7029 -0.7774 11.8213 10.0758  8.6382  7.9667  7.7862  7.5098  6.9385  6.6657  6.5539  6.3497  6.0362  6.0228  5.8342
  64  0.524055  3.7074  4.6995 -0.7588 11.6161  9.9170  8.5215  7.8626  7.7152  7.4434  6.8819  6.6129  6.5026  6.3008  5.9912  5.9781  5.7928
  65  0.527694  3.7105  4.6960 -0.7405 11.4256  9.7696  8.4102  7.7630  7.6463  7.3788  6.8266  6.5612  6.4525  6.2529  5.9472  5.9345  5.7524
  66  0.531276  3.7133  4.6924 -0.7225 11.2651  9.6421  8.3077  7.6700  7.5800  7.3166  6.7729  6.5110  6.4036  6.2061  5.9041  5.8917  5.7128
  67  0.534806  3.7161  4.6888 -0.7047 11.1130  9.5213  8.2088  7.5803  7.5152  7.2559  6.7204  6.4616  6.3556  6.1602  5.8617  5.8496  5.6738
  68  0.538293  3.7189  4.6852 -0.6872 10.9675  9.4061  8.1130  7.4932  7.4519  7.1966  6.6690  6.4133  6.3085  6.1151  5.8201  5.8083  5.6353
  69  0.541742  3.7216  4.6813 -0.6698 10.8263  9.2949  8.0197  7.4083  7.3897  7.1384  6.6185  6.3658  6.2621  6.0707  5.7790  5.7676  5.5974
  70  0.545172  3.7242  4.6773 -0.6525 10.6861  9.1854  7.9278  7.3250  7.3287  7.0813  6.5689  6.3190  6.2164  6.0270  5.7385  5.7272  5.5598
  71  0.548582  3.7268  4.6733 -0.6354 10.5429  9.0752  7.8364  7.2426  7.2683  7.0249  6.5199  6.2729  6.1713  5.9836  5.6983  5.6873  5.5226
  72  0.551974  3.7294  4.6690 -0.6183 10.3932  8.9623  7.7453  7.1609  7.2087  6.9692  6.4716  6.2272  6.1268  5.9410  5.6587  5.6479  5.4857
  73  0.555351  3.7318  4.6646 -0.6013 10.2449  8.8511  7.6559  7.0806  7.1501  6.9144  6.4239  6.1822  6.0827  5.8986  5.6193  5.6088  5.4491
  74  0.558707  3.7343  4.6601 -0.5844 10.0984  8.7414  7.5681  7.0020  7.0922  6.8603  6.3768  6.1377  6.0392  5.8569  5.5803  5.5700  5.4128
  75  0.562034  3.7366  4.6554 -0.5676  9.9560  8.6348  7.4827  6.9255  7.0355  6.8073  6.3306  6.0938  5.9963  5.8156  5.5419  5.5318  5.3769
  76  0.565323  3.7390  4.6506 -0.5511  9.8171  8.5306  7.3993  6.8507  6.9797  6.7551  6.2850  6.0507  5.9541  5.7749  5.5039  5.4941  5.3414
  77  0.568574  3.7412  4.6458 -0.5347  9.6841  8.4302  7.3186  6.7783  6.9253  6.7042  6.2403  6.0083  5.9126  5.7349  5.4664  5.4568  5.3064
  78  0.571783  3.7434  4.6406 -0.5185  9.5575  8.3334  7.2402  6.7079  6.8721  6.6542  6.1964  5.9666  5.8717  5.6956  5.4295  5.4201  5.2717
  79  0.574939  3.7455  4.6355 -0.5026  9.4355  8.2396  7.1639  6.6395  6.8199  6.6052  6.1533  5.9256  5.8315  5.6569  5.3932  5.3841  5.2376
  80  0.578048  3.7475  4.6303 -0.4869  9.3187  8.1493  7.0901  6.5732  6.7690  6.5573  6.1111  5.8855  5.7921  5.6189  5.3575  5.3486  5.2039
  81  0.581103  3.7495  4.6250 -0.4713  9.2056  8.0614  7.0183  6.5085  6.7192  6.5105  6.0697  5.8460  5.7534  5.5816  5.3223  5.3136  5.1709
  82  0.585311  3.7521  4.6173 -0.4499  9.0540  7.9427  6.9212  6.4210  6.6509  6.4462  6.0128  5.7917  5.7002  5.5300  5.2738  5.2654  5.1250
  83  0.589499  3.7548  4.6095 -0.4285  8.9063  7.8263  6.8263  6.3356  6.5833  6.3825  5.9561  5.7376  5.6470  5.4787  5.2254  5.2172  5.0793
  84  0.593659  3.7573  4.6013 -0.4070  8.7633  7.7128  6.7343  6.2528  6.5164  6.3193  5.8997  5.6837  5.5940  5.4275  5.1770  5.1690  5.0333
  85  0.597777  3.7598  4.5928 -0.3857  8.6261  7.6029  6.6450  6.1725  6.4505  6.2569  5.8438  5.6301  5.5414  5.3764  5.1286  5.1209  4.9874
  86  0.601839  3.7622  4.5841 -0.3645  8.4922  7.4950  6.5575  6.0938  6.3854  6.1951  5.7883  5.5770  5.4890  5.3257  5.0807  5.0730  4.9416
  87  0.605835  3.7645  4.5751 -0.3434  8.3629  7.3901  6.4719  6.0171  6.3212  6.1342  5.7334  5.5243  5.4372  5.2754  5.0328  5.0254  4.8962
  88  0.609762  3.7667  4.5659 -0.3224  8.2381  7.2883  6.3886  5.9423  6.2579  6.0740  5.6792  5.4721  5.3858  5.2255  4.9855  4.9781  4.8508
  89  0.613627  3.7689  4.5564 -0.3016  8.1174  7.1891  6.3075  5.8693  6.1955  6.0145  5.6253  5.4203  5.3347  5.1759  4.9382  4.9312  4.8056
  90  0.617418  3.7710  4.5468 -0.2809  8.0006  7.0925  6.2285  5.7979  6.1340  5.9557  5.5720  5.3690  5.2842  5.1268  4.8914  4.8844  4.7608
  91  0.621132  3.7730  4.5371 -0.2604  7.8866  6.9978  6.1514  5.7279  6.0732  5.8975  5.5191  5.3182  5.2341  5.0781  4.8450  4.8382  4.7162
  92  0.624760  3.7750  4.5272 -0.2400  7.7760  6.9053  6.0765  5.6592  6.0132  5.8402  5.4668  5.2679  5.1846  5.0301  4.7992  4.7925  4.6722
  93  0.628302  3.7769  4.5172 -0.2199  7.6689  6.8151  6.0041  5.5917  5.9538  5.7834  5.4149  5.2183  5.1359  4.9826  4.7538  4.7474  4.6286
  94  0.631752  3.7788  4.5071 -0.1999  7.5649  6.7272  5.9337  5.5258  5.8954  5.7274  5.3635  5.1692  5.0876  4.9356  4.7090  4.7027  4.5854
  95  0.635112  3.7806  4.4968 -0.1802  7.4646  6.6420  5.8648  5.4618  5.8381  5.6722  5.3128  5.1207  5.0398  4.8891  4.6644  4.6582  4.5426
  96  0.638379  3.7824  4.4865 -0.1607  7.3679  6.5595  5.7971  5.3999  5.7817  5.6181  5.2630  5.0726  4.9924  4.8428  4.6201  4.6141  4.4997
  97  0.641558  3.7841  4.4761 -0.1414  7.2748  6.4797  5.7302  5.3404  5.7266  5.5649  5.2140  5.0248  4.9452  4.7969  4.5759  4.5700  4.4569
  98  0.644649  3.7856  4.4656 -0.1222  7.1843  6.4020  5.6643  5.2826  5.6723  5.5124  5.1655  4.9776  4.8985  4.7513  4.5320  4.5263  4.4144
  99  0.647655  3.7873  4.4550 -0.1033  7.0961  6.3261  5.5998  5.2257  5.6184  5.4603  5.1175  4.9308  4.8522  4.7062  4.4886  4.4829  4.3723
 100  0.650582  3.7888  4.4443 -0.0844  7.0098  6.2517  5.5367  5.1696  5.5651  5.4087  5.0699  4.8846  4.8064  4.6614  4.4457  4.4400  4.3307
 101  0.653432  3.7903  4.4335 -0.0658  6.9245  6.1781  5.4746  5.1136  5.5118  5.3573  5.0225  4.8387  4.7613  4.6175  4.4035  4.3980  4.2898
 102  0.656209  3.7918  4.4226 -0.0473  6.8414  6.1064  5.4141  5.0585  5.4591  5.3063  4.9754  4.7934  4.7165  4.5739  4.3616  4.3563  4.2493
 103  0.658916  3.7931  4.4116 -0.0289  6.7608  6.0365  5.3552  5.0045  5.4069  5.2558  4.9286  4.7481  4.6719  4.5304  4.3199  4.3147  4.2087
 104  0.661555  3.7945  4.4005 -0.0106  6.6826  5.9684  5.2976  4.9518  5.3554  5.2058  4.8821  4.7032  4.6275  4.4872  4.2782  4.2731  4.1683
 105  0.664128  3.7959  4.3894  0.0075  6.6069  5.9023  5.2416  4.9004  5.3046  5.1564  4.8360  4.6585  4.5833  4.4439  4.2366  4.2316  4.1277
 106  0.666643  3.7971  4.3780  0.0255  6.5342  5.8382  5.1870  4.8504  5.2546  5.1076  4.7902  4.6139  4.5392  4.4008  4.1949  4.1899  4.0871
 107  0.669103  3.7983  4.3666  0.0434  6.4638  5.7760  5.1338  4.8014  5.2051  5.0594  4.7447  4.5696  4.4954  4.3578  4.1532  4.1483  4.0464
 108  0.671516  3.7995  4.3551  0.0611  6.3952  5.7151  5.0816  4.7532  5.1562  5.0116  4.6995  4.5255  4.4517  4.3150  4.1117  4.1069  4.0059
 109  0.673888  3.8006  4.3434  0.0788  6.3283  5.6556  5.0303  4.7059  5.1078  4.9642  4.6547  4.4817  4.4083  4.2724  4.0703  4.0656  3.9654
 110  0.676227  3.8017  4.3316  0.0964  6.2632  5.5974  4.9799  4.6593  5.0598  4.9173  4.6101  4.4382  4.3652  4.2301  4.0291  4.0245  3.9251
 111  0.678512  3.8027  4.3198  0.1138  6.1988  5.5400  4.9302  4.6133  5.0121  4.8707  4.5659  4.3951  4.3225  4.1880  3.9884  3.9838  3.8851
 112  0.679324  3.8030  4.3155  0.1201  6.1750  5.5189  4.9119  4.5964  4.9947  4.8535  4.5498  4.3793  4.3068  4.1727  3.9735  3.9690  3.8704
 113  0.680135  3.8034  4.3113  0.1266  6.1505  5.4971  4.8932  4.5793  4.9769  4.8362  4.5333  4.3633  4.2910  4.1571  3.9584  3.9539  3.8557
 114  0.680943  3.8039  4.3069  0.1331  6.1255  5.4751  4.8743  4.5619  4.9588  4.8186  4.5167  4.3472  4.2750  4.1415  3.9433  3.9387  3.8409
 115  0.681750  3.8043  4.3026  0.1397  6.1005  5.4530  4.8553  4.5445  4.9407  4.8009  4.5000  4.3308  4.2589  4.1257  3.9280  3.9235  3.8259
 116  0.682554  3.8047  4.2982  0.1463  6.0753  5.4308  4.8362  4.5269  4.9224  4.7829  4.4831  4.3143  4.2426  4.1097  3.9125  3.9080  3.8107
 117  0.683356  3.8052  4.2935  0.1531  6.0506  5.4087  4.8171  4.5093  4.9039  4.7649  4.4660  4.2977  4.2261  4.0935  3.8967  3.8923  3.7953
 118  0.684153  3.8056  4.2888  0.1599  6.0261  5.3867  4.7980  4.4916  4.8853  4.7467  4.4487  4.2808  4.2094  4.0770  3.8808  3.8763  3.7796
 119  0.684946  3.8059  4.2837  0.1668  6.0021  5.3651  4.7790  4.4738  4.8667  4.7284  4.4312  4.2636  4.1923  4.0603  3.8644  3.8600  3.7634
 120  0.685734  3.8062  4.2784  0.1737  5.9783  5.3435  4.7598  4.4560  4.8478  4.7098  4.4135  4.2462  4.1751  4.0433  3.8477  3.8434  3.7471
 121  0.686518  3.8064  4.2730  0.1808  5.9549  5.3222  4.7407  4.4381  4.8288  4.6912  4.3955  4.2287  4.1576  4.0261  3.8309  3.8266  3.7304
 122  0.687298  3.8067  4.2675  0.1880  5.9316  5.3009  4.7216  4.4200  4.8098  4.6724  4.3774  4.2108  4.1399  4.0086  3.8138  3.8094  3.7134
 123  0.688074  3.8070  4.2617  0.1953  5.9085  5.2796  4.7025  4.4019  4.7905  4.6534  4.3592  4.1928  4.1221  3.9909  3.7964  3.7920  3.6962
 124  0.688843  3.8073  4.2558  0.2026  5.8851  5.2581  4.6830  4.3835  4.7711  4.6343  4.3406  4.1747  4.1039  3.9730  3.7788  3.7745  3.6788
 125  0.689607  3.8074  4.2499  0.2099  5.8617  5.2365  4.6636  4.3651  4.7515  4.6149  4.3220  4.1562  4.0856  3.9549  3.7611  3.7567  3.6612
 126  0.690371  3.8076  4.2438  0.2174  5.8387  5.2152  4.6440  4.3467  4.7318  4.5955  4.3032  4.1377  4.0672  3.9367  3.7431  3.7387  3.6433
 127  0.691129  3.8078  4.2376  0.2248  5.8159  5.1940  4.6246  4.3282  4.7120  4.5760  4.2842  4.1190  4.0486  3.9183  3.7249  3.7206  3.6254
 128  0.691883  3.8080  4.2313  0.2324  5.7932  5.1728  4.6051  4.3095  4.6922  4.5564  4.2652  4.1001  4.0299  3.8997  3.7067  3.7023  3.6072
 129  0.692634  3.8082  4.2248  0.2400  5.7707  5.1517  4.5857  4.2909  4.6722  4.5366  4.2459  4.0812  4.0110  3.8809  3.6881  3.6838  3.5887
 130  0.693378  3.8083  4.2182  0.2477  5.7485  5.1309  4.5662  4.2721  4.6522  4.5168  4.2266  4.0620  3.9919  3.8619  3.6693  3.6650  3.5701
 131  0.694118  3.8085  4.2114  0.2555  5.7267  5.1101  4.5467  4.2534  4.6322  4.4969  4.2071  4.0426  3.9726  3.8428  3.6503  3.6460  3.5511
 132  0.694850  3.8086  4.2043  0.2632  5.7057  5.0899  4.5274  4.2346  4.6120  4.4769  4.1874  4.0231  3.9531  3.8233  3.6310  3.6267  3.5318
 133  0.695576  3.8086  4.1971  0.2711  5.6850  5.0699  4.5080  4.2157  4.5918  4.4568  4.1675  4.0033  3.9333  3.8036  3.6114  3.6071  3.5122
 134  0.696295  3.8086  4.1897  0.2791  5.6648  5.0501  4.4888  4.1969  4.5715  4.4366  4.1475  3.9834  3.9133  3.7837  3.5916  3.5873  3.4923
 135  0.697007  3.8086  4.1819  0.2871  5.6448  5.0304  4.4695  4.1778  4.5511  4.4163  4.1273  3.9631  3.8932  3.7636  3.5714  3.5671  3.4722
 136  0.697711  3.8085  4.1741  0.2952  5.6254  5.0111  4.4503  4.1589  4.5307  4.3959  4.1069  3.9428  3.8729  3.7433  3.5510  3.5467  3.4518
 137  0.698408  3.8084  4.1659  0.3035  5.6066  4.9921  4.4313  4.1397  4.5102  4.3754  4.0864  3.9223  3.8523  3.7226  3.5304  3.5260  3.4309
 138  0.699096  3.8083  4.1576  0.3117  5.5883  4.9734  4.4122  4.1207  4.4898  4.3548  4.0657  3.9014  3.8315  3.7018  3.5094  3.5052  3.4098
 139  0.699775  3.8081  4.1490  0.3199  5.5708  4.9553  4.3934  4.1016  4.4692  4.3342  4.0448  3.8806  3.8105  3.6807  3.4883  3.4838  3.3884
 140  0.700444  3.8080  4.1401  0.3284  5.5540  4.9375  4.3747  4.0826  4.4487  4.3135  4.0239  3.8594  3.7893  3.6593  3.4666  3.4623  3.3666
 141  0.701104  3.8076  4.1310  0.3369  5.5379  4.9201  4.3561  4.0634  4.4281  4.2927  4.0027  3.8379  3.7678  3.6377  3.4448  3.4404  3.3445
 142  0.701753  3.8074  4.1217  0.3454  5.5226  4.9033  4.3376  4.0443  4.4076  4.2720  3.9814  3.8165  3.7462  3.6159  3.4227  3.4182  3.3221
 143  0.702392  3.8070  4.1119  0.3540  5.5084  4.8870  4.3194  4.0252  4.3871  4.2512  3.9601  3.7947  3.7243  3.5937  3.4001  3.3957  3.2991
 144  0.703019  3.8066  4.1019  0.3627  5.4951  4.8714  4.3015  4.0062  4.3666  4.2304  3.9384  3.7728  3.7022  3.5713  3.3774  3.3728  3.2760
 145  0.703636  3.8061  4.0916  0.3714  5.4827  4.8562  4.2836  3.9872  4.3462  4.2096  3.9167  3.7507  3.6799  3.5488  3.3542  3.3497  3.2524
 146  0.704240  3.8055  4.0809  0.3802  5.4719  4.8421  4.2663  3.9684  4.3260  4.1890  3.8950  3.7282  3.6574  3.5258  3.3306  3.3261  3.2284
 147  0.704832  3.8048  4.0699  0.3891  5.4622  4.8287  4.2493  3.9497  4.3059  4.1683  3.8731  3.7058  3.6347  3.5027  3.3069  3.3022  3.2041
 148  0.705412  3.8041  4.0585  0.3980  5.4543  4.8164  4.2328  3.9312  4.2860  4.1477  3.8511  3.6832  3.6118  3.4792  3.2826  3.2780  3.1792
 149  0.705978  3.8034  4.0467  0.4070  5.4478  4.8051  4.2166  3.9129  4.2662  4.1274  3.8291  3.6603  3.5887  3.4556  3.2581  3.2534  3.1539
 150  0.706531  3.8024  4.0343  0.4160  5.4437  4.7953  4.2014  3.8951  4.2468  4.1071  3.8070  3.6374  3.5654  3.4317  3.2332  3.2284  3.1282
 151  0.707070  3.8014  4.0216  0.4250  5.4410  4.7865  4.1866  3.8776  4.2277  4.0870  3.7849  3.6144  3.5421  3.4075  3.2079  3.2031  3.1021
 152  0.707596  3.8003  4.0081  0.4341  5.4405  4.7792  4.1726  3.8606  4.2089  4.0673  3.7629  3.5913  3.5186  3.3832  3.1824  3.1775  3.0756
 153  0.708107  3.7990  3.9942  0.4433  5.4423  4.7733  4.1596  3.8444  4.1906  4.0479  3.7410  3.5682  3.4951  3.3589  3.1567  3.1516  3.0487
 154  0.708605  3.7976  3.9795  0.4524  5.4473  4.7696  4.1479  3.8290  4.1728  4.0289  3.7192  3.5451  3.4715  3.3343  3.1305  3.1253  3.0214
 155  0.709089  3.7959  3.9644  0.4616  5.4550  4.7680  4.1373  3.8144  4.1555  4.0103  3.6974  3.5220  3.4478  3.3096  3.1041  3.0989  2.9935
 156  0.709559  3.7942  3.9485  0.4708  5.4679  4.7700  4.1286  3.8012  4.1389  3.9922  3.6758  3.4987  3.4240  3.2846  3.0773  3.0719  2.9652
 157  0.710016  3.7924  3.9322  0.4800  5.4851  4.7755  4.1219  3.7890  4.1230  3.9744  3.6541  3.4754  3.4000  3.2594  3.0500  3.0444  2.9363
 158  0.710458  3.7902  3.9145  0.4891  5.5092  4.7861  4.1178  3.7786  4.1084  3.9576  3.6329  3.4521  3.3760  3.2339  3.0221  3.0164  2.9065
 159  0.710884  3.7874  3.8948  0.4981  5.5464  4.8063  4.1189  3.7715  4.0964  3.9430  3.6125  3.4292  3.3520  3.2081  2.9933  2.9874  2.8751
 160  0.711297  3.7841  3.8733  0.5069  5.5962  4.8352  4.1249  3.7678  4.0869  3.9302  3.5928  3.4066  3.3283  3.1821  2.9637  2.9577  2.8427
 161  0.711698  3.7807  3.8506  0.5157  5.6565  4.8713  4.1351  3.7674  4.0793  3.9190  3.5738  3.3842  3.3047  3.1560  2.9338  2.9273  2.8096
 162  0.712077  3.7768  3.8272  0.5241  5.7299  4.9168  4.1521  3.7719  4.0748  3.9101  3.5560  3.3626  3.2818  3.1303  2.9038  2.8971  2.7762
 163  0.712454  3.7735  3.8051  0.5328  5.7969  4.9571  4.1665  3.7751  4.0684  3.8996  3.5373  3.3406  3.2585  3.1046  2.8743  2.8673  2.7437
 164  0.712830  3.7705  3.7847  0.5416  5.8538  4.9897  4.1766  3.7757  4.0597  3.8874  3.5180  3.3184  3.2352  3.0794  2.8457  2.8385  2.7122
 165  0.713203  3.7677  3.7647  0.5507  5.9081  5.0197  4.1852  3.7756  4.0499  3.8742  3.4981  3.2959  3.2118  3.0540  2.8171  2.8098  2.6811
 166  0.713573  3.7648  3.7440  0.5602  5.9670  5.0515  4.1952  3.7768  4.0403  3.8608  3.4778  3.2728  3.1877  3.0279  2.7879  2.7803  2.6490
 167  0.713935  3.7620  3.7228  0.5701  6.0290  5.0845  4.2057  3.7785  4.0300  3.8469  3.4567  3.2488  3.1627  3.0009  2.7576  2.7496  2.6158
 168  0.714287  3.7592  3.7012  0.5807  6.0913  5.1164  4.2153  3.7793  4.0183  3.8313  3.4338  3.2231  3.1361  2.9722  2.7256  2.7174  2.5810
 169  0.714628  3.7566  3.6795  0.5922  6.1490  5.1444  4.2221  3.7780  4.0041  3.8134  3.4090  3.1955  3.1075  2.9416  2.6919  2.6834  2.5446
 170  0.714952  3.7540  3.6574  0.6044  6.2024  5.1687  4.2258  3.7738  3.9875  3.7933  3.3820  3.1660  3.0770  2.9094  2.6565  2.6478  2.5068
 171  0.715258  3.7517  3.6353  0.6173  6.2487  5.1875  4.2256  3.7663  3.9680  3.7704  3.3531  3.1346  3.0448  2.8754  2.6198  2.6110  2.4676
 172  0.715547  3.7496  3.6135  0.6310  6.2855  5.1996  4.2204  3.7546  3.9452  3.7447  3.3221  3.1015  3.0110  2.8402  2.5821  2.5731  2.4278
 173  0.715821  3.7478  3.5919  0.6453  6.3138  5.2056  4.2109  3.7394  3.9198  3.7166  3.2893  3.0670  2.9758  2.8037  2.5435  2.5343  2.3873
 174  0.716081  3.7461  3.5709  0.6600  6.3338  5.2056  4.1973  3.7210  3.8921  3.6865  3.2552  3.0313  2.9396  2.7663  2.5042  2.4949  2.3463
 175  0.716330  3.7447  3.5503  0.6751  6.3467  5.2005  4.1804  3.6999  3.8625  3.6548  3.2199  2.9946  2.9025  2.7282  2.4645  2.4550  2.3050
 176  0.716567  3.7435  3.5302  0.6905  6.3533  5.1908  4.1603  3.6763  3.8309  3.6215  3.1836  2.9573  2.8646  2.6896  2.4244  2.4148  2.2637
 177  0.716798  3.7424  3.5105  0.7060  6.3550  5.1775  4.1379  3.6508  3.7983  3.5873  3.1466  2.9193  2.8264  2.6506  2.3842  2.3745  2.2223
 178  0.717021  3.7414  3.4909  0.7217  6.3529  5.1618  4.1138  3.6239  3.7646  3.5524  3.1092  2.8809  2.7877  2.6112  2.3437  2.3339  2.1806
 179  0.717238  3.7404  3.4714  0.7375  6.3490  5.1447  4.0887  3.5963  3.7306  3.5169  3.0714  2.8423  2.7488  2.5717  2.3030  2.2931  2.1389
 180  0.717452  3.7396  3.4522  0.7534  6.3425  5.1258  4.0625  3.5676  3.6959  3.4810  3.0334  2.8034  2.7095  2.5319  2.2623  2.2523  2.0972
 181  0.717661  3.7387  3.4332  0.7693  6.3334  5.1053  4.0351  3.5381  3.6607  3.4446  2.9951  2.7642  2.6702  2.4920  2.2214  2.2112  2.0555
 182  0.717845  3.7381  3.4165  0.7835  6.3233  5.0858  4.0100  3.5113  3.6292  3.4121  2.9609  2.7294  2.6352  2.4565  2.1851  2.1749  2.0185
 183  0.718027  3.7375  3.3996  0.7979  6.3116  5.0652  3.9840  3.4835  3.5969  3.3789  2.9262  2.6941  2.5996  2.4204  2.1484  2.1381  1.9810
 184  0.718209  3.7369  3.3828  0.8126  6.2983  5.0432  3.9569  3.4549  3.5639  3.3450  2.8908  2.6581  2.5634  2.3839  2.1111  2.1008  1.9431
 185  0.718390  3.7363  3.3658  0.8273  6.2847  5.0209  3.9294  3.4258  3.5306  3.3108  2.8551  2.6219  2.5270  2.3470  2.0734  2.0631  1.9048
 186  0.718570  3.7357  3.3486  0.8423  6.2700  4.9977  3.9013  3.3960  3.4965  3.2759  2.8187  2.5849  2.4898  2.3095  2.0352  2.0248  1.8659
 187  0.718751  3.7352  3.3312  0.8576  6.2542  4.9736  3.8721  3.3655  3.4617  3.2402  2.7816  2.5472  2.4521  2.2713  1.9963  1.9858  1.8263
 188  0.718930  3.7347  3.3137  0.8730  6.2376  4.9486  3.8424  3.3343  3.4263  3.2041  2.7441  2.5091  2.4138  2.2327  1.9570  1.9465  1.7864
 189  0.719108  3.7341  3.2959  0.8888  6.2201  4.9228  3.8119  3.3023  3.3902  3.1672  2.7059  2.4704  2.3749  2.1933  1.9170  1.9064  1.7458
 190  0.719285  3.7336  3.2779  0.9049  6.2015  4.8961  3.7804  3.2695  3.3532  3.1295  2.6669  2.4308  2.3351  2.1531  1.8762  1.8656  1.7044
 191  0.719461  3.7331  3.2594  0.9214  6.1820  4.8682  3.7480  3.2357  3.3152  3.0907  2.6267  2.3901  2.2943  2.1119  1.8344  1.8237  1.6619
 192  0.719634  3.7325  3.2404  0.9384  6.1619  4.8395  3.7145  3.2008  3.2761  3.0508  2.5855  2.3483  2.2523  2.0696  1.7913  1.7805  1.6181
 193  0.719806  3.7320  3.2210  0.9558  6.1409  4.8099  3.6801  3.1649  3.2360  3.0098  2.5432  2.3055  2.2093  2.0261  1.7472  1.7364  1.5734
 194  0.719976  3.7315  3.2009  0.9738  6.1190  4.7789  3.6443  3.1279  3.1945  2.9674  2.4995  2.2612  2.1648  1.9813  1.7016  1.6908  1.5272
 195  0.720141  3.7309  3.1801  0.9924  6.0963  4.7470  3.6074  3.0894  3.1514  2.9236  2.4541  2.2153  2.1187  1.9347  1.6543  1.6434  1.4792
 196  0.720303  3.7304  3.1587  1.0117  6.0719  4.7132  3.5685  3.0493  3.1067  2.8780  2.4072  2.1678  2.0710  1.8866  1.6055  1.5946  1.4297
 197  0.720461  3.7298  3.1363  1.0317  6.0478  4.6790  3.5289  3.0081  3.0604  2.8309  2.3585  2.1184  2.0214  1.8366  1.5547  1.5436  1.3782
 198  0.720615  3.7292  3.1132  1.0524  6.0234  4.6439  3.4881  2.9656  3.0129  2.7824  2.3083  2.0676  1.9704  1.7852  1.5024  1.4912  1.3251
 199  0.720766  3.7285  3.0896  1.0736  5.9975  4.6073  3.4458  2.9218  2.9639  2.7324  2.2569  2.0155  1.9181  1.7323  1.4487  1.4375  1.2707
 200  0.720913  3.7279  3.0653  1.0954  5.9716  4.5701  3.4026  2.8770  2.9137  2.6813  2.2039  1.9619  1.8642  1.6780  1.3935  1.3823  1.2147
 201  0.721056  3.7272  3.0404  1.1177  5.9440  4.5317  3.3585  2.8312  2.8626  2.6291  2.1499  1.9071  1.8093  1.6225  1.3371  1.3257  1.1575
 202  0.721196  3.7265  3.0150  1.1405  5.9147  4.4916  3.3132  2.7841  2.8102  2.5757  2.0947  1.8512  1.7531  1.5658  1.2795  1.2681  1.0990
 203  0.721331  3.7258  2.9888  1.1637  5.8863  4.4516  3.2674  2.7365  2.7570  2.5214  2.0384  1.7941  1.6958  1.5080  1.2208  1.2093  1.0394
 204  0.721463  3.7250  2.9620  1.1874  5.8596  4.4122  3.2216  2.6887  2.7031  2.4662  1.9812  1.7361  1.6375  1.4491  1.1609  1.1492  0.9785
 205  0.721592  3.7241  2.9345  1.2115  5.8337  4.3728  3.1754  2.6403  2.6482  2.4102  1.9231  1.6770  1.5783  1.3891  1.0997  1.0881  0.9164
 206  0.721715  3.7232  2.9064  1.2361  5.8082  4.3333  3.1287  2.5914  2.5927  2.3533  1.8638  1.6170  1.5179  1.3283  1.0378  1.0260  0.8533
 207  0.721835  3.7224  2.8779  1.2611  5.7836  4.2939  3.0817  2.5420  2.5364  2.2956  1.8037  1.5560  1.4566  1.2663  0.9745  0.9627  0.7890
 208  0.721951  3.7214  2.8489  1.2864  5.7598  4.2547  3.0343  2.4920  2.4793  2.2370  1.7428  1.4941  1.3944  1.2034  0.9105  0.8985  0.7237
 209  0.722063  3.7204  2.8193  1.3122  5.7373  4.2158  2.9868  2.4418  2.4216  2.1779  1.6811  1.4314  1.3313  1.1396  0.8454  0.8334  0.6576
 210  0.722170  3.7194  2.7893  1.3382  5.7167  4.1776  2.9395  2.3916  2.3633  2.1181  1.6186  1.3678  1.2675  1.0750  0.7795  0.7673  0.5903
 211  0.722273  3.7184  2.7587  1.3647  5.6976  4.1400  2.8920  2.3411  2.3045  2.0577  1.5553  1.3035  1.2029  1.0096  0.7128  0.7005  0.5223
 212  0.722373  3.7173  2.7278  1.3914  5.6806  4.1033  2.8446  2.2905  2.2454  1.9967  1.4915  1.2385  1.1376  0.9435  0.6452  0.6328  0.4533
 213  0.722468  3.7162  2.6964  1.4185  5.6660  4.0680  2.7976  2.2401  2.1858  1.9354  1.4271  1.1729  1.0716  0.8767  0.5769  0.5644  0.3837
 214  0.722559  3.7150  2.6647  1.4458  5.6530  4.0335  2.7507  2.1896  2.1259  1.8735  1.3620  1.1067  1.0050  0.8092  0.5079  0.4953  0.3133
 215  0.722646  3.7140  2.6326  1.4734  5.6450  4.0013  2.7044  2.1394  2.0656  1.8113  1.2964  1.0399  0.9378  0.7412  0.4383  0.4255  0.2422
 216  0.722730  3.7127  2.6001  1.5012  5.6477  3.9743  2.6599  2.0905  2.0053  1.7487  1.2304  0.9725  0.8699  0.6725  0.3680  0.3551  0.1704
 217  0.722742  3.7125  2.5948  1.5058  5.6481  3.9699  2.6527  2.0826  1.9954  1.7384  1.2195  0.9614  0.8588  0.6611  0.3564  0.3434  0.1586
 218  0.722756  3.7123  2.5894  1.5104  5.6485  3.9656  2.6454  2.0746  1.9854  1.7281  1.2086  0.9502  0.8475  0.6496  0.3447  0.3317  0.1467
 219  0.722769  3.7122  2.5840  1.5150  5.6485  3.9610  2.6379  2.0663  1.9753  1.7177  1.1976  0.9390  0.8363  0.6383  0.3330  0.3200  0.1347
 220  0.722782  3.7120  2.5785  1.5196  5.6494  3.9570  2.6307  2.0584  1.9653  1.7073  1.1867  0.9278  0.8249  0.6268  0.3214  0.3082  0.1228
 221  0.722795  3.7118  2.5731  1.5243  5.6502  3.9528  2.6234  2.0503  1.9553  1.6968  1.1756  0.9165  0.8136  0.6153  0.3095  0.2964  0.1107
 222  0.722808  3.7116  2.5676  1.5290  5.6508  3.9486  2.6161  2.0422  1.9452  1.6863  1.1644  0.9051  0.8021  0.6037  0.2976  0.2845  0.0985
 223  0.722821  3.7113  2.5620  1.5337  5.6518  3.9446  2.6088  2.0342  1.9351  1.6759  1.1532  0.8937  0.7907  0.5920  0.2858  0.2726  0.0864
 224  0.722834  3.7111  2.5565  1.5384  5.6527  3.9406  2.6016  2.0261  1.9249  1.6654  1.1421  0.8823  0.7791  0.5804  0.2738  0.2606  0.0743
 225  0.722846  3.7109  2.5509  1.5432  5.6537  3.9366  2.5943  2.0180  1.9149  1.6547  1.1308  0.8708  0.7676  0.5687  0.2617  0.2486  0.0619
 226  0.722859  3.7107  2.5453  1.5479  5.6548  3.9326  2.5870  2.0098  1.9046  1.6441  1.1195  0.8592  0.7560  0.5569  0.2496  0.2365  0.0496
 227  0.722972  3.7087  2.4923  1.5930  5.6704  3.9003  2.5204  1.9353  1.8092  1.5446  1.0136  0.7508  0.6468  0.4460  0.1359  0.1225 -0.0668
 228  0.723075  3.7065  2.4377  1.6388  5.6952  3.8780  2.4577  1.8638  1.7141  1.4449  0.9065  0.6409  0.5360  0.3333  0.0200  0.0064 -0.1854
 229  0.723172  3.7041  2.3811  1.6859  5.7269  3.8617  2.3966  1.7932  1.6180  1.3436  0.7970  0.5284  0.4224  0.2177 -0.0991 -0.1131 -0.3076
 230  0.723259  3.7019  2.3282  1.7301  5.7626  3.8451  2.3393  1.7266  1.5279  1.2486  0.6943  0.4227  0.3158  0.1093 -0.2109 -0.2252 -0.4223
 231  0.723337  3.6998  2.2782  1.7715  5.7989  3.8327  2.2866  1.6651  1.4435  1.1596  0.5978  0.3235  0.2155  0.0072 -0.3162 -0.3306 -0.5302
 232  0.723411  3.6977  2.2291  1.8124  5.8289  3.8197  2.2349  1.6047  1.3611  1.0727  0.5033  0.2262  0.1174 -0.0929 -0.4194 -0.4340 -0.6361
 233  0.723478  3.6958  2.1858  1.8484  5.8491  3.8033  2.1873  1.5498  1.2880  0.9955  0.4198  0.1401  0.0307 -0.1813 -0.5106 -0.5255 -0.7297
 234  0.723541  3.6945  2.1520  1.8768  5.8628  3.7792  2.1454  1.5026  1.2286  0.9333  0.3528  0.0716 -0.0386 -0.2516 -0.5828 -0.5978 -0.8035
 235  0.723600  3.6926  2.1091  1.9123  5.8883  3.7693  2.1015  1.4510  1.1577  0.8582  0.2711 -0.0128 -0.1236 -0.3384 -0.6724 -0.6877 -0.8956
 236  0.723657  3.6902  2.0560  1.9557  5.9212  3.7750  2.0550  1.3943  1.0738  0.7688  0.1726 -0.1147 -0.2266 -0.4437 -0.7816 -0.7971 -1.0080
 237  0.723709  3.6878  2.0047  1.9975  5.9504  3.7852  2.0123  1.3416  0.9941  0.6835  0.0783 -0.2124 -0.3254 -0.5447 -0.8864 -0.9022 -1.1161
 238  0.723756  3.6855  1.9582  2.0349  5.9785  3.8041  1.9782  1.2982  0.9243  0.6083 -0.0052 -0.2992 -0.4132 -0.6347 -0.9799 -0.9960 -1.2128
 239  0.723800  3.6836  1.9189  2.0666  5.9992  3.8273  1.9521  1.2638  0.8663  0.5456 -0.0754 -0.3722 -0.4870 -0.7104 -1.0587 -1.0751 -1.2944
 240  0.723841  3.6827  1.9003  2.0820  5.9959  3.8474  1.9403  1.2480  0.8383  0.5154 -0.1089 -0.4071 -0.5224 -0.7465 -1.0964 -1.1128 -1.3333
 241  0.723882  3.6813  1.8676  2.1087  6.0020  3.8728  1.9183  1.2195  0.7889  0.4621 -0.1681 -0.4686 -0.5847 -0.8104 -1.1626 -1.1793 -1.4017
 242  0.723922  3.6785  1.8132  2.1521  6.0311  3.9083  1.8857  1.1760  0.7107  0.3771 -0.2638 -0.5685 -0.6857 -0.9141 -1.2707 -1.2878 -1.5137
 243  0.723958  3.6756  1.7569  2.1969  6.0583  3.9489  1.8549  1.1341  0.6316  0.2908 -0.3616 -0.6707 -0.7892 -1.0205 -1.3818 -1.3992 -1.6289
 244  0.723991  3.6729  1.7032  2.2397  6.0788  3.9898  1.8272  1.0962  0.5570  0.2091 -0.4544 -0.7677 -0.8876 -1.1217 -1.4875 -1.5052 -1.7386
 245  0.724020  3.6702  1.6500  2.2819  6.0942  4.0320  1.8016  1.0609  0.4843  0.1291 -0.5457 -0.8634 -0.9846 -1.2215 -1.5918 -1.6100 -1.8470
 246  0.724046  3.6674  1.5961  2.3246  6.1064  4.0772  1.7788  1.0284  0.4125  0.0498 -0.6370 -0.9594 -1.0820 -1.3217 -1.6969 -1.7154 -1.9561
 247  0.724070  3.6647  1.5447  2.3652  6.1134  4.1220  1.7597  1.0008  0.3456 -0.0247 -0.7234 -1.0503 -1.1744 -1.4171 -1.7967 -1.8155 -2.0601
 248  0.724093  3.6620  1.4950  2.4044  6.1153  4.1662  1.7439  0.9774  0.2829 -0.0952 -0.8058 -1.1374 -1.2628 -1.5085 -1.8925 -1.9118 -2.1600
 249  0.724113  3.6594  1.4461  2.4427  6.1137  4.2109  1.7310  0.9575  0.2232 -0.1628 -0.8856 -1.2220 -1.3487 -1.5974 -1.9860 -2.0056 -2.2575
 250  0.724131  3.6567  1.3983  2.4799  6.1124  4.2577  1.7222  0.9422  0.1670 -0.2269 -0.9622 -1.3036 -1.4318 -1.6836 -2.0768 -2.0968 -2.3524
 251  0.724148  3.6541  1.3514  2.5164  6.1085  4.3044  1.7159  0.9300  0.1138 -0.2884 -1.0365 -1.3828 -1.5126 -1.7673 -2.1651 -2.1856 -2.4450
 252  0.724164  3.6515  1.3049  2.5523  6.1026  4.3505  1.7116  0.9203  0.0623 -0.3480 -1.1090 -1.4604 -1.5917 -1.8496 -2.2521 -2.2729 -2.5362
 253  0.724178  3.6489  1.2597  2.5874  6.0950  4.3949  1.7089  0.9128  0.0134 -0.4051 -1.1792 -1.5357 -1.6685 -1.9294 -2.3366 -2.3578 -2.6249
 254  0.724192  3.6464  1.2151  2.6218  6.0855  4.4364  1.7076  0.9075 -0.0332 -0.4603 -1.2475 -1.6092 -1.7435 -2.0075 -2.4192 -2.4408 -2.7118
 255  0.724204  3.6439  1.1711  2.6557  6.0747  4.4763  1.7077  0.9041 -0.0781 -0.5137 -1.3142 -1.6813 -1.8171 -2.0841 -2.5004 -2.5224 -2.7972
 256  0.724214  3.6414  1.1282  2.6888  6.0625  4.5142  1.7090  0.9027 -0.1205 -0.5645 -1.3784 -1.7507 -1.8882 -2.1583 -2.5790 -2.6014 -2.8802
 257  0.724225  3.6390  1.0858  2.7212  6.0500  4.5518  1.7123  0.9038 -0.1605 -0.6130 -1.4404 -1.8179 -1.9570 -2.2301 -2.6556 -2.6784 -2.9611
 258  0.724235  3.6365  1.0443  2.7531  6.0361  4.5871  1.7160  0.9058 -0.1990 -0.6599 -1.5008 -1.8837 -2.0244 -2.3005 -2.7307 -2.7539 -3.0407
 259  0.724245  3.6341  1.0036  2.7842  6.0212  4.6205  1.7204  0.9090 -0.2353 -0.7046 -1.5591 -1.9473 -2.0896 -2.3687 -2.8037 -2.8273 -3.1181
 260  0.724253  3.6318  0.9639  2.8145  6.0052  4.6516  1.7248  0.9125 -0.2696 -0.7474 -1.6155 -2.0091 -2.1530 -2.4350 -2.8748 -2.8987 -3.1936
 261  0.724262  3.6293  0.9245  2.8444  5.9899  4.6831  1.7310  0.9181 -0.3017 -0.7881 -1.6702 -2.0692 -2.2148 -2.4999 -2.9445 -2.9689 -3.2678
 262  0.724269  3.6270  0.8854  2.8739  5.9740  4.7134  1.7376  0.9244 -0.3316 -0.8270 -1.7237 -2.1283 -2.2755 -2.5634 -3.0130 -3.0377 -3.3408
 263  0.724275  3.6246  0.8475  2.9025  5.9576  4.7415  1.7441  0.9308 -0.3600 -0.8642 -1.7755 -2.1854 -2.3345 -2.6251 -3.0797 -3.1047 -3.4118
 264  0.724282  3.6223  0.8102  2.9305  5.9406  4.7682  1.7506  0.9374 -0.3869 -0.8999 -1.8261 -2.2415 -2.3924 -2.6854 -3.1447 -3.1701 -3.4811
 265  0.724288  3.6201  0.7736  2.9582  5.9225  4.7927  1.7566  0.9439 -0.4126 -0.9346 -1.8759 -2.2967 -2.4494 -2.7448 -3.2088 -3.2344 -3.5494
 266  0.724293  3.6179  0.7380  2.9850  5.9038  4.8149  1.7619  0.9498 -0.4370 -0.9675 -1.9239 -2.3499 -2.5045 -2.8021 -3.2707 -3.2967 -3.6156
 267  0.724299  3.6157  0.7027  3.0115  5.8846  4.8362  1.7671  0.9561 -0.4598 -0.9991 -1.9704 -2.4017 -2.5582 -2.8581 -3.3318 -3.3580 -3.6809
 268  0.724304  3.6135  0.6682  3.0375  5.8646  4.8552  1.7713  0.9617 -0.4817 -1.0294 -2.0156 -2.4522 -2.6104 -2.9127 -3.3916 -3.4181 -3.7450
 269  0.724309  3.6115  0.6346  3.0628  5.8442  4.8723  1.7748  0.9667 -0.5024 -1.0583 -2.0593 -2.5008 -2.6608 -2.9654 -3.4497 -3.4765 -3.8073
 270  0.724313  3.6094  0.6013  3.0878  5.8240  4.8895  1.7786  0.9723 -0.5209 -1.0851 -2.1009 -2.5477 -2.7093 -3.0164 -3.5067 -3.5338 -3.8688
 271  0.724318  3.6075  0.5688  3.1124  5.8028  4.9048  1.7807  0.9766 -0.5389 -1.1111 -2.1417 -2.5934 -2.7566 -3.0662 -3.5627 -3.5901 -3.9291
 272  0.724322  3.6055  0.5371  3.1363  5.7817  4.9197  1.7825  0.9806 -0.5555 -1.1356 -2.1809 -2.6375 -2.8024 -3.1142 -3.6172 -3.6448 -3.9877
 273  0.724326  3.6035  0.5059  3.1597  5.7598  4.9332  1.7832  0.9835 -0.5716 -1.1592 -2.2190 -2.6801 -2.8466 -3.1608 -3.6708 -3.6986 -4.0456
 274  0.724329  3.6016  0.4754  3.1826  5.7377  4.9462  1.7834  0.9865 -0.5855 -1.1803 -2.2542 -2.7196 -2.8874 -3.2044 -3.7228 -3.7508 -4.1021
 275  0.724333  3.5998  0.4455  3.2051  5.7158  4.9601  1.7834  0.9892 -0.5989 -1.2010 -2.2886 -2.7582 -2.9272 -3.2473 -3.7739 -3.8021 -4.1576
 276  0.724336  3.5979  0.4163  3.2271  5.6941  4.9760  1.7836  0.9923 -0.6097 -1.2190 -2.3207 -2.7946 -2.9646 -3.2881 -3.8238 -3.8522 -4.2118
 277  0.724339  3.5962  0.3880  3.2483  5.6725  4.9914  1.7834  0.9949 -0.6196 -1.2358 -2.3511 -2.8290 -3.0001 -3.3270 -3.8718 -3.9005 -4.2643
 278  0.724342  3.5946  0.3608  3.2688  5.6502  5.0046  1.7815  0.9958 -0.6292 -1.2518 -2.3797 -2.8616 -3.0334 -3.3639 -3.9182 -3.9470 -4.3149
 279  0.724345  3.5930  0.3362  3.2874  5.6294  5.0160  1.7791  0.9961 -0.6374 -1.2655 -2.4047 -2.8901 -3.0625 -3.3965 -3.9598 -3.9888 -4.3606
