#NUMBER OF AGES= 1
#----------------------------------------------------       
#MIX-LEN  Y      Z          Zeff        [Fe/H] [a/Fe]
# 1.9380  0.3300 1.6706E-03 8.5034E-04  -1.24   0.40 
#----------------------------------------------------       
#**PHOTOMETRIC SYSTEM**: HST WFPC2 (Vega)                   
#----------------------------------------------------       
#AGE=12.000 EEPS=266
#EEP   M/Mo    LogTeff  LogG   LogL/Lo F218W   F255W   F300W   F336W   F439W   F450W   F555W   F606W   F622W   F675W   F791W   F814W   F850LP
  14  0.114370  3.5297  5.2541 -2.6860 20.7075 20.5473 16.8767 16.0621 14.9071 14.3558 12.9960 12.4706 12.2810 11.8743 10.8778 10.8366 10.3770
  15  0.130089  3.5362  5.2037 -2.5539 20.3209 19.9814 16.4138 15.5853 14.4247 13.9041 12.5816 12.0578 11.8683 11.4721 10.5398 10.5002 10.0549
  16  0.144867  3.5421  5.1638 -2.4438 19.9862 19.4950 16.0215 15.1841 14.0228 13.5256 12.2351 11.7133 11.5239 11.1359 10.2576 10.2193  9.7864
  17  0.158505  3.5475  5.1332 -2.3529 19.7004 19.0881 15.6942 14.8508 13.6904 13.2109 11.9467 11.4270 11.2380 10.8570 10.0239  9.9870  9.5650
  18  0.171481  3.5521  5.1084 -2.2755 19.4488 18.7399 15.4171 14.5701 13.4121 12.9453 11.7027 11.1852 10.9966 10.6211  9.8249  9.7890  9.3764
  19  0.184246  3.5561  5.0865 -2.2062 19.2204 18.4308 15.1722 14.3234 13.1692 12.7125 11.4883 10.9729 10.7848 10.4138  9.6477  9.6126  9.2078
  20  0.197659  3.5598  5.0659 -2.1407 19.0034 18.1448 14.9446 14.0952 12.9455 12.4971 11.2893 10.7760 10.5884 10.2212  9.4806  9.4462  9.0482
  21  0.211309  3.5630  5.0474 -2.0801 18.8017 17.8839 14.7357 13.8863 12.7416 12.3000 11.1067 10.5956 10.4087 10.0447  9.3263  9.2925  8.9006
  22  0.224832  3.5659  5.0308 -2.0247 18.6159 17.6472 14.5455 13.6966 12.5573 12.1214 10.9414 10.4325 10.2462  9.8851  9.1853  9.1521  8.7655
  23  0.237485  3.5683  5.0166 -1.9767 18.4573 17.4476 14.3821 13.5336 12.3994 11.9680 10.7992 10.2925 10.1068  9.7483  9.0633  9.0306  8.6483
  24  0.247750  3.5702  5.0059 -1.9400 18.3382 17.3008 14.2580 13.4096 12.2792 11.8509 10.6907 10.1859 10.0007  9.6441  8.9699  8.9375  8.5586
  25  0.255499  3.5715  4.9980 -1.9134 18.2522 17.1958 14.1688 13.3204 12.1929 11.7667 10.6127 10.1092  9.9244  9.5692  8.9026  8.8703  8.4938
  26  0.261293  3.5725  4.9927 -1.8944 18.1907 17.1209 14.1051 13.2569 12.1315 11.7067 10.5570 10.0546  9.8701  9.5158  8.8545  8.8224  8.4477
  27  0.265728  3.5732  4.9889 -1.8805 18.1452 17.0655 14.0583 13.2101 12.0862 11.6625 10.5160 10.0143  9.8299  9.4765  8.8191  8.7872  8.4137
  28  0.269230  3.5737  4.9863 -1.8700 18.1105 17.0227 14.0225 13.1743 12.0517 11.6288 10.4847  9.9836  9.7993  9.4466  8.7923  8.7606  8.3881
  29  0.272023  3.5742  4.9841 -1.8614 18.0822 16.9877 13.9932 13.1451 12.0235 11.6011 10.4591  9.9584  9.7743  9.4220  8.7705  8.7388  8.3672
  30  0.274472  3.5746  4.9822 -1.8538 18.0572 16.9567 13.9673 13.1192 11.9985 11.5766 10.4364  9.9362  9.7522  9.4004  8.7513  8.7197  8.3489
  31  0.276889  3.5751  4.9806 -1.8467 18.0334 16.9265 13.9423 13.0943 11.9744 11.5531 10.4147  9.9149  9.7310  9.3797  8.7332  8.7017  8.3317
  32  0.279307  3.5755  4.9787 -1.8392 18.0083 16.8949 13.9162 13.0681 11.9492 11.5284 10.3919  9.8926  9.7088  9.3579  8.7140  8.6826  8.3135
  33  0.281954  3.5760  4.9766 -1.8310 17.9811 16.8609 13.8881 13.0400 11.9221 11.5019 10.3674  9.8685  9.6848  9.3344  8.6933  8.6619  8.2938
  34  0.284850  3.5765  4.9740 -1.8220 17.9516 16.8246 13.8576 13.0096 11.8928 11.4731 10.3407  9.8422  9.6588  9.3089  8.6706  8.6392  8.2720
  35  0.288042  3.5770  4.9708 -1.8120 17.9193 16.7850 13.8243 12.9763 11.8605 11.4414 10.3112  9.8133  9.6298  9.2805  8.6450  8.6139  8.2475
  36  0.288474  3.5767  4.9701 -1.8110 17.9138 16.7796 13.8216 12.9746 11.8615 11.4422 10.3123  9.8141  9.6309  9.2808  8.6436  8.6122  8.2451
  37  0.292606  3.5771  4.9655 -1.7983 17.8755 16.7340 13.7822 12.9353 11.8239 11.4052 10.2775  9.7797  9.5966  9.2467  8.6120  8.5806  8.2141
  38  0.318354  3.5833  4.9340 -1.7076 17.6031 16.3657 13.4785 12.6294 11.5209 11.1050  9.9964  9.5019  9.3199  8.9761  8.3815  8.3512  7.9974
  39  0.338523  3.5879  4.9079 -1.6363 17.3628 16.0537 13.2281 12.3805 11.2839 10.8706  9.7804  9.2907  9.1101  8.7713  8.2011  8.1714  7.8263
  40  0.365612  3.5955  4.8692 -1.5327 16.9492 15.5528 12.8263 11.9850 10.9243 10.5189  9.4662  8.9893  8.8121  8.4819  7.9389  7.9103  7.5768
  41  0.378099  3.6000  4.8497 -1.4808 16.7507 15.2995 12.6232 11.7840 10.7399 10.3374  9.3042  8.8340  8.6585  8.3335  7.8072  7.7792  7.4530
  42  0.388850  3.6043  4.8327 -1.4344 16.5725 15.0696 12.4382 11.6008 10.5720 10.1725  9.1577  8.6943  8.5205  8.2005  7.6896  7.6622  7.3428
  43  0.398460  3.6085  4.8175 -1.3917 16.4055 14.8553 12.2638 11.4278 10.4142 10.0178  9.0216  8.5653  8.3933  8.0784  7.5811  7.5544  7.2416
  44  0.407489  3.6129  4.8036 -1.3505 16.2415 14.6504 12.0923 11.2575 10.2588  9.8666  8.8901  8.4418  8.2717  7.9621  7.4769  7.4508  7.1441
  45  0.416222  3.6175  4.7906 -1.3100 16.0765 14.4474 11.9188 11.0843 10.1016  9.7143  8.7589  8.3197  8.1516  7.8478  7.3742  7.3487  7.0485
  46  0.424613  3.6224  4.7789 -1.2700 15.9077 14.2403 11.7401 10.9048  9.9401  9.5586  8.6265  8.1976  8.0319  7.7348  7.2729  7.2482  6.9549
  47  0.432848  3.6276  4.7684 -1.2301 15.7356 14.0305 11.5547 10.7181  9.7744  9.3993  8.4924  8.0748  7.9118  7.6221  7.1722  7.1483  6.8623
  48  0.440882  3.6330  4.7588 -1.1909 15.5648 13.8246 11.3660 10.5279  9.6075  9.2393  8.3585  7.9530  7.7927  7.5109  7.0734  7.0503  6.7720
  49  0.448821  3.6387  4.7503 -1.1518 15.3972 13.6249 11.1705 10.3318  9.4373  9.0766  8.2230  7.8303  7.6731  7.3997  6.9752  6.9531  6.6828
  50  0.456523  3.6445  4.7427 -1.1137 15.2196 13.4144 10.9702 10.1315  9.2685  8.9156  8.0896  7.7099  7.5558  7.2910  6.8794  6.8581  6.5960
  51  0.464204  3.6505  4.7358 -1.0754 15.0036 13.1626 10.7593  9.9202  9.0988  8.7533  7.9557  7.5891  7.4387  7.1820  6.7826  6.7622  6.5082
  52  0.468989  3.6544  4.7318 -1.0514 14.8505 12.9809 10.6187  9.7804  8.9916  8.6506  7.8714  7.5129  7.3651  7.1133  6.7216  6.7018  6.4529
  53  0.473694  3.6584  4.7282 -1.0277 14.6882 12.7870 10.4711  9.6365  8.8846  8.5482  7.7876  7.4373  7.2923  7.0454  6.6613  6.6422  6.3984
  54  0.478322  3.6624  4.7250 -1.0042 14.5145 12.5825 10.3190  9.4900  8.7784  8.4465  7.7046  7.3625  7.2203  6.9781  6.6017  6.5831  6.3446
  55  0.482870  3.6663  4.7218 -0.9811 14.3333 12.3731 10.1663  9.3443  8.6747  8.3475  7.6237  7.2893  7.1500  6.9124  6.5433  6.5251  6.2918
  56  0.487341  3.6702  4.7187 -0.9583 14.1424 12.1580 10.0129  9.1993  8.5733  8.2506  7.5443  7.2176  7.0811  6.8479  6.4856  6.4680  6.2397
  57  0.491743  3.6742  4.7158 -0.9359 13.9428 11.9377  9.8602  9.0565  8.4745  8.1562  7.4669  7.1473  7.0137  6.7845  6.4288  6.4118  6.1884
  58  0.496065  3.6779  4.7128 -0.9139 13.7367 11.7173  9.7107  8.9178  8.3797  8.0656  7.3920  7.0791  6.9483  6.7228  6.3733  6.3567  6.1380
  59  0.500313  3.6817  4.7099 -0.8923 13.5200 11.4939  9.5612  8.7805  8.2869  7.9773  7.3190  7.0124  6.8843  6.6624  6.3186  6.3026  6.0883
  60  0.504485  3.6853  4.7067 -0.8711 13.2997 11.2758  9.4165  8.6487  8.1986  7.8931  7.2490  6.9482  6.8227  6.6040  6.2654  6.2498  6.0399
  61  0.508582  3.6889  4.7038 -0.8503 13.0693 11.0581  9.2724  8.5185  8.1124  7.8113  7.1807  6.8854  6.7624  6.5467  6.2132  6.1980  5.9923
  62  0.512586  3.6923  4.7005 -0.8300 12.8144 10.8395  9.1294  8.3910  8.0294  7.7328  7.1151  6.8250  6.7045  6.4915  6.1627  6.1480  5.9462
  63  0.516497  3.6956  4.6974 -0.8101 12.5504 10.6242  8.9880  8.2659  7.9484  7.6566  7.0514  6.7662  6.6481  6.4378  6.1137  6.0993  5.9014
  64  0.520321  3.6989  4.6941 -0.7907 12.2938 10.4201  8.8524  8.1463  7.8706  7.5835  6.9899  6.7095  6.5934  6.3858  6.0661  6.0521  5.8579
  65  0.524072  3.7021  4.6908 -0.7717 12.0473 10.2274  8.7220  8.0312  7.7952  7.5127  6.9302  6.6542  6.5402  6.3351  6.0195  6.0060  5.8153
  66  0.527753  3.7051  4.6874 -0.7530 11.8173 10.0493  8.5984  7.9219  7.7226  7.4446  6.8724  6.6005  6.4884  6.2856  5.9742  5.9610  5.7737
  67  0.531373  3.7081  4.6839 -0.7346 11.6294  9.8992  8.4861  7.8209  7.6527  7.3790  6.8163  6.5482  6.4377  6.2372  5.9297  5.9168  5.7329
  68  0.534943  3.7109  4.6803 -0.7166 11.4771  9.7733  8.3841  7.7277  7.5856  7.3158  6.7618  6.4972  6.3882  6.1898  5.8861  5.8736  5.6927
  69  0.538460  3.7138  4.6765 -0.6987 11.3364  9.6570  8.2868  7.6384  7.5204  7.2544  6.7086  6.4473  6.3396  6.1434  5.8433  5.8310  5.6533
  70  0.541940  3.7165  4.6726 -0.6812 11.2040  9.5480  8.1933  7.5524  7.4567  7.1946  6.6566  6.3983  6.2919  6.0977  5.8011  5.7892  5.6144
  71  0.545377  3.7193  4.6688 -0.6637 11.0750  9.4431  8.1017  7.4683  7.3942  7.1357  6.6054  6.3503  6.2450  6.0528  5.7596  5.7479  5.5760
  72  0.548779  3.7218  4.6648 -0.6465 10.9479  9.3410  8.0123  7.3863  7.3329  7.0783  6.5553  6.3030  6.1988  6.0086  5.7188  5.7073  5.5382
  73  0.552147  3.7244  4.6607 -0.6294 10.8021  9.2300  7.9205  7.3033  7.2723  7.0216  6.5060  6.2565  6.1535  5.9652  5.6784  5.6673  5.5008
  74  0.555485  3.7270  4.6565 -0.6125 10.6470  9.1153  7.8285  7.2207  7.2126  6.9657  6.4576  6.2109  6.1090  5.9225  5.6388  5.6279  5.4640
  75  0.558796  3.7294  4.6521 -0.5956 10.4927  9.0023  7.7384  7.1398  7.1540  6.9109  6.4099  6.1658  6.0650  5.8802  5.5995  5.5888  5.4275
  76  0.562078  3.7319  4.6477 -0.5790 10.3389  8.8904  7.6497  7.0604  7.0962  6.8569  6.3629  6.1215  6.0216  5.8385  5.5607  5.5503  5.3914
  77  0.565323  3.7342  4.6430 -0.5625 10.1890  8.7818  7.5636  6.9831  7.0397  6.8041  6.3169  6.0779  5.9790  5.7976  5.5224  5.5123  5.3558
  78  0.568527  3.7364  4.6383 -0.5462 10.0427  8.6756  7.4794  6.9079  6.9844  6.7524  6.2717  6.0351  5.9372  5.7573  5.4848  5.4749  5.3206
  79  0.571674  3.7387  4.6335 -0.5302  9.9015  8.5727  7.3978  6.8347  6.9303  6.7018  6.2274  5.9931  5.8961  5.7177  5.4478  5.4381  5.2860
  80  0.574775  3.7408  4.6285 -0.5143  9.7715  8.4760  7.3197  6.7647  6.8776  6.6524  6.1841  5.9520  5.8558  5.6789  5.4114  5.4020  5.2519
  81  0.577823  3.7429  4.6235 -0.4987  9.6459  8.3821  7.2438  6.6964  6.8260  6.6039  6.1415  5.9116  5.8164  5.6408  5.3758  5.3664  5.2184
  82  0.581962  3.7457  4.6163 -0.4775  9.4807  8.2575  7.1425  6.6053  6.7566  6.5388  6.0841  5.8570  5.7628  5.5891  5.3272  5.3181  5.1726
  83  0.586073  3.7483  4.6089 -0.4562  9.3210  8.1361  7.0434  6.5160  6.6880  6.4743  6.0271  5.8027  5.7095  5.5378  5.2788  5.2700  5.1271
  84  0.590149  3.7509  4.6012 -0.4351  9.1669  8.0179  6.9470  6.4291  6.6204  6.4107  5.9708  5.7489  5.6567  5.4867  5.2307  5.2222  5.0817
  85  0.594187  3.7534  4.5931 -0.4141  9.0188  7.9034  6.8539  6.3451  6.5539  6.3479  5.9149  5.6956  5.6043  5.4361  5.1828  5.1745  5.0363
  86  0.598182  3.7559  4.5849 -0.3931  8.8757  7.7918  6.7632  6.2634  6.4882  6.2858  5.8595  5.6426  5.5522  5.3856  5.1351  5.1269  4.9909
  87  0.602125  3.7583  4.5763 -0.3722  8.7384  7.6835  6.6752  6.1841  6.4235  6.2246  5.8046  5.5899  5.5005  5.3354  5.0874  5.0795  4.9456
  88  0.606009  3.7605  4.5675 -0.3515  8.6058  7.5781  6.5891  6.1066  6.3598  6.1641  5.7503  5.5378  5.4491  5.2855  5.0401  5.0323  4.9005
  89  0.609820  3.7628  4.5585 -0.3308  8.4778  7.4755  6.5050  6.0310  6.2970  6.1045  5.6965  5.4861  5.3982  5.2361  4.9930  4.9855  4.8556
  90  0.613560  3.7649  4.5492 -0.3103  8.3543  7.3758  6.4232  5.9573  6.2351  6.0457  5.6434  5.4350  5.3479  5.1872  4.9464  4.9391  4.8110
  91  0.617231  3.7669  4.5397 -0.2900  8.2344  7.2783  6.3433  5.8852  6.1741  5.9875  5.5907  5.3842  5.2979  5.1386  4.9001  4.8929  4.7666
  92  0.620828  3.7690  4.5300 -0.2698  8.1187  7.1834  6.2655  5.8147  6.1138  5.9301  5.5386  5.3340  5.2484  5.0903  4.8541  4.8471  4.7224
  93  0.624347  3.7709  4.5201 -0.2497  8.0066  7.0909  6.1897  5.7456  6.0544  5.8734  5.4870  5.2843  5.1994  5.0426  4.8085  4.8016  4.6786
  94  0.627781  3.7727  4.5101 -0.2299  7.8967  6.9993  6.1151  5.6773  5.9957  5.8174  5.4359  5.2352  5.1511  4.9956  4.7636  4.7569  4.6353
  95  0.631128  3.7746  4.4998 -0.2102  7.7906  6.9103  6.0432  5.6104  5.9377  5.7620  5.3853  5.1868  5.1034  4.9492  4.7191  4.7125  4.5926
  96  0.634387  3.7763  4.4895 -0.1908  7.6882  6.8239  5.9731  5.5452  5.8807  5.7075  5.3353  5.1388  5.0562  4.9032  4.6750  4.6686  4.5501
  97  0.637554  3.7779  4.4790 -0.1715  7.5893  6.7400  5.9046  5.4818  5.8247  5.6537  5.2861  5.0914  5.0095  4.8576  4.6314  4.6250  4.5079
  98  0.640630  3.7795  4.4684 -0.1525  7.4946  6.6593  5.8377  5.4209  5.7699  5.6010  5.2376  5.0445  4.9632  4.8125  4.5879  4.5817  4.4658
  99  0.643616  3.7810  4.4576 -0.1337  7.4036  6.5815  5.7721  5.3621  5.7163  5.5494  5.1899  4.9981  4.9173  4.7677  4.5446  4.5386  4.4239
 100  0.646514  3.7824  4.4468 -0.1151  7.3160  6.5062  5.7082  5.3050  5.6636  5.4985  5.1428  4.9522  4.8719  4.7232  4.5017  4.4958  4.3822
 101  0.649325  3.7838  4.4359 -0.0967  7.2310  6.4328  5.6458  5.2493  5.6116  5.4483  5.0963  4.9068  4.8270  4.6793  4.4594  4.4535  4.3410
 102  0.652057  3.7852  4.4248 -0.0786  7.1488  6.3616  5.5851  5.1947  5.5604  5.3987  5.0503  4.8620  4.7827  4.6359  4.4174  4.4117  4.3002
 103  0.654711  3.7864  4.4137 -0.0605  7.0678  6.2915  5.5257  5.1405  5.5095  5.3495  5.0046  4.8178  4.7390  4.5932  4.3762  4.3706  4.2601
 104  0.657292  3.7877  4.4026 -0.0428  6.9898  6.2238  5.4682  5.0877  5.4592  5.3009  4.9595  4.7739  4.6957  4.5508  4.3354  4.3299  4.2204
 105  0.659807  3.7889  4.3913 -0.0251  6.9148  6.1586  5.4124  5.0363  5.4098  5.2528  4.9146  4.7304  4.6527  4.5088  4.2947  4.2892  4.1807
 106  0.662261  3.7900  4.3800 -0.0076  6.8419  6.0950  5.3580  4.9861  5.3609  5.2053  4.8701  4.6872  4.6099  4.4670  4.2543  4.2489  4.1412
 107  0.664660  3.7911  4.3686  0.0097  6.7718  6.0334  5.3051  4.9371  5.3129  5.1585  4.8261  4.6444  4.5675  4.4254  4.2140  4.2086  4.1019
 108  0.667011  3.7921  4.3571  0.0269  6.7041  5.9736  5.2535  4.8894  5.2655  5.1122  4.7824  4.6018  4.5253  4.3839  4.1736  4.1684  4.0624
 109  0.669322  3.7931  4.3455  0.0440  6.6385  5.9154  5.2031  4.8425  5.2187  5.0665  4.7391  4.5594  4.4833  4.3426  4.1335  4.1283  4.0231
 110  0.671606  3.7941  4.3338  0.0608  6.5747  5.8586  5.1536  4.7965  5.1724  5.0213  4.6961  4.5173  4.4416  4.3015  4.0935  4.0884  3.9839
 111  0.673836  3.7950  4.3222  0.0777  6.5124  5.8030  5.1051  4.7513  5.1267  4.9765  4.6534  4.4756  4.4001  4.2608  4.0538  4.0487  3.9449
 112  0.674643  3.7953  4.3179  0.0839  6.4888  5.7820  5.0868  4.7344  5.1096  4.9596  4.6375  4.4599  4.3847  4.2456  4.0390  4.0340  3.9304
 113  0.675449  3.7957  4.3136  0.0903  6.4644  5.7605  5.0682  4.7171  5.0921  4.9426  4.6213  4.4442  4.3690  4.2302  4.0241  4.0191  3.9158
 114  0.676254  3.7961  4.3094  0.0967  6.4397  5.7387  5.0494  4.6997  5.0744  4.9254  4.6050  4.4281  4.3532  4.2147  4.0090  4.0040  3.9010
 115  0.677058  3.7965  4.3050  0.1032  6.4150  5.7168  5.0305  4.6822  5.0566  4.9079  4.5885  4.4121  4.3372  4.1989  3.9937  3.9888  3.8861
 116  0.677861  3.7969  4.3005  0.1098  6.3901  5.6947  5.0114  4.6645  5.0386  4.8903  4.5718  4.3958  4.3211  4.1831  3.9783  3.9734  3.8710
 117  0.678662  3.7973  4.2959  0.1164  6.3654  5.6727  4.9923  4.6468  5.0205  4.8725  4.5549  4.3793  4.3047  4.1670  3.9626  3.9577  3.8556
 118  0.679459  3.7976  4.2910  0.1232  6.3412  5.6510  4.9732  4.6290  5.0021  4.8546  4.5378  4.3625  4.2881  4.1506  3.9467  3.9418  3.8399
 119  0.680254  3.7979  4.2859  0.1300  6.3173  5.6294  4.9542  4.6112  4.9837  4.8366  4.5205  4.3455  4.2712  4.1340  3.9304  3.9256  3.8238
 120  0.681044  3.7983  4.2807  0.1370  6.2936  5.6080  4.9350  4.5932  4.9652  4.8182  4.5030  4.3282  4.2542  4.1171  3.9139  3.9091  3.8076
 121  0.681831  3.7985  4.2752  0.1439  6.2703  5.5867  4.9159  4.5752  4.9464  4.7999  4.4852  4.3108  4.2368  4.1000  3.8971  3.8922  3.7909
 122  0.682615  3.7988  4.2696  0.1510  6.2472  5.5655  4.8968  4.5570  4.9276  4.7813  4.4673  4.2932  4.2192  4.0826  3.8800  3.8751  3.7740
 123  0.683394  3.7990  4.2639  0.1582  6.2241  5.5442  4.8775  4.5388  4.9086  4.7626  4.4492  4.2753  4.2014  4.0650  3.8627  3.8579  3.7568
 124  0.684167  3.7993  4.2581  0.1654  6.2007  5.5226  4.8580  4.5203  4.8893  4.7436  4.4308  4.2572  4.1835  4.0472  3.8452  3.8403  3.7395
 125  0.684939  3.7995  4.2521  0.1727  6.1775  5.5012  4.8385  4.5018  4.8700  4.7245  4.4123  4.2390  4.1653  4.0292  3.8274  3.8226  3.7220
 126  0.685706  3.7997  4.2461  0.1801  6.1543  5.4798  4.8189  4.4832  4.8505  4.7052  4.3937  4.2206  4.1470  4.0111  3.8096  3.8048  3.7043
 127  0.686471  3.7999  4.2400  0.1876  6.1315  5.4586  4.7995  4.4646  4.8310  4.6859  4.3749  4.2020  4.1286  3.9928  3.7915  3.7868  3.6864
 128  0.687232  3.8001  4.2337  0.1951  6.1088  5.4373  4.7799  4.4459  4.8113  4.6666  4.3561  4.1834  4.1100  3.9744  3.7734  3.7686  3.6683
 129  0.687987  3.8002  4.2272  0.2026  6.0862  5.4162  4.7603  4.4271  4.7916  4.6470  4.3370  4.1645  4.0912  3.9558  3.7549  3.7502  3.6500
 130  0.688740  3.8003  4.2207  0.2102  6.0640  5.3953  4.7408  4.4084  4.7718  4.6274  4.3178  4.1455  4.0722  3.9369  3.7363  3.7315  3.6314
 131  0.689484  3.8005  4.2139  0.2179  6.0425  5.3747  4.7214  4.3896  4.7520  4.6077  4.2985  4.1263  4.0531  3.9179  3.7174  3.7126  3.6126
 132  0.690224  3.8005  4.2069  0.2256  6.0214  5.3543  4.7021  4.3708  4.7321  4.5880  4.2790  4.1069  4.0338  3.8986  3.6982  3.6934  3.5934
 133  0.690957  3.8006  4.1997  0.2335  6.0008  5.3343  4.6828  4.3519  4.7121  4.5681  4.2594  4.0873  4.0142  3.8791  3.6788  3.6741  3.5740
 134  0.691684  3.8006  4.1923  0.2414  5.9806  5.3146  4.6636  4.3331  4.6921  4.5480  4.2396  4.0675  3.9945  3.8594  3.6591  3.6544  3.5543
 135  0.692403  3.8006  4.1847  0.2493  5.9609  5.2950  4.6444  4.3141  4.6720  4.5280  4.2196  4.0476  3.9745  3.8394  3.6392  3.6345  3.5343
 136  0.693115  3.8005  4.1768  0.2574  5.9417  5.2758  4.6253  4.2952  4.6518  4.5078  4.1994  4.0274  3.9544  3.8193  3.6190  3.6142  3.5140
 137  0.693818  3.8004  4.1689  0.2655  5.9231  5.2569  4.6063  4.2763  4.6316  4.4876  4.1791  4.0071  3.9340  3.7989  3.5985  3.5938  3.4934
 138  0.694514  3.8003  4.1606  0.2737  5.9051  5.2383  4.5875  4.2574  4.6114  4.4673  4.1587  3.9866  3.9135  3.7782  3.5778  3.5731  3.4726
 139  0.695201  3.8001  4.1521  0.2819  5.8879  5.2203  4.5688  4.2385  4.5911  4.4470  4.1381  3.9659  3.8927  3.7574  3.5569  3.5520  3.4514
 140  0.695877  3.7999  4.1433  0.2903  5.8716  5.2027  4.5503  4.2197  4.5709  4.4266  4.1174  3.9450  3.8718  3.7363  3.5355  3.5307  3.4299
 141  0.696545  3.7996  4.1343  0.2986  5.8561  5.1857  4.5320  4.2009  4.5507  4.4062  4.0966  3.9239  3.8506  3.7150  3.5139  3.5090  3.4080
 142  0.697203  3.7993  4.1250  0.3071  5.8414  5.1692  4.5139  4.1822  4.5305  4.3858  4.0756  3.9027  3.8293  3.6934  3.4920  3.4872  3.3859
 143  0.697850  3.7990  4.1154  0.3156  5.8279  5.1533  4.4961  4.1635  4.5104  4.3654  4.0545  3.8813  3.8078  3.6717  3.4699  3.4650  3.3633
 144  0.698486  3.7985  4.1055  0.3241  5.8153  5.1381  4.4786  4.1451  4.4903  4.3449  4.0333  3.8597  3.7860  3.6497  3.4474  3.4425  3.3404
 145  0.699111  3.7981  4.0954  0.3327  5.8036  5.1234  4.4613  4.1266  4.4703  4.3245  4.0119  3.8379  3.7641  3.6274  3.4247  3.4197  3.3173
 146  0.699724  3.7975  4.0847  0.3414  5.7938  5.1100  4.4445  4.1085  4.4505  4.3042  3.9905  3.8160  3.7420  3.6049  3.4016  3.3966  3.2936
 147  0.700326  3.7968  4.0739  0.3502  5.7850  5.0970  4.4281  4.0905  4.4308  4.2840  3.9691  3.7940  3.7197  3.5822  3.3782  3.3731  3.2697
 148  0.700914  3.7961  4.0626  0.3590  5.7781  5.0854  4.4123  4.0728  4.4113  4.2638  3.9476  3.7718  3.6973  3.5593  3.3545  3.3494  3.2454
 149  0.701491  3.7953  4.0510  0.3678  5.7719  5.0743  4.3968  4.0554  4.3919  4.2438  3.9260  3.7495  3.6748  3.5363  3.3306  3.3254  3.2208
 150  0.702054  3.7945  4.0389  0.3767  5.7677  5.0644  4.3820  4.0385  4.3729  4.2239  3.9044  3.7271  3.6522  3.5130  3.3064  3.3012  3.1958
 151  0.702604  3.7935  4.0264  0.3857  5.7651  5.0557  4.3678  4.0220  4.3540  4.2043  3.8828  3.7046  3.6293  3.4896  3.2819  3.2767  3.1705
 152  0.703141  3.7924  4.0134  0.3946  5.7656  5.0490  4.3548  4.0062  4.3356  4.1849  3.8612  3.6821  3.6064  3.4660  3.2571  3.2517  3.1446
 153  0.703664  3.7911  3.9997  0.4036  5.7693  5.0446  4.3430  3.9913  4.3178  4.1659  3.8398  3.6596  3.5834  3.4420  3.2320  3.2264  3.1184
 154  0.704174  3.7897  3.9854  0.4126  5.7776  5.0432  4.3330  3.9775  4.3006  4.1475  3.8184  3.6369  3.5603  3.4181  3.2064  3.2008  3.0916
 155  0.704671  3.7882  3.9705  0.4216  5.7908  5.0459  4.3252  3.9654  4.2841  4.1294  3.7971  3.6141  3.5370  3.3937  3.1804  3.1746  3.0642
 156  0.705154  3.7865  3.9551  0.4306  5.8100  5.0531  4.3199  3.9550  4.2685  4.1118  3.7758  3.5912  3.5136  3.3691  3.1540  3.1481  3.0362
 157  0.705624  3.7847  3.9392  0.4397  5.8320  5.0624  4.3159  3.9455  4.2532  4.0945  3.7544  3.5684  3.4901  3.3444  3.1273  3.1213  3.0078
 158  0.706082  3.7827  3.9223  0.4486  5.8592  5.0755  4.3138  3.9372  4.2390  4.0781  3.7335  3.5455  3.4665  3.3195  3.1002  3.0940  2.9788
 159  0.706527  3.7803  3.9040  0.4576  5.8972  5.0961  4.3159  3.9318  4.2268  4.0632  3.7131  3.5228  3.4430  3.2943  3.0723  3.0659  2.9487
 160  0.706960  3.7775  3.8843  0.4664  5.9454  5.1240  4.3222  3.9296  4.2165  4.0497  3.6933  3.5003  3.4195  3.2689  3.0438  3.0373  2.9178
 161  0.707380  3.7745  3.8639  0.4752  6.0011  5.1571  4.3322  3.9298  4.2078  4.0373  3.6738  3.4779  3.3960  3.2434  3.0150  3.0082  2.8862
 162  0.707788  3.7711  3.8421  0.4838  6.0717  5.2004  4.3488  3.9351  4.2017  4.0270  3.6551  3.4560  3.3729  3.2178  2.9858  2.9787  2.8539
 163  0.708195  3.7680  3.8210  0.4926  6.1368  5.2385  4.3625  3.9388  4.1940  4.0153  3.6359  3.4338  3.3496  3.1924  2.9568  2.9495  2.8221
 164  0.708600  3.7652  3.8005  0.5019  6.1974  5.2722  4.3738  3.9411  4.1849  4.0024  3.6160  3.4111  3.3258  3.1667  2.9279  2.9204  2.7904
 165  0.709001  3.7624  3.7802  0.5116  6.2570  5.3037  4.3840  3.9429  4.1747  3.9885  3.5952  3.3877  3.3015  3.1404  2.8986  2.8908  2.7584
 166  0.709396  3.7596  3.7590  0.5217  6.3213  5.3367  4.3949  3.9452  4.1639  3.9741  3.5736  3.3633  3.2761  3.1131  2.8680  2.8600  2.7250
 167  0.709780  3.7567  3.7370  0.5326  6.3893  5.3703  4.4060  3.9476  4.1522  3.9583  3.5504  3.3373  3.2491  3.0841  2.8357  2.8273  2.6898
 168  0.710151  3.7540  3.7142  0.5444  6.4580  5.4031  4.4159  3.9488  4.1385  3.9405  3.5251  3.3091  3.2198  3.0528  2.8010  2.7924  2.6522
 169  0.710504  3.7514  3.6913  0.5572  6.5200  5.4301  4.4215  3.9464  4.1216  3.9197  3.4973  3.2784  3.1883  3.0193  2.7644  2.7557  2.6130
 170  0.710838  3.7490  3.6681  0.5709  6.5745  5.4515  4.4226  3.9400  4.1014  3.8959  3.4669  3.2456  3.1546  2.9838  2.7261  2.7170  2.5720
 171  0.711153  3.7467  3.6449  0.5855  6.6193  5.4660  4.4185  3.9292  4.0778  3.8691  3.4342  3.2107  3.1189  2.9466  2.6862  2.6769  2.5299
 172  0.711451  3.7448  3.6221  0.6007  6.6537  5.4731  4.4091  3.9139  4.0510  3.8394  3.3995  3.1741  3.0816  2.9080  2.6453  2.6358  2.4869
 173  0.711733  3.7431  3.5998  0.6164  6.6789  5.4739  4.3954  3.8950  4.0216  3.8075  3.3632  3.1361  3.0430  2.8682  2.6035  2.5939  2.4433
 174  0.712003  3.7417  3.5779  0.6326  6.6955  5.4689  4.3776  3.8730  3.9900  3.7737  3.3256  3.0970  3.0035  2.8277  2.5612  2.5514  2.3994
 175  0.712261  3.7404  3.5564  0.6491  6.7072  5.4596  4.3567  3.8484  3.9566  3.7383  3.2870  3.0571  2.9632  2.7864  2.5184  2.5086  2.3552
 176  0.712512  3.7392  3.5353  0.6658  6.7120  5.4459  4.3329  3.8213  3.9216  3.7016  3.2474  3.0165  2.9222  2.7447  2.4754  2.4655  2.3110
 177  0.712754  3.7382  3.5147  0.6825  6.7112  5.4285  4.3066  3.7923  3.8853  3.6640  3.2072  2.9754  2.8807  2.7027  2.4322  2.4221  2.2667
 178  0.712991  3.7373  3.4942  0.6995  6.7070  5.4090  4.2788  3.7619  3.8483  3.6255  3.1666  2.9339  2.8390  2.6603  2.3887  2.3786  2.2222
 179  0.713223  3.7364  3.4738  0.7166  6.7016  5.3885  4.2503  3.7311  3.8110  3.5869  3.1258  2.8923  2.7970  2.6177  2.3452  2.3349  2.1776
 180  0.713450  3.7356  3.4535  0.7337  6.6930  5.3660  4.2205  3.6992  3.7730  3.5477  3.0847  2.8504  2.7549  2.5750  2.3015  2.2911  2.1330
 181  0.713675  3.7348  3.4334  0.7509  6.6820  5.3420  4.1898  3.6664  3.7346  3.5083  3.0432  2.8082  2.7125  2.5321  2.2577  2.2472  2.0884
 182  0.713856  3.7343  3.4170  0.7651  6.6710  5.3213  4.1639  3.6390  3.7027  3.4755  3.0091  2.7736  2.6776  2.4968  2.2216  2.2112  2.0517
 183  0.714037  3.7337  3.4006  0.7795  6.6586  5.2995  4.1371  3.6108  3.6702  3.4422  2.9744  2.7383  2.6421  2.4610  2.1852  2.1747  2.0146
 184  0.714218  3.7332  3.3840  0.7940  6.6447  5.2766  4.1092  3.5816  3.6370  3.4082  2.9391  2.7024  2.6062  2.4246  2.1481  2.1376  1.9769
 185  0.714399  3.7326  3.3672  0.8088  6.6306  5.2533  4.0811  3.5522  3.6034  3.3738  2.9033  2.6662  2.5698  2.3878  2.1107  2.1000  1.9388
 186  0.714578  3.7321  3.3502  0.8238  6.6157  5.2293  4.0523  3.5219  3.5691  3.3386  2.8670  2.6292  2.5326  2.3504  2.0726  2.0619  1.9001
 187  0.714757  3.7317  3.3329  0.8392  6.6000  5.2045  4.0227  3.4910  3.5341  3.3029  2.8298  2.5916  2.4948  2.3122  2.0337  2.0230  1.8606
 188  0.714936  3.7311  3.3155  0.8547  6.5827  5.1785  3.9922  3.4593  3.4984  3.2664  2.7922  2.5535  2.4566  2.2736  1.9944  1.9837  1.8208
 189  0.715113  3.7306  3.2978  0.8706  6.5649  5.1518  3.9609  3.4268  3.4619  3.2292  2.7538  2.5145  2.4174  2.2340  1.9543  1.9435  1.7801
 190  0.715289  3.7301  3.2795  0.8869  6.5462  5.1241  3.9286  3.3933  3.4243  3.1909  2.7142  2.4744  2.3771  2.1934  1.9130  1.9021  1.7381
 191  0.715463  3.7296  3.2608  0.9038  6.5260  5.0948  3.8949  3.3583  3.3853  3.1511  2.6732  2.4329  2.3355  2.1514  1.8704  1.8594  1.6948
 192  0.715634  3.7291  3.2413  0.9213  6.5051  5.0645  3.8598  3.3221  3.3449  3.1100  2.6307  2.3899  2.2923  2.1078  1.8261  1.8151  1.6499
 193  0.715803  3.7286  3.2212  0.9393  6.4839  5.0334  3.8240  3.2849  3.3033  3.0675  2.5869  2.3455  2.2477  2.0628  1.7804  1.7694  1.6037
 194  0.715970  3.7281  3.2005  0.9580  6.4610  5.0006  3.7863  3.2461  3.2601  3.0235  2.5416  2.2996  2.2016  2.0163  1.7332  1.7221  1.5558
 195  0.716132  3.7275  3.1789  0.9774  6.4379  4.9670  3.7476  3.2060  3.2153  2.9779  2.4944  2.2519  2.1538  1.9680  1.6842  1.6729  1.5060
 196  0.716292  3.7269  3.1567  0.9975  6.4132  4.9316  3.7072  3.1642  3.1689  2.9306  2.4457  2.2026  2.1043  1.9180  1.6334  1.6222  1.4546
 197  0.716448  3.7263  3.1334  1.0183  6.3890  4.8959  3.6659  3.1215  3.1210  2.8818  2.3953  2.1514  2.0529  1.8663  1.5808  1.5695  1.4012
 198  0.716600  3.7256  3.1096  1.0396  6.3643  4.8592  3.6235  3.0775  3.0718  2.8317  2.3434  2.0990  2.0002  1.8131  1.5267  1.5153  1.3463
 199  0.716748  3.7250  3.0852  1.0617  6.3382  4.8211  3.5796  3.0321  3.0213  2.7801  2.2902  2.0450  1.9460  1.7584  1.4712  1.4597  1.2900
 200  0.716894  3.7243  3.0599  1.0842  6.3101  4.7814  3.5345  2.9856  2.9694  2.7273  2.2356  1.9896  1.8904  1.7023  1.4141  1.4026  1.2321
 201  0.717034  3.7236  3.0341  1.1073  6.2791  4.7396  3.4883  2.9378  2.9165  2.6733  2.1798  1.9331  1.8337  1.6449  1.3558  1.3442  1.1729
 202  0.717172  3.7228  3.0076  1.1309  6.2479  4.6971  3.4411  2.8891  2.8625  2.6183  2.1227  1.8753  1.7756  1.5863  1.2962  1.2845  1.1124
 203  0.717306  3.7221  2.9804  1.1550  6.2182  4.6550  3.3938  2.8401  2.8077  2.5623  2.0647  1.8164  1.7165  1.5265  1.2354  1.2236  1.0506
 204  0.717436  3.7212  2.9525  1.1796  6.1896  4.6132  3.3462  2.7905  2.7521  2.5054  2.0056  1.7564  1.6562  1.4656  1.1733  1.1614  0.9874
 205  0.717561  3.7203  2.9238  1.2046  6.1622  4.5716  3.2984  2.7406  2.6957  2.4477  1.9455  1.6953  1.5949  1.4036  1.1101  1.0981  0.9230
 206  0.717683  3.7193  2.8946  1.2302  6.1352  4.5299  3.2501  2.6900  2.6384  2.3890  1.8843  1.6332  1.5324  1.3404  1.0457  1.0336  0.8575
 207  0.717800  3.7184  2.8648  1.2561  6.1091  4.4884  3.2015  2.6391  2.5803  2.3295  1.8222  1.5701  1.4690  1.2763  0.9802  0.9681  0.7908
 208  0.717913  3.7173  2.8345  1.2825  6.0842  4.4472  3.1526  2.5877  2.5215  2.2692  1.7592  1.5060  1.4046  1.2112  0.9138  0.9015  0.7230
 209  0.718022  3.7163  2.8036  1.3093  6.0609  4.4065  3.1036  2.5361  2.4621  2.2082  1.6955  1.4411  1.3394  1.1452  0.8464  0.8339  0.6543
 210  0.718127  3.7152  2.7722  1.3364  6.0398  4.3668  3.0549  2.4844  2.4021  2.1466  1.6309  1.3754  1.2734  1.0782  0.7780  0.7654  0.5845
 211  0.718228  3.7141  2.7402  1.3639  6.0205  4.3279  3.0061  2.4326  2.3416  2.0843  1.5656  1.3088  1.2065  1.0105  0.7087  0.6961  0.5138
 212  0.718324  3.7129  2.7079  1.3918  6.0039  4.2905  2.9577  2.3807  2.2806  2.0215  1.4995  1.2416  1.1389  0.9420  0.6386  0.6258  0.4422
 213  0.718416  3.7117  2.6750  1.4199  5.9905  4.2547  2.9097  2.3293  2.2193  1.9583  1.4330  1.1738  1.0706  0.8729  0.5678  0.5548  0.3699
 214  0.718504  3.7105  2.6418  1.4483  5.9797  4.2206  2.8619  2.2779  2.1576  1.8945  1.3658  1.1053  1.0017  0.8030  0.4963  0.4832  0.2967
 215  0.718588  3.7093  2.6082  1.4770  5.9828  4.1930  2.8166  2.2280  2.0958  1.8304  1.2980  1.0361  0.9320  0.7324  0.4239  0.4107  0.2228
 216  0.718668  3.7080  2.5741  1.5059  5.9980  4.1717  2.7733  2.1796  2.0341  1.7661  1.2297  0.9663  0.8617  0.6611  0.3508  0.3374  0.1481
 217  0.718680  3.7078  2.5688  1.5106  6.0005  4.1685  2.7666  2.1720  2.0243  1.7559  1.2189  0.9552  0.8506  0.6498  0.3392  0.3258  0.1362
 218  0.718692  3.7076  2.5633  1.5151  6.0029  4.1653  2.7597  2.1644  2.0145  1.7457  1.2080  0.9440  0.8393  0.6384  0.3275  0.3141  0.1243
 219  0.718704  3.7075  2.5579  1.5198  6.0050  4.1619  2.7528  2.1566  2.0046  1.7354  1.1971  0.9329  0.8281  0.6269  0.3158  0.3024  0.1123
 220  0.718717  3.7073  2.5524  1.5245  6.0079  4.1591  2.7461  2.1491  1.9947  1.7252  1.1861  0.9217  0.8168  0.6156  0.3041  0.2906  0.1003
 221  0.718729  3.7070  2.5468  1.5291  6.0107  4.1561  2.7394  2.1415  1.9849  1.7148  1.1751  0.9104  0.8055  0.6040  0.2922  0.2787  0.0882
 222  0.718740  3.7068  2.5413  1.5339  6.0135  4.1532  2.7326  2.1338  1.9750  1.7045  1.1640  0.8991  0.7940  0.5924  0.2803  0.2668  0.0760
 223  0.718752  3.7065  2.5357  1.5385  6.0167  4.1505  2.7260  2.1263  1.9651  1.6941  1.1529  0.8878  0.7826  0.5808  0.2684  0.2549  0.0638
 224  0.718764  3.7063  2.5301  1.5433  6.0197  4.1478  2.7192  2.1186  1.9551  1.6836  1.1418  0.8763  0.7711  0.5691  0.2564  0.2428  0.0515
 225  0.718776  3.7061  2.5244  1.5481  6.0232  4.1453  2.7126  2.1111  1.9451  1.6731  1.1306  0.8648  0.7595  0.5573  0.2443  0.2307  0.0391
 226  0.718788  3.7059  2.5187  1.5529  6.0266  4.1427  2.7059  2.1035  1.9350  1.6627  1.1193  0.8533  0.7479  0.5455  0.2322  0.2186  0.0268
 227  0.718896  3.7036  2.4623  1.6002  6.0684  4.1264  2.6438  2.0317  1.8374  1.5601  1.0091  0.7402  0.6338  0.4295  0.1128  0.0989 -0.0956
 228  0.718991  3.7012  2.4060  1.6470  6.1157  4.1222  2.5876  1.9654  1.7431  1.4604  0.9010  0.6288  0.5214  0.3151 -0.0053 -0.0194 -0.2167
 229  0.719079  3.6987  2.3484  1.6947  6.1713  4.1240  2.5334  1.9003  1.6481  1.3597  0.7913  0.5157  0.4071  0.1986 -0.1256 -0.1400 -0.3402
 230  0.719162  3.6964  2.2947  1.7391  6.2306  4.1255  2.4827  1.8392  1.5594  1.2655  0.6887  0.4099  0.3002  0.0896 -0.2381 -0.2528 -0.4557
 231  0.719233  3.6943  2.2458  1.7795  6.2842  4.1294  2.4377  1.7844  1.4794  1.1804  0.5958  0.3140  0.2034 -0.0091 -0.3401 -0.3550 -0.5604
 232  0.719302  3.6922  2.2001  1.8172  6.3176  4.1281  2.3935  1.7315  1.4044  1.1008  0.5091  0.2245  0.1130 -0.1013 -0.4354 -0.4505 -0.6584
 233  0.719364  3.6908  2.1657  1.8459  6.3338  4.1159  2.3551  1.6870  1.3456  1.0390  0.4422  0.1558  0.0437 -0.1719 -0.5081 -0.5234 -0.7328
 234  0.719426  3.6902  2.1457  1.8636  6.3369  4.0882  2.3226  1.6519  1.3061  0.9982  0.3993  0.1121 -0.0001 -0.2162 -0.5532 -0.5686 -0.7786
 235  0.719486  3.6881  2.0990  1.9018  6.3677  4.0954  2.2814  1.6013  1.2319  0.9191  0.3124  0.0223 -0.0909 -0.3090 -0.6492 -0.6649 -0.8775
 236  0.719542  3.6854  2.0432  1.9471  6.3995  4.1176  2.2379  1.5463  1.1462  0.8271  0.2107 -0.0833 -0.1976 -0.4182 -0.7627 -0.7787 -0.9946
 237  0.719593  3.6828  1.9880  1.9918  6.4254  4.1468  2.1981  1.4950  1.0632  0.7377  0.1114 -0.1864 -0.3020 -0.5252 -0.8740 -0.8902 -1.1096
 238  0.719639  3.6803  1.9376  2.0321  6.4478  4.1856  2.1671  1.4531  0.9900  0.6585  0.0226 -0.2789 -0.3957 -0.6213 -0.9743 -0.9909 -1.2134
 239  0.719681  3.6780  1.8934  2.0674  6.4617  4.2294  2.1435  1.4197  0.9276  0.5904 -0.0541 -0.3591 -0.4768 -0.7047 -1.0614 -1.0783 -1.3038
 240  0.719720  3.6766  1.8642  2.0908  6.4574  4.2751  2.1313  1.4008  0.8869  0.5459 -0.1044 -0.4118 -0.5304 -0.7597 -1.1188 -1.1359 -1.3634
 241  0.719759  3.6743  1.8199  2.1262  6.4652  4.3300  2.1107  1.3706  0.8251  0.4782 -0.1810 -0.4919 -0.6115 -0.8431 -1.2059 -1.2233 -1.4538
 242  0.719795  3.6715  1.7636  2.1710  6.4827  4.3917  2.0851  1.3334  0.7477  0.3932 -0.2777 -0.5932 -0.7141 -0.9487 -1.3163 -1.3341 -1.5685
 243  0.719827  3.6685  1.7076  2.2152  6.4952  4.4556  2.0621  1.2992  0.6724  0.3103 -0.3726 -0.6928 -0.8152 -1.0528 -1.4252 -1.4433 -1.6817
 244  0.719856  3.6657  1.6535  2.2581  6.5011  4.5199  2.0421  1.2689  0.6006  0.2308 -0.4640 -0.7888 -0.9126 -1.1532 -1.5303 -1.5490 -1.7911
 245  0.719883  3.6628  1.5997  2.3004  6.5024  4.5839  2.0244  1.2415  0.5310  0.1533 -0.5536 -0.8832 -1.0084 -1.2521 -1.6339 -1.6529 -1.8990
 246  0.719907  3.6599  1.5456  2.3429  6.5012  4.6496  2.0097  1.2177  0.4630  0.0770 -0.6427 -0.9774 -1.1040 -1.3509 -1.7377 -1.7571 -2.0071
 247  0.719928  3.6571  1.4938  2.3834  6.4950  4.7124  1.9993  1.1998  0.4001  0.0059 -0.7268 -1.0665 -1.1948 -1.4448 -1.8363 -1.8560 -2.1101
 248  0.719949  3.6544  1.4435  2.4226  6.4836  4.7729  1.9919  1.1859  0.3411 -0.0614 -0.8071 -1.1519 -1.2818 -1.5350 -1.9312 -1.9513 -2.2093
 249  0.719966  3.6516  1.3949  2.4603  6.4698  4.8301  1.9869  1.1755  0.2859 -0.1249 -0.8836 -1.2336 -1.3650 -1.6214 -2.0222 -2.0427 -2.3046
 250  0.719984  3.6488  1.3461  2.4979  6.4553  4.8879  1.9854  1.1691  0.2330 -0.1864 -0.9586 -1.3141 -1.4471 -1.7068 -2.1126 -2.1337 -2.3996
 251  0.719998  3.6461  1.2992  2.5340  6.4387  4.9411  1.9853  1.1650  0.1837 -0.2444 -1.0301 -1.3910 -1.5255 -1.7885 -2.1991 -2.2205 -2.4905
 252  0.720013  3.6434  1.2524  2.5699  6.4202  4.9917  1.9868  1.1632  0.1359 -0.3008 -1.1005 -1.4669 -1.6030 -1.8693 -2.2849 -2.3067 -2.5808
 253  0.720026  3.6407  1.2067  2.6050  6.4000  5.0374  1.9892  1.1633  0.0905 -0.3548 -1.1685 -1.5405 -1.6783 -1.9478 -2.3683 -2.3905 -2.6687
 254  0.720037  3.6381  1.1622  2.6391  6.3787  5.0768  1.9925  1.1651  0.0478 -0.4064 -1.2343 -1.6119 -1.7514 -2.0240 -2.4491 -2.4717 -2.7541
 255  0.720048  3.6355  1.1180  2.6730  6.3561  5.1133  1.9966  1.1684  0.0067 -0.4564 -1.2988 -1.6821 -1.8234 -2.0992 -2.5290 -2.5521 -2.8385
 256  0.720059  3.6330  1.0748  2.7060  6.3328  5.1466  2.0016  1.1734 -0.0318 -0.5037 -1.3606 -1.7496 -1.8927 -2.1717 -2.6062 -2.6298 -2.9205
 257  0.720069  3.6305  1.0325  2.7382  6.3092  5.1775  2.0077  1.1800 -0.0679 -0.5485 -1.4201 -1.8149 -1.9597 -2.2418 -2.6813 -2.7052 -3.0002
 258  0.720077  3.6279  0.9906  2.7699  6.2842  5.2049  2.0134  1.1866 -0.1025 -0.5919 -1.4782 -1.8787 -2.0253 -2.3105 -2.7551 -2.7795 -3.0788
 259  0.720086  3.6255  0.9498  2.8009  6.2587  5.2291  2.0188  1.1934 -0.1353 -0.6332 -1.5343 -1.9404 -2.0888 -2.3770 -2.8268 -2.8516 -3.1554
 260  0.720094  3.6231  0.9100  2.8311  6.2325  5.2502  2.0235  1.1998 -0.1661 -0.6726 -1.5883 -2.0001 -2.1502 -2.4414 -2.8965 -2.9217 -3.2297
 261  0.720100  3.6206  0.8705  2.8608  6.2070  5.2706  2.0291  1.2071 -0.1950 -0.7100 -1.6411 -2.0585 -2.2104 -2.5045 -2.9651 -2.9906 -3.3031
 262  0.720107  3.6183  0.8317  2.8900  6.1809  5.2886  2.0336  1.2135 -0.2223 -0.7462 -1.6929 -2.1158 -2.2697 -2.5665 -3.0323 -3.0581 -3.3750
 263  0.720113  3.6159  0.7939  2.9185  6.1544  5.3040  2.0372  1.2192 -0.2483 -0.7806 -1.7429 -2.1714 -2.3272 -2.6264 -3.0978 -3.1240 -3.4452
 264  0.720120  3.6135  0.7567  2.9464  6.1277  5.3175  2.0403  1.2244 -0.2731 -0.8140 -1.7925 -2.2264 -2.3843 -2.6855 -3.1620 -3.1883 -3.5138
 265  0.720125  3.6113  0.7203  2.9738  6.1004  5.3290  2.0423  1.2287 -0.2969 -0.8462 -1.8408 -2.2800 -2.4399 -2.7431 -3.2248 -3.2514 -3.5812
 266  0.720130  3.6091  0.6847  3.0005  6.0726  5.3381  2.0431  1.2321 -0.3195 -0.8770 -1.8873 -2.3318 -2.4937 -2.7986 -3.2859 -3.3128 -3.6468
 267  0.720135  3.6069  0.6497  3.0269  6.0447  5.3462  2.0433  1.2350 -0.3407 -0.9063 -1.9324 -2.3819 -2.5459 -2.8527 -3.3460 -3.3732 -3.7115
 268  0.720140  3.6048  0.6153  3.0527  6.0165  5.3524  2.0423  1.2368 -0.3611 -0.9344 -1.9762 -2.4305 -2.5963 -2.9051 -3.4050 -3.4324 -3.7750
 269  0.720144  3.6027  0.5819  3.0778  5.9886  5.3574  2.0406  1.2383 -0.3794 -0.9602 -2.0173 -2.4765 -2.6442 -2.9550 -3.4619 -3.4896 -3.8367
 270  0.720148  3.6006  0.5487  3.1026  5.9610  5.3627  2.0388  1.2399 -0.3952 -0.9835 -2.0562 -2.5203 -2.6897 -3.0029 -3.5180 -3.5459 -3.8978
 271  0.720152  3.5986  0.5164  3.1269  5.9328  5.3662  2.0351  1.2394 -0.4113 -1.0067 -2.0949 -2.5635 -2.7346 -3.0498 -3.5731 -3.6013 -3.9576
 272  0.720155  3.5966  0.4846  3.1507  5.9049  5.3695  2.0309  1.2387 -0.4259 -1.0282 -2.1317 -2.6044 -2.7773 -3.0944 -3.6269 -3.6552 -4.0162
 273  0.720159  3.5945  0.4531  3.1738  5.8779  5.3741  2.0276  1.2396 -0.4371 -1.0456 -2.1645 -2.6412 -2.8156 -3.1353 -3.6789 -3.7074 -4.0737
 274  0.720163  3.5927  0.4230  3.1965  5.8490  5.3747  2.0201  1.2360 -0.4515 -1.0658 -2.1983 -2.6784 -2.8538 -3.1761 -3.7309 -3.7594 -4.1303
 275  0.720166  3.5908  0.3932  3.2189  5.8213  5.3782  2.0140  1.2338 -0.4629 -1.0832 -2.2294 -2.7126 -2.8890 -3.2146 -3.7815 -3.8102 -4.1859
 276  0.720168  3.5889  0.3641  3.2406  5.7939  5.3824  2.0076  1.2315 -0.4729 -1.0987 -2.2582 -2.7446 -2.9218 -3.2510 -3.8307 -3.8595 -4.2401
 277  0.720171  3.5871  0.3358  3.2617  5.7669  5.3867  2.0009  1.2291 -0.4816 -1.1125 -2.2846 -2.7739 -2.9517 -3.2849 -3.8781 -3.9070 -4.2928
 278  0.720174  3.5855  0.3089  3.2819  5.7402  5.3896  1.9930  1.2255 -0.4899 -1.1254 -2.3089 -2.8010 -2.9791 -3.3165 -3.9234 -3.9526 -4.3432
 279  0.720225  3.5840  0.2853  3.2998  5.7161  5.3920  1.9854  1.2215 -0.4978 -1.1373 -2.3307 -2.8253 -3.0036 -3.3447 -3.9635 -3.9929 -4.3876
