#NUMBER OF AGES= 1
#----------------------------------------------------       
#MIX-LEN  Y      Z          Zeff        [Fe/H] [a/Fe]
# 1.9380  0.3300 1.2993E-03 6.6136E-04  -1.35   0.40 
#----------------------------------------------------       
#**PHOTOMETRIC SYSTEM**: HST WFPC2 (Vega)                   
#----------------------------------------------------       
#AGE=12.200 EEPS=266
#EEP   M/Mo    LogTeff  LogG   LogL/Lo F218W   F255W   F300W   F336W   F439W   F450W   F555W   F606W   F622W   F675W   F791W   F814W   F850LP
  14  0.111079  3.5318  5.2684 -2.7045 20.7481 20.5438 16.9180 16.0968 14.9459 14.3730 12.9979 12.4666 12.2768 11.8743 10.9179 10.8772 10.4310
  15  0.125378  3.5393  5.2214 -2.5747 20.3553 19.9278 16.4372 15.6018 14.4458 13.9093 12.5782 12.0486 11.8588 11.4679 10.5857 10.5468 10.1168
  16  0.139000  3.5460  5.1823 -2.4646 20.0074 19.3951 16.0268 15.1838 14.0291 13.5201 12.2262 11.6989 11.5093 11.1269 10.3038 10.2663  9.8494
  17  0.151632  3.5516  5.1514 -2.3738 19.7102 18.9578 15.6899 14.8431 13.6925 13.2032 11.9388 11.4141 11.2248 10.8489 10.0712 10.0349  9.6286
  18  0.163793  3.5562  5.1258 -2.2962 19.4462 18.5875 15.4075 14.5597 13.4145 12.9389 11.6978 11.1756 10.9870 10.6161  9.8731  9.8377  9.4400
  19  0.176215  3.5603  5.1026 -2.2249 19.1996 18.2512 15.1513 14.3038 13.1655 12.7009 11.4801 10.9606 10.7727 10.4058  9.6913  9.6568  9.2663
  20  0.189332  3.5640  5.0808 -2.1572 18.9634 17.9382 14.9118 14.0657 12.9352 12.4795 11.2770 10.7603 10.5731 10.2097  9.5192  9.4853  9.1012
  21  0.202981  3.5673  5.0609 -2.0935 18.7399 17.6491 14.6887 13.8445 12.7221 12.2739 11.0879 10.5740 10.3877 10.0275  9.3576  9.3243  8.9460
  22  0.216989  3.5704  5.0426 -2.0339 18.5294 17.3819 14.4809 13.6387 12.5249 12.0830 10.9123 10.4014 10.2159  9.8586  9.2064  9.1737  8.8004
  23  0.231278  3.5732  5.0262 -1.9785 18.3355 17.1399 14.2892 13.4489 12.3437 11.9072 10.7504 10.2426 10.0580  9.7034  9.0660  9.0337  8.6650
  24  0.243338  3.5753  5.0135 -1.9349 18.1857 16.9575 14.1394 13.3005 12.2019 11.7694 10.6236 10.1186  9.9346  9.5822  8.9556  8.9238  8.5586
  25  0.252457  3.5768  5.0044 -1.9037 18.0780 16.8284 14.0321 13.1939 12.1004 11.6706 10.5326 10.0296  9.8462  9.4955  8.8765  8.8448  8.4822
  26  0.259082  3.5779  4.9983 -1.8821 18.0035 16.7395 13.9581 13.1205 12.0306 11.6025 10.4700  9.9684  9.7854  9.4359  8.8218  8.7903  8.4295
  27  0.264100  3.5786  4.9942 -1.8666 17.9499 16.6758 13.9049 13.0678 11.9804 11.5537 10.4249  9.9244  9.7417  9.3930  8.7825  8.7512  8.3915
  28  0.267954  3.5792  4.9914 -1.8552 17.9100 16.6279 13.8654 13.0286 11.9433 11.5174 10.3915  9.8918  9.7092  9.3612  8.7535  8.7223  8.3637
  29  0.270942  3.5797  4.9892 -1.8462 17.8786 16.5902 13.8343 12.9978 11.9139 11.4888 10.3652  9.8661  9.6837  9.3363  8.7308  8.6997  8.3418
  30  0.273441  3.5801  4.9872 -1.8386 17.8518 16.5578 13.8077 12.9714 11.8890 11.4644 10.3429  9.8443  9.6621  9.3151  8.7117  8.6806  8.3234
  31  0.275822  3.5806  4.9859 -1.8319 17.8273 16.5278 13.7833 12.9471 11.8661 11.4421 10.3225  9.8245  9.6424  9.2959  8.6944  8.6635  8.3069
  32  0.278126  3.5810  4.9841 -1.8248 17.8017 16.4966 13.7578 12.9220 11.8423 11.4189 10.3013  9.8039  9.6219  9.2758  8.6764  8.6455  8.2897
  33  0.280663  3.5814  4.9822 -1.8171 17.7740 16.4631 13.7305 12.8948 11.8168 11.3940 10.2785  9.7817  9.5999  9.2543  8.6570  8.6262  8.2711
  34  0.283442  3.5819  4.9799 -1.8087 17.7441 16.4272 13.7009 12.8655 11.7890 11.3669 10.2537  9.7575  9.5759  9.2307  8.6356  8.6049  8.2506
  35  0.286455  3.5823  4.9770 -1.7993 17.7119 16.3887 13.6690 12.8339 11.7589 11.3375 10.2266  9.7310  9.5494  9.2048  8.6119  8.5813  8.2278
  36  0.288434  3.5825  4.9748 -1.7933 17.6900 16.3639 13.6489 12.8145 11.7418 11.3206 10.2112  9.7158  9.5345  9.1899  8.5973  8.5665  8.2131
  37  0.291260  3.5827  4.9717 -1.7850 17.6617 16.3321 13.6224 12.7884 11.7182 11.2975 10.1897  9.6949  9.5137  9.1689  8.5768  8.5460  8.1926
  38  0.303957  3.5852  4.9562 -1.7416 17.5311 16.1614 13.4797 12.6451 11.5769 11.1576 10.0586  9.5653  9.3848  9.0425  8.4669  8.4365  8.0884
  39  0.322121  3.5889  4.9335 -1.6792 17.3213 15.8969 13.2640 12.4307 11.3724 10.9558  9.8722  9.3830  9.2036  8.8654  8.3092  8.2793  7.9380
  40  0.353867  3.5969  4.8899 -1.5623 16.8484 15.3416 12.8144 11.9890 10.9721 10.5655  9.5236  9.0487  8.8731  8.5440  8.0134  7.9848  7.6548
  41  0.370052  3.6021  4.8653 -1.4974 16.5835 15.0270 12.5573 11.7356 10.7431 10.3419  9.3255  8.8598  8.6866  8.3635  7.8490  7.8212  7.4986
  42  0.380923  3.6061  4.8477 -1.4510 16.3972 14.8025 12.3720 11.5524 10.5769 10.1795  9.1821  8.7235  8.5521  8.2338  7.7316  7.7042  7.3876
  43  0.390619  3.6102  4.8321 -1.4083 16.2236 14.5941 12.1977 11.3797 10.4205 10.0270  9.0483  8.5971  8.4275  8.1141  7.6232  7.5964  7.2856
  44  0.399879  3.6144  4.8174 -1.3664 16.0512 14.3903 12.0235 11.2067 10.2641  9.8751  8.9162  8.4731  8.3055  7.9973  7.5170  7.4909  7.1859
  45  0.408912  3.6190  4.8036 -1.3247 15.8769 14.1864 11.8457 11.0294 10.1044  9.7206  8.7829  8.3489  8.1835  7.8810  7.4113  7.3859  7.0869
  46  0.417625  3.6239  4.7912 -1.2833 15.6975 13.9756 11.6610 10.8438  9.9385  9.5608  8.6468  8.2233  8.0604  7.7647  7.3062  7.2816  6.9895
  47  0.426167  3.6293  4.7800 -1.2416 15.5123 13.7573 11.4669 10.6480  9.7660  9.3950  8.5071  8.0955  7.9354  7.6472  7.2009  7.1771  6.8925
  48  0.434345  3.6349  4.7701 -1.2012 15.3284 13.5406 11.2696 10.4493  9.5935  9.2296  8.3688  7.9696  7.8126  7.5326  7.0987  7.0758  6.7992
  49  0.442386  3.6407  4.7612 -1.1611 15.1468 13.3265 11.0656 10.2454  9.4192  9.0631  8.2300  7.8441  7.6902  7.4189  6.9980  6.9761  6.7076
  50  0.450151  3.6466  4.7533 -1.1223 14.9613 13.1078 10.8581 10.0397  9.2483  8.8999  8.0945  7.7218  7.5713  7.3086  6.9006  6.8796  6.6193
  51  0.457893  3.6525  4.7460 -1.0836 14.7378 12.8504 10.6429  9.8258  9.0787  8.7377  7.9601  7.6002  7.4535  7.1988  6.8029  6.7827  6.5306
  52  0.462720  3.6564  4.7417 -1.0594 14.5761 12.6664 10.5020  9.6862  8.9724  8.6359  7.8761  7.5240  7.3799  7.1299  6.7414  6.7217  6.4747
  53  0.467457  3.6603  4.7379 -1.0355 14.4036 12.4725 10.3556  9.5436  8.8667  8.5347  7.7928  7.4485  7.3072  7.0618  6.6805  6.6615  6.4197
  54  0.472107  3.6643  4.7346 -1.0118 14.2203 12.2699 10.2040  9.3982  8.7617  8.4344  7.7102  7.3738  7.2353  6.9945  6.6206  6.6020  6.3653
  55  0.476675  3.6683  4.7312 -0.9886 14.0308 12.0657 10.0523  9.2544  8.6594  8.3367  7.6299  7.3009  7.1652  6.9287  6.5617  6.5438  6.3122
  56  0.481162  3.6721  4.7280 -0.9657 13.8330 11.8584  9.9000  9.1115  8.5592  8.2412  7.5511  7.2294  7.0964  6.8642  6.5038  6.4864  6.2598
  57  0.485573  3.6760  4.7249 -0.9432 13.6285 11.6499  9.7490  8.9710  8.4618  8.1483  7.4743  7.1594  7.0292  6.8009  6.4470  6.4302  6.2084
  58  0.489903  3.6797  4.7217 -0.9211 13.4195 11.4436  9.6014  8.8346  8.3679  8.0590  7.4000  7.0916  6.9641  6.7394  6.3915  6.3751  6.1580
  59  0.494155  3.6835  4.7188 -0.8993 13.2037 11.2375  9.4554  8.7006  8.2765  7.9721  7.3276  7.0252  6.9003  6.6791  6.3370  6.3210  6.1085
  60  0.498319  3.6871  4.7155 -0.8782 12.9899 11.0393  9.3157  8.5732  8.1900  7.8899  7.2587  6.9617  6.8391  6.6211  6.2841  6.2686  6.0603
  61  0.502396  3.6907  4.7124 -0.8574 12.7696 10.8423  9.1772  8.4476  8.1055  7.8099  7.1914  6.8996  6.7794  6.5643  6.2322  6.2172  6.0129
  62  0.506380  3.6940  4.7090 -0.8371 12.5459 10.6516  9.0435  8.3274  8.0249  7.7338  7.1270  6.8401  6.7220  6.5095  6.1821  6.1674  5.9670
  63  0.510258  3.6972  4.7057 -0.8173 12.3182 10.4649  8.9123  8.2100  7.9465  7.6599  7.0646  6.7822  6.6662  6.4564  6.1333  6.1190  5.9224
  64  0.514023  3.7004  4.7023 -0.7981 12.0940 10.2867  8.7863  8.0977  7.8713  7.5892  7.0047  6.7266  6.6124  6.4051  6.0863  6.0724  5.8794
  65  0.517691  3.7035  4.6990 -0.7793 11.8757 10.1161  8.6643  7.9890  7.7983  7.5208  6.9466  6.6726  6.5602  6.3553  6.0406  6.0270  5.8375
  66  0.521270  3.7065  4.6955 -0.7610 11.6687  9.9560  8.5478  7.8854  7.7281  7.4549  6.8904  6.6203  6.5096  6.3069  5.9962  5.9830  5.7967
  67  0.524770  3.7095  4.6921 -0.7429 11.4801  9.8094  8.4376  7.7866  7.6600  7.3911  6.8359  6.5694  6.4602  6.2598  5.9528  5.9399  5.7569
  68  0.528202  3.7123  4.6886 -0.7253 11.3107  9.6768  8.3341  7.6934  7.5944  7.3295  6.7829  6.5198  6.4120  6.2137  5.9104  5.8979  5.7178
  69  0.531573  3.7150  4.6850 -0.7079 11.1592  9.5564  8.2363  7.6046  7.5306  7.2698  6.7313  6.4714  6.3649  6.1687  5.8688  5.8566  5.6795
  70  0.534902  3.7177  4.6812 -0.6907 11.0164  9.4431  8.1427  7.5195  7.4687  7.2118  6.6810  6.4241  6.3187  6.1245  5.8280  5.8161  5.6419
  71  0.538189  3.7204  4.6774 -0.6737 10.8781  9.3337  8.0512  7.4362  7.4079  7.1547  6.6315  6.3775  6.2733  6.0810  5.7877  5.7761  5.6047
  72  0.541436  3.7228  4.6735 -0.6569 10.7443  9.2283  7.9621  7.3554  7.3483  7.0990  6.5831  6.3318  6.2286  6.0382  5.7482  5.7368  5.5680
  73  0.544654  3.7254  4.6695 -0.6401 10.6059  9.1213  7.8732  7.2751  7.2896  7.0440  6.5352  6.2868  6.1847  5.9960  5.7091  5.6979  5.5317
  74  0.547843  3.7279  4.6654 -0.6237 10.4658  9.0143  7.7854  7.1961  7.2317  6.9900  6.4883  6.2425  6.1415  5.9546  5.6705  5.6597  5.4960
  75  0.551015  3.7303  4.6611 -0.6072 10.3225  8.9064  7.6985  7.1180  7.1747  6.9367  6.4420  6.1986  6.0986  5.9135  5.6323  5.6217  5.4604
  76  0.554169  3.7327  4.6567 -0.5908 10.1807  8.8001  7.6131  7.0415  7.1184  6.8842  6.3962  6.1554  6.0564  5.8728  5.5945  5.5841  5.4252
  77  0.557302  3.7350  4.6521 -0.5746 10.0422  8.6965  7.5300  6.9668  7.0632  6.8324  6.3512  6.1128  6.0145  5.8327  5.5570  5.5468  5.3902
  78  0.560409  3.7372  4.6474 -0.5585  9.9064  8.5947  7.4484  6.8937  7.0088  6.7816  6.3067  6.0706  5.9733  5.7930  5.5199  5.5099  5.3557
  79  0.563474  3.7394  4.6426 -0.5426  9.7744  8.4955  7.3689  6.8223  6.9555  6.7317  6.2630  6.0291  5.9327  5.7539  5.4834  5.4736  5.3214
  80  0.566504  3.7416  4.6376 -0.5268  9.6492  8.4004  7.2920  6.7534  6.9035  6.6828  6.2200  5.9884  5.8929  5.7155  5.4473  5.4378  5.2876
  81  0.569490  3.7436  4.6325 -0.5112  9.5280  8.3077  7.2170  6.6861  6.8523  6.6348  6.1778  5.9483  5.8535  5.6776  5.4118  5.4025  5.2542
  82  0.573618  3.7464  4.6252 -0.4896  9.3663  8.1829  7.1153  6.5947  6.7822  6.5690  6.1198  5.8931  5.7993  5.6253  5.3627  5.3535  5.2079
  83  0.577744  3.7491  4.6177 -0.4680  9.2090  8.0605  7.0152  6.5045  6.7126  6.5036  6.0619  5.8379  5.7453  5.5731  5.3134  5.3047  5.1616
  84  0.581860  3.7518  4.6097 -0.4463  9.0567  7.9413  6.9175  6.4164  6.6438  6.4387  6.0043  5.7829  5.6912  5.5209  5.2643  5.2558  5.1152
  85  0.585955  3.7543  4.6013 -0.4246  8.9092  7.8249  6.8224  6.3307  6.5757  6.3743  5.9469  5.7282  5.6374  5.4688  5.2151  5.2068  5.0685
  86  0.590019  3.7569  4.5927 -0.4029  8.7659  7.7110  6.7297  6.2471  6.5081  6.3105  5.8899  5.6735  5.5837  5.4168  5.1659  5.1578  5.0218
  87  0.594037  3.7593  4.5838 -0.3813  8.6274  7.6002  6.6397  6.1660  6.4415  6.2473  5.8333  5.6192  5.5303  5.3650  5.1167  5.1089  4.9750
  88  0.597999  3.7617  4.5746 -0.3598  8.4938  7.4924  6.5518  6.0870  6.3757  6.1849  5.7770  5.5653  5.4772  5.3135  5.0679  5.0602  4.9284
  89  0.601886  3.7640  4.5651 -0.3383  8.3646  7.3875  6.4659  6.0098  6.3110  6.1233  5.7214  5.5119  5.4246  5.2625  5.0193  5.0118  4.8821
  90  0.605693  3.7662  4.5555 -0.3171  8.2395  7.2853  6.3822  5.9345  6.2472  6.0625  5.6665  5.4590  5.3725  5.2119  4.9712  4.9639  4.8360
  91  0.609418  3.7683  4.5458 -0.2961  8.1180  7.1855  6.3004  5.8609  6.1842  6.0025  5.6121  5.4066  5.3209  5.1618  4.9235  4.9163  4.7903
  92  0.613056  3.7704  4.5357 -0.2752  8.0011  7.0889  6.2212  5.7893  6.1222  5.9433  5.5583  5.3548  5.2698  5.1121  4.8760  4.8691  4.7449
  93  0.616609  3.7724  4.5256 -0.2545  7.8881  6.9950  6.1443  5.7193  6.0612  5.8849  5.5050  5.3035  5.2193  5.0629  4.8291  4.8224  4.6997
  94  0.620069  3.7743  4.5153 -0.2341  7.7780  6.9026  6.0692  5.6506  6.0010  5.8272  5.4524  5.2529  5.1694  5.0144  4.7828  4.7762  4.6551
  95  0.623436  3.7762  4.5049 -0.2138  7.6716  6.8131  5.9969  5.5833  5.9416  5.7703  5.4003  5.2029  5.1203  4.9665  4.7370  4.7305  4.6111
  96  0.626705  3.7780  4.4943 -0.1938  7.5688  6.7259  5.9267  5.5175  5.8831  5.7142  5.3487  5.1535  5.0717  4.9192  4.6917  4.6854  4.5674
  97  0.629880  3.7798  4.4836 -0.1740  7.4694  6.6413  5.8582  5.4535  5.8256  5.6590  5.2979  5.1048  5.0237  4.8724  4.6469  4.6407  4.5242
  98  0.632959  3.7815  4.4730 -0.1544  7.3736  6.5595  5.7909  5.3917  5.7693  5.6048  5.2478  5.0565  4.9760  4.8260  4.6023  4.5963  4.4811
  99  0.635945  3.7831  4.4621 -0.1350  7.2816  6.4804  5.7249  5.3320  5.7142  5.5515  5.1986  5.0088  4.9289  4.7800  4.5579  4.5520  4.4382
 100  0.638841  3.7846  4.4511 -0.1159  7.1927  6.4038  5.6601  5.2744  5.6601  5.4991  5.1501  4.9615  4.8821  4.7342  4.5139  4.5081  4.3954
 101  0.641652  3.7861  4.4402 -0.0969  7.1064  6.3292  5.5964  5.2181  5.6067  5.4475  5.1022  4.9147  4.8358  4.6889  4.4703  4.4646  4.3530
 102  0.644380  3.7876  4.4289 -0.0782  7.0226  6.2566  5.5342  5.1629  5.5539  5.3964  5.0548  4.8685  4.7900  4.6442  4.4271  4.4214  4.3110
 103  0.647031  3.7889  4.4178 -0.0596  6.9401  6.1850  5.4733  5.1079  5.5016  5.3457  5.0078  4.8228  4.7449  4.6001  4.3845  4.3790  4.2697
 104  0.649609  3.7903  4.4064 -0.0412  6.8597  6.1152  5.4138  5.0539  5.4497  5.2954  4.9611  4.7776  4.7002  4.5565  4.3425  4.3371  4.2288
 105  0.652120  3.7916  4.3951 -0.0230  6.7814  6.0469  5.3558  5.0007  5.3983  5.2455  4.9148  4.7327  4.6558  4.5132  4.3008  4.2954  4.1883
 106  0.654571  3.7928  4.3835 -0.0049  6.7053  5.9804  5.2991  4.9487  5.3475  5.1961  4.8687  4.6881  4.6118  4.4701  4.2593  4.2541  4.1478
 107  0.656967  3.7940  4.3718  0.0131  6.6319  5.9159  5.2439  4.8978  5.2973  5.1474  4.8231  4.6437  4.5680  4.4272  4.2178  4.2127  4.1074
 108  0.659313  3.7951  4.3600  0.0309  6.5609  5.8532  5.1900  4.8480  5.2478  5.0991  4.7777  4.5996  4.5242  4.3844  4.1764  4.1712  4.0668
 109  0.661619  3.7962  4.3481  0.0487  6.4920  5.7921  5.1373  4.7992  5.1989  5.0513  4.7326  4.5556  4.4807  4.3417  4.1349  4.1299  4.0263
 110  0.663894  3.7973  4.3361  0.0664  6.4253  5.7326  5.0858  4.7514  5.1505  5.0040  4.6877  4.5118  4.4373  4.2990  4.0934  4.0884  3.9857
 111  0.666124  3.7983  4.3240  0.0840  6.3603  5.6744  5.0352  4.7044  5.1027  4.9572  4.6431  4.4682  4.3941  4.2566  4.0521  4.0472  3.9451
 112  0.666911  3.7987  4.3197  0.0903  6.3366  5.6533  5.0167  4.6874  5.0854  4.9401  4.6270  4.4524  4.3785  4.2411  4.0371  4.0322  3.9305
 113  0.667695  3.7991  4.3153  0.0967  6.3123  5.6317  4.9981  4.6701  5.0676  4.9229  4.6106  4.4364  4.3626  4.2256  4.0221  4.0171  3.9156
 114  0.668479  3.7995  4.3111  0.1032  6.2875  5.6096  4.9791  4.6526  5.0497  4.9054  4.5940  4.4202  4.3466  4.2099  4.0067  4.0019  3.9007
 115  0.669261  3.7999  4.3067  0.1099  6.2623  5.5872  4.9599  4.6348  5.0314  4.8876  4.5772  4.4039  4.3303  4.1939  3.9913  3.9865  3.8856
 116  0.670041  3.8004  4.3022  0.1165  6.2367  5.5646  4.9404  4.6169  5.0130  4.8696  4.5603  4.3873  4.3139  4.1779  3.9757  3.9709  3.8703
 117  0.670820  3.8007  4.2977  0.1232  6.2114  5.5420  4.9209  4.5990  4.9946  4.8515  4.5431  4.3706  4.2973  4.1616  3.9599  3.9552  3.8549
 118  0.671596  3.8012  4.2929  0.1301  6.1864  5.5197  4.9015  4.5809  4.9759  4.8332  4.5257  4.3536  4.2805  4.1450  3.9438  3.9391  3.8391
 119  0.672369  3.8015  4.2879  0.1370  6.1619  5.4976  4.8821  4.5629  4.9571  4.8148  4.5081  4.3364  4.2634  4.1282  3.9274  3.9227  3.8230
 120  0.673137  3.8019  4.2827  0.1441  6.1377  5.4757  4.8627  4.5447  4.9382  4.7961  4.4903  4.3188  4.2461  4.1111  3.9107  3.9061  3.8065
 121  0.673902  3.8021  4.2772  0.1512  6.1140  5.4540  4.8432  4.5265  4.9191  4.7774  4.4723  4.3011  4.2285  4.0937  3.8936  3.8890  3.7896
 122  0.674662  3.8024  4.2716  0.1583  6.0904  5.4323  4.8238  4.5081  4.8999  4.7584  4.4540  4.2832  4.2106  4.0760  3.8763  3.8717  3.7726
 123  0.675419  3.8026  4.2658  0.1657  6.0668  5.4106  4.8042  4.4896  4.8805  4.7393  4.4355  4.2649  4.1925  4.0582  3.8588  3.8541  3.7552
 124  0.676169  3.8029  4.2599  0.1731  6.0431  5.3887  4.7844  4.4709  4.8608  4.7200  4.4168  4.2465  4.1742  4.0401  3.8410  3.8364  3.7376
 125  0.676917  3.8032  4.2539  0.1805  6.0195  5.3669  4.7647  4.4521  4.8411  4.7005  4.3980  4.2280  4.1557  4.0218  3.8230  3.8184  3.7197
 126  0.677660  3.8034  4.2478  0.1881  5.9958  5.3450  4.7448  4.4332  4.8211  4.6808  4.3789  4.2092  4.1370  4.0033  3.8048  3.8002  3.7017
 127  0.678401  3.8036  4.2416  0.1957  5.9725  5.3233  4.7249  4.4143  4.8011  4.6611  4.3598  4.1903  4.1183  3.9847  3.7864  3.7819  3.6835
 128  0.679138  3.8038  4.2353  0.2033  5.9492  5.3017  4.7051  4.3954  4.7811  4.6413  4.3405  4.1713  4.0993  3.9659  3.7679  3.7634  3.6652
 129  0.679869  3.8040  4.2288  0.2110  5.9263  5.2801  4.6851  4.3763  4.7609  4.6213  4.3211  4.1520  4.0801  3.9469  3.7492  3.7446  3.6465
 130  0.680597  3.8041  4.2221  0.2188  5.9035  5.2587  4.6652  4.3572  4.7406  4.6012  4.3015  4.1326  4.0608  3.9277  3.7302  3.7257  3.6276
 131  0.681318  3.8043  4.2152  0.2266  5.8813  5.2377  4.6454  4.3379  4.7203  4.5810  4.2817  4.1130  4.0412  3.9083  3.7110  3.7064  3.6084
 132  0.682033  3.8044  4.2081  0.2345  5.8597  5.2169  4.6256  4.3188  4.6998  4.5607  4.2617  4.0932  4.0215  3.8886  3.6914  3.6868  3.5889
 133  0.682742  3.8044  4.2007  0.2426  5.8385  5.1964  4.6059  4.2996  4.6794  4.5404  4.2416  4.0731  4.0015  3.8687  3.6715  3.6670  3.5691
 134  0.683443  3.8045  4.1932  0.2506  5.8178  5.1761  4.5863  4.2804  4.6588  4.5198  4.2213  4.0529  3.9813  3.8485  3.6514  3.6469  3.5489
 135  0.684138  3.8045  4.1855  0.2587  5.7974  5.1561  4.5666  4.2610  4.6382  4.4993  4.2008  4.0324  3.9608  3.8281  3.6311  3.6265  3.5285
 136  0.684824  3.8044  4.1775  0.2670  5.7777  5.1363  4.5471  4.2416  4.6175  4.4786  4.1801  4.0119  3.9403  3.8075  3.6105  3.6059  3.5078
 137  0.685503  3.8043  4.1693  0.2753  5.7584  5.1169  4.5277  4.2222  4.5967  4.4578  4.1594  3.9910  3.9194  3.7866  3.5895  3.5850  3.4868
 138  0.686172  3.8042  4.1608  0.2837  5.7398  5.0978  4.5084  4.2028  4.5759  4.4369  4.1384  3.9699  3.8983  3.7654  3.5683  3.5637  3.4654
 139  0.686833  3.8040  4.1522  0.2921  5.7219  5.0792  4.4890  4.1834  4.5550  4.4160  4.1173  3.9487  3.8771  3.7440  3.5468  3.5421  3.4436
 140  0.687483  3.8038  4.1433  0.3007  5.7047  5.0610  4.4700  4.1640  4.5342  4.3950  4.0960  3.9272  3.8556  3.7224  3.5250  3.5203  3.4217
 141  0.688125  3.8035  4.1341  0.3092  5.6885  5.0434  4.4512  4.1447  4.5134  4.3740  4.0746  3.9056  3.8338  3.7006  3.5028  3.4981  3.3992
 142  0.688756  3.8032  4.1245  0.3179  5.6729  5.0262  4.4324  4.1254  4.4926  4.3530  4.0530  3.8837  3.8118  3.6784  3.4803  3.4757  3.3765
 143  0.689376  3.8029  4.1147  0.3266  5.6585  5.0097  4.4140  4.1061  4.4718  4.3319  4.0313  3.8617  3.7897  3.6560  3.4576  3.4529  3.3534
 144  0.689984  3.8024  4.1046  0.3355  5.6450  4.9938  4.3958  4.0869  4.4511  4.3108  4.0095  3.8395  3.7673  3.6334  3.4344  3.4297  3.3299
 145  0.690581  3.8020  4.0941  0.3443  5.6325  4.9785  4.3779  4.0678  4.4304  4.2898  3.9874  3.8171  3.7448  3.6104  3.4111  3.4063  3.3061
 146  0.691166  3.8014  4.0832  0.3533  5.6214  4.9642  4.3604  4.0489  4.4099  4.2688  3.9654  3.7946  3.7220  3.5873  3.3873  3.3825  3.2818
 147  0.691739  3.8007  4.0721  0.3622  5.6114  4.9504  4.3432  4.0301  4.3895  4.2479  3.9433  3.7718  3.6991  3.5640  3.3633  3.3584  3.2572
 148  0.692297  3.8000  4.0605  0.3713  5.6029  4.9377  4.3265  4.0117  4.3692  4.2269  3.9210  3.7490  3.6759  3.5404  3.3389  3.3340  3.2322
 149  0.692844  3.7992  4.0486  0.3803  5.5953  4.9256  4.3101  3.9934  4.3490  4.2062  3.8987  3.7259  3.6527  3.5166  3.3143  3.3093  3.2069
 150  0.693377  3.7984  4.0362  0.3896  5.5894  4.9146  4.2943  3.9754  4.3292  4.1855  3.8764  3.7028  3.6294  3.4925  3.2894  3.2843  3.1811
 151  0.693897  3.7974  4.0233  0.3987  5.5853  4.9049  4.2792  3.9579  4.3095  4.1651  3.8541  3.6795  3.6058  3.4684  3.2641  3.2590  3.1550
 152  0.694402  3.7962  4.0099  0.4080  5.5841  4.8971  4.2651  3.9411  4.2903  4.1450  3.8318  3.6563  3.5821  3.4439  3.2384  3.2332  3.1284
 153  0.694893  3.7949  3.9958  0.4172  5.5861  4.8916  4.2523  3.9250  4.2717  4.1252  3.8095  3.6329  3.5582  3.4192  3.2123  3.2071  3.1012
 154  0.695371  3.7935  3.9811  0.4264  5.5925  4.8892  4.2411  3.9100  4.2537  4.1060  3.7873  3.6094  3.5343  3.3942  3.1859  3.1805  3.0734
 155  0.695835  3.7919  3.9658  0.4358  5.6029  4.8899  4.2316  3.8960  4.2363  4.0870  3.7652  3.5858  3.5101  3.3691  3.1590  3.1535  3.0451
 156  0.696284  3.7902  3.9498  0.4451  5.6178  4.8939  4.2238  3.8833  4.2195  4.0685  3.7432  3.5622  3.4860  3.3437  3.1318  3.1261  3.0163
 157  0.696720  3.7884  3.9334  0.4544  5.6364  4.9006  4.2176  3.8716  4.2033  4.0505  3.7212  3.5386  3.4617  3.3182  3.1043  3.0984  2.9871
 158  0.697142  3.7861  3.9155  0.4637  5.6633  4.9131  4.2145  3.8620  4.1888  4.0337  3.6997  3.5151  3.4374  3.2924  3.0761  3.0700  2.9569
 159  0.697548  3.7834  3.8957  0.4728  5.7034  4.9350  4.2165  3.8559  4.1769  4.0190  3.6791  3.4919  3.4133  3.2664  3.0469  3.0408  2.9254
 160  0.697940  3.7802  3.8745  0.4818  5.7546  4.9645  4.2233  3.8531  4.1670  4.0059  3.6591  3.4690  3.3892  3.2402  3.0174  3.0109  2.8929
 161  0.698319  3.7770  3.8525  0.4907  5.8141  4.9999  4.2342  3.8532  4.1589  3.9940  3.6395  3.4461  3.3652  3.2138  2.9874  2.9806  2.8598
 162  0.698686  3.7733  3.8293  0.4994  5.8868  5.0442  4.2507  3.8577  4.1532  3.9840  3.6208  3.4238  3.3417  3.1876  2.9571  2.9501  2.8263
 163  0.699052  3.7700  3.8076  0.5085  5.9496  5.0809  4.2629  3.8597  4.1451  3.9720  3.6012  3.4011  3.3179  3.1617  2.9275  2.9203  2.7938
 164  0.699417  3.7673  3.7874  0.5179  6.0027  5.1099  4.2707  3.8589  4.1344  3.9580  3.5806  3.3779  3.2936  3.1355  2.8983  2.8908  2.7619
 165  0.699779  3.7648  3.7679  0.5277  6.0502  5.1342  4.2759  3.8565  4.1221  3.9425  3.5590  3.3539  3.2688  3.1089  2.8689  2.8612  2.7301
 166  0.700135  3.7623  3.7477  0.5380  6.1012  5.1596  4.2816  3.8545  4.1093  3.9265  3.5367  3.3290  3.2430  3.0814  2.8383  2.8305  2.6971
 167  0.700484  3.7596  3.7267  0.5487  6.1559  5.1864  4.2880  3.8528  4.0960  3.9096  3.5130  3.3029  3.2159  3.0524  2.8063  2.7982  2.6624
 168  0.700821  3.7571  3.7048  0.5603  6.2132  5.2139  4.2945  3.8511  4.0816  3.8914  3.4879  3.2750  3.1870  3.0215  2.7722  2.7639  2.6257
 169  0.701145  3.7545  3.6828  0.5727  6.2656  5.2374  4.2978  3.8467  4.0645  3.8708  3.4606  3.2450  3.1562  2.9889  2.7366  2.7280  2.5874
 170  0.701453  3.7522  3.6603  0.5858  6.3130  5.2567  4.2978  3.8393  4.0447  3.8476  3.4312  3.2131  3.1234  2.9544  2.6993  2.6905  2.5477
 171  0.701744  3.7500  3.6378  0.5998  6.3525  5.2702  4.2933  3.8280  4.0219  3.8217  3.3997  3.1794  3.0890  2.9183  2.6607  2.6518  2.5069
 172  0.702020  3.7481  3.6157  0.6144  6.3828  5.2769  4.2840  3.8129  3.9961  3.7931  3.3662  3.1440  3.0530  2.8810  2.6211  2.6119  2.4652
 173  0.702283  3.7464  3.5938  0.6295  6.4050  5.2780  4.2708  3.7944  3.9678  3.7624  3.3311  3.1074  3.0157  2.8425  2.5806  2.5713  2.4229
 174  0.702533  3.7449  3.5724  0.6451  6.4202  5.2739  4.2540  3.7732  3.9374  3.7299  3.2948  3.0695  2.9774  2.8032  2.5396  2.5301  2.3803
 175  0.702773  3.7436  3.5514  0.6609  6.4291  5.2651  4.2340  3.7494  3.9052  3.6957  3.2574  3.0309  2.9383  2.7633  2.4981  2.4885  2.3374
 176  0.703005  3.7423  3.5307  0.6771  6.4315  5.2519  4.2111  3.7232  3.8715  3.6603  3.2192  2.9916  2.8987  2.7228  2.4563  2.4466  2.2944
 177  0.703230  3.7414  3.5105  0.6933  6.4291  5.2353  4.1860  3.6952  3.8365  3.6239  3.1802  2.9517  2.8584  2.6819  2.4142  2.4044  2.2512
 178  0.703449  3.7404  3.4903  0.7097  6.4238  5.2168  4.1595  3.6661  3.8008  3.5868  3.1409  2.9115  2.8179  2.6407  2.3719  2.3620  2.2079
 179  0.703664  3.7395  3.4704  0.7263  6.4168  5.1970  4.1320  3.6362  3.7647  3.5495  3.1012  2.8710  2.7771  2.5994  2.3296  2.3195  2.1645
 180  0.703874  3.7386  3.4506  0.7429  6.4070  5.1753  4.1033  3.6054  3.7280  3.5115  3.0613  2.8303  2.7361  2.5579  2.2870  2.2769  2.1210
 181  0.704081  3.7379  3.4309  0.7596  6.3952  5.1523  4.0739  3.5737  3.6908  3.4733  3.0211  2.7893  2.6949  2.5160  2.2443  2.2342  2.0774
 182  0.704253  3.7373  3.4143  0.7738  6.3836  5.1319  4.0482  3.5464  3.6590  3.4406  2.9869  2.7545  2.6598  2.4806  2.2081  2.1979  2.0405
 183  0.704425  3.7366  3.3977  0.7882  6.3705  5.1104  4.0216  3.5183  3.6267  3.4073  2.9522  2.7192  2.6244  2.4447  2.1715  2.1612  2.0033
 184  0.704597  3.7361  3.3810  0.8027  6.3558  5.0877  3.9941  3.4893  3.5936  3.3734  2.9169  2.6833  2.5884  2.4083  2.1345  2.1241  1.9656
 185  0.704769  3.7355  3.3642  0.8175  6.3410  5.0647  3.9663  3.4600  3.5601  3.3391  2.8812  2.6471  2.5520  2.3715  2.0970  2.0866  1.9275
 186  0.704939  3.7350  3.3472  0.8324  6.3254  5.0409  3.9377  3.4300  3.5260  3.3041  2.8449  2.6103  2.5150  2.3341  2.0589  2.0485  1.8888
 187  0.705108  3.7345  3.3299  0.8477  6.3086  5.0162  3.9082  3.3992  3.4911  3.2685  2.8079  2.5727  2.4773  2.2961  2.0202  2.0097  1.8494
 188  0.705278  3.7339  3.3125  0.8631  6.2909  4.9905  3.8782  3.3677  3.4557  3.2322  2.7704  2.5347  2.4392  2.2575  1.9810  1.9704  1.8097
 189  0.705446  3.7334  3.2949  0.8789  6.2725  4.9642  3.8473  3.3356  3.4195  3.1953  2.7322  2.4960  2.4002  2.2182  1.9410  1.9304  1.7691
 190  0.705613  3.7329  3.2768  0.8950  6.2531  4.9369  3.8155  3.3024  3.3823  3.1574  2.6930  2.4563  2.3603  2.1779  1.9001  1.8894  1.7276
 191  0.705779  3.7324  3.2583  0.9116  6.2331  4.9087  3.7827  3.2683  3.3441  3.1184  2.6527  2.4155  2.3193  2.1366  1.8582  1.8474  1.6849
 192  0.705943  3.7319  3.2394  0.9286  6.2121  4.8794  3.7489  3.2332  3.3048  3.0784  2.6114  2.3736  2.2773  2.0942  1.8151  1.8043  1.6412
 193  0.706104  3.7314  3.2200  0.9460  6.1905  4.8493  3.7142  3.1971  3.2645  3.0373  2.5690  2.3307  2.2342  2.0507  1.7709  1.7601  1.5965
 194  0.706264  3.7309  3.1999  0.9640  6.1677  4.8178  3.6780  3.1597  3.2228  2.9948  2.5252  2.2862  2.1896  2.0057  1.7252  1.7143  1.5502
 195  0.706419  3.7304  3.1790  0.9828  6.1445  4.7854  3.6405  3.1207  3.1793  2.9505  2.4794  2.2400  2.1432  1.9588  1.6776  1.6666  1.5019
 196  0.706572  3.7298  3.1575  1.0022  6.1193  4.7511  3.6014  3.0803  3.1343  2.9047  2.4321  2.1921  2.0951  1.9104  1.6285  1.6175  1.4521
 197  0.706721  3.7292  3.1351  1.0224  6.0946  4.7163  3.5613  3.0386  3.0877  2.8572  2.3832  2.1425  2.0453  1.8601  1.5774  1.5664  1.4004
 198  0.706865  3.7286  3.1119  1.0432  6.0696  4.6808  3.5202  2.9959  3.0400  2.8085  2.3328  2.0915  1.9941  1.8084  1.5249  1.5137  1.3470
 199  0.707008  3.7280  3.0882  1.0644  6.0430  4.6437  3.4776  2.9518  2.9907  2.7583  2.2810  2.0391  1.9415  1.7554  1.4710  1.4598  1.2924
 200  0.707146  3.7273  3.0638  1.0863  6.0149  4.6052  3.4338  2.9064  2.9403  2.7069  2.2280  1.9854  1.8875  1.7009  1.4157  1.4044  1.2362
 201  0.707281  3.7266  3.0388  1.1087  5.9859  4.5659  3.3892  2.8603  2.8889  2.6545  2.1738  1.9304  1.8324  1.6452  1.3592  1.3477  1.1789
 202  0.707412  3.7259  3.0133  1.1315  5.9562  4.5255  3.3436  2.8130  2.8363  2.6009  2.1184  1.8743  1.7760  1.5883  1.3014  1.2899  1.1203
 203  0.707540  3.7252  2.9871  1.1548  5.9275  4.4853  3.2976  2.7652  2.7828  2.5463  2.0619  1.8171  1.7185  1.5303  1.2424  1.2308  1.0604
 204  0.707665  3.7244  2.9602  1.1786  5.9005  4.4457  3.2516  2.7171  2.7287  2.4910  2.0045  1.7588  1.6601  1.4712  1.1823  1.1706  0.9992
 205  0.707785  3.7235  2.9326  1.2028  5.8746  4.4062  3.2052  2.6686  2.6737  2.4347  1.9461  1.6996  1.6006  1.4111  1.1210  1.1094  0.9370
 206  0.707902  3.7227  2.9045  1.2275  5.8491  4.3666  3.1583  2.6194  2.6179  2.3776  1.8867  1.6393  1.5400  1.3499  1.0587  1.0469  0.8736
 207  0.708015  3.7217  2.8758  1.2526  5.8244  4.3271  3.1111  2.5697  2.5613  2.3196  1.8264  1.5780  1.4784  1.2877  0.9953  0.9834  0.8091
 208  0.708123  3.7208  2.8467  1.2780  5.8007  4.2878  3.0635  2.5197  2.5040  2.2610  1.7651  1.5158  1.4160  1.2246  0.9309  0.9189  0.7436
 209  0.708229  3.7198  2.8171  1.3039  5.7784  4.2489  3.0159  2.4693  2.4461  2.2015  1.7032  1.4528  1.3527  1.1605  0.8657  0.8536  0.6771
 210  0.708329  3.7188  2.7869  1.3302  5.7582  4.2108  2.9684  2.4189  2.3876  2.1415  1.6404  1.3891  1.2886  1.0956  0.7995  0.7872  0.6096
 211  0.708427  3.7178  2.7562  1.3567  5.7393  4.1733  2.9208  2.3683  2.3285  2.0808  1.5769  1.3245  1.2237  1.0299  0.7324  0.7201  0.5413
 212  0.708520  3.7167  2.7252  1.3836  5.7228  4.1369  2.8734  2.3176  2.2691  2.0196  1.5127  1.2592  1.1581  0.9636  0.6645  0.6520  0.4721
 213  0.708609  3.7156  2.6937  1.4107  5.7085  4.1016  2.8263  2.2670  2.2093  1.9580  1.4480  1.1933  1.0918  0.8965  0.5960  0.5833  0.4020
 214  0.708695  3.7145  2.6618  1.4381  5.6960  4.0673  2.7791  2.2163  2.1490  1.8958  1.3827  1.1267  1.0249  0.8287  0.5267  0.5139  0.3314
 215  0.708776  3.7134  2.6295  1.4659  5.6930  4.0373  2.7335  2.1666  2.0886  1.8332  1.3168  1.0596  0.9573  0.7602  0.4566  0.4438  0.2599
 216  0.708855  3.7122  2.5969  1.4938  5.6962  4.0105  2.6889  2.1175  2.0280  1.7704  1.2504  0.9918  0.8890  0.6912  0.3860  0.3729  0.1877
 217  0.708867  3.7120  2.5915  1.4985  5.6967  4.0063  2.6816  2.1094  2.0180  1.7600  1.2394  0.9805  0.8778  0.6796  0.3742  0.3612  0.1758
 218  0.708880  3.7118  2.5860  1.5031  5.6974  4.0020  2.6743  2.1013  2.0079  1.7495  1.2283  0.9692  0.8663  0.6681  0.3623  0.3493  0.1637
 219  0.708892  3.7116  2.5806  1.5079  5.6974  3.9975  2.6667  2.0931  1.9977  1.7389  1.2172  0.9579  0.8550  0.6565  0.3506  0.3375  0.1517
 220  0.708905  3.7114  2.5751  1.5126  5.6983  3.9934  2.6594  2.0850  1.9876  1.7285  1.2060  0.9465  0.8435  0.6449  0.3387  0.3255  0.1395
 221  0.708917  3.7112  2.5695  1.5173  5.6991  3.9893  2.6521  2.0768  1.9774  1.7178  1.1948  0.9351  0.8320  0.6332  0.3267  0.3135  0.1273
 222  0.708929  3.7110  2.5639  1.5221  5.6997  3.9850  2.6447  2.0686  1.9672  1.7072  1.1835  0.9235  0.8203  0.6215  0.3146  0.3015  0.1149
 223  0.708941  3.7108  2.5583  1.5268  5.7008  3.9810  2.6373  2.0605  1.9570  1.6966  1.1721  0.9120  0.8087  0.6097  0.3026  0.2894  0.1026
 224  0.708954  3.7106  2.5527  1.5316  5.7016  3.9769  2.6299  2.0523  1.9466  1.6859  1.1608  0.9004  0.7971  0.5978  0.2904  0.2772  0.0902
 225  0.708966  3.7104  2.5470  1.5364  5.7029  3.9730  2.6225  2.0441  1.9363  1.6751  1.1494  0.8887  0.7853  0.5858  0.2782  0.2649  0.0777
 226  0.708978  3.7102  2.5413  1.5413  5.7039  3.9689  2.6151  2.0358  1.9260  1.6643  1.1379  0.8770  0.7735  0.5739  0.2659  0.2527  0.0652
 227  0.709084  3.7081  2.4873  1.5871  5.7211  3.9377  2.5481  1.9606  1.8291  1.5633  1.0303  0.7668  0.6624  0.4613  0.1503  0.1369 -0.0531
 228  0.709179  3.7059  2.4329  1.6327  5.7451  3.9164  2.4859  1.8897  1.7346  1.4641  0.9236  0.6573  0.5521  0.3490  0.0348  0.0211 -0.1714
 229  0.709269  3.7036  2.3769  1.6795  5.7772  3.8995  2.4250  1.8192  1.6391  1.3636  0.8150  0.5457  0.4394  0.2343 -0.0833 -0.0974 -0.2925
 230  0.709353  3.7013  2.3229  1.7245  5.8136  3.8828  2.3664  1.7514  1.5470  1.2665  0.7101  0.4378  0.3306  0.1235 -0.1975 -0.2118 -0.4095
 231  0.709425  3.6992  2.2733  1.7657  5.8484  3.8701  2.3141  1.6903  1.4634  1.1783  0.6145  0.3394  0.2313  0.0224 -0.3018 -0.3162 -0.5165
 232  0.709493  3.6971  2.2249  1.8059  5.8737  3.8557  2.2624  1.6301  1.3822  1.0926  0.5214  0.2436  0.1346 -0.0761 -0.4034 -0.4181 -0.6208
 233  0.709556  3.6954  2.1837  1.8403  5.8915  3.8370  2.2158  1.5766  1.3118  1.0185  0.4414  0.1613  0.0517 -0.1607 -0.4905 -0.5054 -0.7100
 234  0.709616  3.6940  2.1486  1.8700  5.9059  3.8134  2.1725  1.5278  1.2500  0.9538  0.3717  0.0898 -0.0204 -0.2339 -0.5658 -0.5809 -0.7871
 235  0.709672  3.6918  2.1002  1.9098  5.9352  3.8096  2.1262  1.4725  1.1716  0.8705  0.2806 -0.0043 -0.1155 -0.3309 -0.6661 -0.6814 -0.8903
 236  0.709724  3.6895  2.0481  1.9523  5.9659  3.8159  2.0808  1.4172  1.0897  0.7830  0.1843 -0.1040 -0.2162 -0.4339 -0.7730 -0.7886 -1.0004
 237  0.709772  3.6871  1.9965  1.9944  5.9934  3.8275  2.0381  1.3646  1.0096  0.6972  0.0895 -0.2022 -0.3155 -0.5355 -0.8783 -0.8942 -1.1091
 238  0.709815  3.6849  1.9509  2.0311  6.0190  3.8473  2.0052  1.3224  0.9412  0.6236  0.0076 -0.2873 -0.4016 -0.6237 -0.9701 -0.9863 -1.2039
 239  0.709857  3.6831  1.9142  2.0608  6.0350  3.8698  1.9805  1.2901  0.8868  0.5648 -0.0581 -0.3557 -0.4707 -0.6946 -1.0440 -1.0604 -1.2803
 240  0.709894  3.6823  1.8970  2.0751  6.0282  3.8906  1.9693  1.2752  0.8602  0.5362 -0.0896 -0.3885 -0.5040 -0.7286 -1.0791 -1.0956 -1.3166
 241  0.709934  3.6803  1.8565  2.1078  6.0431  3.9198  1.9436  1.2415  0.8007  0.4718 -0.1617 -0.4635 -0.5800 -0.8065 -1.1601 -1.1769 -1.4005
 242  0.709970  3.6775  1.7999  2.1530  6.0726  3.9573  1.9102  1.1969  0.7197  0.3836 -0.2612 -0.5673 -0.6849 -0.9143 -1.2725 -1.2897 -1.5170
 243  0.710003  3.6747  1.7440  2.1975  6.0975  3.9975  1.8799  1.1558  0.6413  0.2982 -0.3580 -0.6686 -0.7876 -1.0198 -1.3827 -1.4002 -1.6312
 244  0.710033  3.6719  1.6901  2.2404  6.1158  4.0389  1.8526  1.1183  0.5667  0.2163 -0.4510 -0.7658 -0.8862 -1.1212 -1.4886 -1.5066 -1.7412
 245  0.710059  3.6691  1.6367  2.2828  6.1295  4.0817  1.8277  1.0837  0.4942  0.1365 -0.5424 -0.8617 -0.9833 -1.2212 -1.5932 -1.6115 -1.8499
 246  0.710084  3.6663  1.5829  2.3253  6.1400  4.1267  1.8054  1.0522  0.4230  0.0577 -0.6332 -0.9572 -1.0802 -1.3211 -1.6979 -1.7166 -1.9587
 247  0.710106  3.6637  1.5319  2.3656  6.1448  4.1709  1.7873  1.0260  0.3573 -0.0157 -0.7185 -1.0471 -1.1716 -1.4153 -1.7966 -1.8156 -2.0615
 248  0.710127  3.6611  1.4821  2.4049  6.1446  4.2148  1.7719  1.0032  0.2947 -0.0861 -0.8010 -1.1343 -1.2603 -1.5070 -1.8927 -1.9121 -2.1617
 249  0.710145  3.6584  1.4339  2.4428  6.1421  4.2585  1.7596  0.9843  0.2359 -0.1526 -0.8797 -1.2178 -1.3451 -1.5948 -1.9851 -2.0049 -2.2581
 250  0.710162  3.6557  1.3854  2.4804  6.1396  4.3059  1.7516  0.9697  0.1798 -0.2169 -0.9568 -1.3001 -1.4288 -1.6817 -2.0767 -2.0969 -2.3540
 251  0.710177  3.6531  1.3388  2.5166  6.1346  4.3514  1.7455  0.9580  0.1271 -0.2778 -1.0305 -1.3786 -1.5089 -1.7649 -2.1645 -2.1851 -2.4460
 252  0.710192  3.6505  1.2922  2.5526  6.1277  4.3966  1.7413  0.9486  0.0760 -0.3373 -1.1029 -1.4563 -1.5881 -1.8471 -2.2515 -2.2724 -2.5372
 253  0.710204  3.6479  1.2468  2.5878  6.1189  4.4395  1.7388  0.9416  0.0273 -0.3943 -1.1732 -1.5317 -1.6651 -1.9272 -2.3362 -2.3575 -2.6261
 254  0.710216  3.6454  1.2024  2.6221  6.1086  4.4795  1.7376  0.9367 -0.0190 -0.4490 -1.2411 -1.6048 -1.7397 -2.0048 -2.4184 -2.4401 -2.7126
 255  0.710228  3.6429  1.1583  2.6562  6.0970  4.5185  1.7378  0.9338 -0.0635 -0.5021 -1.3077 -1.6768 -1.8132 -2.0814 -2.4996 -2.5217 -2.7981
 256  0.710239  3.6404  1.1153  2.6893  6.0841  4.5556  1.7393  0.9327 -0.1057 -0.5528 -1.3718 -1.7461 -1.8842 -2.1554 -2.5783 -2.6008 -2.8811
 257  0.710248  3.6380  1.0731  2.7216  6.0708  4.5920  1.7425  0.9340 -0.1453 -0.6008 -1.4334 -1.8131 -1.9527 -2.2271 -2.6545 -2.6774 -2.9619
 258  0.710257  3.6355  1.0314  2.7536  6.0560  4.6262  1.7461  0.9360 -0.1836 -0.6475 -1.4937 -1.8787 -2.0200 -2.2974 -2.7297 -2.7530 -3.0415
 259  0.710265  3.6331  0.9907  2.7847  6.0404  4.6583  1.7501  0.9390 -0.2197 -0.6921 -1.5519 -1.9423 -2.0852 -2.3655 -2.8026 -2.8264 -3.1190
 260  0.710274  3.6308  0.9510  2.8150  6.0238  4.6884  1.7541  0.9424 -0.2537 -0.7346 -1.6081 -2.0038 -2.1484 -2.4316 -2.8736 -2.8978 -3.1944
 261  0.710280  3.6284  0.9115  2.8449  6.0083  4.7195  1.7605  0.9482 -0.2851 -0.7749 -1.6628 -2.0639 -2.2102 -2.4964 -2.9435 -2.9679 -3.2687
 262  0.710287  3.6260  0.8726  2.8744  5.9919  4.7487  1.7667  0.9539 -0.3150 -0.8136 -1.7163 -2.1228 -2.2709 -2.5599 -3.0119 -3.0367 -3.3415
 263  0.710293  3.6237  0.8346  2.9030  5.9748  4.7757  1.7725  0.9599 -0.3432 -0.8506 -1.7679 -2.1800 -2.3298 -2.6215 -3.0785 -3.1036 -3.4125
 264  0.710300  3.6213  0.7973  2.9311  5.9571  4.8012  1.7786  0.9661 -0.3699 -0.8863 -1.8188 -2.2362 -2.3879 -2.6820 -3.1437 -3.1691 -3.4820
 265  0.710305  3.6191  0.7607  2.9587  5.9384  4.8247  1.7840  0.9721 -0.3955 -0.9207 -1.8683 -2.2912 -2.4447 -2.7412 -3.2076 -3.2333 -3.5503
 266  0.710310  3.6169  0.7251  2.9856  5.9191  4.8460  1.7887  0.9777 -0.4197 -0.9535 -1.9161 -2.3443 -2.4996 -2.7983 -3.2697 -3.2958 -3.6166
 267  0.710315  3.6148  0.6899  3.0120  5.8994  4.8662  1.7933  0.9834 -0.4424 -0.9848 -1.9625 -2.3959 -2.5531 -2.8541 -3.3307 -3.3570 -3.6818
 268  0.710320  3.6127  0.6553  3.0382  5.8789  4.8842  1.7968  0.9883 -0.4644 -1.0151 -2.0077 -2.4463 -2.6053 -2.9086 -3.3906 -3.4173 -3.7461
 269  0.710325  3.6106  0.6219  3.0634  5.8583  4.9008  1.7998  0.9930 -0.4844 -1.0434 -2.0507 -2.4943 -2.6550 -2.9607 -3.4485 -3.4754 -3.8082
 270  0.710328  3.6085  0.5886  3.0885  5.8375  4.9173  1.8028  0.9981 -0.5027 -1.0698 -2.0920 -2.5408 -2.7032 -3.0114 -3.5055 -3.5327 -3.8698
 271  0.710333  3.6066  0.5561  3.1130  5.8158  4.9318  1.8041  1.0014 -0.5209 -1.0959 -2.1330 -2.5867 -2.7507 -3.0613 -3.5617 -3.5891 -3.9302
 272  0.710336  3.6046  0.5243  3.1369  5.7942  4.9463  1.8055  1.0051 -0.5371 -1.1200 -2.1717 -2.6301 -2.7957 -3.1087 -3.6161 -3.6437 -3.9889
 273  0.710340  3.6026  0.4929  3.1603  5.7725  4.9603  1.8065  1.0088 -0.5516 -1.1419 -2.2083 -2.6712 -2.8383 -3.1539 -3.6693 -3.6973 -4.0468
 274  0.710343  3.6008  0.4628  3.1833  5.7492  4.9713  1.8045  1.0095 -0.5675 -1.1647 -2.2446 -2.7116 -2.8799 -3.1983 -3.7218 -3.7499 -4.1033
 275  0.710346  3.5989  0.4328  3.2058  5.7271  4.9862  1.8045  1.0122 -0.5800 -1.1845 -2.2784 -2.7496 -2.9190 -3.2407 -3.7729 -3.8013 -4.1590
 276  0.710349  3.5971  0.4037  3.2277  5.7051  5.0017  1.8043  1.0148 -0.5907 -1.2024 -2.3101 -2.7855 -2.9560 -3.2812 -3.8227 -3.8512 -4.2132
 277  0.710352  3.5954  0.3753  3.2490  5.6830  5.0168  1.8035  1.0169 -0.6004 -1.2189 -2.3399 -2.8195 -2.9908 -3.3196 -3.8707 -3.8995 -4.2658
 278  0.710355  3.5938  0.3482  3.2696  5.6606  5.0299  1.8013  1.0176 -0.6098 -1.2345 -2.3680 -2.8514 -3.0234 -3.3561 -3.9169 -3.9459 -4.3163
 279  0.710373  3.5923  0.3236  3.2882  5.6383  5.0382  1.7951  1.0129 -0.6238 -1.2532 -2.3971 -2.8839 -3.0566 -3.3923 -3.9602 -3.9893 -4.3628
