#NUMBER OF AGES= 1
#----------------------------------------------------       
#MIX-LEN  Y      Z          Zeff        [Fe/H] [a/Fe]
# 1.9380  0.3300 1.2993E-03 6.6136E-04  -1.35   0.40 
#----------------------------------------------------       
#**PHOTOMETRIC SYSTEM**: HST WFPC2 (Vega)                   
#----------------------------------------------------       
#AGE=12.600 EEPS=266
#EEP   M/Mo    LogTeff  LogG   LogL/Lo F218W   F255W   F300W   F336W   F439W   F450W   F555W   F606W   F622W   F675W   F791W   F814W   F850LP
  14  0.109009  3.5307  5.2754 -2.7242 20.8065 20.6358 16.9907 16.1723 15.0229 14.4440 13.0623 12.5309 12.3411 11.9366 10.9685 10.9276 10.4788
  15  0.123154  3.5382  5.2280 -2.5936 20.4132 20.0179 16.5071 15.6732 14.5175 13.9761 12.6385 12.1087 11.9189 11.5264 10.6338 10.5946 10.1623
  16  0.136684  3.5449  5.1880 -2.4818 20.0626 19.4784 16.0909 15.2487 14.0936 13.5806 12.2808 11.7532 11.5636 11.1799 10.3478 10.3100  9.8911
  17  0.149175  3.5506  5.1564 -2.3898 19.7637 19.0348 15.7488 14.9025 13.7509 13.2585 11.9890 11.4639 11.2746 10.8975 10.1122 10.0756  9.6676
  18  0.161112  3.5553  5.1304 -2.3116 19.4993 18.6612 15.4636 14.6158 13.4693 12.9912 11.7456 11.2228 11.0340 10.6622  9.9125  9.8769  9.4776
  19  0.173343  3.5594  5.1070 -2.2398 19.2516 18.3215 15.2047 14.3570 13.2170 12.7503 11.5252 11.0051 10.8171 10.4494  9.7292  9.6945  9.3026
  20  0.186191  3.5631  5.0849 -2.1718 19.0147 18.0056 14.9633 14.1169 12.9845 12.5270 11.3206 10.8032 10.6160 10.2518  9.5563  9.5222  9.1367
  21  0.199891  3.5666  5.0644 -2.1066 18.7859 17.7083 14.7344 13.8897 12.7655 12.3159 11.1265 10.6120 10.4255 10.0647  9.3906  9.3573  8.9777
  22  0.213687  3.5697  5.0460 -2.0466 18.5746 17.4390 14.5253 13.6826 12.5669 12.1237 10.9496 10.4380 10.2524  9.8945  9.2386  9.2058  8.8314
  23  0.228345  3.5727  5.0288 -1.9887 18.3711 17.1842 14.3246 13.4841 12.3772 11.9397 10.7804 10.2719 10.0872  9.7320  9.0920  9.0595  8.6900
  24  0.241059  3.5749  5.0153 -1.9423 18.2111 16.9883 14.1648 13.3258 12.2260 11.7928 10.6451 10.1395  9.9554  9.6027  8.9743  8.9424  8.5766
  25  0.250870  3.5765  5.0055 -1.9085 18.0948 16.8484 14.0487 13.2104 12.1160 11.6858 10.5466 10.0433  9.8598  9.5088  8.8886  8.8569  8.4939
  26  0.257930  3.5778  4.9989 -1.8852 18.0146 16.7526 13.9689 13.1313 12.0409 11.6125 10.4792  9.9774  9.7944  9.4447  8.8299  8.7984  8.4373
  27  0.263250  3.5785  4.9946 -1.8688 17.9576 16.6848 13.9124 13.0753 11.9875 11.5606 10.4313  9.9307  9.7479  9.3991  8.7881  8.7568  8.3970
  28  0.267308  3.5791  4.9917 -1.8567 17.9155 16.6345 13.8708 13.0341 11.9484 11.5225 10.3962  9.8964  9.7138  9.3656  8.7576  8.7264  8.3676
  29  0.270418  3.5796  4.9894 -1.8475 17.8829 16.5953 13.8386 13.0020 11.9180 11.4928 10.3689  9.8698  9.6874  9.3398  8.7341  8.7029  8.3450
  30  0.272970  3.5800  4.9874 -1.8398 17.8556 16.5623 13.8115 12.9752 11.8927 11.4680 10.3462  9.8476  9.6654  9.3183  8.7146  8.6835  8.3262
  31  0.275340  3.5805  4.9861 -1.8330 17.8311 16.5323 13.7871 12.9509 11.8698 11.4457 10.3259  9.8278  9.6457  9.2991  8.6974  8.6664  8.3098
  32  0.277591  3.5809  4.9843 -1.8261 17.8059 16.5015 13.7620 12.9262 11.8463 11.4229 10.3050  9.8075  9.6255  9.2793  8.6797  8.6487  8.2929
  33  0.280028  3.5813  4.9825 -1.8187 17.7789 16.4688 13.7354 12.8997 11.8215 11.3987 10.2829  9.7860  9.6042  9.2585  8.6609  8.6301  8.2749
  34  0.282669  3.5818  4.9803 -1.8105 17.7501 16.4341 13.7069 12.8715 11.7947 11.3725 10.2590  9.7627  9.5811  9.2358  8.6404  8.6096  8.2552
  35  0.285510  3.5822  4.9775 -1.8016 17.7191 16.3972 13.6763 12.8411 11.7660 11.3444 10.2331  9.7374  9.5558  9.2111  8.6178  8.5871  8.2335
  36  0.288559  3.5827  4.9742 -1.7919 17.6868 16.3590 13.6441 12.8092 11.7355 11.3145 10.2054  9.7102  9.5288  9.1846  8.5935  8.5627  8.2100
  37  0.289820  3.5826  4.9728 -1.7887 17.6730 16.3450 13.6336 12.7995 11.7288 11.3079 10.1995  9.7045  9.5233  9.1785  8.5859  8.5551  8.2016
  38  0.296881  3.5835  4.9644 -1.7660 17.6053 16.2615 13.5617 12.7275 11.6581 11.2380 10.1338  9.6395  9.4586  9.1147  8.5285  8.4979  8.1463
  39  0.312558  3.5872  4.9446 -1.7106 17.4341 16.0340 13.3754 12.5407 11.4752 11.0568  9.9647  9.4728  9.2927  8.9525  8.3884  8.3584  8.0141
  40  0.340626  3.5932  4.9077 -1.6116 17.0550 15.5837 13.0103 12.1813 11.1450 10.7339  9.6728  9.1911  9.0137  8.6803  8.1385  8.1093  7.7742
  41  0.363957  3.6001  4.8737 -1.5210 16.6797 15.1424 12.6518 11.8290 10.8276 10.4244  9.3985  8.9293  8.7552  8.4297  7.9089  7.8808  7.5553
  42  0.375664  3.6042  4.8549 -1.4720 16.4831 14.9062 12.4575 11.6371 10.6535 10.2541  9.2477  8.7856  8.6134  8.2929  7.7848  7.7572  7.4378
  43  0.385747  3.6081  4.8385 -1.4282 16.3060 14.6932 12.2805 11.4618 10.4945 10.0991  9.1112  8.6563  8.4858  8.1699  7.6736  7.6465  7.3329
  44  0.395084  3.6123  4.8233 -1.3863 16.1348 14.4892 12.1081 11.2908 10.3399  9.9485  8.9796  8.5324  8.3638  8.0530  7.5674  7.5410  7.2331
  45  0.404028  3.6166  4.8093 -1.3453 15.9652 14.2901 11.9360 11.1195 10.1852  9.7986  8.8497  8.4108  8.2443  7.9388  7.4635  7.4377  7.1356
  46  0.412669  3.6213  4.7965 -1.3047 15.7931 14.0886 11.7597 10.9431 10.0267  9.6455  8.7185  8.2892  8.1248  7.8253  7.3606  7.3355  7.0395
  47  0.421187  3.6263  4.7847 -1.2635 15.6125 13.8761 11.5724 10.7543  9.8591  9.4843  8.5819  8.1636  8.0019  7.7095  7.2563  7.2320  6.9432
  48  0.429314  3.6316  4.7743 -1.2234 15.4320 13.6631 11.3813 10.5617  9.6904  9.3224  8.4460  8.0395  7.8808  7.5960  7.1548  7.1314  6.8502
  49  0.437318  3.6373  4.7649 -1.1835 15.2500 13.4490 11.1837 10.3630  9.5188  9.1581  8.3088  7.9151  7.7594  7.4829  7.0542  7.0317  6.7584
  50  0.445026  3.6430  4.7566 -1.1448 15.0741 13.2408 10.9819 10.1623  9.3490  8.9959  8.1739  7.7932  7.6408  7.3728  6.9570  6.9355  6.6703
  51  0.452660  3.6488  4.7490 -1.1064 14.8795 13.0132 10.7742  9.9563  9.1805  8.8351  8.0404  7.6726  7.5235  7.2640  6.8608  6.8400  6.5829
  52  0.457520  3.6526  4.7443 -1.0820 14.7336 12.8461 10.6381  9.8210  9.0739  8.7331  7.9558  7.5960  7.4494  7.1948  6.7990  6.7789  6.5268
  53  0.462292  3.6564  4.7401 -1.0580 14.5724 12.6630 10.4980  9.6821  8.9683  8.6319  7.8722  7.5203  7.3762  7.1262  6.7378  6.7182  6.4712
  54  0.466973  3.6604  4.7364 -1.0341 14.3994 12.4681 10.3511  9.5391  8.8626  8.5308  7.7891  7.4449  7.3036  7.0583  6.6773  6.6582  6.4163
  55  0.471570  3.6642  4.7327 -1.0106 14.2195 12.2693 10.2022  9.3962  8.7592  8.4319  7.7076  7.3711  7.2327  6.9918  6.6177  6.5993  6.3626
  56  0.476083  3.6681  4.7294 -0.9875 14.0306 12.0656 10.0509  9.2529  8.6573  8.3346  7.6275  7.2985  7.1627  6.9262  6.5591  6.5412  6.3095
  57  0.480516  3.6721  4.7262 -0.9648 13.8337 11.8590  9.8992  9.1105  8.5575  8.2393  7.5490  7.2273  7.0943  6.8620  6.5016  6.4842  6.2574
  58  0.484868  3.6758  4.7230 -0.9424 13.6312 11.6527  9.7494  8.9712  8.4609  8.1474  7.4729  7.1579  7.0277  6.7993  6.4451  6.4283  6.2064
  59  0.489140  3.6797  4.7201 -0.9203 13.4210 11.4453  9.6012  8.8343  8.3667  8.0577  7.3985  7.0900  6.9624  6.7377  6.3897  6.3733  6.1561
  60  0.493322  3.6833  4.7168 -0.8989 13.2123 11.2452  9.4593  8.7038  8.2775  7.9728  7.3276  7.0249  6.8999  6.6785  6.3360  6.3200  6.1072
  61  0.497419  3.6870  4.7138 -0.8778 12.9956 11.0445  9.3180  8.5749  8.1902  7.8900  7.2583  6.9612  6.8386  6.6204  6.2832  6.2677  6.0592
  62  0.501444  3.6904  4.7104 -0.8572 12.7813 10.8519  9.1825  8.4520  8.1072  7.8113  7.1919  6.8999  6.7795  6.5641  6.2319  6.2167  6.0122
  63  0.505381  3.6937  4.7071 -0.8370 12.5595 10.6614  9.0489  8.3316  8.0265  7.7350  7.1275  6.8402  6.7220  6.5094  6.1816  6.1669  5.9663
  64  0.509199  3.6969  4.7036 -0.8174 12.3354 10.4775  8.9197  8.2160  7.9491  7.6621  7.0658  6.7831  6.6668  6.4568  6.1332  6.1190  5.9221
  65  0.512906  3.7002  4.7003 -0.7982 12.1109 10.2989  8.7935  8.1035  7.8740  7.5915  7.0060  6.7276  6.6132  6.4056  6.0864  6.0726  5.8791
  66  0.516511  3.7032  4.6968 -0.7796 11.8951 10.1299  8.6727  7.9962  7.8018  7.5237  6.9484  6.6740  6.5615  6.3562  6.0411  6.0275  5.8376
  67  0.520023  3.7062  4.6935 -0.7613 11.6873  9.9693  8.5563  7.8925  7.7317  7.4580  6.8925  6.6219  6.5111  6.3082  5.9970  5.9837  5.7970
  68  0.523452  3.7091  4.6901 -0.7435 11.4937  9.8200  8.4458  7.7938  7.6642  7.3948  6.8384  6.5715  6.4621  6.2614  5.9540  5.9411  5.7576
  69  0.526807  3.7119  4.6866 -0.7260 11.3282  9.6896  8.3433  7.7014  7.5989  7.3336  6.7859  6.5223  6.4143  6.2158  5.9119  5.8994  5.7189
  70  0.530111  3.7146  4.6829 -0.7088 11.1773  9.5699  8.2467  7.6138  7.5361  7.2746  6.7348  6.4744  6.3677  6.1712  5.8707  5.8585  5.6810
  71  0.533364  3.7173  4.6792 -0.6918 11.0345  9.4565  8.1533  7.5288  7.4745  7.2168  6.6848  6.4274  6.3219  6.1273  5.8302  5.8183  5.6436
  72  0.536566  3.7198  4.6753 -0.6750 10.8989  9.3492  8.0634  7.4471  7.4146  7.1607  6.6361  6.3815  6.2771  6.0844  5.7905  5.7788  5.6068
  73  0.539728  3.7224  4.6715 -0.6584 10.7658  9.2442  7.9750  7.3668  7.3556  7.1055  6.5880  6.3363  6.2330  6.0421  5.7514  5.7400  5.5706
  74  0.542852  3.7249  4.6676 -0.6420 10.6348  9.1416  7.8885  7.2884  7.2978  7.0514  6.5410  6.2920  6.1896  6.0006  5.7129  5.7017  5.5349
  75  0.545949  3.7273  4.6634 -0.6256 10.4949  9.0351  7.8015  7.2101  7.2407  6.9980  6.4947  6.2481  6.1468  5.9596  5.6748  5.6639  5.4996
  76  0.549022  3.7297  4.6592 -0.6094 10.3552  8.9296  7.7160  7.1333  7.1846  6.9456  6.4490  6.2050  6.1048  5.9192  5.6372  5.6266  5.4646
  77  0.552078  3.7320  4.6548 -0.5934 10.2162  8.8253  7.6321  7.0580  7.1291  6.8938  6.4040  6.1624  6.0631  5.8791  5.5999  5.5894  5.4299
  78  0.555120  3.7343  4.6502 -0.5773 10.0791  8.7226  7.5498  6.9841  7.0746  6.8428  6.3595  6.1203  6.0218  5.8394  5.5629  5.5527  5.3954
  79  0.558127  3.7365  4.6456 -0.5615  9.9448  8.6220  7.4693  6.9118  7.0209  6.7926  6.3157  6.0787  5.9812  5.8003  5.5264  5.5163  5.3612
  80  0.561107  3.7387  4.6408 -0.5458  9.8147  8.5243  7.3909  6.8415  6.9684  6.7434  6.2724  6.0378  5.9411  5.7617  5.4902  5.4805  5.3274
  81  0.564048  3.7407  4.6359 -0.5302  9.6888  8.4292  7.3144  6.7728  6.9167  6.6950  6.2300  5.9975  5.9016  5.7237  5.4547  5.4451  5.2940
  82  0.568120  3.7436  4.6288 -0.5087  9.5216  8.3012  7.2107  6.6798  6.8460  6.6285  6.1715  5.9420  5.8471  5.6712  5.4054  5.3960  5.2478
  83  0.572197  3.7463  4.6215 -0.4870  9.3596  8.1760  7.1086  6.5881  6.7755  6.5624  6.1131  5.8864  5.7928  5.6186  5.3559  5.3470  5.2012
  84  0.576277  3.7491  4.6135 -0.4652  9.2029  8.0541  7.0087  6.4980  6.7059  6.4968  6.0550  5.8311  5.7383  5.5661  5.3065  5.2977  5.1546
  85  0.580343  3.7517  4.6054 -0.4434  9.0507  7.9348  6.9107  6.4097  6.6368  6.4317  5.9971  5.7758  5.6840  5.5136  5.2569  5.2484  5.1077
  86  0.584388  3.7543  4.5968 -0.4216  8.9028  7.8181  6.8154  6.3236  6.5683  6.3669  5.9395  5.7205  5.6298  5.4612  5.2074  5.1990  5.0607
  87  0.588398  3.7568  4.5880 -0.3997  8.7596  7.7043  6.7227  6.2401  6.5006  6.3028  5.8821  5.6656  5.5758  5.4088  5.1578  5.1497  5.0136
  88  0.592365  3.7592  4.5787 -0.3780  8.6216  7.5936  6.6327  6.1589  6.4336  6.2394  5.8251  5.6110  5.5220  5.3567  5.1084  5.1004  4.9665
  89  0.596272  3.7616  4.5693 -0.3563  8.4883  7.4859  6.5446  6.0797  6.3676  6.1766  5.7686  5.5567  5.4686  5.3049  5.0590  5.0514  4.9194
  90  0.600104  3.7638  4.5596 -0.3347  8.3589  7.3809  6.4586  6.0022  6.3025  6.1147  5.7126  5.5029  5.4156  5.2534  5.0101  5.0026  4.8727
  91  0.603846  3.7660  4.5499 -0.3135  8.2334  7.2782  6.3745  5.9266  6.2384  6.0536  5.6574  5.4497  5.3632  5.2025  4.9616  4.9543  4.8263
  92  0.607497  3.7681  4.5398 -0.2922  8.1125  7.1789  6.2929  5.8531  6.1752  5.9934  5.6027  5.3971  5.3112  5.1520  4.9135  4.9064  4.7802
  93  0.611059  3.7702  4.5296 -0.2712  7.9961  7.0826  6.2137  5.7814  6.1132  5.9341  5.5486  5.3450  5.2600  5.1021  4.8659  4.8589  4.7344
  94  0.614528  3.7722  4.5193 -0.2505  7.8830  6.9884  6.1367  5.7114  6.0520  5.8755  5.4952  5.2935  5.2092  5.0527  4.8187  4.8119  4.6891
  95  0.617902  3.7741  4.5087 -0.2300  7.7737  6.8970  6.0617  5.6429  5.9918  5.8177  5.4425  5.2427  5.1592  5.0039  4.7721  4.7654  4.6443
  96  0.621178  3.7759  4.4980 -0.2097  7.6679  6.8077  5.9896  5.5757  5.9324  5.7608  5.3902  5.1926  5.1098  4.9559  4.7261  4.7196  4.5999
  97  0.624356  3.7777  4.4873 -0.1896  7.5655  6.7208  5.9196  5.5099  5.8739  5.7047  5.3386  5.1431  5.0612  4.9085  4.6807  4.6743  4.5562
  98  0.627437  3.7794  4.4765 -0.1698  7.4668  6.6367  5.8513  5.4461  5.8165  5.6495  5.2877  5.0943  5.0130  4.8615  4.6357  4.6295  4.5127
  99  0.630422  3.7811  4.4655 -0.1502  7.3720  6.5554  5.7848  5.3843  5.7602  5.5952  5.2376  5.0459  4.9654  4.8151  4.5910  4.5849  4.4695
 100  0.633313  3.7826  4.4544 -0.1308  7.2808  6.4770  5.7190  5.3249  5.7052  5.5421  5.1883  4.9981  4.9181  4.7689  4.5466  4.5406  4.4264
 101  0.636114  3.7841  4.4433 -0.1117  7.1925  6.4009  5.6545  5.2673  5.6511  5.4898  5.1398  4.9509  4.8713  4.7231  4.5025  4.4966  4.3835
 102  0.638830  3.7855  4.4319 -0.0927  7.1075  6.3272  5.5915  5.2114  5.5979  5.4382  5.0920  4.9041  4.8250  4.6779  4.4587  4.4529  4.3410
 103  0.641461  3.7870  4.4207 -0.0741  7.0248  6.2554  5.5298  5.1565  5.5456  5.3874  5.0447  4.8579  4.7793  4.6331  4.4154  4.4097  4.2988
 104  0.644017  3.7883  4.4092 -0.0555  6.9439  6.1849  5.4695  5.1024  5.4936  5.3371  4.9978  4.8123  4.7341  4.5889  4.3727  4.3671  4.2572
 105  0.646500  3.7896  4.3977 -0.0372  6.8647  6.1158  5.4105  5.0487  5.4421  5.2871  4.9513  4.7671  4.6895  4.5453  4.3307  4.3251  4.2163
 106  0.648919  3.7908  4.3861 -0.0191  6.7875  6.0485  5.3529  4.9961  5.3911  5.2376  4.9052  4.7224  4.6453  4.5021  4.2889  4.2835  4.1756
 107  0.651282  3.7920  4.3743 -0.0010  6.7130  5.9831  5.2969  4.9444  5.3408  5.1887  4.8594  4.6780  4.6013  4.4592  4.2474  4.2422  4.1352
 108  0.653593  3.7931  4.3624  0.0169  6.6406  5.9193  5.2421  4.8937  5.2909  5.1402  4.8140  4.6339  4.5577  4.4164  4.2061  4.2008  4.0948
 109  0.655864  3.7942  4.3503  0.0347  6.5704  5.8573  5.1886  4.8441  5.2417  5.0922  4.7689  4.5899  4.5142  4.3738  4.1648  4.1596  4.0544
 110  0.658104  3.7952  4.3383  0.0524  6.5027  5.7970  5.1364  4.7957  5.1932  5.0447  4.7240  4.5461  4.4709  4.3312  4.1233  4.1183  4.0138
 111  0.660303  3.7962  4.3261  0.0700  6.4368  5.7382  5.0852  4.7481  5.1451  4.9978  4.6794  4.5025  4.4276  4.2887  4.0821  4.0770  3.9733
 112  0.661073  3.7966  4.3218  0.0763  6.4131  5.7170  5.0667  4.7311  5.1278  4.9808  4.6633  4.4868  4.4122  4.2735  4.0672  4.0622  3.9588
 113  0.661843  3.7970  4.3174  0.0827  6.3886  5.6953  5.0480  4.7136  5.1103  4.9636  4.6470  4.4709  4.3963  4.2580  4.0522  4.0471  3.9441
 114  0.662612  3.7974  4.3131  0.0891  6.3637  5.6732  5.0289  4.6960  5.0924  4.9462  4.6305  4.4548  4.3804  4.2423  4.0369  4.0320  3.9292
 115  0.663378  3.7978  4.3087  0.0958  6.3383  5.6506  5.0095  4.6781  5.0741  4.9285  4.6137  4.4385  4.3642  4.2264  4.0215  4.0166  3.9141
 116  0.664144  3.7983  4.3043  0.1024  6.3127  5.6278  4.9900  4.6602  5.0558  4.9105  4.5968  4.4219  4.3478  4.2104  4.0059  4.0010  3.8989
 117  0.664909  3.7986  4.2997  0.1091  6.2872  5.6052  4.9704  4.6421  5.0374  4.8924  4.5797  4.4052  4.3313  4.1941  3.9902  3.9853  3.8835
 118  0.665671  3.7991  4.2950  0.1160  6.2622  5.5828  4.9509  4.6240  5.0188  4.8742  4.5623  4.3883  4.3145  4.1776  3.9741  3.9693  3.8677
 119  0.666431  3.7994  4.2900  0.1229  6.2377  5.5607  4.9315  4.6059  5.0000  4.8559  4.5448  4.3711  4.2974  4.1608  3.9577  3.9529  3.8516
 120  0.667186  3.7998  4.2848  0.1299  6.2135  5.5388  4.9121  4.5876  4.9812  4.8373  4.5270  4.3536  4.2801  4.1436  3.9410  3.9362  3.8352
 121  0.667938  3.8000  4.2793  0.1370  6.1899  5.5171  4.8926  4.5693  4.9622  4.8185  4.5090  4.3359  4.2625  4.1262  3.9239  3.9192  3.8182
 122  0.668687  3.8003  4.2737  0.1442  6.1664  5.4954  4.8732  4.5509  4.9429  4.7997  4.4907  4.3180  4.2446  4.1087  3.9066  3.9018  3.8011
 123  0.669431  3.8005  4.2679  0.1515  6.1429  5.4737  4.8535  4.5323  4.9235  4.7806  4.4723  4.2997  4.2265  4.0907  3.8890  3.8842  3.7837
 124  0.670169  3.8008  4.2620  0.1589  6.1191  5.4519  4.8337  4.5135  4.9040  4.7612  4.4536  4.2812  4.2082  4.0726  3.8712  3.8664  3.7661
 125  0.670906  3.8011  4.2560  0.1663  6.0956  5.4300  4.8139  4.4947  4.8842  4.7417  4.4347  4.2627  4.1897  4.0543  3.8531  3.8484  3.7482
 126  0.671638  3.8014  4.2499  0.1739  6.0718  5.4080  4.7939  4.4756  4.8642  4.7220  4.4156  4.2438  4.1710  4.0357  3.8349  3.8302  3.7301
 127  0.672367  3.8015  4.2436  0.1815  6.0484  5.3862  4.7739  4.4567  4.8443  4.7023  4.3965  4.2249  4.1522  4.0171  3.8165  3.8118  3.7119
 128  0.673094  3.8017  4.2372  0.1891  6.0252  5.3646  4.7540  4.4376  4.8242  4.6824  4.3771  4.2058  4.1331  3.9982  3.7979  3.7932  3.6934
 129  0.673816  3.8019  4.2307  0.1969  6.0021  5.3429  4.7340  4.4184  4.8040  4.6624  4.3576  4.1865  4.1139  3.9791  3.7790  3.7744  3.6747
 130  0.674533  3.8021  4.2240  0.2047  5.9793  5.3214  4.7139  4.3992  4.7836  4.6422  4.3380  4.1671  4.0945  3.9599  3.7600  3.7554  3.6557
 131  0.675245  3.8022  4.2172  0.2125  5.9570  5.3002  4.6940  4.3798  4.7632  4.6220  4.3181  4.1473  4.0749  3.9404  3.7407  3.7360  3.6364
 132  0.675951  3.8023  4.2100  0.2206  5.9353  5.2793  4.6741  4.3606  4.7427  4.6017  4.2981  4.1275  4.0550  3.9206  3.7211  3.7164  3.6169
 133  0.676651  3.8023  4.2026  0.2286  5.9140  5.2586  4.6543  4.3412  4.7222  4.5813  4.2780  4.1074  4.0350  3.9006  3.7011  3.6965  3.5970
 134  0.677344  3.8024  4.1951  0.2367  5.8931  5.2382  4.6345  4.3218  4.7016  4.5607  4.2576  4.0871  4.0147  3.8804  3.6809  3.6763  3.5768
 135  0.678030  3.8024  4.1873  0.2448  5.8727  5.2181  4.6147  4.3023  4.6809  4.5400  4.2370  4.0666  3.9942  3.8599  3.6605  3.6558  3.5563
 136  0.678708  3.8024  4.1793  0.2531  5.8527  5.1982  4.5951  4.2828  4.6601  4.5192  4.2163  4.0458  3.9734  3.8391  3.6398  3.6351  3.5355
 137  0.679378  3.8023  4.1711  0.2614  5.8333  5.1786  4.5755  4.2634  4.6392  4.4984  4.1953  4.0248  3.9524  3.8182  3.6188  3.6141  3.5144
 138  0.680040  3.8021  4.1626  0.2699  5.8146  5.1593  4.5560  4.2438  4.6183  4.4774  4.1742  4.0037  3.9313  3.7969  3.5975  3.5927  3.4929
 139  0.680692  3.8019  4.1539  0.2783  5.7965  5.1406  4.5366  4.2243  4.5973  4.4563  4.1531  3.9824  3.9099  3.7755  3.5759  3.5711  3.4711
 140  0.681335  3.8018  4.1449  0.2869  5.7791  5.1223  4.5174  4.2048  4.5764  4.4352  4.1317  3.9608  3.8884  3.7537  3.5539  3.5491  3.4490
 141  0.681969  3.8015  4.1356  0.2956  5.7627  5.1044  4.4985  4.1854  4.5554  4.4141  4.1102  3.9391  3.8665  3.7317  3.5316  3.5268  3.4264
 142  0.682592  3.8012  4.1260  0.3043  5.7471  5.0872  4.4796  4.1660  4.5345  4.3930  4.0885  3.9172  3.8444  3.7095  3.5091  3.5043  3.4036
 143  0.683205  3.8009  4.1162  0.3131  5.7324  5.0704  4.4611  4.1466  4.5135  4.3718  4.0666  3.8950  3.8222  3.6870  3.4861  3.4814  3.3804
 144  0.683805  3.8004  4.1060  0.3220  5.7189  5.0543  4.4429  4.1274  4.4927  4.3506  4.0447  3.8727  3.7997  3.6642  3.4629  3.4581  3.3568
 145  0.684395  3.7999  4.0954  0.3309  5.7060  5.0389  4.4248  4.1082  4.4720  4.3294  4.0225  3.8501  3.7771  3.6412  3.4395  3.4346  3.3329
 146  0.684972  3.7994  4.0845  0.3399  5.6946  5.0242  4.4072  4.0894  4.4513  4.3082  4.0004  3.8275  3.7542  3.6181  3.4157  3.4108  3.3085
 147  0.685537  3.7987  4.0733  0.3489  5.6841  5.0101  4.3899  4.0706  4.4306  4.2872  3.9782  3.8047  3.7312  3.5946  3.3917  3.3866  3.2839
 148  0.686089  3.7980  4.0617  0.3580  5.6752  4.9971  4.3730  4.0522  4.4102  4.2661  3.9558  3.7817  3.7080  3.5709  3.3671  3.3621  3.2587
 149  0.686628  3.7972  4.0498  0.3672  5.6671  4.9848  4.3565  4.0338  4.3899  4.2451  3.9333  3.7585  3.6846  3.5470  3.3424  3.3374  3.2334
 150  0.687154  3.7963  4.0374  0.3764  5.6611  4.9737  4.3406  4.0159  4.3698  4.2243  3.9108  3.7353  3.6611  3.5229  3.3175  3.3123  3.2076
 151  0.687666  3.7954  4.0244  0.3857  5.6575  4.9643  4.3257  3.9985  4.3500  4.2038  3.8883  3.7119  3.6374  3.4985  3.2920  3.2867  3.1812
 152  0.688164  3.7942  4.0109  0.3950  5.6569  4.9570  4.3119  3.9818  4.3308  4.1835  3.8659  3.6884  3.6135  3.4738  3.2661  3.2608  3.1544
 153  0.688648  3.7929  3.9968  0.4043  5.6601  4.9526  4.2996  3.9659  4.3121  4.1636  3.8435  3.6649  3.5894  3.4490  3.2398  3.2344  3.1270
 154  0.689118  3.7915  3.9818  0.4136  5.6681  4.9515  4.2890  3.9513  4.2940  4.1442  3.8210  3.6411  3.5652  3.4238  3.2131  3.2076  3.0989
 155  0.689575  3.7898  3.9663  0.4230  5.6800  4.9534  4.2801  3.9376  4.2767  4.1253  3.7987  3.6174  3.5409  3.3984  3.1860  3.1803  3.0703
 156  0.690016  3.7881  3.9503  0.4324  5.6955  4.9579  4.2725  3.9250  4.2599  4.1067  3.7765  3.5936  3.5166  3.3729  3.1585  3.1528  3.0413
 157  0.690445  3.7862  3.9336  0.4418  5.7154  4.9654  4.2666  3.9136  4.2437  4.0887  3.7545  3.5698  3.4921  3.3471  3.1307  3.1248  3.0118
 158  0.690859  3.7839  3.9156  0.4511  5.7436  4.9786  4.2638  3.9043  4.2292  4.0718  3.7330  3.5462  3.4678  3.3212  3.1024  3.0963  2.9814
 159  0.691257  3.7813  3.8961  0.4604  5.7828  4.9998  4.2656  3.8982  4.2167  4.0566  3.7120  3.5228  3.4433  3.2950  3.0733  3.0669  2.9499
 160  0.691642  3.7784  3.8756  0.4695  5.8311  5.0271  4.2716  3.8950  4.2061  4.0428  3.6915  3.4995  3.4191  3.2687  3.0438  3.0372  2.9178
 161  0.692013  3.7754  3.8544  0.4785  5.8865  5.0595  4.2809  3.8942  4.1968  4.0299  3.6714  3.4764  3.3949  3.2423  3.0141  3.0072  2.8852
 162  0.692377  3.7720  3.8321  0.4875  5.9527  5.0989  4.2946  3.8969  4.1894  4.0185  3.6521  3.4538  3.3711  3.2161  2.9841  2.9770  2.8521
 163  0.692738  3.7689  3.8109  0.4969  6.0109  5.1320  4.3046  3.8974  4.1798  4.0053  3.6316  3.4305  3.3468  3.1898  2.9544  2.9470  2.8196
 164  0.693099  3.7663  3.7907  0.5065  6.0615  5.1588  4.3111  3.8958  4.1681  3.9904  3.6103  3.4066  3.3219  3.1631  2.9247  2.9171  2.7874
 165  0.693456  3.7639  3.7711  0.5167  6.1078  5.1817  4.3152  3.8924  4.1549  3.9739  3.5878  3.3818  3.2963  3.1357  2.8946  2.8868  2.7549
 166  0.693807  3.7614  3.7507  0.5273  6.1575  5.2058  4.3200  3.8895  4.1410  3.9568  3.5645  3.3559  3.2696  3.1073  2.8631  2.8552  2.7210
 167  0.694151  3.7588  3.7294  0.5384  6.2110  5.2312  4.3252  3.8869  4.1265  3.9388  3.5399  3.3287  3.2414  3.0772  2.8301  2.8219  2.6853
 168  0.694482  3.7562  3.7073  0.5505  6.2666  5.2570  4.3303  3.8841  4.1110  3.9195  3.5136  3.2997  3.2115  3.0453  2.7950  2.7866  2.6476
 169  0.694800  3.7537  3.6850  0.5633  6.3170  5.2787  4.3322  3.8782  4.0926  3.8976  3.4851  3.2687  3.1795  3.0116  2.7584  2.7497  2.6084
 170  0.695102  3.7514  3.6622  0.5769  6.3618  5.2958  4.3305  3.8692  4.0714  3.8731  3.4546  3.2357  3.1457  2.9761  2.7201  2.7112  2.5677
 171  0.695389  3.7493  3.6396  0.5913  6.3986  5.3071  4.3241  3.8564  4.0471  3.8459  3.4219  3.2009  3.1103  2.9391  2.6806  2.6716  2.5260
 172  0.695661  3.7475  3.6172  0.6064  6.4260  5.3116  4.3131  3.8398  4.0199  3.8160  3.3873  3.1645  3.0732  2.9008  2.6401  2.6308  2.4836
 173  0.695921  3.7458  3.5952  0.6219  6.4459  5.3108  4.2983  3.8200  3.9904  3.7841  3.3512  3.1268  3.0349  2.8613  2.5988  2.5894  2.4405
 174  0.696168  3.7443  3.5736  0.6379  6.4595  5.3050  4.2802  3.7974  3.9588  3.7504  3.3138  3.0880  2.9957  2.8211  2.5568  2.5473  2.3970
 175  0.696405  3.7431  3.5523  0.6541  6.4663  5.2944  4.2588  3.7724  3.9255  3.7152  3.2754  3.0484  2.9556  2.7803  2.5145  2.5048  2.3533
 176  0.696635  3.7418  3.5314  0.6706  6.4670  5.2797  4.2346  3.7450  3.8906  3.6787  3.2362  3.0082  2.9150  2.7389  2.4718  2.4620  2.3094
 177  0.696859  3.7409  3.5109  0.6872  6.4629  5.2618  4.2082  3.7159  3.8546  3.6413  3.1963  2.9673  2.8739  2.6971  2.4289  2.4190  2.2654
 178  0.697077  3.7399  3.4904  0.7040  6.4562  5.2419  4.1806  3.6857  3.8180  3.6032  3.1560  2.9262  2.8325  2.6549  2.3857  2.3757  2.2212
 179  0.697291  3.7390  3.4701  0.7209  6.4475  5.2208  4.1521  3.6547  3.7808  3.5649  3.1155  2.8848  2.7908  2.6128  2.3424  2.3323  2.1769
 180  0.697501  3.7382  3.4500  0.7379  6.4362  5.1978  4.1222  3.6229  3.7431  3.5260  3.0746  2.8432  2.7489  2.5703  2.2989  2.2889  2.1326
 181  0.697707  3.7374  3.4300  0.7550  6.4231  5.1737  4.0917  3.5902  3.7050  3.4868  3.0335  2.8013  2.7068  2.5276  2.2554  2.2453  2.0881
 182  0.697875  3.7368  3.4136  0.7692  6.4108  5.1528  4.0657  3.5627  3.6731  3.4540  2.9993  2.7664  2.6717  2.4922  2.2192  2.2090  2.0513
 183  0.698042  3.7363  3.3970  0.7835  6.3971  5.1310  4.0389  3.5344  3.6406  3.4208  2.9646  2.7312  2.6363  2.4563  2.1827  2.1724  2.0142
 184  0.698209  3.7357  3.3804  0.7980  6.3819  5.1079  4.0112  3.5052  3.6075  3.3867  2.9293  2.6954  2.6003  2.4200  2.1457  2.1353  1.9765
 185  0.698376  3.7352  3.3636  0.8128  6.3665  5.0846  3.9832  3.4758  3.5740  3.3524  2.8936  2.6592  2.5640  2.3832  2.1084  2.0979  1.9385
 186  0.698542  3.7347  3.3467  0.8277  6.3504  5.0605  3.9544  3.4457  3.5397  3.3174  2.8574  2.6224  2.5270  2.3459  2.0703  2.0598  1.8999
 187  0.698708  3.7342  3.3295  0.8429  6.3331  5.0355  3.9249  3.4148  3.5049  3.2818  2.8204  2.5849  2.4893  2.3079  2.0317  2.0212  1.8605
 188  0.698873  3.7337  3.3122  0.8584  6.3149  5.0095  3.8946  3.3831  3.4694  3.2455  2.7828  2.5469  2.4512  2.2693  1.9925  1.9818  1.8208
 189  0.699036  3.7332  3.2945  0.8742  6.2961  4.9830  3.8636  3.3509  3.4331  3.2085  2.7445  2.5080  2.4122  2.2300  1.9524  1.9417  1.7802
 190  0.699199  3.7327  3.2764  0.8904  6.2763  4.9553  3.8315  3.3175  3.3957  3.1704  2.7053  2.4682  2.3722  2.1896  1.9115  1.9007  1.7386
 191  0.699360  3.7322  3.2578  0.9069  6.2561  4.9270  3.7986  3.2833  3.3575  3.1314  2.6648  2.4274  2.3311  2.1481  1.8694  1.8586  1.6959
 192  0.699519  3.7317  3.2390  0.9239  6.2346  4.8974  3.7646  3.2480  3.3181  3.0913  2.6235  2.3855  2.2891  2.1057  1.8263  1.8155  1.6522
 193  0.699676  3.7312  3.2196  0.9414  6.2127  4.8670  3.7296  3.2118  3.2777  3.0501  2.5810  2.3424  2.2459  2.0622  1.7820  1.7712  1.6074
 194  0.699830  3.7307  3.1995  0.9595  6.1897  4.8354  3.6934  3.1742  3.2358  3.0074  2.5370  2.2979  2.2012  2.0170  1.7362  1.7253  1.5609
 195  0.699982  3.7301  3.1785  0.9784  6.1659  4.8026  3.6556  3.1350  3.1922  2.9629  2.4912  2.2514  2.1545  1.9700  1.6885  1.6775  1.5125
 196  0.700130  3.7296  3.1570  0.9978  6.1406  4.7680  3.6163  3.0943  3.1469  2.9169  2.4437  2.2034  2.1064  1.9214  1.6392  1.6281  1.4625
 197  0.700275  3.7289  3.1344  1.0181  6.1155  4.7330  3.5760  3.0525  3.1002  2.8693  2.3946  2.1536  2.0563  1.8710  1.5880  1.5769  1.4107
 198  0.700416  3.7283  3.1112  1.0389  6.0902  4.6973  3.5346  3.0097  3.0523  2.8205  2.3441  2.1025  2.0051  1.8191  1.5354  1.5242  1.3572
 199  0.700554  3.7278  3.0875  1.0602  6.0627  4.6597  3.4918  2.9653  3.0030  2.7701  2.2922  2.0500  1.9523  1.7660  1.4814  1.4701  1.3025
 200  0.700688  3.7271  3.0631  1.0821  6.0334  4.6206  3.4477  2.9196  2.9524  2.7187  2.2390  1.9962  1.8983  1.7114  1.4260  1.4147  1.2463
 201  0.700819  3.7264  3.0381  1.1045  6.0041  4.5810  3.4029  2.8734  2.9009  2.6661  2.1847  1.9410  1.8430  1.6556  1.3693  1.3579  1.1888
 202  0.700947  3.7258  3.0125  1.1274  5.9744  4.5406  3.3573  2.8260  2.8481  2.6124  2.1292  1.8849  1.7866  1.5986  1.3114  1.2999  1.1300
 203  0.701071  3.7250  2.9862  1.1507  5.9456  4.5003  3.3111  2.7781  2.7946  2.5577  2.0726  1.8275  1.7289  1.5405  1.2523  1.2407  1.0701
 204  0.701192  3.7242  2.9593  1.1746  5.9185  4.4605  3.2650  2.7299  2.7403  2.5023  2.0151  1.7692  1.6704  1.4813  1.1921  1.1805  1.0087
 205  0.701310  3.7234  2.9317  1.1989  5.8924  4.4210  3.2185  2.6813  2.6852  2.4458  1.9566  1.7098  1.6107  1.4211  1.1307  1.1190  0.9465
 206  0.701423  3.7224  2.9035  1.2236  5.8669  4.3813  3.1715  2.6319  2.6292  2.3886  1.8970  1.6494  1.5501  1.3597  1.0683  1.0565  0.8828
 207  0.701532  3.7215  2.8748  1.2488  5.8422  4.3417  3.1242  2.5822  2.5726  2.3305  1.8366  1.5880  1.4883  1.2975  1.0047  0.9928  0.8183
 208  0.701638  3.7206  2.8456  1.2743  5.8186  4.3024  3.0766  2.5320  2.5151  2.2717  1.7752  1.5257  1.4257  1.2341  0.9403  0.9282  0.7526
 209  0.701741  3.7197  2.8159  1.3002  5.7964  4.2636  3.0288  2.4816  2.4570  2.2121  1.7131  1.4625  1.3624  1.1700  0.8748  0.8627  0.6860
 210  0.701838  3.7186  2.7857  1.3265  5.7762  4.2254  2.9812  2.4310  2.3985  2.1519  1.6502  1.3985  1.2980  1.1050  0.8084  0.7962  0.6184
 211  0.701933  3.7176  2.7549  1.3531  5.7576  4.1879  2.9336  2.3803  2.3392  2.0912  1.5865  1.3339  1.2330  1.0391  0.7413  0.7289  0.5499
 212  0.702023  3.7165  2.7238  1.3800  5.7412  4.1515  2.8861  2.3296  2.2797  2.0298  1.5223  1.2685  1.1673  0.9726  0.6733  0.6608  0.4805
 213  0.702110  3.7154  2.6922  1.4072  5.7271  4.1164  2.8389  2.2789  2.2198  1.9680  1.4574  1.2024  1.1008  0.9054  0.6045  0.5918  0.4104
 214  0.702193  3.7143  2.6603  1.4347  5.7150  4.0822  2.7917  2.2281  2.1594  1.9057  1.3919  1.1357  1.0338  0.8374  0.5351  0.5223  0.3395
 215  0.702272  3.7131  2.6279  1.4625  5.7143  4.0533  2.7464  2.1786  2.0988  1.8430  1.3259  1.0684  0.9660  0.7688  0.4649  0.4520  0.2679
 216  0.702348  3.7120  2.5954  1.4905  5.7176  4.0266  2.7018  2.1294  2.0381  1.7801  1.2593  1.0005  0.8976  0.6996  0.3940  0.3810  0.1956
 217  0.702360  3.7118  2.5899  1.4952  5.7182  4.0224  2.6944  2.1214  2.0280  1.7696  1.2483  0.9892  0.8863  0.6880  0.3823  0.3692  0.1836
 218  0.702372  3.7116  2.5844  1.4998  5.7189  4.0181  2.6871  2.1133  2.0179  1.7591  1.2371  0.9779  0.8750  0.6764  0.3704  0.3574  0.1714
 219  0.702384  3.7113  2.5789  1.5046  5.7191  4.0137  2.6795  2.1050  2.0077  1.7485  1.2261  0.9665  0.8635  0.6649  0.3586  0.3455  0.1594
 220  0.702396  3.7112  2.5734  1.5093  5.7199  4.0096  2.6722  2.0969  1.9976  1.7380  1.2149  0.9551  0.8520  0.6533  0.3467  0.3335  0.1472
 221  0.702407  3.7110  2.5678  1.5140  5.7207  4.0055  2.6649  2.0887  1.9874  1.7274  1.2036  0.9436  0.8404  0.6415  0.3346  0.3215  0.1350
 222  0.702420  3.7108  2.5622  1.5188  5.7214  4.0013  2.6574  2.0806  1.9772  1.7168  1.1923  0.9321  0.8287  0.6297  0.3226  0.3094  0.1226
 223  0.702432  3.7106  2.5566  1.5236  5.7226  3.9973  2.6502  2.0724  1.9670  1.7061  1.1809  0.9205  0.8172  0.6179  0.3105  0.2973  0.1102
 224  0.702444  3.7104  2.5509  1.5284  5.7235  3.9932  2.6427  2.0642  1.9566  1.6953  1.1696  0.9088  0.8054  0.6059  0.2983  0.2851  0.0977
 225  0.702456  3.7101  2.5453  1.5333  5.7248  3.9894  2.6353  2.0560  1.9462  1.6846  1.1581  0.8971  0.7936  0.5940  0.2860  0.2727  0.0852
 226  0.702467  3.7099  2.5396  1.5382  5.7259  3.9854  2.6279  2.0477  1.9358  1.6737  1.1466  0.8853  0.7818  0.5821  0.2737  0.2604  0.0727
 227  0.702570  3.7079  2.4856  1.5839  5.7429  3.9545  2.5610  1.9726  1.8391  1.5728  1.0390  0.7753  0.6707  0.4694  0.1581  0.1446 -0.0455
 228  0.702663  3.7056  2.4303  1.6303  5.7671  3.9332  2.4980  1.9007  1.7431  1.4720  0.9307  0.6640  0.5587  0.3553  0.0408  0.0270 -0.1657
 229  0.702750  3.7033  2.3744  1.6770  5.7996  3.9160  2.4371  1.8303  1.6478  1.3716  0.8223  0.5525  0.4462  0.2409 -0.0771 -0.0911 -0.2866
 230  0.702831  3.7011  2.3210  1.7215  5.8355  3.8996  2.3791  1.7631  1.5566  1.2757  0.7185  0.4459  0.3385  0.1312 -0.1901 -0.2044 -0.4024
 231  0.702901  3.6989  2.2712  1.7629  5.8697  3.8865  2.3264  1.7016  1.4725  1.1870  0.6224  0.3470  0.2388  0.0297 -0.2949 -0.3094 -0.5098
 232  0.702967  3.6969  2.2232  1.8027  5.8931  3.8715  2.2748  1.6417  1.3919  1.1019  0.5301  0.2520  0.1429 -0.0680 -0.3957 -0.4104 -0.6133
 233  0.703028  3.6953  2.1828  1.8365  5.9100  3.8517  2.2284  1.5887  1.3228  1.0291  0.4515  0.1712  0.0615 -0.1510 -0.4810 -0.4960 -0.7007
 234  0.703086  3.6937  2.1459  1.8675  5.9268  3.8307  2.1848  1.5390  1.2587  0.9619  0.3789  0.0967 -0.0136 -0.2274 -0.5597 -0.5748 -0.7814
 235  0.703141  3.6915  2.0966  1.9081  5.9555  3.8270  2.1374  1.4826  1.1786  0.8768  0.2859  0.0006 -0.1107 -0.3264 -0.6621 -0.6774 -0.8867
 236  0.703191  3.6892  2.0446  1.9505  5.9852  3.8335  2.0922  1.4274  1.0969  0.7896  0.1898 -0.0989 -0.2113 -0.4292 -0.7687 -0.7843 -0.9965
 237  0.703237  3.6868  1.9934  1.9923  6.0119  3.8455  2.0500  1.3754  1.0175  0.7045  0.0958 -0.1964 -0.3098 -0.5300 -0.8733 -0.8892 -1.1044
 238  0.703279  3.6846  1.9486  2.0285  6.0360  3.8653  2.0176  1.3338  0.9501  0.6320  0.0152 -0.2801 -0.3944 -0.6168 -0.9635 -0.9798 -1.1977
 239  0.703319  3.6830  1.9138  2.0566  6.0488  3.8870  1.9939  1.3031  0.8984  0.5763 -0.0471 -0.3448 -0.4600 -0.6839 -1.0334 -1.0498 -1.2700
 240  0.703356  3.6821  1.8951  2.0723  6.0426  3.9083  1.9814  1.2865  0.8693  0.5449 -0.0817 -0.3808 -0.4963 -0.7211 -1.0719 -1.0885 -1.3097
 241  0.703395  3.6800  1.8507  2.1079  6.0619  3.9395  1.9538  1.2502  0.8046  0.4748 -0.1602 -0.4626 -0.5792 -0.8061 -1.1604 -1.1773 -1.4013
 242  0.703429  3.6771  1.7936  2.1535  6.0911  3.9775  1.9205  1.2056  0.7232  0.3862 -0.2602 -0.5670 -0.6848 -0.9146 -1.2736 -1.2908 -1.5187
 243  0.703460  3.6743  1.7380  2.1978  6.1150  4.0177  1.8905  1.1649  0.6453  0.3012 -0.3567 -0.6678 -0.7870 -1.0197 -1.3832 -1.4008 -1.6323
 244  0.703490  3.6716  1.6838  2.2410  6.1326  4.0591  1.8630  1.1272  0.5703  0.2189 -0.4502 -0.7658 -0.8862 -1.1217 -1.4899 -1.5078 -1.7431
 245  0.703515  3.6687  1.6301  2.2836  6.1456  4.1022  1.8381  1.0928  0.4975  0.1387 -0.5420 -0.8620 -0.9838 -1.2223 -1.5950 -1.6134 -1.8523
 246  0.703538  3.6659  1.5767  2.3259  6.1550  4.1472  1.8165  1.0619  0.4271  0.0606 -0.6322 -0.9568 -1.0801 -1.3214 -1.6988 -1.7176 -1.9604
 247  0.703559  3.6633  1.5260  2.3659  6.1586  4.1912  1.7988  1.0364  0.3619 -0.0122 -0.7168 -1.0461 -1.1709 -1.4150 -1.7970 -1.8161 -2.0625
 248  0.703579  3.6606  1.4763  2.4051  6.1578  4.2349  1.7836  1.0139  0.2996 -0.0823 -0.7990 -1.1330 -1.2592 -1.5063 -1.8928 -1.9122 -2.1624
 249  0.703597  3.6580  1.4279  2.4431  6.1550  4.2791  1.7718  0.9954  0.2410 -0.1487 -0.8777 -1.2166 -1.3441 -1.5943 -1.9853 -2.0051 -2.2590
 250  0.703613  3.6553  1.3794  2.4807  6.1520  4.3263  1.7639  0.9811  0.1850 -0.2130 -0.9548 -1.2988 -1.4278 -1.6812 -2.0769 -2.0972 -2.3548
 251  0.703628  3.6527  1.3327  2.5169  6.1465  4.3717  1.7581  0.9697  0.1324 -0.2737 -1.0283 -1.3774 -1.5079 -1.7643 -2.1647 -2.1853 -2.4469
 252  0.703642  3.6501  1.2863  2.5529  6.1390  4.4165  1.7539  0.9605  0.0815 -0.3331 -1.1007 -1.4549 -1.5869 -1.8465 -2.2515 -2.2726 -2.5380
 253  0.703654  3.6475  1.2407  2.5882  6.1298  4.4591  1.7515  0.9536  0.0327 -0.3902 -1.1712 -1.5305 -1.6641 -1.9267 -2.3365 -2.3579 -2.6271
 254  0.703666  3.6450  1.1963  2.6225  6.1191  4.4987  1.7504  0.9490 -0.0133 -0.4447 -1.2390 -1.6036 -1.7387 -2.0043 -2.4187 -2.4404 -2.7136
 255  0.703677  3.6425  1.1523  2.6565  6.1070  4.5372  1.7507  0.9462 -0.0577 -0.4976 -1.3054 -1.6753 -1.8120 -2.0807 -2.4996 -2.5218 -2.7988
 256  0.703687  3.6400  1.1091  2.6897  6.0939  4.5744  1.7523  0.9455 -0.0998 -0.5482 -1.3696 -1.7447 -1.8832 -2.1548 -2.5785 -2.6010 -2.8821
 257  0.703696  3.6375  1.0670  2.7219  6.0802  4.6103  1.7556  0.9468 -0.1392 -0.5961 -1.4310 -1.8115 -1.9515 -2.2263 -2.6546 -2.6776 -2.9628
 258  0.703705  3.6351  1.0254  2.7539  6.0651  4.6440  1.7591  0.9489 -0.1773 -0.6426 -1.4911 -1.8771 -2.0186 -2.2965 -2.7296 -2.7530 -3.0422
 259  0.703713  3.6327  0.9846  2.7851  6.0491  4.6758  1.7630  0.9518 -0.2134 -0.6872 -1.5494 -1.9407 -2.0838 -2.3647 -2.8027 -2.8265 -3.1197
 260  0.703720  3.6304  0.9448  2.8154  6.0323  4.7057  1.7673  0.9554 -0.2472 -0.7297 -1.6056 -2.0022 -2.1471 -2.4308 -2.8738 -2.8980 -3.1953
 261  0.703727  3.6280  0.9053  2.8453  6.0166  4.7366  1.7736  0.9612 -0.2785 -0.7698 -1.6602 -2.0624 -2.2090 -2.4956 -2.9436 -2.9682 -3.2697
 262  0.703733  3.6256  0.8664  2.8748  5.9999  4.7653  1.7796  0.9669 -0.3083 -0.8083 -1.7136 -2.1212 -2.2695 -2.5591 -3.0119 -3.0369 -3.3424
 263  0.703739  3.6233  0.8285  2.9034  5.9825  4.7917  1.7853  0.9727 -0.3363 -0.8453 -1.7654 -2.1784 -2.3286 -2.6206 -3.0786 -3.1038 -3.4134
 264  0.703745  3.6209  0.7912  2.9315  5.9645  4.8167  1.7911  0.9788 -0.3631 -0.8811 -1.8162 -2.2347 -2.3867 -2.6812 -3.1438 -3.1693 -3.4829
 265  0.703751  3.6187  0.7546  2.9591  5.9455  4.8397  1.7963  0.9846 -0.3886 -0.9153 -1.8657 -2.2897 -2.4436 -2.7404 -3.2077 -3.2335 -3.5512
 266  0.703755  3.6165  0.7189  2.9861  5.9261  4.8606  1.8008  0.9900 -0.4128 -0.9481 -1.9136 -2.3427 -2.4984 -2.7975 -3.2699 -3.2960 -3.6175
 267  0.703760  3.6144  0.6838  3.0125  5.9061  4.8801  1.8050  0.9954 -0.4354 -0.9794 -1.9599 -2.3943 -2.5518 -2.8532 -3.3307 -3.3571 -3.6827
 268  0.703765  3.6123  0.6492  3.0387  5.8854  4.8977  1.8083  1.0003 -0.4574 -1.0098 -2.0050 -2.4446 -2.6039 -2.9077 -3.3908 -3.4175 -3.7471
 269  0.703769  3.6102  0.6157  3.0639  5.8646  4.9140  1.8111  1.0048 -0.4773 -1.0378 -2.0480 -2.4927 -2.6536 -2.9598 -3.4486 -3.4757 -3.8093
 270  0.703774  3.6081  0.5825  3.0890  5.8435  4.9301  1.8137  1.0094 -0.4956 -1.0642 -2.0893 -2.5390 -2.7018 -3.0105 -3.5057 -3.5330 -3.8708
 271  0.703778  3.6062  0.5500  3.1135  5.8217  4.9442  1.8146  1.0124 -0.5138 -1.0905 -2.1304 -2.5850 -2.7494 -3.0603 -3.5619 -3.5893 -3.9312
 272  0.703780  3.6042  0.5183  3.1374  5.8000  4.9586  1.8159  1.0161 -0.5297 -1.1140 -2.1687 -2.6280 -2.7940 -3.1074 -3.6162 -3.6440 -3.9900
 273  0.703784  3.6023  0.4870  3.1609  5.7778  4.9720  1.8161  1.0190 -0.5447 -1.1364 -2.2055 -2.6692 -2.8366 -3.1528 -3.6696 -3.6977 -4.0478
 274  0.703787  3.6004  0.4568  3.1838  5.7544  4.9830  1.8142  1.0197 -0.5602 -1.1591 -2.2416 -2.7094 -2.8780 -3.1969 -3.7221 -3.7502 -4.1045
 275  0.703790  3.5986  0.4269  3.2063  5.7324  4.9986  1.8143  1.0226 -0.5723 -1.1783 -2.2751 -2.7472 -2.9168 -3.2391 -3.7732 -3.8016 -4.1601
 276  0.703793  3.5967  0.3977  3.2282  5.7101  5.0139  1.8137  1.0249 -0.5830 -1.1962 -2.3067 -2.7829 -2.9535 -3.2795 -3.8229 -3.8515 -4.2144
 277  0.703796  3.5950  0.3695  3.2495  5.6877  5.0283  1.8123  1.0265 -0.5930 -1.2129 -2.3365 -2.8169 -2.9883 -3.3180 -3.8711 -3.8999 -4.2669
 278  0.703799  3.5934  0.3423  3.2701  5.6653  5.0419  1.8103  1.0274 -0.6020 -1.2281 -2.3643 -2.8485 -3.0207 -3.3542 -3.9171 -3.9461 -4.3175
 279  0.703801  3.5919  0.3176  3.2887  5.6412  5.0453  1.7991  1.0159 -0.6234 -1.2527 -2.3981 -2.8857 -3.0585 -3.3944 -3.9623 -3.9913 -4.3649
