#NUMBER OF AGES= 1
#----------------------------------------------------       
#MIX-LEN  Y      Z          Zeff        [Fe/H] [a/Fe]
# 1.9380  0.3300 1.2993E-03 6.6136E-04  -1.35   0.40 
#----------------------------------------------------       
#**PHOTOMETRIC SYSTEM**: HST WFPC2 (Vega)                   
#----------------------------------------------------       
#AGE=13.000 EEPS=266
#EEP   M/Mo    LogTeff  LogG   LogL/Lo F218W   F255W   F300W   F336W   F439W   F450W   F555W   F606W   F622W   F675W   F791W   F814W   F850LP
  14  0.107033  3.5296  5.2823 -2.7434 20.8628 20.7244 17.0611 16.2454 15.0977 14.5130 13.1249 12.5933 12.4035 11.9971 11.0175 10.9763 10.5251
  15  0.121030  3.5372  5.2345 -2.6118 20.4693 20.1054 16.5750 15.7429 14.5875 14.0412 12.6975 12.1673 11.9775 11.5834 10.6807 10.6412 10.2066
  16  0.134481  3.5439  5.1937 -2.4985 20.1160 19.5594 16.1532 15.3121 14.1564 13.6394 12.3342 11.8061 11.6164 11.2315 10.3906 10.3526  9.9317
  17  0.146838  3.5496  5.1613 -2.4054 19.8150 19.1096 15.8066 14.9609 13.8085 13.3128 12.0383 11.5127 11.3233 10.9453 10.1521 10.1154  9.7054
  18  0.158578  3.5544  5.1348 -2.3265 19.5504 18.7326 15.5179 14.6702 13.5226 13.0420 11.7918 11.2686 11.0797 10.7069  9.9506  9.9149  9.5139
  19  0.170584  3.5586  5.1112 -2.2544 19.3025 18.3907 15.2573 14.4093 13.2678 12.7989 11.5698 11.0492 10.8609 10.4924  9.7665  9.7316  9.3383
  20  0.183173  3.5624  5.0890 -2.1861 19.0649 18.0720 15.0141 14.1673 13.0332 12.5739 11.3636 10.8456 10.6582 10.2933  9.5927  9.5585  9.1717
  21  0.196837  3.5659  5.0680 -2.1196 18.8321 17.7681 14.7804 13.9353 12.8093 12.3582 11.1654 10.6503 10.4637 10.1021  9.4239  9.3904  9.0096
  22  0.210519  3.5690  5.0492 -2.0590 18.6188 17.4951 14.5687 13.7256 12.6079 12.1635 10.9862 10.4740 10.2882  9.9296  9.2701  9.2372  8.8617
  23  0.225390  3.5721  5.0314 -1.9992 18.4077 17.2299 14.3609 13.5200 12.4114 11.9731 10.8110 10.3020 10.1170  9.7614  9.1186  9.0861  8.7156
  24  0.238719  3.5745  5.0172 -1.9499 18.2376 17.0204 14.1914 13.3520 12.2510 11.8172 10.6675 10.1613  9.9772  9.6240  8.9937  8.9617  8.5953
  25  0.249209  3.5763  5.0066 -1.9135 18.1124 16.8697 14.0661 13.2278 12.1325 11.7019 10.5615 10.0577  9.8742  9.5229  8.9015  8.8698  8.5063
  26  0.256751  3.5776  4.9996 -1.8886 18.0260 16.7662 13.9803 13.1426 12.0515 11.6230 10.4888  9.9868  9.8037  9.4538  8.8383  8.8068  8.4453
  27  0.262384  3.5784  4.9950 -1.8711 17.9654 16.6940 13.9202 13.0829 11.9948 11.5678 10.4379  9.9371  9.7542  9.4053  8.7939  8.7625  8.4025
  28  0.266655  3.5791  4.9920 -1.8584 17.9211 16.6411 13.8764 13.0395 11.9537 11.5276 10.4009  9.9010  9.7184  9.3702  8.7618  8.7306  8.3716
  29  0.269897  3.5796  4.9896 -1.8488 17.8872 16.6004 13.8429 13.0063 11.9221 11.4968 10.3727  9.8734  9.6910  9.3433  8.7374  8.7062  8.3481
  30  0.272511  3.5800  4.9877 -1.8409 17.8593 16.5667 13.8153 12.9789 11.8961 11.4714 10.3494  9.8508  9.6684  9.3213  8.7174  8.6863  8.3290
  31  0.274882  3.5804  4.9863 -1.8341 17.8347 16.5366 13.7907 12.9546 11.8732 11.4491 10.3290  9.8310  9.6488  9.3021  8.7001  8.6692  8.3125
  32  0.277090  3.5809  4.9845 -1.8273 17.8097 16.5061 13.7660 12.9300 11.8500 11.4265 10.3084  9.8108  9.6288  9.2827  8.6827  8.6517  8.2958
  33  0.279442  3.5813  4.9828 -1.8201 17.7834 16.4741 13.7399 12.9042 11.8258 11.4029 10.2869  9.7899  9.6080  9.2623  8.6644  8.6336  8.2783
  34  0.281963  3.5817  4.9806 -1.8122 17.7555 16.4404 13.7123 12.8769 11.7999 11.3776 10.2638  9.7674  9.5857  9.2405  8.6446  8.6139  8.2594
  35  0.284652  3.5821  4.9780 -1.8037 17.7257 16.4049 13.6829 12.8477 11.7723 11.3506 10.2389  9.7432  9.5616  9.2168  8.6231  8.5924  8.2386
  36  0.287518  3.5826  4.9749 -1.7945 17.6949 16.3684 13.6521 12.8172 11.7433 11.3222 10.2125  9.7173  9.5359  9.1916  8.6000  8.5693  8.2163
  37  0.288831  3.5825  4.9734 -1.7909 17.6800 16.3526 13.6402 12.8061 11.7347 11.3137 10.2050  9.7099  9.5287  9.1840  8.5914  8.5606  8.2072
  38  0.292275  3.5829  4.9690 -1.7802 17.6473 16.3149 13.6073 12.7734 11.7035 11.2829 10.1761  9.6813  9.5002  9.1557  8.5645  8.5338  8.1807
  39  0.306734  3.5858  4.9513 -1.7303 17.4971 16.1174 13.4428 12.6080 11.5403 11.1214 10.0247  9.5318  9.3513  9.0097  8.4382  8.4079  8.0611
  40  0.326508  3.5897  4.9263 -1.6630 17.2643 15.8307 13.2088 12.3762 11.3214 10.9059  9.8262  9.3383  9.1591  8.8218  8.2684  8.2387  7.8984
  41  0.357355  3.5980  4.8827 -1.5462 16.7820 15.2649 12.7518 11.9276 10.9170 10.5117  9.4759  9.0031  8.8280  8.5002  7.9729  7.9445  7.6159
  42  0.370206  3.6023  4.8624 -1.4936 16.5711 15.0124 12.5448 11.7233 10.7314 10.3303  9.3149  8.8494  8.6763  8.3535  7.8396  7.8118  7.4895
  43  0.380810  3.6062  4.8451 -1.4481 16.3883 14.7924 12.3629 11.5434 10.5682 10.1709  9.1740  8.7156  8.5443  8.2261  7.7243  7.6970  7.3806
  44  0.390358  3.6103  4.8295 -1.4057 16.2163 14.5862 12.1902 11.3723 10.4133 10.0199  9.0416  8.5905  8.4210  8.1076  7.6169  7.5902  7.2794
  45  0.399309  3.6144  4.8151 -1.3650 16.0486 14.3881 12.0208 11.2040 10.2611  9.8721  8.9130  8.4698  8.3022  7.9940  7.5135  7.4874  7.1822
  46  0.407844  3.6187  4.8019 -1.3253 15.8835 14.1952 11.8523 11.0361 10.1097  9.7255  8.7865  8.3519  8.1863  7.8835  7.4129  7.3875  7.0881
  47  0.416333  3.6235  4.7895 -1.2847 15.7086 13.9897 11.6724 10.8552  9.9481  9.5697  8.6537  8.2292  8.0661  7.7697  7.3102  7.2854  6.9926
  48  0.424425  3.6286  4.7786 -1.2450 15.5320 13.7818 11.4878 10.6690  9.7835  9.4116  8.5205  8.1073  7.9468  7.6576  7.2095  7.1856  6.9000
  49  0.432360  3.6340  4.7687 -1.2054 15.3528 13.5700 11.2962 10.4760  9.6156  9.2507  8.3856  7.9846  7.8270  7.5457  7.1096  7.0866  6.8086
  50  0.440036  3.6396  4.7600 -1.1668 15.1765 13.3630 11.1010 10.2801  9.4477  9.0901  8.2519  7.8633  7.7090  7.4359  7.0123  6.9903  6.7201
  51  0.447566  3.6453  4.7521 -1.1287 15.0009 13.1549 10.8990 10.0800  9.2802  8.9303  8.1190  7.7435  7.5923  7.3277  6.9170  6.8957  6.6337
  52  0.452443  3.6490  4.7471 -1.1042 14.8730 13.0060 10.7654  9.9476  9.1725  8.8274  8.0335  7.6661  7.5172  7.2579  6.8551  6.8344  6.5775
  53  0.457250  3.6527  4.7425 -1.0799 14.7265 12.8383 10.6302  9.8130  9.0669  8.7261  7.9496  7.5902  7.4436  7.1892  6.7938  6.7736  6.5217
  54  0.461966  3.6566  4.7384 -1.0559 14.5643 12.6549 10.4901  9.6741  8.9612  8.6250  7.8662  7.5145  7.3706  7.1209  6.7327  6.7132  6.4664
  55  0.466593  3.6604  4.7345 -1.0323 14.3938 12.4619 10.3455  9.5332  8.8572  8.5255  7.7841  7.4401  7.2989  7.0536  6.6727  6.6537  6.4120
  56  0.471133  3.6643  4.7309 -1.0089 14.2144 12.2637 10.1967  9.3907  8.7541  8.4268  7.7029  7.3666  7.2281  6.9873  6.6135  6.5950  6.3584
  57  0.475593  3.6682  4.7276 -0.9859 14.0259 12.0604 10.0458  9.2477  8.6525  8.3299  7.6231  7.2943  7.1585  6.9222  6.5552  6.5373  6.3056
  58  0.479968  3.6720  4.7243 -0.9633 13.8307 11.8559  9.8955  9.1068  8.5538  8.2356  7.5454  7.2237  7.0907  6.8584  6.4980  6.4806  6.2539
  59  0.484262  3.6760  4.7213 -0.9410 13.6265 11.6482  9.7445  8.9665  8.4568  8.1432  7.4691  7.1543  7.0241  6.7957  6.4417  6.4249  6.2030
  60  0.488463  3.6796  4.7181 -0.9193 13.4233 11.4470  9.6009  8.8335  8.3650  8.0558  7.3964  7.0877  6.9601  6.7353  6.3872  6.3707  6.1534
  61  0.492577  3.6833  4.7151 -0.8979 13.2115 11.2443  9.4574  8.7017  8.2751  7.9704  7.3252  7.0225  6.8974  6.6760  6.3335  6.3176  6.1047
  62  0.496621  3.6868  4.7117 -0.8770 13.0009 11.0486  9.3193  8.5757  8.1894  7.8890  7.2569  6.9597  6.8369  6.6186  6.2813  6.2658  6.0571
  63  0.500589  3.6903  4.7085 -0.8565 12.7860 10.8552  9.1835  8.4525  8.1063  7.8102  7.1905  6.8984  6.7779  6.5625  6.2299  6.2149  6.0102
  64  0.504468  3.6935  4.7049 -0.8364 12.5735 10.6699  9.0529  8.3346  8.0269  7.7351  7.1270  6.8394  6.7210  6.5083  6.1802  6.1655  5.9647
  65  0.508231  3.6968  4.7015 -0.8169 12.3456 10.4843  8.9230  8.2185  7.9495  7.6622  7.0653  6.7823  6.6659  6.4557  6.1320  6.1177  5.9205
  66  0.511877  3.6999  4.6981 -0.7979 12.1244 10.3080  8.7985  8.1076  7.8752  7.5923  7.0061  6.7274  6.6129  6.4051  6.0856  6.0717  5.8780
  67  0.515416  3.7029  4.6948 -0.7794 11.9081 10.1387  8.6777  8.0001  7.8032  7.5247  6.9487  6.6740  6.5614  6.3560  6.0405  6.0270  5.8368
  68  0.518859  3.7059  4.6914 -0.7613 11.7022  9.9794  8.5625  7.8976  7.7339  7.4598  6.8934  6.6225  6.5115  6.3084  5.9968  5.9835  5.7966
  69  0.522215  3.7088  4.6880 -0.7436 11.5064  9.8290  8.4518  7.7990  7.6667  7.3968  6.8397  6.5725  6.4629  6.2620  5.9541  5.9412  5.7575
  70  0.525509  3.7116  4.6844 -0.7262 11.3399  9.6984  8.3503  7.7075  7.6023  7.3364  6.7877  6.5238  6.4157  6.2168  5.9125  5.8999  5.7191
  71  0.528741  3.7143  4.6809 -0.7092 11.1900  9.5791  8.2539  7.6201  7.5396  7.2776  6.7369  6.4761  6.3693  6.1725  5.8716  5.8593  5.6814
  72  0.531914  3.7169  4.6770 -0.6924 11.0503  9.4682  8.1624  7.5368  7.4791  7.2209  6.6877  6.4298  6.3241  6.1292  5.8316  5.8197  5.6445
  73  0.535036  3.7194  4.6733 -0.6759 10.9146  9.3607  8.0728  7.4553  7.4196  7.1651  6.6393  6.3843  6.2797  6.0867  5.7924  5.7806  5.6081
  74  0.538112  3.7219  4.6694 -0.6595 10.7846  9.2579  7.9862  7.3765  7.3616  7.1108  6.5920  6.3398  6.2362  6.0450  5.7537  5.7423  5.5725
  75  0.541151  3.7243  4.6654 -0.6432 10.6562  9.1570  7.9008  7.2990  7.3044  7.0573  6.5456  6.2959  6.1934  6.0040  5.7157  5.7045  5.5371
  76  0.544158  3.7267  4.6613 -0.6272 10.5231  9.0547  7.8160  7.2226  7.2484  7.0049  6.4998  6.2528  6.1512  5.9636  5.6782  5.6672  5.5023
  77  0.547139  3.7291  4.6571 -0.6112 10.3845  8.9501  7.7314  7.1466  7.1929  6.9531  6.4549  6.2102  6.1097  5.9236  5.6410  5.6303  5.4678
  78  0.550098  3.7314  4.6528 -0.5954 10.2476  8.8472  7.6487  7.0724  7.1384  6.9021  6.4105  6.1683  6.0687  5.8843  5.6043  5.5938  5.4336
  79  0.553032  3.7336  4.6483 -0.5797 10.1126  8.7461  7.5676  6.9996  7.0847  6.8519  6.3667  6.1268  6.0282  5.8453  5.5680  5.5577  5.3997
  80  0.555954  3.7358  4.6437 -0.5641  9.9805  8.6472  7.4883  6.9284  7.0318  6.8024  6.3234  6.0859  5.9880  5.8067  5.5319  5.5218  5.3660
  81  0.558844  3.7379  4.6389 -0.5485  9.8511  8.5502  7.4106  6.8586  6.9797  6.7536  6.2808  6.0454  5.9484  5.7685  5.4962  5.4864  5.3326
  82  0.562855  3.7408  4.6322 -0.5271  9.6761  8.4182  7.3045  6.7636  6.9083  6.6866  6.2220  5.9896  5.8937  5.7158  5.4469  5.4373  5.2864
  83  0.566874  3.7437  4.6249 -0.5054  9.5095  8.2903  7.2008  6.6703  6.8373  6.6199  6.1633  5.9338  5.8390  5.6631  5.3973  5.3881  5.2398
  84  0.570904  3.7464  4.6172 -0.4836  9.3486  8.1658  7.0992  6.5790  6.7669  6.5538  6.1048  5.8781  5.7843  5.6103  5.3477  5.3386  5.1930
  85  0.574931  3.7491  4.6092 -0.4617  9.1918  8.0437  6.9989  6.4886  6.6970  6.4879  6.0463  5.8224  5.7296  5.5574  5.2979  5.2890  5.1459
  86  0.578947  3.7518  4.6008 -0.4398  9.0396  7.9244  6.9009  6.4001  6.6276  6.4224  5.9882  5.7667  5.6751  5.5047  5.2480  5.2395  5.0988
  87  0.582937  3.7543  4.5920 -0.4178  8.8920  7.8077  6.8054  6.3139  6.5588  6.3575  5.9302  5.7112  5.6205  5.4519  5.1981  5.1898  5.0514
  88  0.586895  3.7567  4.5829 -0.3958  8.7493  7.6942  6.7129  6.2304  6.4909  6.2932  5.8725  5.6561  5.5662  5.3993  5.1483  5.1401  5.0040
  89  0.590805  3.7592  4.5735 -0.3740  8.6117  7.5838  6.6228  6.1491  6.4238  6.2295  5.8152  5.6011  5.5121  5.3467  5.0984  5.0904  4.9564
  90  0.594651  3.7615  4.5638 -0.3521  8.4783  7.4759  6.5349  6.0697  6.3575  6.1665  5.7583  5.5464  5.4583  5.2945  5.0487  5.0410  4.9090
  91  0.598425  3.7637  4.5539 -0.3305  8.3488  7.3706  6.4484  5.9921  6.2921  6.1041  5.7020  5.4923  5.4050  5.2427  4.9994  4.9919  4.8619
  92  0.602105  3.7659  4.5438 -0.3090  8.2240  7.2685  6.3645  5.9165  6.2277  6.0428  5.6464  5.4387  5.3521  5.1913  4.9505  4.9432  4.8150
  93  0.605683  3.7680  4.5335 -0.2877  8.1038  7.1695  6.2831  5.8430  6.1645  5.9825  5.5916  5.3858  5.3000  5.1407  4.9021  4.8949  4.7686
  94  0.609162  3.7701  4.5231 -0.2667  7.9871  7.0729  6.2037  5.7712  6.1022  5.9229  5.5373  5.3335  5.2485  5.0905  4.8542  4.8472  4.7225
  95  0.612545  3.7720  4.5125 -0.2458  7.8749  6.9796  6.1268  5.7014  6.0410  5.8643  5.4838  5.2819  5.1976  5.0409  4.8067  4.7999  4.6769
  96  0.615832  3.7739  4.5017 -0.2253  7.7664  6.8885  6.0522  5.6331  5.9807  5.8066  5.4308  5.2309  5.1473  4.9920  4.7599  4.7531  4.6318
  97  0.619018  3.7757  4.4909 -0.2049  7.6608  6.7994  5.9799  5.5659  5.9213  5.7495  5.3785  5.1807  5.0978  4.9438  4.7137  4.7071  4.5872
  98  0.622103  3.7775  4.4799 -0.1848  7.5593  6.7132  5.9102  5.5004  5.8629  5.6934  5.3268  5.1311  5.0490  4.8961  4.6682  4.6617  4.5433
  99  0.625092  3.7791  4.4688 -0.1649  7.4620  6.6300  5.8426  5.4369  5.8056  5.6382  5.2759  5.0821  5.0008  4.8491  4.6229  4.6166  4.4996
 100  0.627982  3.7807  4.4576 -0.1454  7.3680  6.5493  5.7763  5.3753  5.7494  5.5841  5.2257  5.0337  4.9530  4.8026  4.5781  4.5721  4.4563
 101  0.630780  3.7823  4.4463 -0.1260  7.2771  6.4711  5.7112  5.3157  5.6943  5.5308  5.1764  4.9860  4.9059  4.7564  4.5337  4.5277  4.4132
 102  0.633488  3.7837  4.4349 -0.1069  7.1902  6.3959  5.6472  5.2585  5.6404  5.4787  5.1279  4.9387  4.8591  4.7106  4.4894  4.4835  4.3701
 103  0.636108  3.7852  4.4234 -0.0879  7.1061  6.3229  5.5846  5.2027  5.5875  5.4274  5.0801  4.8920  4.8128  4.6653  4.4456  4.4398  4.3274
 104  0.638648  3.7865  4.4118 -0.0693  7.0244  6.2518  5.5235  5.1483  5.5353  5.3767  5.0329  4.8458  4.7670  4.6205  4.4023  4.3966  4.2852
 105  0.641112  3.7877  4.4002 -0.0508  6.9453  6.1827  5.4638  5.0949  5.4839  5.3267  4.9862  4.8001  4.7218  4.5762  4.3594  4.3537  4.2433
 106  0.643507  3.7890  4.3884 -0.0325  6.8675  6.1147  5.4054  5.0419  5.4328  5.2771  4.9399  4.7551  4.6771  4.5325  4.3171  4.3116  4.2022
 107  0.645840  3.7901  4.3766 -0.0144  6.7916  6.0481  5.3483  4.9895  5.3822  5.2280  4.8940  4.7105  4.6331  4.4894  4.2754  4.2700  4.1614
 108  0.648119  3.7913  4.3646  0.0035  6.7180  5.9834  5.2927  4.9382  5.3322  5.1794  4.8485  4.6663  4.5893  4.4466  4.2340  4.2286  4.1210
 109  0.650354  3.7923  4.3525  0.0214  6.6470  5.9208  5.2385  4.8881  5.2828  5.1313  4.8033  4.6223  4.5458  4.4039  4.1926  4.1874  4.0806
 110  0.652557  3.7933  4.3403  0.0391  6.5780  5.8594  5.1854  4.8388  5.2340  5.0836  4.7584  4.5786  4.5026  4.3615  4.1515  4.1462  4.0403
 111  0.654721  3.7943  4.3281  0.0567  6.5108  5.7997  5.1335  4.7904  5.1856  5.0364  4.7138  4.5350  4.4594  4.3192  4.1103  4.1052  4.0000
 112  0.655475  3.7947  4.3237  0.0629  6.4869  5.7784  5.1151  4.7733  5.1684  5.0196  4.6978  4.5195  4.4442  4.3041  4.0957  4.0906  3.9856
 113  0.656228  3.7951  4.3194  0.0693  6.4624  5.7567  5.0963  4.7558  5.1510  5.0026  4.6817  4.5038  4.4285  4.2888  4.0808  4.0756  3.9711
 114  0.656979  3.7955  4.3150  0.0757  6.4375  5.7346  5.0772  4.7382  5.1332  4.9852  4.6653  4.4878  4.4127  4.2732  4.0657  4.0606  3.9563
 115  0.657728  3.7958  4.3107  0.0822  6.4119  5.7120  5.0577  4.7202  5.1151  4.9675  4.6487  4.4715  4.3966  4.2574  4.0504  4.0454  3.9413
 116  0.658477  3.7963  4.3063  0.0889  6.3861  5.6891  5.0381  4.7021  5.0968  4.9497  4.6318  4.4551  4.3804  4.2415  4.0349  4.0300  3.9263
 117  0.659226  3.7968  4.3018  0.0956  6.3604  5.6663  5.0185  4.6840  5.0785  4.9317  4.6148  4.4386  4.3639  4.2254  4.0194  4.0143  3.9110
 118  0.659972  3.7971  4.2971  0.1024  6.3353  5.6438  4.9989  4.6658  5.0599  4.9136  4.5977  4.4217  4.3473  4.2090  4.0034  3.9984  3.8954
 119  0.660715  3.7974  4.2920  0.1092  6.3107  5.6217  4.9794  4.6477  5.0413  4.8953  4.5802  4.4047  4.3303  4.1923  3.9871  3.9821  3.8793
 120  0.661456  3.7978  4.2869  0.1162  6.2865  5.5996  4.9599  4.6294  5.0226  4.8769  4.5625  4.3874  4.3131  4.1753  3.9705  3.9656  3.8630
 121  0.662192  3.7980  4.2814  0.1232  6.2628  5.5779  4.9405  4.6111  5.0036  4.8583  4.5446  4.3697  4.2955  4.1580  3.9535  3.9487  3.8462
 122  0.662926  3.7984  4.2759  0.1305  6.2393  5.5564  4.9210  4.5926  4.9845  4.8395  4.5265  4.3518  4.2778  4.1405  3.9363  3.9314  3.8291
 123  0.663656  3.7986  4.2700  0.1377  6.2159  5.5347  4.9015  4.5741  4.9653  4.8205  4.5081  4.3336  4.2598  4.1226  3.9187  3.9138  3.8118
 124  0.664379  3.7989  4.2641  0.1451  6.1925  5.5130  4.8818  4.5554  4.9458  4.8012  4.4895  4.3153  4.2415  4.1045  3.9010  3.8961  3.7942
 125  0.665102  3.7991  4.2581  0.1525  6.1693  5.4914  4.8621  4.5365  4.9262  4.7819  4.4707  4.2968  4.2231  4.0862  3.8829  3.8780  3.7763
 126  0.665820  3.7993  4.2520  0.1600  6.1456  5.4694  4.8420  4.5175  4.9063  4.7623  4.4517  4.2780  4.2044  4.0677  3.8647  3.8598  3.7583
 127  0.666537  3.7995  4.2457  0.1676  6.1225  5.4478  4.8221  4.4985  4.8865  4.7426  4.4325  4.2591  4.1856  4.0491  3.8463  3.8414  3.7400
 128  0.667250  3.7997  4.2393  0.1753  6.0994  5.4263  4.8022  4.4794  4.8664  4.7229  4.4132  4.2400  4.1665  4.0302  3.8276  3.8228  3.7215
 129  0.667960  3.7999  4.2327  0.1830  6.0766  5.4047  4.7822  4.4602  4.8463  4.7028  4.3938  4.2207  4.1473  4.0111  3.8088  3.8040  3.7028
 130  0.668665  3.8001  4.2260  0.1908  6.0539  5.3833  4.7622  4.4410  4.8261  4.6828  4.3742  4.2013  4.1279  3.9919  3.7898  3.7849  3.6839
 131  0.669365  3.8002  4.2191  0.1987  6.0318  5.3621  4.7423  4.4217  4.8057  4.6626  4.3543  4.1815  4.1083  3.9723  3.7704  3.7656  3.6645
 132  0.670060  3.8002  4.2120  0.2066  6.0101  5.3413  4.7224  4.4024  4.7853  4.6424  4.3343  4.1617  4.0885  3.9526  3.7507  3.7459  3.6450
 133  0.670749  3.8003  4.2046  0.2146  5.9890  5.3206  4.7026  4.3830  4.7648  4.6219  4.3142  4.1416  4.0684  3.9325  3.7308  3.7260  3.6250
 134  0.671431  3.8003  4.1970  0.2227  5.9681  5.3003  4.6829  4.3636  4.7442  4.6014  4.2938  4.1213  4.0481  3.9123  3.7106  3.7058  3.6048
 135  0.672106  3.8003  4.1893  0.2309  5.9477  5.2800  4.6631  4.3441  4.7235  4.5806  4.2732  4.1008  4.0276  3.8918  3.6901  3.6853  3.5842
 136  0.672775  3.8003  4.1812  0.2392  5.9277  5.2601  4.6433  4.3246  4.7027  4.5599  4.2525  4.0800  4.0068  3.8710  3.6694  3.6645  3.5634
 137  0.673435  3.8002  4.1730  0.2475  5.9082  5.2404  4.6237  4.3050  4.6818  4.5390  4.2315  4.0590  3.9858  3.8500  3.6483  3.6435  3.5423
 138  0.674088  3.8001  4.1645  0.2560  5.8894  5.2211  4.6042  4.2854  4.6609  4.5180  4.2104  4.0379  3.9647  3.8288  3.6270  3.6221  3.5207
 139  0.674732  3.7999  4.1558  0.2645  5.8711  5.2022  4.5847  4.2658  4.6398  4.4969  4.1892  4.0165  3.9432  3.8073  3.6053  3.6004  3.4989
 140  0.675366  3.7997  4.1467  0.2731  5.8536  5.1837  4.5655  4.2463  4.6188  4.4758  4.1677  3.9949  3.9216  3.7855  3.5833  3.5784  3.4768
 141  0.675991  3.7995  4.1374  0.2818  5.8369  5.1657  4.5464  4.2268  4.5978  4.4546  4.1461  3.9730  3.8997  3.7634  3.5610  3.5562  3.4542
 142  0.676606  3.7992  4.1278  0.2905  5.8209  5.1482  4.5274  4.2074  4.5768  4.4333  4.1244  3.9511  3.8776  3.7411  3.5385  3.5336  3.4314
 143  0.677211  3.7988  4.1179  0.2993  5.8060  5.1312  4.5088  4.1880  4.5557  4.4120  4.1025  3.9288  3.8553  3.7186  3.5155  3.5106  3.4081
 144  0.677805  3.7983  4.1076  0.3083  5.7920  5.1149  4.4904  4.1688  4.5348  4.3908  4.0805  3.9065  3.8328  3.6958  3.4923  3.4873  3.3845
 145  0.678386  3.7978  4.0971  0.3172  5.7789  5.0992  4.4722  4.1496  4.5138  4.3694  4.0582  3.8839  3.8101  3.6728  3.4688  3.4638  3.3605
 146  0.678956  3.7973  4.0861  0.3263  5.7676  5.0846  4.4547  4.1308  4.4931  4.3483  4.0360  3.8611  3.7872  3.6495  3.4449  3.4398  3.3360
 147  0.679514  3.7966  4.0748  0.3353  5.7572  5.0706  4.4374  4.1120  4.4724  4.3271  4.0136  3.8382  3.7640  3.6260  3.4207  3.4156  3.3113
 148  0.680059  3.7959  4.0632  0.3445  5.7484  5.0577  4.4207  4.0936  4.4519  4.3059  3.9912  3.8151  3.7407  3.6021  3.3961  3.3910  3.2861
 149  0.680592  3.7952  4.0512  0.3538  5.7405  5.0454  4.4042  4.0754  4.4314  4.2848  3.9687  3.7919  3.7172  3.5781  3.3714  3.3661  3.2606
 150  0.681110  3.7943  4.0388  0.3630  5.7346  5.0344  4.3883  4.0575  4.4112  4.2638  3.9460  3.7685  3.6935  3.5540  3.3462  3.3409  3.2347
 151  0.681616  3.7933  4.0258  0.3723  5.7321  5.0259  4.3739  4.0404  4.3914  4.2432  3.9233  3.7449  3.6696  3.5294  3.3206  3.3151  3.2082
 152  0.682107  3.7921  4.0121  0.3817  5.7337  5.0204  4.3609  4.0242  4.3723  4.2229  3.9007  3.7213  3.6455  3.5044  3.2944  3.2889  3.1809
 153  0.682585  3.7908  3.9978  0.3911  5.7387  5.0174  4.3493  4.0088  4.3536  4.2030  3.8781  3.6975  3.6213  3.4793  3.2678  3.2623  3.1532
 154  0.683048  3.7893  3.9827  0.4005  5.7480  5.0173  4.3393  3.9945  4.3357  4.1836  3.8556  3.6736  3.5969  3.4540  3.2409  3.2352  3.1249
 155  0.683498  3.7876  3.9668  0.4098  5.7621  5.0208  4.3311  3.9814  4.3186  4.1648  3.8333  3.6498  3.5725  3.4283  3.2135  3.2076  3.0960
 156  0.683933  3.7858  3.9505  0.4194  5.7793  5.0263  4.3240  3.9692  4.3018  4.1464  3.8110  3.6259  3.5480  3.4027  3.1859  3.1799  3.0666
 157  0.684355  3.7839  3.9335  0.4288  5.8014  5.0352  4.3188  3.9582  4.2859  4.1285  3.7890  3.6020  3.5235  3.3767  3.1577  3.1517  3.0368
 158  0.684763  3.7817  3.9156  0.4381  5.8298  5.0486  4.3162  3.9491  4.2711  4.1113  3.7672  3.5781  3.4989  3.3507  3.1293  3.1230  3.0063
 159  0.685157  3.7793  3.8968  0.4476  5.8648  5.0666  4.3166  3.9421  4.2577  4.0952  3.7457  3.5543  3.4742  3.3244  3.1004  3.0939  2.9752
 160  0.685537  3.7768  3.8775  0.4569  5.9059  5.0889  4.3198  3.9371  4.2452  4.0799  3.7244  3.5307  3.4497  3.2981  3.0712  3.0646  2.9437
 161  0.685904  3.7741  3.8577  0.4661  5.9523  5.1146  4.3254  3.9340  4.2338  4.0653  3.7034  3.5072  3.4252  3.2717  3.0419  3.0350  2.9119
 162  0.686265  3.7711  3.8369  0.4754  6.0070  5.1456  4.3341  3.9333  4.2238  4.0518  3.6831  3.4840  3.4009  3.2454  3.0124  3.0053  2.8798
 163  0.686623  3.7683  3.8165  0.4851  6.0584  5.1735  4.3409  3.9315  4.2123  4.0370  3.6618  3.4600  3.3761  3.2186  2.9826  2.9752  2.8473
 164  0.686980  3.7658  3.7964  0.4951  6.1065  5.1982  4.3459  3.9288  4.1995  4.0210  3.6395  3.4353  3.3505  3.1913  2.9523  2.9447  2.8146
 165  0.687331  3.7633  3.7763  0.5056  6.1533  5.2210  4.3498  3.9250  4.1856  4.0038  3.6162  3.4097  3.3240  3.1631  2.9213  2.9134  2.7811
 166  0.687677  3.7608  3.7553  0.5166  6.2041  5.2453  4.3543  3.9218  4.1712  3.9861  3.5921  3.3829  3.2963  3.1336  2.8888  2.8808  2.7461
 167  0.688014  3.7582  3.7336  0.5282  6.2580  5.2705  4.3592  3.9187  4.1559  3.9672  3.5665  3.3547  3.2672  3.1025  2.8547  2.8464  2.7093
 168  0.688341  3.7556  3.7111  0.5406  6.3124  5.2951  4.3633  3.9148  4.1392  3.9468  3.5392  3.3246  3.2362  3.0696  2.8185  2.8101  2.6706
 169  0.688654  3.7532  3.6884  0.5538  6.3608  5.3150  4.3637  3.9077  4.1196  3.9238  3.5097  3.2926  3.2033  3.0349  2.7810  2.7723  2.6305
 170  0.688952  3.7509  3.6655  0.5678  6.4033  5.3302  4.3604  3.8974  4.0972  3.8982  3.4781  3.2587  3.1686  2.9986  2.7419  2.7330  2.5890
 171  0.689236  3.7488  3.6426  0.5827  6.4380  5.3398  4.3527  3.8834  4.0718  3.8698  3.4445  3.2230  3.1322  2.9607  2.7016  2.6925  2.5466
 172  0.689506  3.7470  3.6200  0.5980  6.4637  5.3429  4.3405  3.8655  4.0435  3.8389  3.4090  3.1858  3.0942  2.9215  2.6603  2.6510  2.5034
 173  0.689763  3.7453  3.5978  0.6139  6.4822  5.3406  4.3245  3.8447  4.0130  3.8061  3.3720  3.1472  3.0551  2.8812  2.6182  2.6088  2.4595
 174  0.690010  3.7439  3.5759  0.6301  6.4948  5.3338  4.3053  3.8212  3.9805  3.7714  3.3337  3.1075  3.0151  2.8402  2.5755  2.5659  2.4152
 175  0.690247  3.7427  3.5543  0.6468  6.4998  5.3218  4.2828  3.7950  3.9461  3.7352  3.2944  3.0671  2.9742  2.7985  2.5323  2.5226  2.3707
 176  0.690476  3.7416  3.5332  0.6636  6.4993  5.3060  4.2576  3.7668  3.9103  3.6979  3.2543  3.0260  2.9327  2.7563  2.4888  2.4790  2.3260
 177  0.690699  3.7405  3.5123  0.6806  6.4939  5.2869  4.2303  3.7367  3.8735  3.6595  3.2136  2.9843  2.8907  2.7137  2.4451  2.4352  2.2812
 178  0.690917  3.7396  3.4916  0.6977  6.4860  5.2660  4.2016  3.7056  3.8359  3.6206  3.1725  2.9423  2.8485  2.6707  2.4011  2.3911  2.2363
 179  0.691130  3.7387  3.4710  0.7150  6.4759  5.2437  4.1720  3.6736  3.7978  3.5814  3.1311  2.9001  2.8059  2.6277  2.3570  2.3469  2.1911
 180  0.691339  3.7379  3.4506  0.7322  6.4634  5.2196  4.1412  3.6408  3.7592  3.5416  3.0893  2.8576  2.7632  2.5843  2.3127  2.3025  2.1460
 181  0.691545  3.7371  3.4302  0.7497  6.4492  5.1945  4.1096  3.6072  3.7201  3.5014  3.0473  2.8148  2.7202  2.5408  2.2683  2.2581  2.1006
 182  0.691709  3.7366  3.4138  0.7638  6.4363  5.1733  4.0836  3.5795  3.6883  3.4687  3.0131  2.7800  2.6852  2.5055  2.2322  2.2219  2.0639
 183  0.691874  3.7361  3.3974  0.7781  6.4222  5.1512  4.0566  3.5512  3.6558  3.4354  2.9784  2.7448  2.6498  2.4697  2.1957  2.1854  2.0268
 184  0.692038  3.7355  3.3809  0.7927  6.4065  5.1278  4.0287  3.5218  3.6225  3.4013  2.9431  2.7090  2.6138  2.4333  2.1587  2.1484  1.9893
 185  0.692201  3.7350  3.3642  0.8074  6.3907  5.1042  4.0005  3.4923  3.5890  3.3670  2.9075  2.6728  2.5776  2.3966  2.1214  2.1109  1.9513
 186  0.692363  3.7345  3.3473  0.8224  6.3740  5.0799  3.9716  3.4620  3.5547  3.3320  2.8712  2.6360  2.5405  2.3592  2.0833  2.0729  1.9127
 187  0.692526  3.7339  3.3301  0.8376  6.3564  5.0545  3.9419  3.4310  3.5198  3.2963  2.8343  2.5986  2.5029  2.3212  2.0448  2.0342  1.8734
 188  0.692687  3.7335  3.3128  0.8531  6.3376  5.0283  3.9114  3.3991  3.4841  3.2599  2.7966  2.5604  2.4646  2.2826  2.0055  1.9948  1.8336
 189  0.692847  3.7330  3.2951  0.8688  6.3185  5.0014  3.8802  3.3667  3.4477  3.2228  2.7582  2.5215  2.4256  2.2432  1.9654  1.9547  1.7929
 190  0.693006  3.7325  3.2770  0.8852  6.2984  4.9735  3.8478  3.3331  3.4102  3.1845  2.7187  2.4815  2.3853  2.2026  1.9242  1.9135  1.7512
 191  0.693163  3.7320  3.2584  0.9018  6.2778  4.9449  3.8148  3.2988  3.3718  3.1454  2.6782  2.4406  2.3443  2.1611  1.8821  1.8713  1.7084
 192  0.693318  3.7315  3.2395  0.9188  6.2559  4.9150  3.7805  3.2632  3.3323  3.1051  2.6368  2.3985  2.3021  2.1186  1.8389  1.8281  1.6646
 193  0.693473  3.7310  3.2200  0.9363  6.2335  4.8844  3.7454  3.2268  3.2917  3.0638  2.5942  2.3554  2.2588  2.0749  1.7946  1.7837  1.6196
 194  0.693623  3.7305  3.1998  0.9545  6.2102  4.8525  3.7088  3.1890  3.2496  3.0208  2.5499  2.3106  2.2138  2.0295  1.7485  1.7375  1.5729
 195  0.693771  3.7299  3.1788  0.9735  6.1860  4.8192  3.6708  3.1496  3.2057  2.9762  2.5038  2.2639  2.1670  1.9823  1.7005  1.6895  1.5243
 196  0.693916  3.7294  3.1572  0.9930  6.1604  4.7845  3.6312  3.1087  3.1603  2.9299  2.4562  2.2158  2.1186  1.9335  1.6510  1.6399  1.4742
 197  0.694057  3.7287  3.1346  1.0133  6.1349  4.7492  3.5906  3.0667  3.1134  2.8821  2.4069  2.1658  2.0684  1.8829  1.5997  1.5886  1.4221
 198  0.694195  3.7281  3.1114  1.0342  6.1094  4.7132  3.5491  3.0236  3.0652  2.8331  2.3562  2.1145  2.0169  1.8309  1.5468  1.5357  1.3686
 199  0.694330  3.7276  3.0875  1.0556  6.0801  4.6746  3.5058  2.9788  3.0157  2.7826  2.3042  2.0617  1.9640  1.7776  1.4927  1.4815  1.3136
 200  0.694461  3.7269  3.0631  1.0776  6.0504  4.6353  3.4615  2.9330  2.9649  2.7309  2.2508  2.0078  1.9098  1.7228  1.4371  1.4258  1.2573
 201  0.694589  3.7262  3.0380  1.1001  6.0209  4.5954  3.4165  2.8864  2.9132  2.6782  2.1963  1.9524  1.8543  1.6669  1.3803  1.3689  1.1996
 202  0.694713  3.7256  3.0123  1.1231  5.9911  4.5549  3.3707  2.8389  2.8603  2.6243  2.1406  1.8961  1.7977  1.6096  1.3222  1.3107  1.1406
 203  0.694835  3.7248  2.9860  1.1465  5.9622  4.5145  3.3243  2.7909  2.8065  2.5694  2.0838  1.8385  1.7399  1.5513  1.2628  1.2512  1.0804
 204  0.694953  3.7240  2.9589  1.1704  5.9349  4.4745  3.2780  2.7424  2.7520  2.5137  2.0261  1.7799  1.6811  1.4919  1.2025  1.1907  1.0189
 205  0.695068  3.7232  2.9312  1.1948  5.9086  4.4348  3.2313  2.6936  2.6967  2.4571  1.9673  1.7203  1.6212  1.4314  1.1408  1.1291  0.9563
 206  0.695178  3.7222  2.9029  1.2196  5.8829  4.3949  3.1841  2.6441  2.6405  2.3996  1.9075  1.6596  1.5603  1.3698  1.0781  1.0663  0.8925
 207  0.695285  3.7213  2.8741  1.2449  5.8582  4.3553  3.1366  2.5941  2.5836  2.3412  1.8468  1.5980  1.4983  1.3073  1.0144  1.0025  0.8277
 208  0.695388  3.7204  2.8449  1.2705  5.8345  4.3158  3.0888  2.5438  2.5259  2.2822  1.7853  1.5355  1.4355  1.2438  0.9497  0.9376  0.7618
 209  0.695488  3.7195  2.8150  1.2965  5.8125  4.2770  3.0410  2.4932  2.4676  2.2224  1.7229  1.4721  1.3718  1.1794  0.8840  0.8718  0.6949
 210  0.695583  3.7184  2.7847  1.3229  5.7923  4.2387  2.9932  2.4424  2.4087  2.1620  1.6597  1.4079  1.3074  1.1141  0.8174  0.8050  0.6270
 211  0.695675  3.7174  2.7538  1.3496  5.7739  4.2013  2.9454  2.3916  2.3494  2.1010  1.5959  1.3430  1.2420  1.0480  0.7499  0.7375  0.5582
 212  0.695763  3.7163  2.7225  1.3766  5.7575  4.1649  2.8977  2.3406  2.2896  2.0393  1.5314  1.2773  1.1760  0.9812  0.6816  0.6691  0.4887
 213  0.695848  3.7152  2.6908  1.4039  5.7434  4.1296  2.8503  2.2898  2.2294  1.9773  1.4662  1.2110  1.1094  0.9136  0.6126  0.6000  0.4183
 214  0.695929  3.7141  2.6588  1.4315  5.7328  4.0960  2.8033  2.2390  2.1688  1.9147  1.4004  1.1441  1.0420  0.8455  0.5429  0.5302  0.3472
 215  0.696005  3.7129  2.6265  1.4595  5.7333  4.0676  2.7580  2.1894  2.1081  1.8519  1.3342  1.0765  0.9740  0.7766  0.4725  0.4595  0.2753
 216  0.696079  3.7118  2.5937  1.4875  5.7367  4.0409  2.7132  2.1401  2.0471  1.7887  1.2674  1.0083  0.9054  0.7071  0.4014  0.3883  0.2027
 217  0.696091  3.7116  2.5882  1.4922  5.7372  4.0367  2.7059  2.1320  2.0371  1.7782  1.2563  0.9971  0.8941  0.6957  0.3897  0.3766  0.1907
 218  0.696102  3.7114  2.5828  1.4968  5.7379  4.0326  2.6986  2.1240  2.0271  1.7679  1.2453  0.9859  0.8828  0.6842  0.3779  0.3648  0.1787
 219  0.696114  3.7111  2.5774  1.5016  5.7384  4.0283  2.6912  2.1158  2.0169  1.7573  1.2343  0.9745  0.8714  0.6727  0.3661  0.3530  0.1667
 220  0.696125  3.7110  2.5719  1.5062  5.7392  4.0242  2.6840  2.1078  2.0070  1.7469  1.2232  0.9632  0.8599  0.6611  0.3543  0.3411  0.1545
 221  0.696137  3.7108  2.5663  1.5109  5.7400  4.0201  2.6766  2.0997  1.9968  1.7364  1.2120  0.9518  0.8485  0.6495  0.3423  0.3292  0.1424
 222  0.696149  3.7106  2.5608  1.5157  5.7408  4.0160  2.6692  2.0916  1.9866  1.7258  1.2007  0.9403  0.8369  0.6377  0.3304  0.3171  0.1302
 223  0.696160  3.7104  2.5552  1.5205  5.7420  4.0122  2.6620  2.0835  1.9765  1.7152  1.1895  0.9288  0.8254  0.6259  0.3183  0.3051  0.1178
 224  0.696172  3.7102  2.5495  1.5252  5.7430  4.0081  2.6546  2.0753  1.9662  1.7046  1.1782  0.9172  0.8138  0.6141  0.3062  0.2930  0.1055
 225  0.696183  3.7099  2.5439  1.5301  5.7443  4.0044  2.6473  2.0672  1.9559  1.6939  1.1668  0.9056  0.8020  0.6023  0.2940  0.2807  0.0930
 226  0.696194  3.7097  2.5383  1.5349  5.7454  4.0005  2.6400  2.0591  1.9455  1.6830  1.1553  0.8939  0.7902  0.5903  0.2818  0.2685  0.0805
 227  0.696294  3.7077  2.4839  1.5809  5.7622  3.9696  2.5726  1.9834  1.8482  1.5815  1.0470  0.7831  0.6785  0.4770  0.1654  0.1519 -0.0385
 228  0.696388  3.7053  2.4265  1.6291  5.7864  3.9471  2.5070  1.9086  1.7485  1.4769  0.9346  0.6677  0.5622  0.3587  0.0437  0.0299 -0.1631
 229  0.696472  3.7030  2.3708  1.6756  5.8194  3.9298  2.4462  1.8384  1.6533  1.3766  0.8263  0.5563  0.4499  0.2443 -0.0741 -0.0881 -0.2839
 230  0.696548  3.7009  2.3193  1.7186  5.8548  3.9146  2.3907  1.7739  1.5657  1.2843  0.7265  0.4537  0.3463  0.1388 -0.1827 -0.1971 -0.3953
 231  0.696618  3.6987  2.2679  1.7613  5.8883  3.9003  2.3358  1.7100  1.4787  1.1926  0.6271  0.3514  0.2431  0.0338 -0.2911 -0.3057 -0.5064
 232  0.696682  3.6967  2.2204  1.8008  5.9105  3.8850  2.2847  1.6506  1.3989  1.1084  0.5358  0.2574  0.1482 -0.0628 -0.3908 -0.4055 -0.6088
 233  0.696742  3.6951  2.1798  1.8348  5.9267  3.8636  2.2373  1.5967  1.3290  1.0349  0.4566  0.1759  0.0661 -0.1465 -0.4768 -0.4919 -0.6969
 234  0.696798  3.6934  2.1417  1.8667  5.9451  3.8444  2.1934  1.5465  1.2635  0.9661  0.3821  0.0994 -0.0110 -0.2250 -0.5577 -0.5729 -0.7798
 235  0.696851  3.6912  2.0913  1.9081  5.9738  3.8418  2.1455  1.4893  1.1819  0.8794  0.2873  0.0015 -0.1099 -0.3259 -0.6622 -0.6776 -0.8872
 236  0.696900  3.6888  2.0387  1.9511  6.0030  3.8485  2.0997  1.4335  1.0992  0.7911  0.1900 -0.0992 -0.2117 -0.4300 -0.7701 -0.7857 -0.9983
 237  0.696945  3.6865  1.9884  1.9921  6.0291  3.8614  2.0588  1.3828  1.0214  0.7077  0.0978 -0.1948 -0.3084 -0.5289 -0.8727 -0.8887 -1.1042
 238  0.696986  3.6844  1.9450  2.0272  6.0514  3.8814  2.0274  1.3427  0.9561  0.6374  0.0196 -0.2760 -0.3905 -0.6131 -0.9602 -0.9765 -1.1947
 239  0.697024  3.6829  1.9138  2.0524  6.0605  3.9026  2.0065  1.3153  0.9098  0.5874 -0.0361 -0.3340 -0.4491 -0.6732 -1.0228 -1.0392 -1.2595
 240  0.697061  3.6819  1.8901  2.0721  6.0578  3.9248  1.9901  1.2941  0.8731  0.5480 -0.0797 -0.3792 -0.4949 -0.7200 -1.0713 -1.0879 -1.3095
 241  0.697098  3.6794  1.8400  2.1123  6.0824  3.9579  1.9590  1.2530  0.8002  0.4690 -0.1684 -0.4717 -0.5885 -0.8161 -1.1714 -1.1883 -1.4131
 242  0.697132  3.6765  1.7833  2.1576  6.1104  3.9965  1.9265  1.2093  0.7198  0.3814 -0.2674 -0.5750 -0.6932 -0.9236 -1.2835 -1.3008 -1.5294
 243  0.697162  3.6737  1.7282  2.2015  6.1324  4.0364  1.8967  1.1691  0.6425  0.2970 -0.3630 -0.6749 -0.7944 -1.0277 -1.3921 -1.4098 -1.6421
 244  0.697189  3.6710  1.6729  2.2455  6.1496  4.0784  1.8689  1.1310  0.5661  0.2132 -0.4584 -0.7748 -0.8956 -1.1317 -1.5009 -1.5189 -1.7550
 245  0.697214  3.6681  1.6187  2.2885  6.1617  4.1222  1.8442  1.0967  0.4930  0.1325 -0.5508 -0.8718 -0.9940 -1.2330 -1.6069 -1.6253 -1.8651
 246  0.697236  3.6653  1.5660  2.3303  6.1696  4.1671  1.8234  1.0669  0.4237  0.0556 -0.6398 -0.9654 -1.0890 -1.3309 -1.7094 -1.7282 -1.9718
 247  0.697257  3.6627  1.5146  2.3708  6.1723  4.2117  1.8058  1.0414  0.3580 -0.0179 -0.7254 -1.0558 -1.1809 -1.4257 -1.8088 -1.8280 -2.0753
 248  0.697275  3.6600  1.4653  2.4095  6.1706  4.2553  1.7912  1.0197  0.2966 -0.0871 -0.8067 -1.1418 -1.2682 -1.5161 -1.9037 -1.9232 -2.1743
 249  0.697292  3.6574  1.4162  2.4481  6.1679  4.3011  1.7801  1.0019  0.2377 -0.1541 -0.8862 -1.2263 -1.3542 -1.6052 -1.9974 -2.0173 -2.2722
 250  0.697308  3.6546  1.3676  2.4858  6.1641  4.3484  1.7725  0.9880  0.1819 -0.2181 -0.9633 -1.3086 -1.4379 -1.6921 -2.0891 -2.1094 -2.3681
 251  0.697322  3.6520  1.3208  2.5221  6.1580  4.3941  1.7671  0.9770  0.1293 -0.2790 -1.0369 -1.3872 -1.5181 -1.7754 -2.1770 -2.1978 -2.4604
 252  0.697335  3.6494  1.2743  2.5581  6.1499  4.4389  1.7633  0.9683  0.0785 -0.3381 -1.1093 -1.4647 -1.5971 -1.8575 -2.2640 -2.2850 -2.5515
 253  0.697347  3.6468  1.2282  2.5938  6.1402  4.4817  1.7612  0.9618  0.0297 -0.3956 -1.1802 -1.5409 -1.6750 -1.9385 -2.3496 -2.3711 -2.6415
 254  0.697358  3.6443  1.1839  2.6282  6.1289  4.5213  1.7605  0.9576 -0.0161 -0.4499 -1.2479 -1.6139 -1.7495 -2.0160 -2.4317 -2.4537 -2.7279
 255  0.697369  3.6418  1.1399  2.6620  6.1162  4.5597  1.7610  0.9553 -0.0602 -0.5025 -1.3140 -1.6853 -1.8226 -2.0921 -2.5124 -2.5347 -2.8130
 256  0.697378  3.6393  1.0964  2.6955  6.1029  4.5974  1.7633  0.9553 -0.1021 -0.5531 -1.3783 -1.7551 -1.8939 -2.1666 -2.5917 -2.6144 -2.8967
 257  0.697387  3.6368  1.0544  2.7277  6.0885  4.6328  1.7667  0.9569 -0.1413 -0.6007 -1.4395 -1.8217 -1.9621 -2.2378 -2.6677 -2.6907 -2.9771
 258  0.697396  3.6344  1.0127  2.7596  6.0731  4.6665  1.7705  0.9595 -0.1789 -0.6468 -1.4994 -1.8869 -2.0289 -2.3078 -2.7424 -2.7660 -3.0565
 259  0.697403  3.6320  0.9719  2.7909  6.0566  4.6981  1.7745  0.9624 -0.2148 -0.6913 -1.5578 -1.9507 -2.0944 -2.3762 -2.8158 -2.8397 -3.1343
 260  0.697410  3.6296  0.9317  2.8215  6.0399  4.7286  1.7795  0.9669 -0.2482 -0.7335 -1.6140 -2.0124 -2.1578 -2.4426 -2.8873 -2.9115 -3.2102
 261  0.697417  3.6272  0.8920  2.8515  6.0236  4.7591  1.7859  0.9729 -0.2793 -0.7736 -1.6688 -2.0728 -2.2199 -2.5077 -2.9574 -2.9820 -3.2848
 262  0.697423  3.6247  0.8533  2.8807  6.0064  4.7873  1.7919  0.9788 -0.3086 -0.8117 -1.7217 -2.1313 -2.2801 -2.5707 -3.0253 -3.0503 -3.3572
 263  0.697429  3.6225  0.8153  2.9094  5.9885  4.8134  1.7977  0.9848 -0.3365 -0.8486 -1.7736 -2.1886 -2.3393 -2.6324 -3.0920 -3.1174 -3.4284
 264  0.697434  3.6202  0.7780  2.9376  5.9698  4.8377  1.8032  0.9907 -0.3631 -0.8842 -1.8244 -2.2448 -2.3974 -2.6930 -3.1573 -3.1829 -3.4979
 265  0.697439  3.6179  0.7413  2.9653  5.9505  4.8603  1.8085  0.9967 -0.3884 -0.9182 -1.8739 -2.2997 -2.4542 -2.7521 -3.2212 -3.2472 -3.5662
 266  0.697444  3.6157  0.7056  2.9923  5.9304  4.8808  1.8129  1.0022 -0.4122 -0.9508 -1.9216 -2.3527 -2.5090 -2.8092 -3.2834 -3.3098 -3.6328
 267  0.697449  3.6136  0.6705  3.0187  5.9098  4.8995  1.8166  1.0072 -0.4348 -0.9820 -1.9678 -2.4042 -2.5623 -2.8648 -3.3443 -3.3709 -3.6979
 268  0.697453  3.6115  0.6360  3.0448  5.8888  4.9167  1.8198  1.0121 -0.4564 -1.0120 -2.0128 -2.4544 -2.6142 -2.9191 -3.4042 -3.4310 -3.7621
 269  0.697457  3.6094  0.6023  3.0703  5.8674  4.9327  1.8225  1.0166 -0.4762 -1.0400 -2.0558 -2.5025 -2.6641 -2.9714 -3.4624 -3.4896 -3.8248
 270  0.697461  3.6073  0.5691  3.0953  5.8457  4.9480  1.8245  1.0208 -0.4944 -1.0663 -2.0969 -2.5488 -2.7120 -3.0219 -3.5194 -3.5469 -3.8862
 271  0.697464  3.6054  0.5368  3.1197  5.8234  4.9617  1.8251  1.0234 -0.5124 -1.0924 -2.1380 -2.5946 -2.7596 -3.0717 -3.5755 -3.6031 -3.9465
 272  0.697468  3.6035  0.5049  3.1438  5.8011  4.9757  1.8260  1.0269 -0.5281 -1.1157 -2.1761 -2.6374 -2.8040 -3.1186 -3.6299 -3.6578 -4.0054
 273  0.697471  3.6015  0.4738  3.1672  5.7781  4.9882  1.8254  1.0290 -0.5433 -1.1382 -2.2129 -2.6786 -2.8464 -3.1639 -3.6833 -3.7115 -4.0632
 274  0.697474  3.5996  0.4436  3.1901  5.7547  5.0004  1.8238  1.0301 -0.5579 -1.1601 -2.2485 -2.7184 -2.8874 -3.2078 -3.7357 -3.7640 -4.1199
 275  0.697477  3.5978  0.4136  3.2126  5.7328  5.0173  1.8244  1.0335 -0.5688 -1.1784 -2.2813 -2.7556 -2.9257 -3.2497 -3.7868 -3.8152 -4.1755
 276  0.697480  3.5961  0.3846  3.2344  5.7099  5.0318  1.8231  1.0351 -0.5795 -1.1960 -2.3126 -2.7911 -2.9621 -3.2897 -3.8362 -3.8649 -4.2294
 277  0.697482  3.5943  0.3565  3.2557  5.6868  5.0453  1.8209  1.0360 -0.5896 -1.2128 -2.3423 -2.8248 -2.9968 -3.3279 -3.8842 -3.9131 -4.2819
 278  0.697485  3.5926  0.3293  3.2761  5.6645  5.0594  1.8191  1.0372 -0.5978 -1.2273 -2.3694 -2.8558 -3.0285 -3.3636 -3.9299 -3.9590 -4.3321
 279  0.697487  3.5911  0.3058  3.2937  5.6424  5.0638  1.8097  1.0275 -0.6168 -1.2491 -2.4003 -2.8899 -3.0631 -3.4007 -3.9721 -4.0012 -4.3767
