#NUMBER OF AGES= 1
#----------------------------------------------------       
#MIX-LEN  Y      Z          Zeff        [Fe/H] [a/Fe]
# 1.9380  0.3300 8.6733E-04 4.4148E-04  -1.54   0.40 
#----------------------------------------------------       
#**PHOTOMETRIC SYSTEM**: HST WFPC2 (Vega)                   
#----------------------------------------------------       
#AGE=11.400 EEPS=266
#EEP   M/Mo    LogTeff  LogG   LogL/Lo F218W   F255W   F300W   F336W   F439W   F450W   F555W   F606W   F622W   F675W   F791W   F814W   F850LP
  14  0.111958  3.5386  5.2705 -2.6757 20.6375 20.2702 16.7585 15.9196 14.7730 14.1880 12.8144 12.2750 12.0848 11.6936 10.8326 10.7934 10.3739
  15  0.124778  3.5474  5.2289 -2.5516 20.2405 19.6063 16.2656 15.4157 14.2686 13.7255 12.4041 11.8672 11.6771 11.2971 10.5158 10.4784 10.0758
  16  0.137178  3.5547  5.1928 -2.4455 19.8862 19.0439 15.8497 14.9961 13.8557 13.3427 12.0636 11.5305 11.3408 10.9684 10.2453 10.2093  9.8194
  17  0.148905  3.5603  5.1631 -2.3579 19.5823 18.5925 15.5166 14.6633 13.5325 13.0395 11.7922 11.2627 11.0738 10.7067 10.0228  9.9878  9.6068
  18  0.160722  3.5647  5.1371 -2.2807 19.3082 18.2061 15.2314 14.3804 13.2602 12.7812 11.5594 11.0336 10.8457 10.4825  9.8270  9.7928  9.4190
  19  0.173284  3.5688  5.1129 -2.2076 19.0453 17.8475 14.9655 14.1178 13.0092 12.5416 11.3426 10.8206 10.6340 10.2741  9.6420  9.6085  9.2406
  20  0.186564  3.5724  5.0903 -2.1382 18.7934 17.5121 14.7161 13.8722 12.7756 12.3175 11.1391 10.6215 10.4360 10.0793  9.4666  9.4336  9.0712
  21  0.200126  3.5757  5.0697 -2.0740 18.5577 17.2055 14.4867 13.6470 12.5626 12.1124 10.9527 10.4393 10.2549  9.9012  9.3044  9.2721  8.9144
  22  0.215832  3.5791  5.0494 -2.0076 18.3093 16.8907 14.2503 13.4152 12.3446 11.9017 10.7609 10.2522 10.0693  9.7188  9.1368  9.1051  8.7521
  23  0.231420  3.5820  5.0317 -1.9478 18.0770 16.6063 14.0366 13.2062 12.1495 11.7129 10.5891 10.0850  9.9033  9.5557  8.9859  8.9546  8.6058
  24  0.244178  3.5842  5.0188 -1.9028 17.8994 16.3957 13.8750 13.0481 12.0025 11.5703 10.4595  9.9591  9.7784  9.4333  8.8721  8.8412  8.4956
  25  0.253078  3.5857  5.0104 -1.8731 17.7821 16.2580 13.7684 12.9438 11.9057 11.4764 10.3741  9.8764  9.6963  9.3529  8.7971  8.7664  8.4229
  26  0.259448  3.5866  5.0052 -1.8532 17.7045 16.1674 13.6976 12.8745 11.8414 11.4140 10.3173  9.8213  9.6417  9.2994  8.7470  8.7165  8.3744
  27  0.264233  3.5873  5.0017 -1.8391 17.6491 16.1030 13.6468 12.8248 11.7953 11.3693 10.2766  9.7819  9.6026  9.2610  8.7112  8.6808  8.3395
  28  0.267834  3.5878  4.9991 -1.8285 17.6080 16.0553 13.6089 12.7876 11.7611 11.3359 10.2462  9.7526  9.5735  9.2326  8.6845  8.6541  8.3138
  29  0.270587  3.5883  4.9971 -1.8203 17.5754 16.0174 13.5791 12.7585 11.7341 11.3098 10.2226  9.7297  9.5509  9.2103  8.6637  8.6335  8.2937
  30  0.272851  3.5887  4.9953 -1.8134 17.5476 15.9852 13.5538 12.7337 11.7114 11.2877 10.2026  9.7104  9.5318  9.1917  8.6464  8.6161  8.2768
  31  0.275050  3.5890  4.9941 -1.8073 17.5219 15.9549 13.5303 12.7108 11.6905 11.2674 10.1844  9.6930  9.5145  9.1749  8.6307  8.6006  8.2619
  32  0.277258  3.5894  4.9924 -1.8005 17.4939 15.9223 13.5048 12.6857 11.6677 11.2453 10.1646  9.6739  9.4956  9.1564  8.6136  8.5835  8.2452
  33  0.279887  3.5898  4.9906 -1.7928 17.4623 15.8857 13.4758 12.6575 11.6419 11.2203 10.1422  9.6524  9.4743  9.1356  8.5942  8.5642  8.2266
  34  0.282958  3.5902  4.9883 -1.7839 17.4267 15.8449 13.4433 12.6256 11.6127 11.1918 10.1165  9.6276  9.4498  9.1116  8.5716  8.5416  8.2047
  35  0.286473  3.5908  4.9852 -1.7735 17.3870 15.8000 13.4068 12.5898 11.5797 11.1597 10.0872  9.5992  9.4216  9.0841  8.5456  8.5156  8.1794
  36  0.290516  3.5913  4.9813 -1.7616 17.3426 15.7503 13.3658 12.5496 11.5425 11.1233 10.0538  9.5668  9.3895  9.0525  8.5155  8.4857  8.1501
  37  0.295284  3.5918  4.9766 -1.7478 17.2897 15.6931 13.3183 12.5032 11.5001 11.0821 10.0159  9.5302  9.3532  9.0168  8.4809  8.4511  8.1160
  38  0.304417  3.5929  4.9661 -1.7193 17.1789 15.5733 13.2185 12.4057 11.4112 10.9954  9.9371  9.4540  9.2778  8.9429  8.4093  8.3797  8.0460
  39  0.343092  3.6016  4.9156 -1.5827 16.6123 14.9316 12.6952 11.8930 10.9496 10.5465  9.5366  9.0707  8.8990  8.5741  8.0642  8.0359  7.7134
  40  0.362441  3.6073  4.8872 -1.5075 16.2853 14.5671 12.3925 11.5959 10.6851 10.2898  9.3108  8.8565  8.6879  8.3699  7.8737  7.8463  7.5310
  41  0.373241  3.6110  4.8698 -1.4624 16.0895 14.3523 12.2094 11.4154 10.5242 10.1338  9.1740  8.7274  8.5609  8.2475  7.7594  7.7327  7.4220
  42  0.383409  3.6150  4.8534 -1.4184 15.8972 14.1429 12.0280 11.2359 10.3644  9.9792  9.0391  8.6005  8.4360  8.1275  7.6478  7.6216  7.3160
  43  0.393616  3.6194  4.8374 -1.3732 15.6981 13.9261 11.8372 11.0467 10.1963  9.8166  8.8979  8.4685  8.3064  8.0034  7.5330  7.5075  7.2075
  44  0.403901  3.6245  4.8221 -1.3266 15.4902 13.6991 11.6350 10.8451 10.0182  9.6447  8.7498  8.3307  8.1713  7.8748  7.4148  7.3900  7.0967
  45  0.413466  3.6298  4.8087 -1.2815 15.2817 13.4677 11.4294 10.6386  9.8373  9.4705  8.6015  8.1941  8.0376  7.7485  7.3002  7.2763  6.9904
  46  0.422497  3.6356  4.7971 -1.2376 15.0712 13.2318 11.2184 10.4263  9.6540  9.2946  8.4531  8.0586  7.9052  7.6243  7.1888  7.1657  6.8880
  47  0.431233  3.6417  4.7869 -1.1942 14.8574 12.9905 10.9996 10.2072  9.4689  9.1172  8.3045  7.9234  7.7736  7.5015  7.0793  7.0573  6.7881
  48  0.439544  3.6477  4.7780 -1.1528 14.6495 12.7531 10.7783  9.9888  9.2885  8.9449  8.1606  7.7932  7.6470  7.3838  6.9750  6.9539  6.6935
  49  0.447738  3.6538  4.7698 -1.1120 14.4283 12.5018 10.5520  9.7676  9.1121  8.7763  8.0199  7.6658  7.5233  7.2687  6.8729  6.8528  6.6009
  50  0.455761  3.6600  4.7623 -1.0724 14.1606 12.2075 10.3221  9.5421  8.9414  8.6129  7.8838  7.5420  7.4036  7.1565  6.7725  6.7533  6.5096
  51  0.463861  3.6665  4.7556 -1.0321 13.8443 11.8748 10.0761  9.3043  8.7687  8.4475  7.7463  7.4165  7.2827  7.0427  6.6702  6.6519  6.4166
  52  0.468593  3.6704  4.7520 -1.0084 13.6446 11.6750  9.9250  9.1619  8.6673  8.3509  7.6657  7.3431  7.2120  6.9761  6.6104  6.5926  6.3624
  53  0.473249  3.6743  4.7486 -0.9851 13.4371 11.4745  9.7730  9.0203  8.5679  8.2562  7.5869  7.2710  7.1426  6.9107  6.5514  6.5342  6.3090
  54  0.477834  3.6783  4.7456 -0.9620 13.2217 11.2738  9.6206  8.8797  8.4703  8.1635  7.5094  7.2001  7.0744  6.8464  6.4935  6.4767  6.2565
  55  0.482356  3.6820  4.7422 -0.9394 13.0061 11.0802  9.4728  8.7441  8.3765  8.0745  7.4347  7.1315  7.0082  6.7838  6.4368  6.4206  6.2051
  56  0.486815  3.6858  4.7389 -0.9170 12.7878 10.8915  9.3285  8.6121  8.2853  7.9882  7.3619  7.0644  6.9435  6.7226  6.3812  6.3655  6.1545
  57  0.491206  3.6895  4.7356 -0.8952 12.5704 10.7096  9.1888  8.4846  8.1974  7.9051  7.2915  6.9993  6.8806  6.6629  6.3269  6.3116  6.1050
  58  0.495520  3.6931  4.7321 -0.8736 12.3558 10.5345  9.0535  8.3617  8.1129  7.8252  7.2235  6.9362  6.8195  6.6047  6.2738  6.2589  6.0565
  59  0.499743  3.6965  4.7286 -0.8525 12.1439 10.3651  8.9219  8.2425  8.0310  7.7481  7.1576  6.8749  6.7601  6.5481  6.2219  6.2075  6.0090
  60  0.503837  3.6998  4.7249 -0.8322 11.9450 10.2081  8.7986  8.1311  7.9538  7.6754  7.0952  6.8166  6.7036  6.4940  6.1722  6.1581  5.9634
  61  0.507781  3.7031  4.7215 -0.8124 11.7515 10.0562  8.6786  8.0226  7.8785  7.6048  7.0346  6.7601  6.6486  6.4417  6.1241  6.1105  5.9193
  62  0.511600  3.7062  4.7179 -0.7933 11.5709  9.9150  8.5657  7.9205  7.8071  7.5378  6.9770  6.7061  6.5961  6.3915  6.0779  6.0646  5.8769
  63  0.515306  3.7091  4.7144 -0.7746 11.3950  9.7786  8.4561  7.8218  7.7376  7.4727  6.9210  6.6536  6.5451  6.3428  6.0331  6.0201  5.8357
  64  0.518903  3.7120  4.7109 -0.7564 11.2267  9.6485  8.3514  7.7274  7.6708  7.4103  6.8673  6.6031  6.4960  6.2958  5.9898  5.9771  5.7957
  65  0.522407  3.7148  4.7073 -0.7386 11.0617  9.5216  8.2494  7.6355  7.6057  7.3494  6.8148  6.5540  6.4479  6.2498  5.9475  5.9352  5.7568
  66  0.525838  3.7176  4.7038 -0.7211 10.9006  9.3982  8.1505  7.5465  7.5426  7.2904  6.7639  6.5061  6.4014  6.2053  5.9063  5.8943  5.7188
  67  0.529203  3.7203  4.7001 -0.7038 10.7424  9.2771  8.0539  7.4598  7.4807  7.2327  6.7141  6.4593  6.3557  6.1616  5.8660  5.8541  5.6815
  68  0.532516  3.7230  4.6965 -0.6869 10.5891  9.1596  7.9599  7.3755  7.4205  7.1764  6.6655  6.4135  6.3109  6.1187  5.8263  5.8149  5.6448
  69  0.535788  3.7255  4.6926 -0.6701 10.4395  9.0447  7.8679  7.2931  7.3611  7.1212  6.6176  6.3684  6.2669  6.0765  5.7872  5.7761  5.6087
  70  0.539042  3.7280  4.6886 -0.6534 10.2956  8.9335  7.7782  7.2127  7.3029  7.0669  6.5705  6.3240  6.2236  6.0350  5.7487  5.7376  5.5729
  71  0.542287  3.7306  4.6845 -0.6368 10.1552  8.8245  7.6900  7.1339  7.2453  7.0132  6.5239  6.2800  6.1805  5.9937  5.7103  5.6996  5.5373
  72  0.545520  3.7330  4.6802 -0.6202 10.0196  8.7185  7.6041  7.0569  7.1886  6.9603  6.4779  6.2364  6.1379  5.9528  5.6722  5.6617  5.5019
  73  0.548753  3.7353  4.6757 -0.6036  9.8870  8.6147  7.5199  6.9814  7.1324  6.9078  6.4321  6.1932  6.0955  5.9121  5.6343  5.6241  5.4666
  74  0.551979  3.7377  4.6712 -0.5871  9.7574  8.5127  7.4374  6.9074  7.0769  6.8558  6.3868  6.1503  6.0534  5.8717  5.5967  5.5866  5.4314
  75  0.555194  3.7400  4.6664 -0.5706  9.6318  8.4134  7.3570  6.8351  7.0222  6.8045  6.3420  6.1077  6.0117  5.8317  5.5592  5.5495  5.3964
  76  0.558390  3.7423  4.6615 -0.5543  9.5094  8.3162  7.2782  6.7644  6.9682  6.7539  6.2977  6.0657  5.9705  5.7919  5.5221  5.5125  5.3616
  77  0.561565  3.7445  4.6564 -0.5380  9.3912  8.2218  7.2015  6.6955  6.9152  6.7042  6.2539  6.0241  5.9298  5.7526  5.4853  5.4760  5.3271
  78  0.564707  3.7466  4.6513 -0.5219  9.2755  8.1292  7.1261  6.6277  6.8630  6.6550  6.2106  5.9830  5.8895  5.7139  5.4490  5.4399  5.2930
  79  0.567813  3.7486  4.6460 -0.5060  9.1630  8.0387  7.0524  6.5616  6.8117  6.6068  6.1679  5.9424  5.8497  5.6756  5.4132  5.4042  5.2592
  80  0.570883  3.7506  4.6405 -0.4902  9.0548  7.9516  6.9808  6.4973  6.7614  6.5595  6.1261  5.9025  5.8105  5.6378  5.3777  5.3689  5.2257
  81  0.573912  3.7525  4.6351 -0.4746  8.9492  7.8663  6.9109  6.4343  6.7121  6.5129  6.0847  5.8633  5.7719  5.6006  5.3425  5.3339  5.1926
  82  0.578188  3.7552  4.6270 -0.4525  8.8034  7.7481  6.8141  6.3471  6.6429  6.4475  6.0266  5.8077  5.7174  5.5479  5.2929  5.2846  5.1456
  83  0.582462  3.7580  4.6187 -0.4304  8.6603  7.6314  6.7191  6.2617  6.5739  6.3823  5.9684  5.7520  5.6627  5.4951  5.2430  5.2349  5.0985
  84  0.586721  3.7606  4.6100 -0.4081  8.5210  7.5175  6.6269  6.1788  6.5054  6.3175  5.9103  5.6964  5.6079  5.4421  5.1931  5.1852  5.0510
  85  0.590943  3.7631  4.6010 -0.3859  8.3858  7.4063  6.5369  6.0979  6.4377  6.2530  5.8524  5.6411  5.5535  5.3894  5.1431  5.1354  5.0035
  86  0.595108  3.7655  4.5918 -0.3638  8.2533  7.2972  6.4486  6.0186  6.3707  6.1892  5.7949  5.5859  5.4992  5.3369  5.0935  5.0859  4.9561
  87  0.599202  3.7679  4.5824 -0.3418  8.1249  7.1909  6.3620  5.9412  6.3045  6.1262  5.7380  5.5313  5.4455  5.2848  5.0440  5.0368  4.9091
  88  0.603217  3.7703  4.5729 -0.3200  8.0006  7.0878  6.2778  5.8658  6.2393  6.0640  5.6817  5.4773  5.3922  5.2332  4.9950  4.9879  4.8622
  89  0.607161  3.7725  4.5631 -0.2983  7.8803  6.9874  6.1959  5.7922  6.1749  6.0024  5.6258  5.4235  5.3393  5.1819  4.9462  4.9394  4.8156
  90  0.611022  3.7747  4.5532 -0.2768  7.7633  6.8895  6.1162  5.7202  6.1114  5.9416  5.5704  5.3704  5.2870  5.1312  4.8979  4.8912  4.7694
  91  0.614796  3.7769  4.5432 -0.2555  7.6494  6.7939  6.0385  5.6497  6.0486  5.8814  5.5155  5.3177  5.2352  5.0809  4.8501  4.8436  4.7237
  92  0.618477  3.7790  4.5332 -0.2344  7.5393  6.7011  5.9636  5.5809  5.9868  5.8220  5.4612  5.2656  5.1838  5.0310  4.8027  4.7964  4.6781
  93  0.622064  3.7811  4.5231 -0.2134  7.4327  6.6107  5.8915  5.5135  5.9257  5.7633  5.4072  5.2141  5.1332  4.9818  4.7558  4.7497  4.6332
  94  0.625556  3.7831  4.5129 -0.1928  7.3286  6.5224  5.8212  5.4475  5.8654  5.7053  5.3538  5.1630  5.0831  4.9331  4.7095  4.7034  4.5887
  95  0.628954  3.7851  4.5026 -0.1723  7.2282  6.4368  5.7524  5.3834  5.8061  5.6480  5.3010  5.1126  5.0334  4.8848  4.6633  4.6574  4.5444
  96  0.632258  3.7870  4.4922 -0.1519  7.1310  6.3537  5.6845  5.3213  5.7478  5.5918  5.2490  5.0624  4.9840  4.8367  4.6174  4.6116  4.5001
  97  0.635474  3.7889  4.4817 -0.1318  7.0372  6.2732  5.6167  5.2616  5.6906  5.5363  5.1978  5.0127  4.9347  4.7888  4.5714  4.5658  4.4557
  98  0.638604  3.7907  4.4712 -0.1118  6.9449  6.1939  5.5494  5.2030  5.6340  5.4815  5.1471  4.9634  4.8860  4.7413  4.5259  4.5205  4.4117
  99  0.641652  3.7925  4.4604 -0.0919  6.8543  6.1160  5.4831  5.1450  5.5777  5.4269  5.0969  4.9145  4.8377  4.6944  4.4807  4.4754  4.3681
 100  0.644622  3.7942  4.4496 -0.0722  6.7654  6.0393  5.4178  5.0876  5.5217  5.3727  5.0469  4.8661  4.7897  4.6477  4.4361  4.4309  4.3249
 101  0.647519  3.7958  4.4386 -0.0526  6.6769  5.9631  5.3536  5.0298  5.4656  5.3186  4.9970  4.8179  4.7424  4.6017  4.3922  4.3870  4.2824
 102  0.650344  3.7975  4.4275 -0.0330  6.5903  5.8883  5.2906  4.9727  5.4099  5.2645  4.9472  4.7701  4.6952  4.5559  4.3483  4.3434  4.2401
 103  0.653100  3.7990  4.4162 -0.0135  6.5060  5.8152  5.2291  4.9165  5.3547  5.2110  4.8977  4.7224  4.6482  4.5101  4.3046  4.2997  4.1977
 104  0.655787  3.8006  4.4047  0.0058  6.4240  5.7438  5.1688  4.8614  5.2999  5.1579  4.8484  4.6747  4.6013  4.4644  4.2608  4.2560  4.1552
 105  0.658409  3.8021  4.3930  0.0251  6.3447  5.6744  5.1101  4.8078  5.2459  5.1054  4.7993  4.6272  4.5543  4.4187  4.2168  4.2121  4.1125
 106  0.660967  3.8035  4.3812  0.0442  6.2684  5.6071  5.0530  4.7555  5.1926  5.0533  4.7505  4.5799  4.5075  4.3729  4.1726  4.1680  4.0695
 107  0.663470  3.8048  4.3692  0.0633  6.1942  5.5415  4.9970  4.7042  5.1398  5.0020  4.7020  4.5327  4.4609  4.3272  4.1284  4.1240  4.0265
 108  0.665918  3.8061  4.3571  0.0823  6.1220  5.4775  4.9420  4.6538  5.0876  4.9508  4.6537  4.4858  4.4144  4.2816  4.0843  4.0800  3.9836
 109  0.668319  3.8073  4.3447  0.1011  6.0518  5.4149  4.8882  4.6040  5.0357  4.9003  4.6058  4.4389  4.3681  4.2362  4.0403  4.0362  3.9405
 110  0.670679  3.8085  4.3322  0.1199  5.9832  5.3535  4.8351  4.5551  4.9844  4.8499  4.5580  4.3923  4.3221  4.1910  3.9965  3.9924  3.8976
 111  0.672989  3.8096  4.3195  0.1385  5.9157  5.2933  4.7827  4.5067  4.9334  4.8000  4.5107  4.3462  4.2762  4.1461  3.9530  3.9488  3.8549
 112  0.673772  3.8100  4.3151  0.1449  5.8922  5.2723  4.7645  4.4900  4.9156  4.7826  4.4942  4.3302  4.2604  4.1306  3.9378  3.9338  3.8401
 113  0.674552  3.8104  4.3107  0.1515  5.8680  5.2508  4.7460  4.4730  4.8975  4.7650  4.4775  4.3139  4.2443  4.1148  3.9226  3.9185  3.8252
 114  0.675329  3.8109  4.3064  0.1581  5.8434  5.2289  4.7272  4.4556  4.8792  4.7472  4.4607  4.2975  4.2280  4.0989  3.9073  3.9031  3.8102
 115  0.676104  3.8113  4.3020  0.1649  5.8183  5.2067  4.7081  4.4383  4.8608  4.7290  4.4436  4.2808  4.2117  4.0829  3.8917  3.8877  3.7950
 116  0.676877  3.8118  4.2976  0.1717  5.7930  5.1843  4.6890  4.4207  4.8420  4.7107  4.4264  4.2642  4.1951  4.0667  3.8761  3.8721  3.7797
 117  0.677648  3.8123  4.2930  0.1785  5.7678  5.1620  4.6698  4.4031  4.8232  4.6924  4.4090  4.2473  4.1783  4.0503  3.8602  3.8562  3.7642
 118  0.678414  3.8127  4.2883  0.1854  5.7430  5.1398  4.6505  4.3854  4.8042  4.6738  4.3914  4.2300  4.1615  4.0337  3.8441  3.8401  3.7484
 119  0.679175  3.8131  4.2833  0.1924  5.7184  5.1179  4.6313  4.3675  4.7851  4.6551  4.3736  4.2127  4.1441  4.0168  3.8277  3.8238  3.7322
 120  0.679933  3.8135  4.2782  0.1994  5.6944  5.0961  4.6122  4.3497  4.7659  4.6362  4.3556  4.1951  4.1266  3.9996  3.8109  3.8070  3.7158
 121  0.680685  3.8138  4.2727  0.2066  5.6706  5.0747  4.5929  4.3317  4.7465  4.6172  4.3373  4.1772  4.1090  3.9821  3.7939  3.7900  3.6990
 122  0.681431  3.8141  4.2672  0.2139  5.6471  5.0531  4.5737  4.3136  4.7270  4.5980  4.3189  4.1591  4.0910  3.9644  3.7766  3.7726  3.6819
 123  0.682175  3.8144  4.2614  0.2213  5.6238  5.0317  4.5544  4.2954  4.7074  4.5786  4.3002  4.1408  4.0728  3.9464  3.7590  3.7550  3.6644
 124  0.682912  3.8147  4.2555  0.2287  5.6004  5.0103  4.5350  4.2771  4.6876  4.5591  4.2814  4.1223  4.0544  3.9282  3.7411  3.7372  3.6468
 125  0.683644  3.8149  4.2495  0.2362  5.5770  4.9887  4.5154  4.2585  4.6676  4.5395  4.2624  4.1036  4.0358  3.9098  3.7231  3.7192  3.6289
 126  0.684372  3.8152  4.2434  0.2438  5.5539  4.9673  4.4958  4.2401  4.6475  4.5196  4.2432  4.0847  4.0171  3.8913  3.7048  3.7010  3.6109
 127  0.685097  3.8154  4.2371  0.2514  5.5310  4.9460  4.4762  4.2214  4.6274  4.4997  4.2239  4.0656  3.9981  3.8726  3.6864  3.6825  3.5925
 128  0.685817  3.8156  4.2306  0.2591  5.5081  4.9247  4.4567  4.2027  4.6071  4.4797  4.2044  4.0464  3.9790  3.8536  3.6678  3.6638  3.5741
 129  0.686531  3.8158  4.2240  0.2668  5.4854  4.9035  4.4371  4.1839  4.5867  4.4595  4.1848  4.0270  3.9597  3.8345  3.6489  3.6451  3.5553
 130  0.687241  3.8159  4.2173  0.2747  5.4630  4.8825  4.4174  4.1650  4.5663  4.4392  4.1650  4.0075  3.9402  3.8152  3.6298  3.6259  3.5363
 131  0.687944  3.8161  4.2104  0.2826  5.4408  4.8616  4.3977  4.1461  4.5456  4.4188  4.1451  3.9877  3.9205  3.7957  3.6104  3.6067  3.5170
 132  0.688641  3.8161  4.2031  0.2905  5.4195  4.8411  4.3781  4.1270  4.5251  4.3984  4.1250  3.9677  3.9006  3.7757  3.5908  3.5869  3.4974
 133  0.689330  3.8162  4.1957  0.2986  5.3984  4.8209  4.3586  4.1080  4.5044  4.3778  4.1046  3.9475  3.8804  3.7558  3.5707  3.5669  3.4774
 134  0.690012  3.8162  4.1880  0.3067  5.3778  4.8008  4.3391  4.0888  4.4835  4.3570  4.0841  3.9271  3.8600  3.7353  3.5505  3.5467  3.4570
 135  0.690687  3.8161  4.1801  0.3149  5.3575  4.7808  4.3195  4.0695  4.4626  4.3363  4.0634  3.9063  3.8394  3.7148  3.5300  3.5261  3.4365
 136  0.691353  3.8161  4.1721  0.3232  5.3377  4.7612  4.3000  4.0501  4.4417  4.3153  4.0425  3.8855  3.8185  3.6939  3.5091  3.5052  3.4156
 137  0.692013  3.8160  4.1638  0.3316  5.3184  4.7418  4.2805  4.0307  4.4207  4.2943  4.0216  3.8645  3.7975  3.6728  3.4879  3.4840  3.3942
 138  0.692663  3.8158  4.1553  0.3400  5.2996  4.7227  4.2611  4.0111  4.3997  4.2732  4.0003  3.8432  3.7761  3.6515  3.4665  3.4626  3.3727
 139  0.693304  3.8156  4.1464  0.3485  5.2815  4.7041  4.2418  3.9917  4.3785  4.2520  3.9789  3.8217  3.7546  3.6299  3.4447  3.4408  3.3506
 140  0.693935  3.8154  4.1372  0.3571  5.2638  4.6857  4.2225  3.9720  4.3574  4.2307  3.9573  3.8000  3.7329  3.6079  3.4226  3.4187  3.3284
 141  0.694556  3.8151  4.1279  0.3659  5.2469  4.6678  4.2033  3.9523  4.3362  4.2093  3.9356  3.7780  3.7108  3.5857  3.4002  3.3962  3.3056
 142  0.695166  3.8148  4.1182  0.3746  5.2309  4.6503  4.1843  3.9326  4.3151  4.1880  3.9137  3.7559  3.6886  3.5632  3.3774  3.3735  3.2826
 143  0.695765  3.8144  4.1082  0.3834  5.2157  4.6333  4.1655  3.9129  4.2939  4.1665  3.8917  3.7335  3.6661  3.5405  3.3543  3.3503  3.2590
 144  0.696354  3.8140  4.0978  0.3923  5.2014  4.6170  4.1468  3.8931  4.2727  4.1451  3.8694  3.7109  3.6433  3.5174  3.3308  3.3268  3.2351
 145  0.696930  3.8135  4.0872  0.4013  5.1883  4.6012  4.1283  3.8735  4.2517  4.1237  3.8471  3.6881  3.6204  3.4942  3.3070  3.3029  3.2109
 146  0.697494  3.8129  4.0761  0.4104  5.1763  4.5863  4.1102  3.8537  4.2308  4.1024  3.8246  3.6651  3.5972  3.4705  3.2827  3.2786  3.1861
 147  0.698045  3.8122  4.0648  0.4195  5.1656  4.5721  4.0924  3.8342  4.2099  4.0809  3.8021  3.6419  3.5737  3.4466  3.2581  3.2539  3.1609
 148  0.698583  3.8115  4.0529  0.4286  5.1563  4.5588  4.0749  3.8147  4.1893  4.0597  3.7794  3.6186  3.5501  3.4224  3.2330  3.2288  3.1352
 149  0.699107  3.8107  4.0407  0.4378  5.1485  4.5465  4.0578  3.7955  4.1688  4.0385  3.7566  3.5949  3.5262  3.3979  3.2076  3.2034  3.1091
 150  0.699618  3.8097  4.0279  0.4471  5.1422  4.5351  4.0412  3.7763  4.1485  4.0174  3.7338  3.5712  3.5022  3.3733  3.1820  3.1776  3.0825
 151  0.700115  3.8087  4.0149  0.4565  5.1379  4.5251  4.0251  3.7573  4.1285  3.9965  3.7108  3.5473  3.4778  3.3482  3.1556  3.1513  3.0555
 152  0.700597  3.8075  4.0011  0.4659  5.1350  4.5158  4.0096  3.7387  4.1087  3.9758  3.6879  3.5232  3.4533  3.3229  3.1292  3.1247  3.0280
 153  0.701065  3.8062  3.9868  0.4753  5.1338  4.5078  3.9948  3.7205  4.0892  3.9553  3.6650  3.4992  3.4289  3.2975  3.1024  3.0978  3.0001
 154  0.701518  3.8048  3.9720  0.4848  5.1348  4.5013  3.9807  3.7028  4.0702  3.9351  3.6421  3.4751  3.4042  3.2719  3.0752  3.0705  2.9717
 155  0.701958  3.8033  3.9566  0.4942  5.1382  4.4964  3.9675  3.6856  4.0516  3.9153  3.6195  3.4509  3.3794  3.2460  3.0477  3.0429  2.9428
 156  0.702382  3.8016  3.9405  0.5038  5.1439  4.4931  3.9551  3.6691  4.0334  3.8958  3.5968  3.4267  3.3547  3.2201  3.0200  3.0151  2.9137
 157  0.702793  3.7997  3.9239  0.5133  5.1535  4.4928  3.9443  3.6533  4.0159  3.8768  3.5743  3.4025  3.3299  3.1940  2.9919  2.9868  2.8840
 158  0.703187  3.7974  3.9053  0.5227  5.1736  4.5000  3.9375  3.6402  4.0005  3.8594  3.5524  3.3786  3.3052  3.1677  2.9629  2.9577  2.8530
 159  0.703563  3.7944  3.8841  0.5319  5.2095  4.5185  3.9369  3.6309  3.9883  3.8446  3.5317  3.3550  3.2806  3.1410  2.9330  2.9275  2.8202
 160  0.703922  3.7908  3.8610  0.5410  5.2590  4.5462  3.9412  3.6253  3.9788  3.8319  3.5118  3.3319  3.2562  3.1142  2.9021  2.8965  2.7863
 161  0.704270  3.7869  3.8366  0.5500  5.3203  4.5820  3.9505  3.6232  3.9715  3.8210  3.4927  3.3091  3.2320  3.0873  2.8709  2.8648  2.7514
 162  0.704591  3.7827  3.8117  0.5584  5.3930  4.6259  3.9658  3.6256  3.9673  3.8126  3.4751  3.2875  3.2089  3.0612  2.8401  2.8337  2.7169
 163  0.704911  3.7792  3.7891  0.5672  5.4547  4.6619  3.9771  3.6254  3.9603  3.8019  3.4565  3.2654  3.1855  3.0352  2.8101  2.8036  2.6839
 164  0.705229  3.7763  3.7687  0.5761  5.5025  4.6881  3.9825  3.6218  3.9503  3.7886  3.4366  3.2428  3.1620  3.0096  2.7813  2.7745  2.6523
 165  0.705546  3.7737  3.7493  0.5853  5.5445  4.7103  3.9854  3.6168  3.9386  3.7741  3.4163  3.2199  3.1382  2.9840  2.7527  2.7457  2.6212
 166  0.705859  3.7710  3.7292  0.5947  5.5906  4.7350  3.9900  3.6129  3.9272  3.7597  3.3956  3.1966  3.1139  2.9578  2.7233  2.7162  2.5893
 167  0.706168  3.7680  3.7080  0.6043  5.6428  4.7638  3.9968  3.6107  3.9165  3.7456  3.3747  3.1727  3.0890  2.9308  2.6930  2.6855  2.5560
 168  0.706471  3.7652  3.6864  0.6144  5.6957  4.7928  4.0039  3.6088  3.9053  3.7309  3.3530  3.1481  3.0633  2.9029  2.6617  2.6539  2.5219
 169  0.706768  3.7623  3.6649  0.6250  5.7464  4.8197  4.0098  3.6062  3.8927  3.7147  3.3300  3.1221  3.0363  2.8737  2.6292  2.6212  2.4866
 170  0.707054  3.7597  3.6435  0.6361  5.7931  4.8434  4.0134  3.6016  3.8779  3.6967  3.3053  3.0947  3.0080  2.8434  2.5958  2.5875  2.4505
 171  0.707329  3.7574  3.6224  0.6480  5.8332  4.8620  4.0133  3.5941  3.8604  3.6761  3.2788  3.0658  2.9783  2.8119  2.5615  2.5530  2.4138
 172  0.707590  3.7553  3.6017  0.6605  5.8655  4.8747  4.0090  3.5832  3.8400  3.6528  3.2504  3.0354  2.9471  2.7794  2.5264  2.5178  2.3766
 173  0.707839  3.7533  3.5811  0.6736  5.8916  4.8825  4.0013  3.5695  3.8173  3.6277  3.2204  3.0036  2.9147  2.7455  2.4903  2.4816  2.3386
 174  0.708075  3.7516  3.5608  0.6871  5.9112  4.8855  3.9903  3.5532  3.7924  3.6004  3.1892  2.9707  2.8811  2.7108  2.4536  2.4447  2.3001
 175  0.708300  3.7500  3.5408  0.7010  5.9245  4.8838  3.9762  3.5344  3.7658  3.5717  3.1567  2.9367  2.8466  2.6753  2.4163  2.4072  2.2612
 176  0.708514  3.7487  3.5213  0.7152  5.9309  4.8771  3.9590  3.5133  3.7372  3.5413  3.1231  2.9020  2.8114  2.6391  2.3787  2.3695  2.2221
 177  0.708722  3.7476  3.5022  0.7296  5.9331  4.8673  3.9398  3.4904  3.7076  3.5100  3.0889  2.8665  2.7757  2.6025  2.3407  2.3313  2.1829
 178  0.708921  3.7463  3.4831  0.7443  5.9322  4.8551  3.9188  3.4663  3.6769  3.4779  3.0542  2.8307  2.7395  2.5656  2.3025  2.2930  2.1434
 179  0.709115  3.7453  3.4644  0.7590  5.9281  4.8406  3.8963  3.4411  3.6455  3.4451  3.0188  2.7944  2.7030  2.5283  2.2640  2.2544  2.1039
 180  0.709305  3.7444  3.4458  0.7738  5.9219  4.8246  3.8729  3.4148  3.6135  3.4118  2.9832  2.7579  2.6661  2.4909  2.2255  2.2159  2.0643
 181  0.709490  3.7434  3.4274  0.7888  5.9134  4.8070  3.8481  3.3877  3.5809  3.3780  2.9473  2.7212  2.6291  2.4532  2.1868  2.1770  2.0247
 182  0.709661  3.7427  3.4104  0.8028  5.9039  4.7891  3.8243  3.3618  3.5501  3.3461  2.9135  2.6866  2.5942  2.4179  2.1505  2.1407  1.9876
 183  0.709832  3.7420  3.3934  0.8171  5.8927  4.7700  3.7994  3.3348  3.5184  3.3135  2.8791  2.6515  2.5589  2.3820  2.1138  2.1039  1.9501
 184  0.710001  3.7413  3.3763  0.8316  5.8795  4.7494  3.7734  3.3069  3.4861  3.2802  2.8442  2.6158  2.5230  2.3457  2.0766  2.0667  1.9122
 185  0.710170  3.7406  3.3592  0.8461  5.8662  4.7286  3.7471  3.2787  3.4535  3.2466  2.8089  2.5799  2.4869  2.3090  2.0393  2.0292  1.8740
 186  0.710338  3.7400  3.3420  0.8610  5.8514  4.7066  3.7198  3.2496  3.4200  3.2123  2.7729  2.5433  2.4501  2.2718  2.0012  1.9912  1.8353
 187  0.710506  3.7395  3.3247  0.8760  5.8350  4.6833  3.6915  3.2197  3.3858  3.1771  2.7363  2.5060  2.4127  2.2339  1.9626  1.9524  1.7961
 188  0.710672  3.7389  3.3072  0.8913  5.8185  4.6596  3.6629  3.1894  3.3511  3.1417  2.6993  2.4685  2.3748  2.1957  1.9236  1.9135  1.7564
 189  0.710838  3.7383  3.2894  0.9068  5.8007  4.6350  3.6333  3.1581  3.3157  3.1054  2.6616  2.4301  2.3363  2.1567  1.8839  1.8737  1.7160
 190  0.711003  3.7377  3.2715  0.9226  5.7817  4.6093  3.6028  3.1261  3.2795  3.0684  2.6232  2.3911  2.2971  2.1171  1.8436  1.8333  1.6751
 191  0.711167  3.7372  3.2534  0.9387  5.7629  4.5834  3.5721  3.0938  3.2428  3.0309  2.5842  2.3516  2.2574  2.0769  1.8028  1.7924  1.6336
 192  0.711329  3.7366  3.2350  0.9549  5.7431  4.5567  3.5405  3.0606  3.2054  2.9927  2.5446  2.3115  2.2171  2.0362  1.7613  1.7509  1.5915
 193  0.711491  3.7361  3.2165  0.9714  5.7220  4.5289  3.5080  3.0267  3.1673  2.9538  2.5043  2.2706  2.1762  1.9948  1.7194  1.7088  1.5489
 194  0.711651  3.7356  3.1974  0.9884  5.7007  4.5005  3.4748  2.9919  3.1281  2.9137  2.4630  2.2288  2.1340  1.9523  1.6762  1.6656  1.5051
 195  0.711807  3.7350  3.1777  1.0060  5.6784  4.4709  3.4402  2.9557  3.0875  2.8723  2.4202  2.1854  2.0904  1.9083  1.6315  1.6209  1.4597
 196  0.711961  3.7345  3.1576  1.0242  5.6541  4.4395  3.4039  2.9180  3.0453  2.8293  2.3759  2.1406  2.0455  1.8630  1.5854  1.5748  1.4130
 197  0.712111  3.7339  3.1366  1.0430  5.6297  4.4076  3.3667  2.8792  3.0018  2.7849  2.3301  2.0941  1.9988  1.8159  1.5376  1.5269  1.3646
 198  0.712257  3.7333  3.1148  1.0624  5.6058  4.3753  3.3287  2.8393  2.9569  2.7393  2.2828  2.0463  1.9508  1.7674  1.4884  1.4776  1.3146
 199  0.712400  3.7327  3.0927  1.0822  5.5799  4.3413  3.2892  2.7982  2.9109  2.6923  2.2344  1.9973  1.9016  1.7178  1.4381  1.4272  1.2636
 200  0.712541  3.7321  3.0700  1.1026  5.5539  4.3067  3.2487  2.7560  2.8636  2.6442  2.1847  1.9469  1.8510  1.6667  1.3862  1.3753  1.2111
 201  0.712676  3.7315  3.0465  1.1236  5.5284  4.2720  3.2075  2.7130  2.8153  2.5948  2.1337  1.8953  1.7992  1.6146  1.3332  1.3222  1.1572
 202  0.712809  3.7309  3.0227  1.1449  5.5017  4.2360  3.1653  2.6689  2.7657  2.5444  2.0817  1.8426  1.7463  1.5611  1.2789  1.2679  1.1023
 203  0.712938  3.7302  2.9983  1.1668  5.4751  4.1997  3.1223  2.6240  2.7153  2.4929  2.0284  1.7887  1.6922  1.5066  1.2237  1.2126  1.0462
 204  0.713064  3.7295  2.9732  1.1890  5.4506  4.1644  3.0794  2.5789  2.6642  2.4406  1.9745  1.7340  1.6373  1.4511  1.1673  1.1560  0.9890
 205  0.713186  3.7287  2.9476  1.2117  5.4269  4.1290  3.0361  2.5334  2.6123  2.3877  1.9195  1.6783  1.5813  1.3947  1.1099  1.0986  0.9307
 206  0.713304  3.7279  2.9214  1.2347  5.4033  4.0935  2.9923  2.4872  2.5596  2.3337  1.8637  1.6217  1.5245  1.3373  1.0515  1.0401  0.8714
 207  0.713419  3.7271  2.8949  1.2581  5.3806  4.0581  2.9482  2.4405  2.5061  2.2791  1.8069  1.5641  1.4667  1.2789  0.9921  0.9807  0.8109
 208  0.713531  3.7263  2.8678  1.2818  5.3583  4.0224  2.9035  2.3934  2.4520  2.2236  1.7493  1.5057  1.4080  1.2197  0.9319  0.9203  0.7498
 209  0.713638  3.7254  2.8403  1.3060  5.3369  3.9871  2.8587  2.3458  2.3972  2.1675  1.6910  1.4466  1.3485  1.1595  0.8707  0.8591  0.6876
 210  0.713742  3.7245  2.8124  1.3304  5.3169  3.9523  2.8140  2.2982  2.3420  2.1108  1.6319  1.3866  1.2883  1.0987  0.8087  0.7970  0.6245
 211  0.713842  3.7236  2.7840  1.3552  5.2979  3.9179  2.7690  2.2502  2.2861  2.0535  1.5721  1.3259  1.2273  1.0370  0.7459  0.7341  0.5606
 212  0.713939  3.7227  2.7553  1.3802  5.2802  3.8839  2.7240  2.2021  2.2299  1.9957  1.5118  1.2645  1.1657  0.9746  0.6823  0.6703  0.4959
 213  0.714031  3.7217  2.7261  1.4056  5.2637  3.8503  2.6790  2.1539  2.1733  1.9375  1.4508  1.2026  1.1034  0.9117  0.6181  0.6060  0.4305
 214  0.714120  3.7207  2.6967  1.4312  5.2477  3.8170  2.6338  2.1053  2.1163  1.8786  1.3892  1.1400  1.0405  0.8480  0.5532  0.5410  0.3644
 215  0.714206  3.7198  2.6669  1.4571  5.2329  3.7841  2.5887  2.0567  2.0588  1.8195  1.3272  1.0769  0.9770  0.7838  0.4877  0.4754  0.2977
 216  0.714288  3.7187  2.6368  1.4831  5.2187  3.7514  2.5435  2.0080  2.0010  1.7599  1.2647  1.0132  0.9130  0.7190  0.4215  0.4091  0.2303
 217  0.714302  3.7185  2.6315  1.4876  5.2162  3.7457  2.5357  1.9995  1.9910  1.7496  1.2538  1.0022  0.9019  0.7078  0.4100  0.3976  0.2186
 218  0.714316  3.7183  2.6263  1.4922  5.2141  3.7403  2.5278  1.9911  1.9809  1.7392  1.2429  0.9909  0.8906  0.6964  0.3985  0.3860  0.2067
 219  0.714329  3.7182  2.6209  1.4968  5.2115  3.7344  2.5198  1.9824  1.9708  1.7287  1.2319  0.9798  0.8794  0.6850  0.3867  0.3743  0.1949
 220  0.714343  3.7180  2.6156  1.5014  5.2092  3.7287  2.5120  1.9739  1.9606  1.7182  1.2209  0.9686  0.8681  0.6736  0.3752  0.3627  0.1831
 221  0.714357  3.7178  2.6103  1.5061  5.2071  3.7232  2.5041  1.9654  1.9505  1.7077  1.2098  0.9573  0.8568  0.6621  0.3634  0.3509  0.1711
 222  0.714370  3.7176  2.6049  1.5107  5.2046  3.7175  2.4961  1.9567  1.9401  1.6971  1.1986  0.9460  0.8454  0.6506  0.3516  0.3391  0.1590
 223  0.714384  3.7174  2.5996  1.5154  5.2027  3.7120  2.4882  1.9482  1.9299  1.6865  1.1876  0.9346  0.8340  0.6390  0.3399  0.3273  0.1470
 224  0.714397  3.7172  2.5941  1.5200  5.2004  3.7063  2.4801  1.9395  1.9196  1.6760  1.1763  0.9232  0.8225  0.6274  0.3280  0.3154  0.1350
 225  0.714410  3.7170  2.5887  1.5247  5.1982  3.7007  2.4721  1.9308  1.9092  1.6651  1.1650  0.9117  0.8110  0.6157  0.3160  0.3034  0.1227
 226  0.714423  3.7168  2.5832  1.5294  5.1959  3.6948  2.4640  1.9221  1.8989  1.6544  1.1538  0.9003  0.7994  0.6040  0.3042  0.2915  0.1106
 227  0.714539  3.7151  2.5330  1.5727  5.1776  3.6438  2.3909  1.8428  1.8039  1.5563  1.0504  0.7950  0.6935  0.4968  0.1945  0.1817 -0.0012
 228  0.714647  3.7133  2.4825  1.6159  5.1659  3.5969  2.3203  1.7656  1.7102  1.4593  0.9476  0.6901  0.5879  0.3897  0.0848  0.0719 -0.1131
 229  0.714748  3.7113  2.4301  1.6603  5.1622  3.5540  2.2510  1.6890  1.6155  1.3607  0.8426  0.5825  0.4796  0.2797 -0.0280 -0.0412 -0.2284
 230  0.714841  3.7091  2.3771  1.7050  5.1636  3.5145  2.1834  1.6137  1.5211  1.2621  0.7373  0.4746  0.3710  0.1693 -0.1413 -0.1548 -0.3444
 231  0.714923  3.7072  2.3265  1.7475  5.1690  3.4795  2.1206  1.5435  1.4318  1.1689  0.6373  0.3722  0.2676  0.0643 -0.2493 -0.2630 -0.4550
 232  0.715001  3.7050  2.2740  1.7915  5.1801  3.4476  2.0580  1.4728  1.3408  1.0735  0.5345  0.2666  0.1612 -0.0440 -0.3607 -0.3747 -0.5692
 233  0.715071  3.7028  2.2228  1.8343  5.1956  3.4207  1.9992  1.4061  1.2530  0.9812  0.4348  0.1641  0.0579 -0.1492 -0.4692 -0.4834 -0.6804
 234  0.715135  3.7007  2.1703  1.8780  5.2156  3.3977  1.9417  1.3401  1.1645  0.8880  0.3336  0.0600 -0.0471 -0.2563 -0.5796 -0.5940 -0.7937
 235  0.715194  3.6985  2.1201  1.9196  5.2388  3.3782  1.8883  1.2785  1.0807  0.7995  0.2374 -0.0390 -0.1471 -0.3581 -0.6847 -0.6994 -0.9016
 236  0.715246  3.6964  2.0721  1.9592  5.2639  3.3616  1.8386  1.2208  1.0013  0.7156  0.1458 -0.1335 -0.2424 -0.4554 -0.7852 -0.8001 -1.0049
 237  0.715296  3.6943  2.0251  1.9981  5.2896  3.3476  1.7914  1.1658  0.9244  0.6340  0.0566 -0.2256 -0.3354 -0.5503 -0.8833 -0.8985 -1.1058
 238  0.715340  3.6925  1.9828  2.0328  5.3174  3.3394  1.7516  1.1188  0.8566  0.5619 -0.0226 -0.3074 -0.4181 -0.6347 -0.9707 -0.9862 -1.1958
 239  0.715384  3.6910  1.9494  2.0602  5.3394  3.3334  1.7206  1.0819  0.8032  0.5050 -0.0851 -0.3721 -0.4833 -0.7013 -1.0397 -1.0554 -1.2668
 240  0.715424  3.6907  1.9401  2.0688  5.3352  3.3212  1.7050  1.0655  0.7837  0.4850 -0.1059 -0.3932 -0.5045 -0.7227 -1.0614 -1.0771 -1.2887
 241  0.715466  3.6897  1.9134  2.0913  5.3449  3.3100  1.6760  1.0323  0.7383  0.4370 -0.1579 -0.4466 -0.5585 -0.7776 -1.1180 -1.1338 -1.3468
 242  0.715506  3.6872  1.8607  2.1339  5.3847  3.3111  1.6338  0.9806  0.6579  0.3508 -0.2537 -0.5461 -0.6590 -0.8806 -1.2250 -1.2411 -1.4573
 243  0.715543  3.6845  1.8064  2.1777  5.4252  3.3170  1.5931  0.9301  0.5769  0.2634 -0.3515 -0.6476 -0.7618 -0.9858 -1.3346 -1.3511 -1.5707
 244  0.715577  3.6820  1.7549  2.2192  5.4595  3.3252  1.5560  0.8839  0.5009  0.1813 -0.4435 -0.7434 -0.8587 -1.0852 -1.4382 -1.4550 -1.6779
 245  0.715607  3.6795  1.7046  2.2596  5.4887  3.3364  1.5220  0.8409  0.4280  0.1023 -0.5324 -0.8360 -0.9525 -1.1815 -1.5386 -1.5557 -1.7819
 246  0.715635  3.6772  1.6571  2.2978  5.5117  3.3495  1.4916  0.8021  0.3601  0.0283 -0.6161 -0.9234 -1.0409 -1.2722 -1.6335 -1.6509 -1.8803
 247  0.715660  3.6749  1.6099  2.3356  5.5315  3.3649  1.4631  0.7653  0.2935 -0.0444 -0.6988 -1.0097 -1.1283 -1.3622 -1.7276 -1.7453 -1.9779
 248  0.715685  3.6724  1.5607  2.3751  5.5497  3.3833  1.4347  0.7285  0.2250 -0.1196 -0.7846 -1.0996 -1.2195 -1.4559 -1.8257 -1.8438 -2.0796
 249  0.715706  3.6700  1.5125  2.4137  5.5654  3.4049  1.4095  0.6948  0.1595 -0.1920 -0.8679 -1.1871 -1.3081 -1.5472 -1.9213 -1.9398 -2.1790
 250  0.715726  3.6675  1.4647  2.4517  5.5819  3.4330  1.3891  0.6661  0.0972 -0.2615 -0.9488 -1.2723 -1.3947 -1.6366 -2.0152 -2.0340 -2.2768
 251  0.715743  3.6651  1.4177  2.4888  5.5966  3.4639  1.3715  0.6403  0.0375 -0.3285 -1.0273 -1.3552 -1.4790 -1.7236 -2.1068 -2.1260 -2.3722
 252  0.715760  3.6626  1.3715  2.5252  5.6095  3.4977  1.3564  0.6175 -0.0200 -0.3935 -1.1038 -1.4361 -1.5612 -1.8086 -2.1965 -2.2160 -2.4657
 253  0.715776  3.6602  1.3263  2.5607  5.6211  3.5341  1.3444  0.5980 -0.0746 -0.4555 -1.1777 -1.5145 -1.6408 -1.8911 -2.2836 -2.3034 -2.5567
 254  0.715790  3.6578  1.2821  2.5954  5.6311  3.5719  1.3346  0.5812 -0.1266 -0.5153 -1.2489 -1.5903 -1.7180 -1.9711 -2.3683 -2.3885 -2.6452
 255  0.715803  3.6555  1.2382  2.6297  5.6397  3.6116  1.3269  0.5669 -0.1770 -0.5734 -1.3190 -1.6649 -1.7939 -2.0499 -2.4519 -2.4724 -2.7328
 256  0.715814  3.6531  1.1956  2.6631  5.6466  3.6515  1.3210  0.5550 -0.2252 -0.6292 -1.3864 -1.7368 -1.8670 -2.1261 -2.5328 -2.5537 -2.8177
 257  0.715826  3.6508  1.1536  2.6958  5.6531  3.6932  1.3176  0.5460 -0.2709 -0.6827 -1.4514 -1.8065 -1.9380 -2.2001 -2.6116 -2.6328 -2.9004
 258  0.715836  3.6485  1.1122  2.7280  5.6581  3.7351  1.3157  0.5390 -0.3149 -0.7344 -1.5150 -1.8747 -2.0076 -2.2726 -2.6891 -2.7106 -2.9821
 259  0.715846  3.6462  1.0718  2.7594  5.6623  3.7772  1.3155  0.5343 -0.3565 -0.7838 -1.5761 -1.9406 -2.0746 -2.3427 -2.7640 -2.7860 -3.0611
 260  0.715855  3.6440  1.0322  2.7901  5.6652  3.8188  1.3164  0.5308 -0.3961 -0.8314 -1.6356 -2.0047 -2.1403 -2.4112 -2.8374 -2.8597 -3.1385
 261  0.715864  3.6417  0.9928  2.8204  5.6688  3.8632  1.3208  0.5311 -0.4327 -0.8763 -1.6930 -2.0672 -2.2040 -2.4782 -2.9093 -2.9321 -3.2145
 262  0.715871  3.6394  0.9539  2.8501  5.6712  3.9077  1.3267  0.5336 -0.4670 -0.9192 -1.7487 -2.1280 -2.2662 -2.5436 -2.9797 -3.0028 -3.2892
 263  0.715879  3.6372  0.9159  2.8791  5.6724  3.9513  1.3337  0.5374 -0.4992 -0.9601 -1.8024 -2.1869 -2.3264 -2.6071 -3.0482 -3.0717 -3.3618
 264  0.715886  3.6349  0.8785  2.9075  5.6724  3.9946  1.3418  0.5427 -0.5295 -0.9991 -1.8545 -2.2441 -2.3851 -2.6690 -3.1152 -3.1391 -3.4330
 265  0.715892  3.6327  0.8417  2.9354  5.6708  4.0367  1.3504  0.5490 -0.5582 -1.0363 -1.9049 -2.2999 -2.4423 -2.7295 -3.1806 -3.2050 -3.5026
 266  0.715898  3.6306  0.8059  2.9626  5.6682  4.0777  1.3596  0.5562 -0.5849 -1.0719 -1.9536 -2.3539 -2.4976 -2.7881 -3.2442 -3.2690 -3.5703
 267  0.715904  3.6284  0.7705  2.9894  5.6643  4.1184  1.3694  0.5645 -0.6099 -1.1058 -2.0008 -2.4064 -2.5517 -2.8453 -3.3066 -3.3317 -3.6368
 268  0.715909  3.6263  0.7358  3.0158  5.6584  4.1572  1.3789  0.5730 -0.6340 -1.1385 -2.0469 -2.4580 -2.6045 -2.9016 -3.3678 -3.3933 -3.7022
 269  0.715914  3.6243  0.7021  3.0414  5.6511  4.1942  1.3884  0.5818 -0.6566 -1.1696 -2.0913 -2.5076 -2.6557 -2.9560 -3.4270 -3.4530 -3.7655
 270  0.715919  3.6222  0.6685  3.0668  5.6425  4.2308  1.3982  0.5912 -0.6780 -1.1998 -2.1348 -2.5566 -2.7060 -3.0097 -3.4854 -3.5118 -3.8281
 271  0.715924  3.6203  0.6358  3.0917  5.6321  4.2652  1.4069  0.5999 -0.6985 -1.2289 -2.1772 -2.6044 -2.7551 -3.0620 -3.5426 -3.5694 -3.8892
 272  0.715928  3.6184  0.6039  3.1160  5.6209  4.2993  1.4160  0.6091 -0.7173 -1.2563 -2.2179 -2.6505 -2.8026 -3.1127 -3.5981 -3.6253 -3.9487
 273  0.715932  3.6165  0.5725  3.1398  5.6082  4.3318  1.4242  0.6177 -0.7353 -1.2828 -2.2576 -2.6956 -2.8490 -3.1624 -3.6525 -3.6801 -4.0070
 274  0.715935  3.6147  0.5423  3.1630  5.5939  4.3617  1.4307  0.6248 -0.7528 -1.3085 -2.2962 -2.7395 -2.8942 -3.2109 -3.7054 -3.7334 -4.0638
 275  0.715939  3.6129  0.5121  3.1859  5.5798  4.3937  1.4388  0.6335 -0.7678 -1.3321 -2.3332 -2.7820 -2.9379 -3.2579 -3.7572 -3.7855 -4.1195
 276  0.715943  3.6111  0.4828  3.2082  5.5654  4.4277  1.4473  0.6428 -0.7800 -1.3529 -2.3680 -2.8225 -2.9798 -3.3033 -3.8075 -3.8362 -4.1738
 277  0.715946  3.6094  0.4543  3.2298  5.5505  4.4610  1.4556  0.6519 -0.7908 -1.3722 -2.4012 -2.8614 -3.0201 -3.3469 -3.8558 -3.8850 -4.2262
 278  0.715949  3.6078  0.4269  3.2506  5.5341  4.4908  1.4616  0.6587 -0.8017 -1.3914 -2.4336 -2.8993 -3.0592 -3.3892 -3.9027 -3.9323 -4.2769
 279  0.715952  3.6063  0.4022  3.2695  5.5183  4.5172  1.4665  0.6646 -0.8113 -1.4083 -2.4628 -2.9332 -3.0943 -3.4273 -3.9450 -3.9749 -4.3225
