#NUMBER OF AGES= 1
#----------------------------------------------------       
#MIX-LEN  Y      Z          Zeff        [Fe/H] [a/Fe]
# 1.9380  0.3300 8.6733E-04 4.4148E-04  -1.54   0.40 
#----------------------------------------------------       
#**PHOTOMETRIC SYSTEM**: HST WFPC2 (Vega)                   
#----------------------------------------------------       
#AGE=11.800 EEPS=265
#EEP   M/Mo    LogTeff  LogG   LogL/Lo F218W   F255W   F300W   F336W   F439W   F450W   F555W   F606W   F622W   F675W   F791W   F814W   F850LP
  15  0.122632  3.5461  5.2352 -2.5709 20.3038 19.7102 16.3424 15.4937 14.3460 13.7968 12.4673 11.9300 11.7399 11.3583 10.5652 10.5276 10.1224
  16  0.134886  3.5535  5.1987 -2.4634 19.9470 19.1381 15.9193 15.0660 13.9240 13.4065 12.1204 11.5866 11.3967 11.0232 10.2910 10.2547  9.8627
  17  0.146427  3.5592  5.1684 -2.3746 19.6411 18.6776 15.5789 14.7254 13.5925 13.0962 11.8432 11.3129 11.1238 10.7557 10.0650 10.0299  9.6473
  18  0.157883  3.5637  5.1422 -2.2975 19.3681 18.2896 15.2930 14.4414 13.3187 12.8368 11.6097 11.0830 10.8949 10.5308  9.8694  9.8351  9.4598
  19  0.170123  3.5678  5.1178 -2.2243 19.1055 17.9290 15.0259 14.1773 13.0658 12.5958 11.3917 10.8688 10.6819 10.3212  9.6840  9.6504  9.2812
  20  0.183235  3.5716  5.0948 -2.1540 18.8509 17.5883 14.7727 13.9278 12.8283 12.3682 11.1851 10.6665 10.4807 10.1232  9.5063  9.4733  9.1096
  21  0.196819  3.5750  5.0737 -2.0881 18.6102 17.2734 14.5374 13.6967 12.6095 12.1576 10.9938 10.4793 10.2948  9.9403  9.3401  9.3077  8.9490
  22  0.212006  3.5784  5.0534 -2.0223 18.3649 16.9605 14.3026 13.4665 12.3927 11.9482 10.8033 10.2935 10.1102  9.7589  9.1738  9.1419  8.7879
  23  0.228064  3.5814  5.0347 -1.9595 18.1227 16.6615 14.0784 13.2471 12.1876 11.7498 10.6226 10.1176  9.9356  9.5874  9.0153  8.9840  8.6343
  24  0.241701  3.5839  5.0206 -1.9106 17.9305 16.4324 13.9032 13.0758 12.0282 11.5952 10.4821  9.9812  9.8002  9.4546  8.8920  8.8610  8.5148
  25  0.251460  3.5854  5.0114 -1.8778 17.8006 16.2797 13.7853 12.9603 11.9209 11.4913 10.3876  9.8895  9.7094  9.3656  8.8090  8.7782  8.4344
  26  0.258275  3.5865  5.0057 -1.8563 17.7165 16.1814 13.7086 12.8853 11.8514 11.4237 10.3262  9.8299  9.6503  9.3077  8.7549  8.7243  8.3820
  27  0.263377  3.5872  5.0020 -1.8412 17.6572 16.1124 13.6544 12.8321 11.8022 11.3759 10.2827  9.7877  9.6084  9.2667  8.7166  8.6861  8.3448
  28  0.267196  3.5877  4.9994 -1.8301 17.6137 16.0619 13.6143 12.7929 11.7660 11.3407 10.2507  9.7568  9.5778  9.2367  8.6884  8.6580  8.3175
  29  0.270080  3.5882  4.9972 -1.8215 17.5799 16.0225 13.5833 12.7626 11.7379 11.3135 10.2260  9.7330  9.5541  9.2135  8.6668  8.6365  8.2967
  30  0.272405  3.5886  4.9954 -1.8144 17.5515 15.9895 13.5573 12.7372 11.7147 11.2908 10.2056  9.7133  9.5346  9.1944  8.6490  8.6187  8.2794
  31  0.274591  3.5890  4.9942 -1.8083 17.5257 15.9593 13.5339 12.7143 11.6938 11.2706 10.1874  9.6959  9.5174  9.1777  8.6334  8.6033  8.2645
  32  0.276735  3.5894  4.9926 -1.8017 17.4983 15.9272 13.5088 12.6897 11.6714 11.2489 10.1680  9.6772  9.4989  9.1597  8.6167  8.5865  8.2482
  33  0.279241  3.5897  4.9908 -1.7943 17.4676 15.8916 13.4809 12.6624 11.6465 11.2248 10.1463  9.6564  9.4783  9.1395  8.5979  8.5679  8.2302
  34  0.282137  3.5902  4.9887 -1.7858 17.4335 15.8524 13.4497 12.6318 11.6185 11.1975 10.1218  9.6327  9.4549  9.1167  8.5764  8.5465  8.2094
  35  0.285424  3.5907  4.9858 -1.7761 17.3957 15.8095 13.4149 12.5978 11.5872 11.1671 10.0940  9.6059  9.4282  9.0906  8.5519  8.5220  8.1855
  36  0.289177  3.5912  4.9822 -1.7649 17.3541 15.7629 13.3766 12.5602 11.5524 11.1331 10.0629  9.5757  9.3983  9.0611  8.5238  8.4941  8.1582
  37  0.293835  3.5917  4.9776 -1.7513 17.3031 15.7067 13.3299 12.5145 11.5103 11.0919 10.0251  9.5390  9.3619  9.0254  8.4896  8.4598  8.1247
  38  0.299085  3.5922  4.9716 -1.7355 17.2413 15.6423 13.2758 12.4618 11.4626 11.0454  9.9826  9.4980  9.3214  8.9856  8.4499  8.4203  8.0855
  39  0.325730  3.5972  4.9385 -1.6458 16.8822 15.2381 12.9442 12.1369 11.1677 10.7582  9.7240  9.2494  9.0754  8.7454  8.2238  8.1949  7.8666
  40  0.355947  3.6053  4.8960 -1.5321 16.3928 14.6863 12.4924 11.6941 10.7726 10.3747  9.3852  8.9269  8.7573  8.4369  7.9361  7.9085  7.5906
  41  0.367768  3.6091  4.8773 -1.4838 16.1842 14.4561 12.2980 11.5026 10.6017 10.2089  9.2396  8.7892  8.6216  8.3059  7.8138  7.7867  7.4737
  42  0.378052  3.6129  4.8605 -1.4400 15.9932 14.2476 12.1187 11.3256 10.4439 10.0561  9.1059  8.6632  8.4976  8.1865  7.7026  7.6760  7.3678
  43  0.388106  3.6171  4.8444 -1.3958 15.7999 14.0370 11.9347 11.1434 10.2818  9.8991  8.9692  8.5350  8.3717  8.0656  7.5904  7.5645  7.2615
  44  0.398340  3.6218  4.8287 -1.3499 15.5969 13.8160 11.7387 10.9486 10.1092  9.7324  8.8248  8.4003  8.2394  7.9395  7.4739  7.4487  7.1518
  45  0.408115  3.6269  4.8144 -1.3047 15.3922 13.5912 11.5384 10.7482  9.9327  9.5622  8.6790  8.2652  8.1070  7.8139  7.3591  7.3347  7.0447
  46  0.417165  3.6323  4.8021 -1.2611 15.1876 13.3626 11.3351 10.5436  9.7545  9.3909  8.5338  8.1320  7.9768  7.6913  7.2485  7.2250  6.9426
  47  0.425948  3.6382  4.7912 -1.2178 14.9774 13.1264 11.1224 10.3300  9.5718  9.2156  8.3865  7.9977  7.8459  7.5687  7.1388  7.1162  6.8421
  48  0.434263  3.6442  4.7818 -1.1762 14.7701 12.8913 10.9071 10.1155  9.3922  9.0438  8.2428  7.8673  7.7190  7.4506  7.0339  7.0122  6.7466
  49  0.442407  3.6502  4.7732 -1.1353 14.5625 12.6537 10.6855  9.8980  9.2148  8.8743  8.1013  7.7393  7.5946  7.3350  6.9315  6.9108  6.6538
  50  0.450351  3.6562  4.7654 -1.0958 14.3286 12.3912 10.4616  9.6789  9.0434  8.7105  7.9647  7.6155  7.4745  7.2230  6.8319  6.8120  6.5634
  51  0.458338  3.6624  4.7581 -1.0560 14.0420 12.0806 10.2274  9.4498  8.8731  8.5473  7.8288  7.4916  7.3550  7.1106  6.7309  6.7121  6.4716
  52  0.463101  3.6662  4.7542 -1.0321 13.8512 11.8817 10.0804  9.3083  8.7709  8.4495  7.7475  7.4174  7.2835  7.0432  6.6705  6.6520  6.4166
  53  0.467784  3.6701  4.7505 -1.0086 13.6529 11.6830  9.9302  9.1666  8.6700  8.3532  7.6673  7.3443  7.2131  6.9769  6.6108  6.5930  6.3625
  54  0.472391  3.6741  4.7473 -0.9852 13.4449 11.4819  9.7780  9.0248  8.5704  8.2584  7.5883  7.2722  7.1436  6.9116  6.5520  6.5347  6.3093
  55  0.476932  3.6779  4.7439 -0.9624 13.2345 11.2854  9.6284  8.8866  8.4741  8.1670  7.5118  7.2021  7.0761  6.8479  6.4944  6.4777  6.2570
  56  0.481412  3.6817  4.7405 -0.9397 13.0190 11.0915  9.4806  8.7510  8.3802  8.0779  7.4370  7.1334  7.0099  6.7853  6.4377  6.4215  6.2056
  57  0.485824  3.6855  4.7372 -0.9176 12.8021 10.9033  9.3367  8.6193  8.2894  7.9918  7.3645  7.0665  6.9454  6.7242  6.3824  6.3666  6.1553
  58  0.490166  3.6892  4.7338 -0.8956 12.5856 10.7216  9.1972  8.4920  8.2017  7.9088  7.2941  7.0015  6.8826  6.6646  6.3282  6.3128  6.1058
  59  0.494435  3.6928  4.7304 -0.8741 12.3694 10.5450  9.0609  8.3682  8.1165  7.8284  7.2258  6.9382  6.8213  6.6063  6.2749  6.2601  6.0573
  60  0.498599  3.6961  4.7267 -0.8533 12.1634 10.3798  8.9325  8.2518  8.0362  7.7527  7.1611  6.8778  6.7628  6.5505  6.2238  6.2093  6.0103
  61  0.502643  3.6995  4.7233 -0.8329 11.9600 10.2191  8.8067  8.1382  7.9578  7.6791  7.0979  6.8190  6.7058  6.4961  6.1738  6.1597  5.9646
  62  0.506558  3.7027  4.7196 -0.8132 11.7705 10.0702  8.6889  8.0316  7.8837  7.6094  7.0381  6.7629  6.6514  6.4440  6.1259  6.1122  5.9206
  63  0.510343  3.7057  4.7161 -0.7940 11.5883  9.9278  8.5751  7.9288  7.8118  7.5419  6.9800  6.7086  6.5986  6.3937  6.0796  6.0662  5.8780
  64  0.514000  3.7086  4.7124 -0.7755 11.4153  9.7932  8.4671  7.8313  7.7430  7.4775  6.9246  6.6567  6.5480  6.3453  6.0350  6.0219  5.8370
  65  0.517543  3.7116  4.7089 -0.7573 11.2463  9.6627  8.3621  7.7366  7.6762  7.4150  6.8708  6.6062  6.4988  6.2983  5.9918  5.9790  5.7972
  66  0.520992  3.7144  4.7053 -0.7396 11.0833  9.5372  8.2611  7.6457  7.6117  7.3546  6.8187  6.5574  6.4512  6.2528  5.9498  5.9374  5.7585
  67  0.524355  3.7171  4.7018 -0.7222 10.9229  9.4142  8.1625  7.5570  7.5487  7.2959  6.7681  6.5098  6.4048  6.2084  5.9089  5.8968  5.7208
  68  0.527646  3.7198  4.6982 -0.7053 10.7669  9.2948  8.0671  7.4713  7.4878  7.2389  6.7188  6.4635  6.3596  6.1651  5.8689  5.8571  5.6838
  69  0.530877  3.7224  4.6945 -0.6885 10.6144  9.1780  7.9738  7.3876  7.4278  7.1830  6.6705  6.4180  6.3153  6.1226  5.8296  5.8181  5.6475
  70  0.534071  3.7250  4.6906 -0.6719 10.4677  9.0653  7.8834  7.3065  7.3695  7.1286  6.6234  6.3735  6.2718  6.0810  5.7911  5.7797  5.6118
  71  0.537237  3.7275  4.6867 -0.6553 10.3245  8.9548  7.7945  7.2269  7.3118  7.0748  6.5768  6.3297  6.2289  6.0399  5.7528  5.7418  5.5764
  72  0.540374  3.7299  4.6826 -0.6390 10.1865  8.8476  7.7078  7.1493  7.2553  7.0221  6.5310  6.2864  6.1866  5.9993  5.7152  5.7044  5.5414
  73  0.543502  3.7323  4.6784 -0.6227 10.0517  8.7427  7.6228  7.0731  7.1993  6.9699  6.4856  6.2435  6.1446  5.9591  5.6777  5.6672  5.5066
  74  0.546618  3.7347  4.6741 -0.6065  9.9208  8.6402  7.5396  6.9987  7.1441  6.9183  6.4407  6.2010  6.1031  5.9192  5.6406  5.6303  5.4720
  75  0.549730  3.7369  4.6695 -0.5903  9.7936  8.5401  7.4587  6.9260  7.0896  6.8673  6.3963  6.1588  6.0618  5.8795  5.6036  5.5935  5.4374
  76  0.552838  3.7392  4.6648 -0.5741  9.6696  8.4422  7.3794  6.8548  7.0357  6.8169  6.3522  6.1170  6.0208  5.8400  5.5667  5.5569  5.4030
  77  0.555933  3.7414  4.6599 -0.5581  9.5494  8.3468  7.3020  6.7852  6.9827  6.7672  6.3085  6.0757  5.9802  5.8009  5.5302  5.5205  5.3688
  78  0.559001  3.7435  4.6549 -0.5421  9.4318  8.2531  7.2260  6.7169  6.9304  6.7180  6.2653  6.0346  5.9400  5.7623  5.4939  5.4846  5.3349
  79  0.562039  3.7457  4.6499 -0.5262  9.3173  8.1615  7.1515  6.6501  6.8789  6.6696  6.2227  5.9941  5.9003  5.7241  5.4583  5.4490  5.3013
  80  0.565051  3.7476  4.6446 -0.5106  9.2070  8.0730  7.0790  6.5850  6.8283  6.6221  6.1808  5.9542  5.8612  5.6864  5.4228  5.4138  5.2679
  81  0.568026  3.7496  4.6393 -0.4950  9.0991  7.9861  7.0080  6.5212  6.7786  6.5753  6.1393  5.9149  5.8225  5.6491  5.3878  5.3789  5.2349
  82  0.572232  3.7524  4.6314 -0.4730  8.9501  7.8658  6.9094  6.4323  6.7089  6.5095  6.0810  5.8593  5.7679  5.5964  5.3382  5.3296  5.1880
  83  0.576453  3.7551  4.6233 -0.4508  8.8036  7.7469  6.8120  6.3447  6.6393  6.4438  6.0225  5.8034  5.7130  5.5435  5.2883  5.2799  5.1409
  84  0.580677  3.7578  4.6147 -0.4285  8.6611  7.6307  6.7172  6.2593  6.5701  6.3784  5.9640  5.7475  5.6580  5.4903  5.2381  5.2299  5.0933
  85  0.584884  3.7604  4.6057 -0.4062  8.5221  7.5168  6.6248  6.1761  6.5015  6.3132  5.9055  5.6915  5.6029  5.4370  5.1876  5.1798  5.0453
  86  0.589056  3.7628  4.5966 -0.3838  8.3859  7.4049  6.5342  6.0946  6.4333  6.2484  5.8472  5.6357  5.5480  5.3838  5.1374  5.1296  4.9975
  87  0.593171  3.7653  4.5871 -0.3614  8.2535  7.2957  6.4456  6.0151  6.3659  6.1842  5.7893  5.5802  5.4935  5.3309  5.0871  5.0797  4.9497
  88  0.597214  3.7677  4.5775 -0.3394  8.1252  7.1894  6.3589  5.9374  6.2994  6.1208  5.7321  5.5252  5.4393  5.2784  5.0374  5.0300  4.9021
  89  0.601175  3.7700  4.5677 -0.3173  8.0008  7.0860  6.2745  5.8617  6.2338  6.0582  5.6752  5.4706  5.3855  5.2263  4.9878  4.9807  4.8548
  90  0.605049  3.7722  4.5577 -0.2956  7.8800  6.9852  6.1921  5.7877  6.1691  5.9963  5.6190  5.4166  5.3323  5.1748  4.9388  4.9318  4.8079
  91  0.608837  3.7744  4.5477 -0.2739  7.7623  6.8868  6.1118  5.7153  6.1052  5.9351  5.5633  5.3631  5.2796  5.1237  4.8902  4.8835  4.7614
  92  0.612532  3.7767  4.5375 -0.2525  7.6489  6.7914  6.0342  5.6447  6.0423  5.8747  5.5083  5.3101  5.2275  5.0730  4.8419  4.8354  4.7151
  93  0.616132  3.7787  4.5272 -0.2312  7.5391  6.6988  5.9593  5.5759  5.9802  5.8151  5.4536  5.2578  5.1760  5.0229  4.7942  4.7878  4.6693
  94  0.619633  3.7808  4.5168 -0.2103  7.4320  6.6081  5.8865  5.5082  5.9190  5.7562  5.3995  5.2059  5.1250  4.9734  4.7471  4.7408  4.6241
  95  0.623035  3.7828  4.5063 -0.1895  7.3288  6.5203  5.8166  5.4423  5.8586  5.6981  5.3459  5.1548  5.0747  4.9245  4.7004  4.6943  4.5793
  96  0.626338  3.7847  4.4957 -0.1689  7.2289  6.4350  5.7478  5.3781  5.7992  5.6408  5.2930  5.1041  5.0248  4.8759  4.6540  4.6480  4.5347
  97  0.629546  3.7866  4.4851 -0.1486  7.1326  6.3524  5.6800  5.3161  5.7410  5.5844  5.2409  5.0538  4.9752  4.8276  4.6078  4.6020  4.4901
  98  0.632662  3.7884  4.4744 -0.1283  7.0386  6.2718  5.6127  5.2561  5.6836  5.5289  5.1895  5.0041  4.9260  4.7797  4.5619  4.5563  4.4457
  99  0.635688  3.7902  4.4635 -0.1084  6.9476  6.1934  5.5461  5.1977  5.6271  5.4742  5.1388  4.9547  4.8772  4.7322  4.5161  4.5106  4.4014
 100  0.638630  3.7919  4.4526 -0.0886  6.8584  6.1165  5.4804  5.1402  5.5712  5.4199  5.0886  4.9058  4.8288  4.6850  4.4709  4.4655  4.3576
 101  0.641493  3.7935  4.4415 -0.0688  6.7705  6.0406  5.4157  5.0830  5.5154  5.3659  5.0387  4.8574  4.7809  4.6385  4.4263  4.4209  4.3144
 102  0.644280  3.7952  4.4303 -0.0492  6.6841  5.9659  5.3521  5.0262  5.4600  5.3122  4.9890  4.8093  4.7335  4.5922  4.3819  4.3768  4.2715
 103  0.646994  3.7967  4.4189 -0.0298  6.5990  5.8923  5.2899  4.9697  5.4048  5.2587  4.9395  4.7616  4.6865  4.5465  4.3381  4.3330  4.2291
 104  0.649639  3.7982  4.4074 -0.0105  6.5161  5.8201  5.2289  4.9140  5.3499  5.2055  4.8903  4.7140  4.6396  4.5009  4.2944  4.2894  4.1867
 105  0.652220  3.7997  4.3956  0.0088  6.4355  5.7498  5.1693  4.8595  5.2956  5.1528  4.8413  4.6667  4.5929  4.4553  4.2506  4.2458  4.1443
 106  0.654739  3.8011  4.3837  0.0280  6.3574  5.6813  5.1111  4.8060  5.2420  5.1006  4.7925  4.6195  4.5462  4.4098  4.2067  4.2020  4.1016
 107  0.657203  3.8025  4.3717  0.0471  6.2817  5.6146  5.0541  4.7537  5.1889  5.0489  4.7440  4.5724  4.4997  4.3643  4.1628  4.1582  4.0588
 108  0.659613  3.8037  4.3594  0.0661  6.2085  5.5498  4.9985  4.7027  5.1366  4.9977  4.6956  4.5254  4.4532  4.3187  4.1187  4.1142  4.0159
 109  0.661977  3.8049  4.3470  0.0850  6.1373  5.4864  4.9440  4.6523  5.0846  4.9470  4.6477  4.4784  4.4068  4.2733  4.0747  4.0703  3.9728
 110  0.664301  3.8061  4.3345  0.1038  6.0679  5.4244  4.8903  4.6028  5.0331  4.8966  4.5998  4.4318  4.3607  4.2279  4.0307  4.0264  3.9298
 111  0.666581  3.8072  4.3218  0.1225  6.0000  5.3636  4.8376  4.5540  4.9820  4.8466  4.5522  4.3855  4.3147  4.1828  3.9869  3.9826  3.8869
 112  0.667355  3.8076  4.3173  0.1289  5.9765  5.3426  4.8193  4.5371  4.9643  4.8292  4.5358  4.3694  4.2987  4.1672  3.9717  3.9674  3.8720
 113  0.668127  3.8080  4.3129  0.1355  5.9524  5.3210  4.8006  4.5199  4.9462  4.8115  4.5190  4.3530  4.2825  4.1513  3.9564  3.9521  3.8569
 114  0.668895  3.8085  4.3085  0.1421  5.9277  5.2991  4.7818  4.5025  4.9279  4.7937  4.5021  4.3365  4.2662  4.1353  3.9409  3.9367  3.8418
 115  0.669661  3.8089  4.3042  0.1489  5.9025  5.2767  4.7625  4.4850  4.9093  4.7755  4.4850  4.3198  4.2497  4.1191  3.9253  3.9210  3.8265
 116  0.670425  3.8094  4.2998  0.1557  5.8767  5.2540  4.7431  4.4671  4.8905  4.7571  4.4676  4.3030  4.2331  4.1028  3.9095  3.9053  3.8112
 117  0.671187  3.8099  4.2952  0.1625  5.8510  5.2312  4.7235  4.4492  4.8715  4.7386  4.4502  4.2861  4.2162  4.0864  3.8935  3.8894  3.7956
 118  0.671945  3.8103  4.2905  0.1695  5.8256  5.2085  4.7040  4.4312  4.8524  4.7198  4.4324  4.2688  4.1992  4.0697  3.8774  3.8733  3.7798
 119  0.672699  3.8107  4.2855  0.1765  5.8005  5.1862  4.6845  4.4131  4.8331  4.7011  4.4145  4.2513  4.1818  4.0527  3.8609  3.8568  3.7635
 120  0.673449  3.8111  4.2805  0.1837  5.7760  5.1640  4.6650  4.3951  4.8139  4.6819  4.3964  4.2336  4.1643  4.0354  3.8440  3.8400  3.7471
 121  0.674194  3.8115  4.2750  0.1909  5.7518  5.1421  4.6454  4.3768  4.7943  4.6629  4.3781  4.2156  4.1465  4.0178  3.8270  3.8229  3.7301
 122  0.674934  3.8118  4.2694  0.1982  5.7277  5.1202  4.6259  4.3583  4.7747  4.6435  4.3595  4.1974  4.1284  4.0000  3.8095  3.8054  3.7130
 123  0.675670  3.8121  4.2637  0.2056  5.7040  5.0984  4.6063  4.3400  4.7549  4.6240  4.3407  4.1789  4.1100  3.9819  3.7918  3.7877  3.6954
 124  0.676400  3.8124  4.2577  0.2131  5.6803  5.0766  4.5866  4.3214  4.7349  4.6044  4.3217  4.1602  4.0915  3.9636  3.7738  3.7698  3.6776
 125  0.677124  3.8126  4.2516  0.2207  5.6565  5.0548  4.5667  4.3026  4.7147  4.5845  4.3026  4.1415  4.0727  3.9450  3.7556  3.7516  3.6596
 126  0.677845  3.8129  4.2455  0.2283  5.6329  5.0330  4.5469  4.2837  4.6944  4.5644  4.2832  4.1223  4.0538  3.9264  3.7372  3.7333  3.6414
 127  0.678562  3.8131  4.2392  0.2360  5.6096  5.0113  4.5270  4.2649  4.6741  4.5444  4.2638  4.1031  4.0347  3.9074  3.7187  3.7146  3.6229
 128  0.679274  3.8133  4.2327  0.2438  5.5862  4.9896  4.5071  4.2459  4.6536  4.5242  4.2440  4.0838  4.0154  3.8884  3.6998  3.6958  3.6043
 129  0.679982  3.8135  4.2261  0.2516  5.5632  4.9681  4.4872  4.2268  4.6330  4.5038  4.2243  4.0642  3.9960  3.8691  3.6808  3.6768  3.5854
 130  0.680684  3.8136  4.2193  0.2595  5.5403  4.9466  4.4672  4.2076  4.6124  4.4833  4.2043  4.0444  3.9763  3.8496  3.6616  3.6575  3.5663
 131  0.681380  3.8138  4.2123  0.2675  5.5178  4.9253  4.4472  4.1884  4.5916  4.4627  4.1842  4.0245  3.9564  3.8299  3.6420  3.6381  3.5468
 132  0.682069  3.8139  4.2051  0.2755  5.4960  4.9044  4.4274  4.1691  4.5707  4.4421  4.1638  4.0043  3.9364  3.8098  3.6222  3.6182  3.5270
 133  0.682751  3.8140  4.1976  0.2836  5.4746  4.8839  4.4075  4.1498  4.5498  4.4213  4.1433  3.9839  3.9159  3.7896  3.6020  3.5980  3.5069
 134  0.683426  3.8140  4.1899  0.2918  5.4535  4.8635  4.3877  4.1304  4.5289  4.4003  4.1226  3.9633  3.8954  3.7690  3.5816  3.5776  3.4864
 135  0.684094  3.8140  4.1820  0.3002  5.4329  4.8432  4.3679  4.1107  4.5077  4.3794  4.1017  3.9425  3.8746  3.7483  3.5609  3.5568  3.4656
 136  0.684753  3.8139  4.1740  0.3085  5.4128  4.8232  4.3481  4.0912  4.4866  4.3582  4.0807  3.9214  3.8535  3.7273  3.5398  3.5359  3.4446
 137  0.685405  3.8138  4.1656  0.3169  5.3931  4.8035  4.3284  4.0715  4.4653  4.3370  4.0595  3.9002  3.8323  3.7059  3.5185  3.5146  3.4231
 138  0.686047  3.8137  4.1570  0.3255  5.3739  4.7841  4.3087  4.0517  4.4441  4.3156  4.0381  3.8787  3.8108  3.6844  3.4969  3.4929  3.4014
 139  0.686681  3.8135  4.1481  0.3341  5.3554  4.7652  4.2891  4.0320  4.4227  4.2942  4.0164  3.8570  3.7891  3.6626  3.4750  3.4709  3.3792
 140  0.687304  3.8133  4.1389  0.3428  5.3375  4.7465  4.2696  4.0122  4.4014  4.2727  3.9947  3.8351  3.7671  3.6405  3.4527  3.4486  3.3567
 141  0.687917  3.8130  4.1296  0.3516  5.3203  4.7283  4.2502  3.9923  4.3800  4.2512  3.9727  3.8130  3.7449  3.6181  3.4301  3.4260  3.3338
 142  0.688520  3.8127  4.1198  0.3604  5.3040  4.7106  4.2310  3.9724  4.3586  4.2296  3.9507  3.7906  3.7224  3.5954  3.4071  3.4030  3.3106
 143  0.689111  3.8123  4.1097  0.3692  5.2885  4.6933  4.2119  3.9525  4.3373  4.2080  3.9284  3.7681  3.6998  3.5725  3.3838  3.3797  3.2869
 144  0.689691  3.8119  4.0994  0.3783  5.2740  4.6767  4.1930  3.9325  4.3158  4.1862  3.9060  3.7452  3.6768  3.5493  3.3602  3.3560  3.2629
 145  0.690259  3.8114  4.0886  0.3873  5.2606  4.6608  4.1744  3.9127  4.2947  4.1647  3.8834  3.7223  3.6537  3.5258  3.3361  3.3319  3.2384
 146  0.690814  3.8108  4.0775  0.3965  5.2484  4.6456  4.1560  3.8929  4.2735  4.1431  3.8608  3.6991  3.6303  3.5020  3.3117  3.3074  3.2135
 147  0.691357  3.8101  4.0661  0.4056  5.2374  4.6312  4.1381  3.8732  4.2525  4.1215  3.8380  3.6757  3.6067  3.4780  3.2869  3.2826  3.1881
 148  0.691886  3.8094  4.0542  0.4149  5.2279  4.6177  4.1205  3.8536  4.2316  4.1000  3.8152  3.6522  3.5828  3.4535  3.2617  3.2574  3.1623
 149  0.692402  3.8086  4.0419  0.4242  5.2198  4.6051  4.1032  3.8342  4.2108  4.0786  3.7921  3.6284  3.5588  3.4289  3.2362  3.2317  3.1360
 150  0.692904  3.8077  4.0291  0.4336  5.2129  4.5932  4.0864  3.8149  4.1903  4.0573  3.7692  3.6045  3.5346  3.4040  3.2103  3.2059  3.1093
 151  0.693392  3.8067  4.0159  0.4430  5.2078  4.5827  4.0702  3.7960  4.1700  4.0361  3.7461  3.5804  3.5101  3.3789  3.1841  3.1796  3.0822
 152  0.693866  3.8054  4.0020  0.4525  5.2048  4.5734  4.0547  3.7775  4.1501  4.0153  3.7230  3.5563  3.4855  3.3536  3.1574  3.1528  3.0545
 153  0.694325  3.8041  3.9876  0.4620  5.2038  4.5655  4.0399  3.7594  4.1305  3.9947  3.7000  3.5321  3.4608  3.3280  3.1304  3.1257  3.0264
 154  0.694770  3.8027  3.9726  0.4715  5.2053  4.5594  4.0261  3.7420  4.1114  3.9745  3.6770  3.5078  3.4361  3.3022  3.1031  3.0983  2.9979
 155  0.695201  3.8011  3.9569  0.4811  5.2097  4.5553  4.0132  3.7250  4.0927  3.9546  3.6542  3.4835  3.4112  3.2763  3.0755  3.0705  2.9688
 156  0.695617  3.7994  3.9407  0.4907  5.2168  4.5532  4.0014  3.7088  4.0745  3.9349  3.6314  3.4592  3.3864  3.2502  3.0476  3.0425  2.9394
 157  0.696020  3.7975  3.9239  0.5002  5.2279  4.5540  3.9911  3.6934  4.0570  3.9159  3.6088  3.4349  3.3614  3.2239  3.0193  3.0140  2.9095
 158  0.696405  3.7952  3.9051  0.5097  5.2498  4.5625  3.9850  3.6808  4.0416  3.8985  3.5868  3.4108  3.3366  3.1975  2.9901  2.9847  2.8782
 159  0.696774  3.7921  3.8838  0.5190  5.2878  4.5822  3.9850  3.6722  4.0296  3.8838  3.5660  3.3871  3.3118  3.1706  2.9600  2.9543  2.8452
 160  0.697126  3.7886  3.8607  0.5282  5.3387  4.6108  3.9900  3.6671  4.0200  3.8710  3.5460  3.3639  3.2874  3.1437  2.9291  2.9232  2.8112
 161  0.697466  3.7847  3.8364  0.5372  5.4009  4.6471  4.0000  3.6655  4.0126  3.8599  3.5267  3.3408  3.2629  3.1165  2.8977  2.8915  2.7763
 162  0.697782  3.7805  3.8115  0.5458  5.4752  4.6920  4.0163  3.6686  4.0084  3.8513  3.5087  3.3189  3.2396  3.0902  2.8666  2.8601  2.7416
 163  0.698098  3.7772  3.7890  0.5546  5.5366  4.7278  4.0272  3.6685  4.0009  3.8400  3.4897  3.2965  3.2159  3.0641  2.8366  2.8300  2.7085
 164  0.698413  3.7743  3.7688  0.5638  5.5833  4.7531  4.0320  3.6647  3.9901  3.8261  3.4694  3.2736  3.1920  3.0382  2.8076  2.8007  2.6768
 165  0.698726  3.7718  3.7498  0.5733  5.6216  4.7726  4.0334  3.6586  3.9772  3.8105  3.4483  3.2501  3.1677  3.0121  2.7788  2.7716  2.6456
 166  0.699037  3.7694  3.7303  0.5830  5.6624  4.7935  4.0356  3.6531  3.9643  3.7948  3.4268  3.2261  3.1428  2.9854  2.7491  2.7419  2.6136
 167  0.699341  3.7666  3.7096  0.5929  5.7088  4.8180  4.0398  3.6492  3.9518  3.7792  3.4048  3.2015  3.1171  2.9579  2.7185  2.7109  2.5802
 168  0.699639  3.7639  3.6882  0.6034  5.7584  4.8445  4.0455  3.6462  3.9393  3.7633  3.3821  3.1758  3.0906  2.9292  2.6864  2.6786  2.5454
 169  0.699929  3.7612  3.6667  0.6144  5.8066  4.8694  4.0499  3.6423  3.9254  3.7459  3.3580  3.1489  3.0627  2.8992  2.6532  2.6451  2.5094
 170  0.700209  3.7587  3.6453  0.6259  5.8503  4.8907  4.0517  3.6362  3.9091  3.7264  3.3321  3.1204  3.0333  2.8679  2.6189  2.6106  2.4726
 171  0.700477  3.7564  3.6240  0.6383  5.8870  4.9065  4.0496  3.6271  3.8900  3.7043  3.3044  3.0904  3.0025  2.8355  2.5838  2.5753  2.4352
 172  0.700731  3.7544  3.6032  0.6512  5.9158  4.9165  4.0432  3.6143  3.8681  3.6797  3.2749  3.0589  2.9703  2.8019  2.5479  2.5392  2.3972
 173  0.700974  3.7526  3.5825  0.6647  5.9385  4.9217  4.0337  3.5990  3.8439  3.6531  3.2437  3.0261  2.9368  2.7671  2.5110  2.5022  2.3585
 174  0.701204  3.7509  3.5621  0.6786  5.9552  4.9223  4.0210  3.5814  3.8177  3.6246  3.2114  2.9922  2.9023  2.7315  2.4735  2.4645  2.3192
 175  0.701425  3.7494  3.5420  0.6929  5.9657  4.9184  4.0053  3.5611  3.7898  3.5947  3.1779  2.9573  2.8670  2.6951  2.4354  2.4262  2.2795
 176  0.701636  3.7481  3.5224  0.7074  5.9698  4.9098  3.9866  3.5388  3.7601  3.5633  3.1434  2.9216  2.8309  2.6582  2.3970  2.3877  2.2398
 177  0.701840  3.7469  3.5031  0.7222  5.9699  4.8983  3.9660  3.5147  3.7293  3.5310  3.1084  2.8853  2.7943  2.6208  2.3582  2.3488  2.1999
 178  0.702038  3.7458  3.4838  0.7372  5.9671  4.8846  3.9438  3.4896  3.6977  3.4979  3.0727  2.8487  2.7573  2.5830  2.3192  2.3097  2.1596
 179  0.702230  3.7448  3.4649  0.7522  5.9617  4.8689  3.9203  3.4633  3.6654  3.4642  3.0365  2.8116  2.7200  2.5449  2.2801  2.2704  2.1194
 180  0.702418  3.7439  3.4460  0.7674  5.9539  4.8515  3.8957  3.4361  3.6324  3.4301  3.0001  2.7743  2.6823  2.5068  2.2407  2.2310  2.0791
 181  0.702602  3.7430  3.4274  0.7827  5.9444  4.8328  3.8701  3.4080  3.5990  3.3954  2.9634  2.7367  2.6445  2.4683  2.2013  2.1915  2.0387
 182  0.702769  3.7423  3.4105  0.7968  5.9340  4.8144  3.8458  3.3817  3.5679  3.3633  2.9294  2.7021  2.6095  2.4329  2.1649  2.1551  2.0015
 183  0.702935  3.7416  3.3935  0.8110  5.9220  4.7947  3.8205  3.3545  3.5361  3.3305  2.8949  2.6669  2.5741  2.3969  2.1282  2.1183  1.9641
 184  0.703101  3.7409  3.3765  0.8255  5.9082  4.7737  3.7943  3.3264  3.5036  3.2970  2.8600  2.6312  2.5382  2.3606  2.0910  2.0811  1.9262
 185  0.703266  3.7403  3.3595  0.8401  5.8942  4.7525  3.7677  3.2980  3.4709  3.2634  2.8246  2.5952  2.5020  2.3239  2.0536  2.0435  1.8881
 186  0.703429  3.7397  3.3423  0.8549  5.8789  4.7301  3.7402  3.2687  3.4373  3.2290  2.7886  2.5587  2.4652  2.2867  2.0156  2.0055  1.8494
 187  0.703593  3.7392  3.3251  0.8701  5.8620  4.7064  3.7116  3.2386  3.4030  3.1938  2.7519  2.5214  2.4278  2.2488  1.9770  1.9669  1.8101
 188  0.703757  3.7386  3.3076  0.8853  5.8450  4.6824  3.6828  3.2081  3.3682  3.1582  2.7149  2.4837  2.3899  2.2106  1.9381  1.9279  1.7705
 189  0.703918  3.7380  3.2899  0.9008  5.8269  4.6575  3.6531  3.1768  3.3328  3.1219  2.6772  2.4454  2.3514  2.1716  1.8985  1.8882  1.7302
 190  0.704079  3.7374  3.2721  0.9167  5.8076  4.6316  3.6225  3.1447  3.2966  3.0848  2.6388  2.4065  2.3123  2.1321  1.8582  1.8479  1.6894
 191  0.704239  3.7369  3.2540  0.9326  5.7885  4.6055  3.5915  3.1122  3.2597  3.0473  2.5998  2.3669  2.2725  2.0919  1.8174  1.8070  1.6478
 192  0.704398  3.7363  3.2356  0.9489  5.7683  4.5786  3.5598  3.0790  3.2223  3.0090  2.5602  2.3267  2.2322  2.0511  1.7760  1.7655  1.6058
 193  0.704556  3.7358  3.2171  0.9655  5.7469  4.5505  3.5272  3.0449  3.1841  2.9701  2.5199  2.2859  2.1913  2.0098  1.7340  1.7234  1.5632
 194  0.704712  3.7353  3.1980  0.9825  5.7252  4.5218  3.4937  3.0099  3.1447  2.9299  2.4785  2.2439  2.1490  1.9671  1.6907  1.6801  1.5193
 195  0.704865  3.7347  3.1783  1.0001  5.7026  4.4920  3.4588  2.9735  3.1039  2.8883  2.4354  2.2003  2.1052  1.9229  1.6458  1.6351  1.4737
 196  0.705014  3.7342  3.1580  1.0184  5.6779  4.4603  3.4224  2.9355  3.0615  2.8451  2.3909  2.1553  2.0601  1.8774  1.5996  1.5888  1.4268
 197  0.705161  3.7336  3.1370  1.0373  5.6533  4.4280  3.3848  2.8964  3.0177  2.8004  2.3448  2.1086  2.0132  1.8301  1.5515  1.5408  1.3782
 198  0.705303  3.7330  3.1152  1.0567  5.6291  4.3955  3.3466  2.8564  2.9726  2.7546  2.2974  2.0606  1.9650  1.7814  1.5021  1.4912  1.3281
 199  0.705442  3.7324  3.0930  1.0767  5.6029  4.3612  3.3068  2.8150  2.9264  2.7074  2.2488  2.0113  1.9156  1.7316  1.4516  1.4406  1.2768
 200  0.705579  3.7318  3.0702  1.0972  5.5768  4.3264  3.2661  2.7726  2.8789  2.6590  2.1988  1.9608  1.8648  1.6803  1.3995  1.3886  1.2241
 201  0.705711  3.7312  3.0467  1.1182  5.5511  4.2915  3.2248  2.7294  2.8304  2.6095  2.1476  1.9090  1.8128  1.6279  1.3463  1.3352  1.1700
 202  0.705840  3.7306  3.0227  1.1396  5.5241  4.2552  3.1822  2.6850  2.7806  2.5588  2.0953  1.8560  1.7596  1.5743  1.2919  1.2808  1.1149
 203  0.705967  3.7299  2.9983  1.1616  5.4973  4.2188  3.1390  2.6399  2.7299  2.5071  2.0420  1.8020  1.7054  1.5196  1.2364  1.2252  1.0586
 204  0.706089  3.7292  2.9731  1.1839  5.4727  4.1832  3.0960  2.5947  2.6787  2.4547  1.9878  1.7471  1.6503  1.4639  1.1799  1.1685  1.0012
 205  0.706208  3.7284  2.9474  1.2066  5.4489  4.1477  3.0525  2.5490  2.6266  2.4015  1.9327  1.6912  1.5941  1.4073  1.1222  1.1109  0.9427
 206  0.706323  3.7276  2.9212  1.2297  5.4252  4.1120  3.0086  2.5026  2.5737  2.3474  1.8766  1.6344  1.5371  1.3497  1.0636  1.0522  0.8832
 207  0.706435  3.7268  2.8945  1.2532  5.4024  4.0764  2.9642  2.4558  2.5200  2.2925  1.8196  1.5766  1.4791  1.2911  1.0040  0.9925  0.8226
 208  0.706544  3.7260  2.8674  1.2771  5.3799  4.0407  2.9194  2.4084  2.4656  2.2368  1.7617  1.5180  1.4202  1.2317  0.9435  0.9319  0.7612
 209  0.706648  3.7251  2.8397  1.3013  5.3585  4.0052  2.8744  2.3607  2.4107  2.1805  1.7033  1.4586  1.3605  1.1714  0.8821  0.8705  0.6988
 210  0.706749  3.7242  2.8117  1.3258  5.3385  3.9703  2.8295  2.3128  2.3552  2.1236  1.6439  1.3984  1.3000  1.1102  0.8199  0.8082  0.6355
 211  0.706847  3.7233  2.7833  1.3507  5.3195  3.9358  2.7844  2.2647  2.2992  2.0661  1.5840  1.3374  1.2388  1.0483  0.7569  0.7450  0.5713
 212  0.706941  3.7224  2.7544  1.3759  5.3017  3.9016  2.7392  2.2164  2.2428  2.0081  1.5234  1.2759  1.1769  0.9857  0.6931  0.6811  0.5063
 213  0.707030  3.7214  2.7251  1.4013  5.2852  3.8680  2.6941  2.1680  2.1859  1.9496  1.4622  1.2137  1.1144  0.9225  0.6285  0.6164  0.4407
 214  0.707117  3.7204  2.6957  1.4270  5.2691  3.8344  2.6487  2.1192  2.1287  1.8906  1.4004  1.1509  1.0512  0.8586  0.5635  0.5513  0.3743
 215  0.707200  3.7195  2.6658  1.4529  5.2540  3.8013  2.6033  2.0704  2.0710  1.8312  1.3381  1.0875  0.9875  0.7941  0.4976  0.4853  0.3074
 216  0.707280  3.7184  2.6355  1.4791  5.2397  3.7684  2.5579  2.0215  2.0130  1.7714  1.2755  1.0236  0.9233  0.7291  0.4313  0.4188  0.2398
 217  0.707293  3.7182  2.6302  1.4837  5.2373  3.7627  2.5500  2.0130  2.0029  1.7609  1.2644  1.0125  0.9121  0.7178  0.4197  0.4072  0.2280
 218  0.707306  3.7180  2.6249  1.4883  5.2352  3.7572  2.5421  2.0045  1.9927  1.7505  1.2534  1.0012  0.9007  0.7063  0.4080  0.3955  0.2160
 219  0.707319  3.7179  2.6195  1.4929  5.2325  3.7513  2.5341  1.9958  1.9825  1.7399  1.2423  0.9899  0.8894  0.6949  0.3963  0.3838  0.2041
 220  0.707333  3.7177  2.6142  1.4975  5.2302  3.7457  2.5262  1.9872  1.9722  1.7294  1.2312  0.9786  0.8781  0.6834  0.3846  0.3721  0.1921
 221  0.707347  3.7175  2.6088  1.5022  5.2281  3.7401  2.5182  1.9786  1.9621  1.7188  1.2201  0.9672  0.8667  0.6717  0.3728  0.3602  0.1801
 222  0.707360  3.7173  2.6034  1.5069  5.2256  3.7343  2.5101  1.9698  1.9516  1.7081  1.2088  0.9559  0.8551  0.6601  0.3608  0.3482  0.1680
 223  0.707373  3.7171  2.5980  1.5116  5.2236  3.7287  2.5021  1.9612  1.9413  1.6974  1.1976  0.9444  0.8436  0.6485  0.3490  0.3364  0.1558
 224  0.707386  3.7169  2.5925  1.5163  5.2213  3.7230  2.4940  1.9525  1.9309  1.6867  1.1863  0.9329  0.8320  0.6368  0.3370  0.3244  0.1437
 225  0.707399  3.7167  2.5870  1.5210  5.2192  3.7173  2.4859  1.9437  1.9205  1.6758  1.1749  0.9213  0.8204  0.6249  0.3250  0.3123  0.1313
 226  0.707412  3.7165  2.5814  1.5258  5.2168  3.7114  2.4777  1.9349  1.9100  1.6650  1.1635  0.9097  0.8088  0.6132  0.3129  0.3002  0.1191
 227  0.707524  3.7148  2.5312  1.5692  5.1984  3.6602  2.4044  1.8554  1.8148  1.5668  1.0600  0.8043  0.7027  0.5058  0.2031  0.1903  0.0071
 228  0.707628  3.7130  2.4806  1.6124  5.1871  3.6134  2.3340  1.7783  1.7211  1.4697  0.9571  0.6992  0.5969  0.3985  0.0933  0.0803 -0.1049
 229  0.707726  3.7110  2.4282  1.6569  5.1834  3.5706  2.2646  1.7016  1.6263  1.3709  0.8520  0.5916  0.4886  0.2885 -0.0196 -0.0328 -0.2204
 230  0.707817  3.7088  2.3746  1.7021  5.1851  3.5306  2.1963  1.6255  1.5308  1.2713  0.7455  0.4825  0.3787  0.1768 -0.1343 -0.1478 -0.3378
 231  0.707896  3.7069  2.3239  1.7446  5.1906  3.4959  2.1335  1.5553  1.4415  1.1780  0.6454  0.3799  0.2753  0.0717 -0.2423 -0.2560 -0.4483
 232  0.707971  3.7047  2.2714  1.7886  5.2021  3.4643  2.0710  1.4849  1.3505  1.0826  0.5427  0.2744  0.1689 -0.0366 -0.3537 -0.3677 -0.5625
 233  0.708038  3.7025  2.2201  1.8315  5.2179  3.4375  2.0123  1.4181  1.2627  0.9902  0.4428  0.1718  0.0655 -0.1419 -0.4623 -0.4765 -0.6738
 234  0.708101  3.7004  2.1673  1.8754  5.2383  3.4149  1.9547  1.3520  1.1738  0.8967  0.3413  0.0672 -0.0400 -0.2494 -0.5731 -0.5877 -0.7876
 235  0.708156  3.6982  2.1173  1.9169  5.2614  3.3952  1.9013  1.2905  1.0902  0.8084  0.2453 -0.0316 -0.1398 -0.3511 -0.6781 -0.6928 -0.8954
 236  0.708207  3.6961  2.0696  1.9563  5.2864  3.3788  1.8520  1.2333  1.0114  0.7251  0.1543 -0.1254 -0.2345 -0.4476 -0.7779 -0.7930 -0.9980
 237  0.708255  3.6940  2.0224  1.9953  5.3120  3.3647  1.8046  1.1781  0.9343  0.6432  0.0648 -0.2178 -0.3277 -0.5429 -0.8763 -0.8915 -1.0992
 238  0.708298  3.6922  1.9808  2.0295  5.3391  3.3565  1.7654  1.1317  0.8673  0.5721 -0.0133 -0.2985 -0.4092 -0.6261 -0.9625 -0.9780 -1.1878
 239  0.708340  3.6908  1.9488  2.0560  5.3590  3.3498  1.7350  1.0958  0.8156  0.5170 -0.0737 -0.3608 -0.4721 -0.6903 -1.0289 -1.0446 -1.2562
 240  0.708379  3.6906  1.9409  2.0633  5.3528  3.3367  1.7201  1.0802  0.7982  0.4993 -0.0919 -0.3792 -0.4907 -0.7090 -1.0477 -1.0634 -1.2752
 241  0.708420  3.6893  1.9092  2.0897  5.3683  3.3275  1.6883  1.0433  0.7459  0.4438 -0.1524 -0.4416 -0.5536 -0.7731 -1.1140 -1.1298 -1.3433
 242  0.708459  3.6867  1.8552  2.1334  5.4091  3.3293  1.6453  0.9907  0.6638  0.3556 -0.2505 -0.5435 -0.6565 -0.8785 -1.2236 -1.2398 -1.4565
 243  0.708495  3.6841  1.8011  2.1770  5.4488  3.3356  1.6050  0.9405  0.5831  0.2686 -0.3479 -0.6446 -0.7589 -0.9834 -1.3328 -1.3494 -1.5695
 244  0.708526  3.6816  1.7498  2.2183  5.4818  3.3439  1.5682  0.8946  0.5073  0.1868 -0.4395 -0.7400 -0.8554 -1.0823 -1.4360 -1.4529 -1.6763
 245  0.708555  3.6792  1.6999  2.2584  5.5100  3.3551  1.5346  0.8521  0.4351  0.1085 -0.5277 -0.8319 -0.9484 -1.1778 -1.5356 -1.5528 -1.7795
 246  0.708583  3.6768  1.6523  2.2967  5.5323  3.3684  1.5043  0.8135  0.3672  0.0344 -0.6115 -0.9193 -1.0370 -1.2688 -1.6307 -1.6482 -1.8781
 247  0.708607  3.6745  1.6048  2.3347  5.5514  3.3841  1.4756  0.7765  0.3003 -0.0386 -0.6945 -1.0061 -1.1249 -1.3592 -1.7253 -1.7431 -1.9762
 248  0.708630  3.6721  1.5554  2.3745  5.5694  3.4029  1.4473  0.7398  0.2316 -0.1141 -0.7808 -1.0965 -1.2166 -1.4534 -1.8239 -1.8420 -2.0785
 249  0.708650  3.6696  1.5073  2.4130  5.5848  3.4250  1.4225  0.7066  0.1664 -0.1861 -0.8638 -1.1836 -1.3050 -1.5445 -1.9193 -1.9377 -2.1776
 250  0.708670  3.6672  1.4593  2.4510  5.6011  3.4538  1.4025  0.6782  0.1043 -0.2556 -0.9447 -1.2689 -1.3916 -1.6339 -2.0133 -2.0322 -2.2754
 251  0.708686  3.6647  1.4125  2.4880  5.6153  3.4851  1.3851  0.6527  0.0448 -0.3225 -1.0230 -1.3516 -1.4755 -1.7207 -2.1047 -2.1239 -2.3706
 252  0.708702  3.6622  1.3663  2.5244  5.6279  3.5192  1.3703  0.6301 -0.0126 -0.3873 -1.0995 -1.4326 -1.5577 -1.8057 -2.1943 -2.2138 -2.4641
 253  0.708717  3.6598  1.3211  2.5599  5.6391  3.5557  1.3585  0.6109 -0.0670 -0.4492 -1.1731 -1.5107 -1.6372 -1.8880 -2.2813 -2.3011 -2.5549
 254  0.708730  3.6574  1.2770  2.5945  5.6487  3.5938  1.3489  0.5944 -0.1189 -0.5088 -1.2443 -1.5864 -1.7142 -1.9678 -2.3658 -2.3860 -2.6434
 255  0.708743  3.6551  1.2331  2.6289  5.6569  3.6335  1.3414  0.5804 -0.1692 -0.5668 -1.3142 -1.6608 -1.7900 -2.0466 -2.4493 -2.4699 -2.7308
 256  0.708755  3.6527  1.1905  2.6622  5.6635  3.6736  1.3357  0.5686 -0.2173 -0.6225 -1.3816 -1.7327 -1.8632 -2.1227 -2.5303 -2.5512 -2.8158
 257  0.708766  3.6504  1.1485  2.6949  5.6697  3.7155  1.3325  0.5599 -0.2628 -0.6758 -1.4465 -1.8023 -1.9341 -2.1966 -2.6090 -2.6302 -2.8985
 258  0.708775  3.6481  1.1071  2.7272  5.6743  3.7573  1.3307  0.5531 -0.3067 -0.7275 -1.5100 -1.8705 -2.0035 -2.2690 -2.6863 -2.7080 -2.9800
 259  0.708784  3.6458  1.0667  2.7586  5.6782  3.7993  1.3306  0.5485 -0.3482 -0.7769 -1.5711 -1.9364 -2.0707 -2.3392 -2.7614 -2.7834 -3.0591
 260  0.708793  3.6437  1.0271  2.7893  5.6807  3.8408  1.3315  0.5452 -0.3877 -0.8243 -1.6305 -2.0004 -2.1361 -2.4077 -2.8346 -2.8571 -3.1364
 261  0.708801  3.6413  0.9877  2.8195  5.6843  3.8856  1.3364  0.5460 -0.4239 -0.8690 -1.6877 -2.0628 -2.1998 -2.4745 -2.9064 -2.9293 -3.2124
 262  0.708808  3.6391  0.9488  2.8492  5.6863  3.9300  1.3424  0.5485 -0.4581 -0.9118 -1.7434 -2.1235 -2.2620 -2.5399 -2.9768 -3.0001 -3.2870
 263  0.708816  3.6368  0.9108  2.8782  5.6871  3.9733  1.3494  0.5525 -0.4902 -0.9525 -1.7969 -2.1823 -2.3221 -2.6033 -3.0453 -3.0689 -3.3596
 264  0.708823  3.6345  0.8734  2.9066  5.6867  4.0163  1.3574  0.5579 -0.5204 -0.9914 -1.8490 -2.2395 -2.3808 -2.6652 -3.1123 -3.1362 -3.4308
 265  0.708829  3.6324  0.8367  2.9346  5.6848  4.0583  1.3660  0.5642 -0.5489 -1.0286 -1.8994 -2.2953 -2.4379 -2.7257 -3.1777 -3.2021 -3.5004
 266  0.708834  3.6302  0.8008  2.9618  5.6817  4.0991  1.3752  0.5715 -0.5756 -1.0641 -1.9481 -2.3493 -2.4933 -2.7843 -3.2413 -3.2661 -3.5681
 267  0.708840  3.6281  0.7655  2.9886  5.6774  4.1395  1.3850  0.5798 -0.6005 -1.0978 -1.9952 -2.4018 -2.5473 -2.8415 -3.3036 -3.3288 -3.6346
 268  0.708845  3.6260  0.7307  3.0150  5.6710  4.1779  1.3943  0.5882 -0.6246 -1.1307 -2.0414 -2.4534 -2.6002 -2.8979 -3.3649 -3.3905 -3.7000
 269  0.708850  3.6239  0.6970  3.0406  5.6633  4.2144  1.4036  0.5968 -0.6472 -1.1618 -2.0858 -2.5031 -2.6514 -2.9522 -3.4241 -3.4501 -3.7633
 270  0.708854  3.6219  0.6635  3.0660  5.6543  4.2508  1.4132  0.6061 -0.6685 -1.1919 -2.1293 -2.5521 -2.7017 -3.0059 -3.4825 -3.5090 -3.8259
 271  0.708859  3.6200  0.6308  3.0908  5.6435  4.2848  1.4218  0.6147 -0.6890 -1.2209 -2.1716 -2.5998 -2.7508 -3.0582 -3.5397 -3.5665 -3.8870
 272  0.708862  3.6181  0.5989  3.1151  5.6319  4.3187  1.4307  0.6237 -0.7077 -1.2482 -2.2123 -2.6458 -2.7982 -3.1089 -3.5952 -3.6224 -3.9464
 273  0.708866  3.6162  0.5676  3.1389  5.6188  4.3507  1.4385  0.6320 -0.7258 -1.2749 -2.2520 -2.6910 -2.8447 -3.1588 -3.6496 -3.6772 -4.0048
 274  0.708870  3.6144  0.5373  3.1622  5.6040  4.3802  1.4448  0.6389 -0.7434 -1.3006 -2.2907 -2.7350 -2.8899 -3.2072 -3.7025 -3.7305 -4.0616
 275  0.708874  3.6126  0.5072  3.1851  5.5898  4.4129  1.4530  0.6478 -0.7578 -1.3237 -2.3274 -2.7773 -2.9335 -3.2541 -3.7542 -3.7826 -4.1173
 276  0.708877  3.6108  0.4778  3.2074  5.5751  4.4468  1.4614  0.6570 -0.7699 -1.3445 -2.3622 -2.8178 -2.9754 -3.2995 -3.8044 -3.8333 -4.1716
 277  0.708880  3.6091  0.4493  3.2290  5.5598  4.4796  1.4693  0.6657 -0.7808 -1.3639 -2.3955 -2.8568 -3.0158 -3.3432 -3.8529 -3.8822 -4.2240
 278  0.708883  3.6075  0.4219  3.2499  5.5430  4.5091  1.4750  0.6724 -0.7918 -1.3831 -2.4280 -2.8947 -3.0549 -3.3856 -3.8998 -3.9295 -4.2748
 279  0.708884  3.6060  0.3967  3.2692  5.5266  4.5356  1.4797  0.6780 -0.8015 -1.4004 -2.4576 -2.9293 -3.0908 -3.4244 -3.9429 -3.9730 -4.3213
