#NUMBER OF AGES= 1
#----------------------------------------------------       
#MIX-LEN  Y      Z          Zeff        [Fe/H] [a/Fe]
# 1.9380  0.3300 8.6733E-04 4.4148E-04  -1.54   0.40 
#----------------------------------------------------       
#**PHOTOMETRIC SYSTEM**: HST WFPC2 (Vega)                   
#----------------------------------------------------       
#AGE=12.600 EEPS=265
#EEP   M/Mo    LogTeff  LogG   LogL/Lo F218W   F255W   F300W   F336W   F439W   F450W   F555W   F606W   F622W   F675W   F791W   F814W   F850LP
  15  0.118648  3.5434  5.2475 -2.6080 20.4235 19.9091 16.4896 15.6436 14.4956 13.9343 12.5892 12.0511 11.8609 11.4761 10.6599 10.6217 10.2116
  16  0.130650  3.5511  5.2099 -2.4978 20.0628 19.3202 16.0540 15.2015 14.0570 13.5299 12.2302 11.6952 11.5052 11.1293 10.3787 10.3420  9.9460
  17  0.141888  3.5571  5.1785 -2.4064 19.7531 18.8422 15.6997 14.8458 13.7091 13.2059 11.9415 11.4099 11.2205 10.8505 10.1460 10.1105  9.7248
  18  0.152728  3.5619  5.1520 -2.3290 19.4806 18.4480 15.4096 14.5571 13.4299 12.9424 11.7049 11.1767 10.9880 10.6224  9.9496  9.9149  9.5366
  19  0.164267  3.5660  5.1274 -2.2561 19.2207 18.0862 15.1422 14.2922 13.1755 12.7007 11.4865 10.9619 10.7744 10.4122  9.7649  9.7309  9.3591
  20  0.176915  3.5699  5.1038 -2.1849 18.9634 17.7383 14.8839 14.0374 12.9325 12.4681 11.2758 10.7553 10.5689 10.2101  9.5845  9.5512  9.1850
  21  0.190509  3.5735  5.0816 -2.1160 18.7131 17.4076 14.6374 13.7949 12.7022 12.2469 11.0749 10.5585 10.3734 10.0178  9.4105  9.3778  9.0170
  22  0.204774  3.5769  5.0611 -2.0508 18.4724 17.0968 14.4049 13.5667 12.4868 12.0392 10.8861 10.3742 10.1903  9.8377  9.2462  9.2140  8.8578
  23  0.221266  3.5802  5.0409 -1.9837 18.2175 16.7777 14.1655 13.3323 12.2669 11.8266 10.6926 10.1856 10.0031  9.6537  9.0767  9.0450  8.6937
  24  0.236447  3.5830  5.0248 -1.9277 17.9978 16.5123 13.9645 13.1358 12.0840 11.6493 10.5313 10.0289  9.8475  9.5010  8.9351  8.9039  8.5565
  25  0.248021  3.5849  5.0136 -1.8880 17.8412 16.3273 13.8223 12.9965 11.9546 11.5239 10.4173  9.9183  9.7379  9.3936  8.8350  8.8042  8.4596
  26  0.255833  3.5862  5.0069 -1.8630 17.7421 16.2111 13.7320 12.9082 11.8727 11.4444 10.3450  9.8482  9.6684  9.3255  8.7715  8.7409  8.3981
  27  0.261605  3.5870  5.0028 -1.8457 17.6742 16.1321 13.6701 12.8476 11.8165 11.3898 10.2955  9.8001  9.6207  9.2788  8.7279  8.6975  8.3558
  28  0.265887  3.5876  4.9998 -1.8332 17.6257 16.0757 13.6254 12.8038 11.7761 11.3506 10.2597  9.7655  9.5864  9.2451  8.6964  8.6660  8.3253
  29  0.269066  3.5881  4.9976 -1.8240 17.5888 16.0328 13.5916 12.7707 11.7456 11.3209 10.2328  9.7396  9.5607  9.2200  8.6730  8.6426  8.3026
  30  0.271541  3.5885  4.9957 -1.8164 17.5589 15.9980 13.5643 12.7440 11.7210 11.2971 10.2113  9.7188  9.5401  9.1999  8.6541  8.6239  8.2844
  31  0.273740  3.5889  4.9946 -1.8102 17.5329 15.9674 13.5405 12.7208 11.6998 11.2766 10.1929  9.7012  9.5227  9.1829  8.6385  8.6082  8.2693
  32  0.275792  3.5893  4.9929 -1.8039 17.5061 15.9360 13.5161 12.6969 11.6782 11.2555 10.1741  9.6832  9.5048  9.1655  8.6221  8.5920  8.2536
  33  0.278101  3.5897  4.9913 -1.7969 17.4769 15.9020 13.4896 12.6710 11.6545 11.2327 10.1537  9.6635  9.4854  9.1466  8.6046  8.5745  8.2367
  34  0.280710  3.5901  4.9893 -1.7891 17.4451 15.8653 13.4605 12.6425 11.6286 11.2074 10.1310  9.6417  9.4637  9.1254  8.5848  8.5548  8.2176
  35  0.283622  3.5906  4.9867 -1.7803 17.4103 15.8256 13.4287 12.6113 11.6000 11.1796 10.1057  9.6173  9.4396  9.1018  8.5626  8.5327  8.1960
  36  0.286899  3.5910  4.9836 -1.7705 17.3730 15.7836 13.3942 12.5776 11.5688 11.1492 10.0780  9.5903  9.4128  9.0756  8.5378  8.5079  8.1719
  37  0.291026  3.5915  4.9796 -1.7584 17.3281 15.7337 13.3528 12.5369 11.5312 11.1124 10.0441  9.5575  9.3803  9.0435  8.5073  8.4774  8.1421
  38  0.295619  3.5920  4.9744 -1.7444 17.2758 15.6770 13.3055 12.4907 11.4886 11.0707 10.0057  9.5203  9.3435  9.0074  8.4721  8.4424  8.1076
  39  0.301850  3.5926  4.9671 -1.7254 17.2025 15.5999 13.2404 12.4272 11.4308 11.0145  9.9542  9.4705  9.2942  8.9589  8.4244  8.3948  8.0606
  40  0.331353  3.5985  4.9291 -1.6236 16.7913 15.1353 12.8604 12.0547 11.0934 10.6860  9.6593  9.1873  9.0141  8.6856  8.1677  8.1390  7.8124
  41  0.356197  3.6054  4.8932 -1.5283 16.3785 14.6708 12.4790 11.6808 10.7605 10.3628  9.3744  8.9165  8.7471  8.4269  7.9266  7.8989  7.5813
  42  0.367533  3.6092  4.8750 -1.4816 16.1774 14.4493 12.2914 11.4961 10.5955 10.2028  9.2338  8.7834  8.6160  8.3003  7.8083  7.7813  7.4683
  43  0.377581  3.6128  4.8584 -1.4385 15.9904 14.2447 12.1155 11.3224 10.4405 10.0526  9.1024  8.6596  8.4941  8.1829  7.6989  7.6724  7.3641
  44  0.387514  3.6170  4.8423 -1.3947 15.7989 14.0362 11.9332 11.1419 10.2797  9.8970  8.9668  8.5324  8.3690  8.0631  7.5876  7.5617  7.2586
  45  0.397449  3.6216  4.8268 -1.3499 15.6012 13.8211 11.7423 10.9522 10.1115  9.7344  8.8260  8.4010  8.2401  7.9398  7.4738  7.4487  7.1515
  46  0.406751  3.6264  4.8130 -1.3065 15.4060 13.6067 11.5512 10.7611  9.9431  9.5720  8.6866  8.2719  8.1135  7.8197  7.3639  7.3395  7.0487
  47  0.415617  3.6318  4.8007 -1.2637 15.2058 13.3835 11.3526 10.5610  9.7687  9.4043  8.5444  8.1412  7.9858  7.6993  7.2552  7.2316  6.9483
  48  0.424003  3.6373  4.7900 -1.2221 15.0043 13.1572 11.1491 10.3566  9.5933  9.2360  8.4029  8.0122  7.8598  7.5814  7.1497  7.1270  6.8516
  49  0.432107  3.6431  4.7805 -1.1811 14.8004 12.9265 10.9396 10.1473  9.4175  9.0677  8.2620  7.8843  7.7353  7.4654  7.0465  7.0247  6.7576
  50  0.439927  3.6490  4.7721 -1.1415 14.6013 12.6981 10.7251  9.9365  9.2446  8.9026  8.1242  7.7596  7.6142  7.3529  6.9468  6.9261  6.6673
  51  0.447708  3.6548  4.7641 -1.1022 14.3803 12.4483 10.5056  9.7218  9.0748  8.7403  7.9889  7.6369  7.4951  7.2420  6.8483  6.8284  6.5779
  52  0.452529  3.6586  4.7593 -1.0780 14.2184 12.2695 10.3661  9.5848  8.9709  8.6408  7.9059  7.5614  7.4221  7.1735  6.7870  6.7676  6.5221
  53  0.457267  3.6623  4.7550 -1.0541 14.0400 12.0770 10.2240  9.4458  8.8687  8.5427  7.8242  7.4870  7.3503  7.1059  6.7263  6.7074  6.4668
  54  0.461923  3.6663  4.7512 -1.0304 13.8504 11.8796 10.0769  9.3047  8.7668  8.4453  7.7433  7.4131  7.2792  7.0390  6.6662  6.6478  6.4122
  55  0.466507  3.6700  4.7473 -1.0070 13.6553 11.6837  9.9294  9.1652  8.6673  8.3504  7.6641  7.3409  7.2097  6.9735  6.6071  6.5893  6.3587
  56  0.471024  3.6739  4.7438 -0.9840 13.4517 11.4866  9.7799  9.0259  8.5692  8.2570  7.5862  7.2697  7.1411  6.9089  6.5489  6.5316  6.3059
  57  0.475474  3.6777  4.7403 -0.9612 13.2427 11.2910  9.6311  8.8886  8.4736  8.1660  7.5101  7.2000  7.0740  6.8455  6.4916  6.4748  6.2540
  58  0.479859  3.6814  4.7370 -0.9388 13.0292 11.0981  9.4841  8.7538  8.3803  8.0776  7.4358  7.1318  7.0082  6.7834  6.4353  6.4191  6.2028
  59  0.484178  3.6852  4.7338 -0.9166 12.8115 10.9095  9.3401  8.6220  8.2894  7.9913  7.3633  7.0650  6.9438  6.7224  6.3801  6.3643  6.1527
  60  0.488409  3.6887  4.7302 -0.8950 12.6000 10.7316  9.2034  8.4972  8.2033  7.9099  7.2941  7.0010  6.8820  6.6637  6.3266  6.3112  6.1038
  61  0.492553  3.6923  4.7269 -0.8738 12.3855 10.5560  9.0682  8.3743  8.1189  7.8303  7.2264  6.9383  6.8214  6.6060  6.2741  6.2591  6.0559
  62  0.496627  3.6957  4.7231 -0.8531 12.1802 10.3914  8.9402  8.2583  8.0388  7.7548  7.1619  6.8782  6.7630  6.5503  6.2231  6.2085  6.0091
  63  0.500601  3.6990  4.7194 -0.8328 11.9794 10.2327  8.8161  8.1460  7.9613  7.6818  7.0993  6.8197  6.7063  6.4962  6.1732  6.1591  5.9634
  64  0.504432  3.7021  4.7156 -0.8131 11.7923 10.0853  8.6994  8.0404  7.8876  7.6124  7.0396  6.7640  6.6521  6.4444  6.1256  6.1118  5.9196
  65  0.508122  3.7052  4.7120 -0.7941 11.6115  9.9438  8.5866  7.9384  7.8162  7.5455  6.9821  6.7101  6.5997  6.3944  6.0795  6.0661  5.8773
  66  0.511681  3.7081  4.7083 -0.7757 11.4400  9.8103  8.4794  7.8417  7.7481  7.4816  6.9270  6.6584  6.5495  6.3464  6.0353  6.0222  5.8366
  67  0.515117  3.7109  4.7047 -0.7578 11.2731  9.6813  8.3755  7.7480  7.6820  7.4197  6.8737  6.6084  6.5009  6.2998  5.9925  5.9797  5.7972
  68  0.518440  3.7137  4.7012 -0.7404 11.1131  9.5579  8.2761  7.6584  7.6184  7.3603  6.8225  6.5603  6.4539  6.2549  5.9512  5.9386  5.7590
  69  0.521669  3.7164  4.6977 -0.7233 10.9550  9.4368  8.1789  7.5710  7.5564  7.3024  6.7726  6.5135  6.4082  6.2113  5.9109  5.8987  5.7219
  70  0.524826  3.7190  4.6940 -0.7066 10.8032  9.3205  8.0859  7.4874  7.4967  7.2466  6.7242  6.4680  6.3638  6.1688  5.8716  5.8596  5.6857
  71  0.527921  3.7216  4.6902 -0.6901 10.6539  9.2062  7.9945  7.4053  7.4380  7.1918  6.6769  6.4234  6.3203  6.1271  5.8329  5.8213  5.6500
  72  0.530952  3.7240  4.6864 -0.6739 10.5110  9.0964  7.9065  7.3263  7.3810  7.1386  6.6309  6.3800  6.2779  6.0864  5.7952  5.7838  5.6150
  73  0.533939  3.7264  4.6826 -0.6579 10.3702  8.9880  7.8194  7.2484  7.3248  7.0863  6.5854  6.3372  6.2361  6.0463  5.7581  5.7470  5.5806
  74  0.536886  3.7288  4.6786 -0.6421 10.2352  8.8835  7.7351  7.1729  7.2699  7.0351  6.5411  6.2953  6.1951  6.0071  5.7216  5.7108  5.5467
  75  0.539811  3.7311  4.6745 -0.6264 10.1039  8.7813  7.6523  7.0988  7.2157  6.9845  6.4971  6.2537  6.1545  5.9681  5.6854  5.6747  5.5130
  76  0.542718  3.7334  4.6702 -0.6108  9.9775  8.6825  7.5721  7.0269  7.1624  6.9348  6.4538  6.2128  6.1144  5.9296  5.6495  5.6392  5.4796
  77  0.545619  3.7356  4.6658 -0.5952  9.8541  8.5856  7.4936  6.9564  7.1098  6.8855  6.4108  6.1721  6.0745  5.8912  5.6137  5.6036  5.4462
  78  0.548516  3.7377  4.6612 -0.5795  9.7335  8.4906  7.4167  6.8873  7.0577  6.8368  6.3681  6.1317  6.0349  5.8532  5.5783  5.5682  5.4130
  79  0.551395  3.7399  4.6565 -0.5641  9.6159  8.3975  7.3413  6.8196  7.0063  6.7887  6.3260  6.0916  5.9957  5.8155  5.5430  5.5331  5.3800
  80  0.554261  3.7420  4.6516 -0.5487  9.5022  8.3071  7.2678  6.7535  6.9558  6.7412  6.2843  6.0520  5.9567  5.7780  5.5079  5.4983  5.3471
  81  0.557105  3.7440  4.6467 -0.5334  9.3909  8.2182  7.1955  6.6886  6.9057  6.6942  6.2429  6.0127  5.9183  5.7410  5.4732  5.4638  5.3144
  82  0.561132  3.7468  4.6394 -0.5117  9.2365  8.0946  7.0946  6.5980  6.8355  6.6282  6.1847  5.9574  5.8640  5.6887  5.4241  5.4150  5.2683
  83  0.565198  3.7496  4.6317 -0.4897  9.0843  7.9720  6.9944  6.5079  6.7652  6.5619  6.1260  5.9016  5.8093  5.6359  5.3745  5.3657  5.2215
  84  0.569297  3.7523  4.6234 -0.4674  8.9363  7.8521  6.8959  6.4191  6.6953  6.4959  6.0673  5.8455  5.7542  5.5827  5.3244  5.3157  5.1742
  85  0.573412  3.7550  4.6147 -0.4450  8.7906  7.7337  6.7986  6.3313  6.6253  6.4297  6.0082  5.7891  5.6987  5.5290  5.2738  5.2653  5.1262
  86  0.577528  3.7576  4.6058 -0.4224  8.6479  7.6173  6.7034  6.2455  6.5556  6.3637  5.9491  5.7325  5.6431  5.4752  5.2229  5.2147  5.0779
  87  0.581627  3.7602  4.5964 -0.3998  8.5086  7.5029  6.6105  6.1617  6.4863  6.2978  5.8899  5.6758  5.5872  5.4212  5.1717  5.1637  5.0292
  88  0.585692  3.7626  4.5866 -0.3772  8.3731  7.3913  6.5198  6.0801  6.4176  6.2325  5.8309  5.6193  5.5316  5.3673  5.1206  5.1128  4.9805
  89  0.589701  3.7651  4.5766 -0.3546  8.2413  7.2822  6.4310  6.0001  6.3496  6.1676  5.7723  5.5631  5.4762  5.3135  5.0695  5.0619  4.9318
  90  0.593633  3.7674  4.5665 -0.3321  8.1127  7.1756  6.3439  5.9219  6.2823  6.1035  5.7141  5.5071  5.4211  5.2601  5.0187  5.0113  4.8832
  91  0.597468  3.7697  4.5563 -0.3098  7.9873  7.0713  6.2586  5.8453  6.2159  6.0401  5.6567  5.4518  5.3666  5.2073  4.9685  4.9614  4.8352
  92  0.601203  3.7719  4.5458 -0.2877  7.8667  6.9704  6.1759  5.7709  6.1506  5.9775  5.5998  5.3972  5.3127  5.1549  4.9186  4.9117  4.7874
  93  0.604838  3.7741  4.5351 -0.2658  7.7502  6.8726  6.0957  5.6985  6.0864  5.9159  5.5435  5.3430  5.2593  5.1031  4.8692  4.8625  4.7401
  94  0.608369  3.7762  4.5246 -0.2442  7.6365  6.7768  6.0175  5.6276  6.0229  5.8551  5.4879  5.2894  5.2066  5.0519  4.8204  4.8139  4.6932
  95  0.611797  3.7782  4.5137 -0.2228  7.5273  6.6845  5.9421  5.5586  5.9607  5.7951  5.4329  5.2366  5.1546  5.0012  4.7721  4.7656  4.6467
  96  0.615118  3.7802  4.5028 -0.2017  7.4215  6.5947  5.8699  5.4911  5.8992  5.7360  5.3784  5.1844  5.1032  4.9513  4.7244  4.7181  4.6008
  97  0.618334  3.7822  4.4918 -0.1807  7.3194  6.5075  5.8000  5.4252  5.8387  5.6778  5.3246  5.1328  5.0524  4.9019  4.6772  4.6711  4.5555
  98  0.621447  3.7840  4.4809 -0.1600  7.2203  6.4228  5.7316  5.3610  5.7793  5.6203  5.2714  5.0819  5.0023  4.8530  4.6305  4.6245  4.5104
  99  0.624460  3.7859  4.4696 -0.1396  7.1253  6.3411  5.6647  5.2989  5.7210  5.5639  5.2190  5.0314  4.9526  4.8046  4.5840  4.5782  4.4656
 100  0.627375  3.7875  4.4584 -0.1195  7.0335  6.2620  5.5984  5.2392  5.6638  5.5085  5.1675  4.9816  4.9033  4.7565  4.5377  4.5320  4.4208
 101  0.630199  3.7892  4.4470 -0.0994  6.9444  6.1850  5.5330  5.1812  5.6076  5.4539  5.1168  4.9321  4.8544  4.7087  4.4918  4.4862  4.3762
 102  0.632935  3.7908  4.4355 -0.0796  6.8576  6.1097  5.4685  5.1243  5.5522  5.4000  5.0668  4.8833  4.8060  4.6615  4.4463  4.4408  4.3321
 103  0.635586  3.7924  4.4240 -0.0600  6.7730  6.0362  5.4051  5.0684  5.4973  5.3467  5.0171  4.8348  4.7581  4.6148  4.4012  4.3959  4.2884
 104  0.638162  3.7939  4.4124 -0.0405  6.6897  5.9638  5.3429  5.0130  5.4428  5.2938  4.9679  4.7870  4.7108  4.5685  4.3568  4.3515  4.2451
 105  0.640665  3.7953  4.4004 -0.0213  6.6081  5.8927  5.2821  4.9578  5.3886  5.2412  4.9190  4.7396  4.6639  4.5229  4.3128  4.3076  4.2024
 106  0.643101  3.7967  4.3885 -0.0022  6.5283  5.8229  5.2225  4.9035  5.3349  5.1889  4.8703  4.6924  4.6173  4.4775  4.2691  4.2640  4.1600
 107  0.645480  3.7979  4.3763  0.0168  6.4505  5.7548  5.1642  4.8498  5.2816  5.1371  4.8220  4.6456  4.5711  4.4323  4.2256  4.2206  4.1176
 108  0.647805  3.7993  4.3639  0.0358  6.3750  5.6883  5.1071  4.7971  5.2289  5.0857  4.7738  4.5989  4.5249  4.3872  4.1821  4.1771  4.0752
 109  0.650087  3.8005  4.3514  0.0547  6.3015  5.6233  5.0511  4.7453  5.1765  5.0347  4.7258  4.5523  4.4789  4.3421  4.1385  4.1338  4.0327
 110  0.652330  3.8016  4.3388  0.0735  6.2304  5.5600  4.9963  4.6946  5.1249  4.9843  4.6781  4.5058  4.4329  4.2971  4.0948  4.0901  3.9899
 111  0.654537  3.8027  4.3260  0.0922  6.1613  5.4982  4.9426  4.6449  5.0738  4.9342  4.6307  4.4595  4.3870  4.2520  4.0511  4.0464  3.9470
 112  0.655286  3.8031  4.3215  0.0986  6.1377  5.4771  4.9242  4.6278  5.0561  4.9170  4.6142  4.4435  4.3712  4.2364  4.0359  4.0313  3.9324
 113  0.656034  3.8035  4.3170  0.1052  6.1135  5.4555  4.9055  4.6105  5.0382  4.8995  4.5976  4.4272  4.3551  4.2206  4.0206  4.0160  3.9174
 114  0.656779  3.8039  4.3125  0.1117  6.0888  5.4335  4.8865  4.5930  5.0201  4.8817  4.5808  4.4109  4.3388  4.2046  4.0051  4.0005  3.9021
 115  0.657521  3.8044  4.3081  0.1185  6.0631  5.4106  4.8669  4.5749  5.0013  4.8635  4.5636  4.3941  4.3223  4.1884  3.9894  3.9849  3.8868
 116  0.658262  3.8049  4.3037  0.1253  6.0370  5.3875  4.8471  4.5569  4.9825  4.8451  4.5462  4.3772  4.3055  4.1721  3.9736  3.9691  3.8714
 117  0.659003  3.8053  4.2993  0.1322  6.0109  5.3643  4.8273  4.5385  4.9635  4.8266  4.5287  4.3602  4.2887  4.1556  3.9577  3.9531  3.8558
 118  0.659740  3.8058  4.2947  0.1392  5.9848  5.3412  4.8074  4.5203  4.9444  4.8078  4.5110  4.3430  4.2716  4.1388  3.9414  3.9370  3.8400
 119  0.660475  3.8062  4.2898  0.1462  5.9593  5.3184  4.7875  4.5019  4.9251  4.7889  4.4930  4.3255  4.2543  4.1218  3.9249  3.9205  3.8238
 120  0.661206  3.8066  4.2847  0.1533  5.9341  5.2958  4.7676  4.4835  4.9057  4.7698  4.4748  4.3076  4.2366  4.1045  3.9080  3.9037  3.8073
 121  0.661933  3.8069  4.2793  0.1606  5.9095  5.2734  4.7478  4.4649  4.8861  4.7507  4.4565  4.2896  4.2187  4.0868  3.8908  3.8864  3.7902
 122  0.662655  3.8073  4.2737  0.1679  5.8851  5.2512  4.7280  4.4462  4.8663  4.7312  4.4378  4.2713  4.2006  4.0689  3.8733  3.8689  3.7730
 123  0.663373  3.8076  4.2679  0.1755  5.8609  5.2290  4.7080  4.4274  4.8465  4.7117  4.4189  4.2527  4.1821  4.0506  3.8554  3.8511  3.7554
 124  0.664085  3.8079  4.2620  0.1830  5.8367  5.2068  4.6879  4.4085  4.8264  4.6918  4.3997  4.2338  4.1634  4.0322  3.8372  3.8329  3.7375
 125  0.664793  3.8082  4.2559  0.1906  5.8128  5.1846  4.6678  4.3894  4.8061  4.6718  4.3804  4.2148  4.1444  4.0134  3.8189  3.8146  3.7193
 126  0.665496  3.8084  4.2496  0.1983  5.7885  5.1621  4.6475  4.3701  4.7855  4.6516  4.3608  4.1955  4.1252  3.9945  3.8003  3.7960  3.7009
 127  0.666196  3.8087  4.2433  0.2061  5.7645  5.1400  4.6272  4.3508  4.7650  4.6313  4.3411  4.1761  4.1060  3.9754  3.7814  3.7772  3.6822
 128  0.666892  3.8089  4.2368  0.2140  5.7407  5.1179  4.6068  4.3314  4.7444  4.6109  4.3213  4.1565  4.0865  3.9560  3.7624  3.7582  3.6633
 129  0.667585  3.8091  4.2301  0.2219  5.7173  5.0958  4.5865  4.3119  4.7236  4.5903  4.3013  4.1367  4.0667  3.9365  3.7432  3.7389  3.6442
 130  0.668270  3.8093  4.2233  0.2299  5.6939  5.0739  4.5661  4.2924  4.7026  4.5695  4.2811  4.1168  4.0468  3.9169  3.7237  3.7194  3.6248
 131  0.668952  3.8094  4.2164  0.2380  5.6706  5.0521  4.5457  4.2727  4.6815  4.5486  4.2606  4.0965  4.0268  3.8969  3.7040  3.6997  3.6051
 132  0.669626  3.8095  4.2090  0.2461  5.6483  5.0306  4.5253  4.2530  4.6604  4.5277  4.2401  4.0761  4.0064  3.8766  3.6839  3.6796  3.5852
 133  0.670295  3.8096  4.2015  0.2544  5.6263  5.0095  4.5051  4.2333  4.6392  4.5067  4.2193  4.0554  3.9858  3.8560  3.6635  3.6592  3.5648
 134  0.670955  3.8096  4.1939  0.2627  5.6047  4.9885  4.4849  4.2134  4.6179  4.4855  4.1983  4.0346  3.9649  3.8353  3.6427  3.6385  3.5441
 135  0.671608  3.8096  4.1859  0.2711  5.5834  4.9678  4.4646  4.1935  4.5965  4.4642  4.1771  4.0136  3.9439  3.8142  3.6218  3.6175  3.5231
 136  0.672253  3.8096  4.1777  0.2796  5.5627  4.9473  4.4444  4.1735  4.5751  4.4427  4.1558  3.9922  3.9225  3.7929  3.6005  3.5963  3.5018
 137  0.672891  3.8096  4.1693  0.2881  5.5424  4.9270  4.4242  4.1535  4.5535  4.4211  4.1343  3.9706  3.9009  3.7714  3.5789  3.5747  3.4801
 138  0.673519  3.8095  4.1606  0.2968  5.5226  4.9071  4.4041  4.1333  4.5319  4.3994  4.1125  3.9488  3.8791  3.7495  3.5570  3.5527  3.4580
 139  0.674139  3.8093  4.1516  0.3055  5.5037  4.8876  4.3840  4.1131  4.5101  4.3777  4.0907  3.9268  3.8571  3.7274  3.5348  3.5305  3.4356
 140  0.674749  3.8091  4.1424  0.3144  5.4851  4.8685  4.3641  4.0929  4.4884  4.3559  4.0685  3.9046  3.8349  3.7050  3.5122  3.5079  3.4128
 141  0.675348  3.8088  4.1329  0.3232  5.4673  4.8496  4.3444  4.0727  4.4667  4.3339  4.0463  3.8822  3.8123  3.6823  3.4892  3.4850  3.3897
 142  0.675937  3.8086  4.1230  0.3322  5.4504  4.8313  4.3247  4.0524  4.4449  4.3119  4.0239  3.8595  3.7896  3.6594  3.4660  3.4617  3.3662
 143  0.676515  3.8082  4.1130  0.3412  5.4343  4.8136  4.3052  4.0322  4.4231  4.2900  4.0013  3.8365  3.7665  3.6361  3.4424  3.4381  3.3422
 144  0.677081  3.8077  4.1025  0.3504  5.4192  4.7965  4.2859  4.0120  4.4015  4.2680  3.9785  3.8134  3.7433  3.6126  3.4185  3.4140  3.3179
 145  0.677635  3.8072  4.0916  0.3597  5.4051  4.7800  4.2669  3.9919  4.3798  4.2458  3.9556  3.7902  3.7198  3.5888  3.3942  3.3896  3.2931
 146  0.678177  3.8067  4.0804  0.3689  5.3920  4.7639  4.2482  3.9718  4.3581  4.2238  3.9326  3.7666  3.6961  3.5647  3.3694  3.3650  3.2679
 147  0.678706  3.8060  4.0689  0.3783  5.3799  4.7487  4.2297  3.9517  4.3366  4.2019  3.9094  3.7429  3.6722  3.5403  3.3445  3.3399  3.2424
 148  0.679221  3.8053  4.0569  0.3876  5.3692  4.7344  4.2116  3.9320  4.3152  4.1798  3.8862  3.7191  3.6481  3.5157  3.3191  3.3144  3.2163
 149  0.679724  3.8045  4.0446  0.3971  5.3597  4.7208  4.1939  3.9123  4.2939  4.1580  3.8629  3.6949  3.6237  3.4908  3.2934  3.2887  3.1899
 150  0.680213  3.8036  4.0317  0.4067  5.3523  4.7085  4.1768  3.8931  4.2729  4.1363  3.8395  3.6708  3.5992  3.4657  3.2672  3.2626  3.1630
 151  0.680687  3.8026  4.0181  0.4163  5.3473  4.6979  4.1606  3.8742  4.2523  4.1149  3.8161  3.6464  3.5745  3.4403  3.2407  3.2358  3.1354
 152  0.681146  3.8013  4.0040  0.4258  5.3455  4.6896  4.1457  3.8560  4.2323  4.0938  3.7928  3.6219  3.5496  3.4145  3.2136  3.2088  3.1074
 153  0.681592  3.7999  3.9891  0.4355  5.3463  4.6832  4.1316  3.8385  4.2127  4.0732  3.7695  3.5974  3.5247  3.3887  3.1862  3.1812  3.0787
 154  0.682024  3.7984  3.9734  0.4452  5.3509  4.6794  4.1187  3.8216  4.1937  4.0528  3.7463  3.5729  3.4995  3.3625  3.1584  3.1533  3.0496
 155  0.682440  3.7967  3.9571  0.4548  5.3599  4.6786  4.1076  3.8058  4.1754  4.0331  3.7233  3.5482  3.4743  3.3362  3.1303  3.1250  3.0198
 156  0.682842  3.7949  3.9403  0.4647  5.3713  4.6797  4.0974  3.7905  4.1575  4.0137  3.7003  3.5237  3.4492  3.3096  3.1017  3.0964  2.9896
 157  0.683231  3.7928  3.9227  0.4744  5.3875  4.6840  4.0889  3.7764  4.1404  3.9948  3.6775  3.4991  3.4238  3.2830  3.0729  3.0673  2.9589
 158  0.683606  3.7903  3.9036  0.4840  5.4127  4.6945  4.0837  3.7646  4.1251  3.9774  3.6553  3.4747  3.3987  3.2561  3.0433  3.0376  2.9272
 159  0.683963  3.7874  3.8829  0.4935  5.4496  4.7131  4.0832  3.7560  4.1121  3.9618  3.6339  3.4506  3.3735  3.2291  3.0130  3.0071  2.8943
 160  0.684306  3.7843  3.8610  0.5029  5.4955  4.7380  4.0869  3.7502  4.1009  3.9475  3.6129  3.4267  3.3485  3.2018  2.9823  2.9761  2.8607
 161  0.684635  3.7810  3.8385  0.5123  5.5498  4.7686  4.0944  3.7471  4.0913  3.9345  3.5924  3.4029  3.3235  3.1744  2.9512  2.9448  2.8266
 162  0.684945  3.7774  3.8151  0.5211  5.6148  4.8068  4.1066  3.7478  4.0843  3.9235  3.5733  3.3803  3.2997  3.1480  2.9207  2.9140  2.7928
 163  0.685254  3.7741  3.7934  0.5304  5.6697  4.8378  4.1144  3.7459  4.0745  3.9103  3.5531  3.3570  3.2754  3.1215  2.8907  2.8837  2.7598
 164  0.685562  3.7716  3.7734  0.5401  5.7132  4.8606  4.1178  3.7410  4.0623  3.8950  3.5317  3.3330  3.2505  3.0947  2.8609  2.8537  2.7275
 165  0.685868  3.7692  3.7544  0.5500  5.7479  4.8773  4.1173  3.7335  4.0477  3.8780  3.5093  3.3084  3.2250  3.0675  2.8311  2.8237  2.6955
 166  0.686170  3.7669  3.7351  0.5604  5.7831  4.8940  4.1168  3.7262  4.0327  3.8601  3.4862  3.2830  3.1988  3.0397  2.8005  2.7930  2.6627
 167  0.686467  3.7645  3.7149  0.5710  5.8222  4.9131  4.1177  3.7198  4.0176  3.8422  3.4624  3.2567  3.1716  3.0107  2.7688  2.7610  2.6284
 168  0.686755  3.7620  3.6939  0.5822  5.8661  4.9350  4.1205  3.7146  4.0026  3.8240  3.4376  3.2293  3.1432  2.9803  2.7352  2.7272  2.5923
 169  0.687035  3.7595  3.6724  0.5939  5.9081  4.9551  4.1215  3.7079  3.9859  3.8040  3.4114  3.2004  3.1135  2.9487  2.7005  2.6923  2.5552
 170  0.687304  3.7571  3.6508  0.6063  5.9459  4.9716  4.1198  3.6989  3.9668  3.7818  3.3835  3.1701  3.0822  2.9157  2.6649  2.6564  2.5171
 171  0.687560  3.7550  3.6293  0.6194  5.9773  4.9832  4.1142  3.6867  3.9449  3.7573  3.3536  3.1381  3.0496  2.8816  2.6282  2.6196  2.4783
 172  0.687805  3.7531  3.6081  0.6331  6.0012  4.9893  4.1049  3.6714  3.9205  3.7304  3.3220  3.1048  3.0156  2.8462  2.5907  2.5819  2.4388
 173  0.688039  3.7514  3.5871  0.6473  6.0194  4.9908  4.0924  3.6537  3.8940  3.7015  3.2890  3.0701  2.9804  2.8098  2.5523  2.5433  2.3985
 174  0.688262  3.7498  3.5664  0.6619  6.0316  4.9878  4.0770  3.6336  3.8657  3.6711  3.2548  3.0343  2.9442  2.7725  2.5132  2.5041  2.3578
 175  0.688476  3.7484  3.5460  0.6768  6.0376  4.9803  4.0588  3.6112  3.8357  3.6392  3.2195  2.9979  2.9072  2.7346  2.4737  2.4645  2.3169
 176  0.688682  3.7471  3.5259  0.6921  6.0384  4.9689  4.0379  3.5868  3.8041  3.6059  3.1834  2.9606  2.8695  2.6961  2.4338  2.4244  2.2756
 177  0.688883  3.7460  3.5062  0.7075  6.0350  4.9545  4.0147  3.5605  3.7713  3.5717  3.1466  2.9227  2.8314  2.6572  2.3936  2.3842  2.2344
 178  0.689077  3.7449  3.4865  0.7230  6.0293  4.9383  3.9905  3.5334  3.7379  3.5369  3.1093  2.8845  2.7928  2.6178  2.3532  2.3436  2.1928
 179  0.689266  3.7440  3.4671  0.7387  6.0215  4.9205  3.9652  3.5053  3.7039  3.5015  3.0716  2.8459  2.7539  2.5784  2.3125  2.3028  2.1510
 180  0.689452  3.7430  3.4478  0.7545  6.0112  4.9008  3.9386  3.4764  3.6692  3.4657  3.0335  2.8071  2.7147  2.5386  2.2717  2.2619  2.1093
 181  0.689635  3.7422  3.4286  0.7704  5.9994  4.8800  3.9112  3.4466  3.6342  3.4294  2.9953  2.7679  2.6754  2.4986  2.2307  2.2209  2.0675
 182  0.689795  3.7416  3.4119  0.7845  5.9876  4.8607  3.8862  3.4197  3.6026  3.3969  2.9611  2.7330  2.6402  2.4630  2.1943  2.1844  2.0303
 183  0.689954  3.7409  3.3950  0.7988  5.9745  4.8402  3.8604  3.3920  3.5706  3.3640  2.9265  2.6978  2.6047  2.4271  2.1576  2.1475  1.9928
 184  0.690113  3.7403  3.3782  0.8134  5.9595  4.8183  3.8336  3.3635  3.5378  3.3303  2.8914  2.6619  2.5687  2.3907  2.1204  2.1103  1.9550
 185  0.690271  3.7397  3.3612  0.8281  5.9444  4.7963  3.8065  3.3347  3.5047  3.2964  2.8559  2.6259  2.5325  2.3539  2.0829  2.0728  1.9168
 186  0.690429  3.7392  3.3442  0.8429  5.9282  4.7732  3.7784  3.3051  3.4710  3.2617  2.8199  2.5892  2.4956  2.3167  2.0449  2.0347  1.8781
 187  0.690586  3.7386  3.3270  0.8580  5.9104  4.7489  3.7496  3.2746  3.4365  3.2265  2.7831  2.5520  2.4582  2.2787  2.0064  1.9962  1.8389
 188  0.690742  3.7381  3.3096  0.8733  5.8925  4.7244  3.7203  3.2439  3.4016  3.1907  2.7460  2.5143  2.4203  2.2405  1.9674  1.9571  1.7992
 189  0.690898  3.7376  3.2920  0.8888  5.8737  4.6990  3.6903  3.2123  3.3660  3.1543  2.7081  2.4759  2.3817  2.2015  1.9278  1.9174  1.7590
 190  0.691053  3.7370  3.2742  0.9046  5.8539  4.6725  3.6594  3.1800  3.3296  3.1172  2.6698  2.4369  2.3426  2.1619  1.8876  1.8771  1.7182
 191  0.691206  3.7364  3.2561  0.9206  5.8340  4.6460  3.6282  3.1472  3.2926  3.0794  2.6306  2.3973  2.3027  2.1218  1.8466  1.8362  1.6767
 192  0.691359  3.7359  3.2379  0.9369  5.8131  4.6185  3.5961  3.1137  3.2551  3.0411  2.5910  2.3571  2.2624  2.0810  1.8053  1.7948  1.6347
 193  0.691510  3.7354  3.2194  0.9535  5.7910  4.5899  3.5632  3.0793  3.2165  3.0019  2.5505  2.3161  2.2213  2.0395  1.7632  1.7526  1.5920
 194  0.691658  3.7349  3.2002  0.9707  5.7685  4.5606  3.5291  3.0438  3.1769  2.9614  2.5087  2.2738  2.1788  1.9966  1.7195  1.7090  1.5478
 195  0.691805  3.7344  3.1802  0.9886  5.7454  4.5302  3.4937  3.0068  3.1355  2.9191  2.4651  2.2297  2.1344  1.9519  1.6742  1.6635  1.5018
 196  0.691947  3.7339  3.1599  1.0069  5.7200  4.4979  3.4566  2.9683  3.0925  2.8755  2.4203  2.1842  2.0888  1.9058  1.6276  1.6168  1.4545
 197  0.692086  3.7333  3.1386  1.0260  5.6949  4.4652  3.4187  2.9288  3.0483  2.8304  2.3736  2.1371  2.0415  1.8582  1.5791  1.5683  1.4054
 198  0.692223  3.7327  3.1167  1.0457  5.6700  4.4320  3.3798  2.8883  3.0029  2.7841  2.3258  2.0886  1.9929  1.8091  1.5293  1.5184  1.3548
 199  0.692355  3.7321  3.0943  1.0658  5.6433  4.3972  3.3395  2.8464  2.9560  2.7365  2.2767  2.0389  1.9430  1.7588  1.4783  1.4674  1.3032
 200  0.692486  3.7316  3.0712  1.0865  5.6170  4.3621  3.2983  2.8034  2.9081  2.6876  2.2263  1.9879  1.8918  1.7071  1.4258  1.4149  1.2499
 201  0.692612  3.7309  3.0476  1.1077  5.5907  4.3266  3.2564  2.7598  2.8590  2.6376  2.1746  1.9356  1.8393  1.6542  1.3721  1.3610  1.1955
 202  0.692736  3.7303  3.0235  1.1293  5.5631  4.2898  3.2134  2.7150  2.8089  2.5864  2.1219  1.8822  1.7857  1.6001  1.3172  1.3061  1.1399
 203  0.692855  3.7296  2.9989  1.1514  5.5361  4.2529  3.1698  2.6694  2.7577  2.5342  2.0681  1.8277  1.7310  1.5449  1.2613  1.2500  1.0831
 204  0.692973  3.7289  2.9736  1.1739  5.5109  4.2168  3.1262  2.6237  2.7059  2.4814  2.0135  1.7723  1.6754  1.4888  1.2042  1.1930  1.0252
 205  0.693086  3.7281  2.9476  1.1969  5.4867  4.1810  3.0824  2.5776  2.6534  2.4277  1.9579  1.7160  1.6188  1.4316  1.1462  1.1349  0.9663
 206  0.693196  3.7273  2.9212  1.2201  5.4629  4.1448  3.0379  2.5307  2.5999  2.3731  1.9012  1.6586  1.5612  1.3735  1.0870  1.0756  0.9062
 207  0.693303  3.7265  2.8942  1.2440  5.4396  4.1087  2.9931  2.4835  2.5458  2.3177  1.8437  1.6004  1.5027  1.3144  1.0269  1.0154  0.8451
 208  0.693405  3.7257  2.8669  1.2680  5.4170  4.0726  2.9479  2.4356  2.4909  2.2615  1.7854  1.5412  1.4433  1.2544  0.9659  0.9543  0.7832
 209  0.693506  3.7248  2.8391  1.2923  5.3955  4.0370  2.9025  2.3875  2.4356  2.2047  1.7264  1.4813  1.3831  1.1936  0.9039  0.8922  0.7202
 210  0.693601  3.7239  2.8107  1.3172  5.3754  4.0017  2.8572  2.3393  2.3796  2.1473  1.6666  1.4205  1.3221  1.1319  0.8412  0.8293  0.6564
 211  0.693694  3.7230  2.7821  1.3423  5.3562  3.9668  2.8117  2.2908  2.3231  2.0892  1.6060  1.3591  1.2603  1.0695  0.7776  0.7657  0.5916
 212  0.693782  3.7221  2.7529  1.3677  5.3382  3.9323  2.7661  2.2420  2.2661  2.0307  1.5448  1.2969  1.1979  1.0064  0.7132  0.7012  0.5261
 213  0.693868  3.7211  2.7235  1.3933  5.3215  3.8984  2.7205  2.1932  2.2088  1.9717  1.4831  1.2342  1.1348  0.9425  0.6481  0.6360  0.4598
 214  0.693950  3.7201  2.6936  1.4192  5.3052  3.8644  2.6746  2.1439  2.1509  1.9121  1.4208  1.1707  1.0710  0.8781  0.5824  0.5701  0.3929
 215  0.694029  3.7191  2.6635  1.4455  5.2896  3.8307  2.6288  2.0945  2.0926  1.8521  1.3579  1.1068  1.0067  0.8130  0.5159  0.5036  0.3253
 216  0.694104  3.7181  2.6331  1.4719  5.2749  3.7975  2.5829  2.0451  2.0342  1.7919  1.2945  1.0423  0.9419  0.7474  0.4490  0.4366  0.2571
 217  0.694117  3.7179  2.6278  1.4764  5.2726  3.7919  2.5750  2.0366  2.0240  1.7814  1.2836  1.0311  0.9306  0.7360  0.4374  0.4249  0.2452
 218  0.694130  3.7177  2.6223  1.4811  5.2705  3.7864  2.5672  2.0281  2.0139  1.7708  1.2725  1.0199  0.9193  0.7245  0.4257  0.4132  0.2332
 219  0.694142  3.7175  2.6170  1.4857  5.2677  3.7804  2.5590  2.0193  2.0036  1.7602  1.2614  1.0086  0.9080  0.7130  0.4140  0.4014  0.2214
 220  0.694155  3.7173  2.6117  1.4904  5.2655  3.7747  2.5511  2.0107  1.9933  1.7497  1.2503  0.9973  0.8966  0.7016  0.4022  0.3896  0.2093
 221  0.694167  3.7171  2.6062  1.4950  5.2633  3.7691  2.5431  2.0021  1.9830  1.7391  1.2392  0.9859  0.8851  0.6899  0.3904  0.3778  0.1972
 222  0.694180  3.7169  2.6008  1.4997  5.2608  3.7632  2.5350  1.9934  1.9726  1.7283  1.2279  0.9745  0.8736  0.6782  0.3784  0.3659  0.1852
 223  0.694192  3.7167  2.5954  1.5044  5.2587  3.7575  2.5269  1.9847  1.9623  1.7176  1.2166  0.9630  0.8621  0.6666  0.3665  0.3539  0.1730
 224  0.694204  3.7165  2.5899  1.5091  5.2564  3.7517  2.5187  1.9759  1.9518  1.7069  1.2053  0.9514  0.8504  0.6548  0.3546  0.3419  0.1607
 225  0.694216  3.7164  2.5843  1.5139  5.2543  3.7461  2.5107  1.9671  1.9413  1.6961  1.1939  0.9397  0.8388  0.6429  0.3424  0.3297  0.1484
 226  0.694228  3.7162  2.5789  1.5187  5.2519  3.7401  2.5025  1.9582  1.9308  1.6851  1.1824  0.9282  0.8271  0.6312  0.3303  0.3176  0.1360
 227  0.694336  3.7145  2.5278  1.5627  5.2332  3.6880  2.4280  1.8775  1.8342  1.5854  1.0774  0.8211  0.7193  0.5220  0.2189  0.2060  0.0224
 228  0.694433  3.7125  2.4769  1.6062  5.2225  3.6415  2.3573  1.8002  1.7401  1.4878  0.9739  0.7155  0.6131  0.4143  0.1085  0.0954 -0.0903
 229  0.694525  3.7105  2.4243  1.6509  5.2190  3.5985  2.2877  1.7232  1.6449  1.3886  0.8683  0.6074  0.5042  0.3038 -0.0049 -0.0182 -0.2062
 230  0.694611  3.7084  2.3702  1.6965  5.2207  3.5583  2.2188  1.6465  1.5485  1.2882  0.7608  0.4973  0.3933  0.1910 -0.1206 -0.1343 -0.3247
 231  0.694686  3.7063  2.3186  1.7399  5.2267  3.5231  2.1550  1.5751  1.4576  1.1932  0.6589  0.3928  0.2880  0.0840 -0.2307 -0.2446 -0.4373
 232  0.694755  3.7042  2.2660  1.7840  5.2390  3.4920  2.0927  1.5048  1.3665  1.0975  0.5560  0.2870  0.1814 -0.0245 -0.3424 -0.3565 -0.5518
 233  0.694818  3.7020  2.2138  1.8274  5.2553  3.4656  2.0335  1.4374  1.2774  1.0041  0.4548  0.1831  0.0766 -0.1313 -0.4524 -0.4667 -0.6647
 234  0.694876  3.6997  2.1611  1.8713  5.2761  3.4429  1.9758  1.3712  1.1886  0.9104  0.3532  0.0785 -0.0289 -0.2387 -0.5633 -0.5779 -0.7785
 235  0.694929  3.6976  2.1112  1.9126  5.2994  3.4233  1.9226  1.3100  1.1053  0.8224  0.2575 -0.0201 -0.1284 -0.3402 -0.6681 -0.6828 -0.8860
 236  0.694976  3.6955  2.0636  1.9521  5.3242  3.4071  1.8735  1.2531  1.0267  0.7392  0.1667 -0.1136 -0.2229 -0.4365 -0.7676 -0.7827 -0.9883
 237  0.695021  3.6935  2.0166  1.9911  5.3493  3.3930  1.8261  1.1977  0.9495  0.6575  0.0773 -0.2059 -0.3162 -0.5316 -0.8658 -0.8811 -1.0893
 238  0.695061  3.6918  1.9769  2.0238  5.3743  3.3845  1.7883  1.1533  0.8855  0.5894  0.0026 -0.2830 -0.3938 -0.6111 -0.9480 -0.9637 -1.1739
 239  0.695101  3.6906  1.9485  2.0473  5.3886  3.3757  1.7594  1.1196  0.8384  0.5395 -0.0518 -0.3391 -0.4505 -0.6688 -1.0076 -1.0233 -1.2351
 240  0.695138  3.6904  1.9386  2.0566  5.3826  3.3615  1.7421  1.1013  0.8173  0.5179 -0.0742 -0.3618 -0.4733 -0.6917 -1.0309 -1.0466 -1.2587
 241  0.695178  3.6885  1.8982  2.0896  5.4098  3.3572  1.7064  1.0587  0.7537  0.4500 -0.1490 -0.4392 -0.5516 -0.7718 -1.1138 -1.1298 -1.3441
 242  0.695213  3.6859  1.8427  2.1345  5.4514  3.3604  1.6630  1.0053  0.6698  0.3598 -0.2495 -0.5436 -0.6571 -0.8798 -1.2263 -1.2425 -1.4604
 243  0.695246  3.6833  1.7890  2.1777  5.4894  3.3671  1.6234  0.9561  0.5900  0.2738 -0.3458 -0.6437 -0.7584 -0.9837 -1.3343 -1.3510 -1.5722
 244  0.695275  3.6809  1.7381  2.2188  5.5204  3.3760  1.5872  0.9109  0.5150  0.1926 -0.4368 -0.7384 -0.8541 -1.0818 -1.4367 -1.4537 -1.6782
 245  0.695302  3.6784  1.6894  2.2579  5.5465  3.3876  1.5548  0.8699  0.4447  0.1163 -0.5227 -0.8281 -0.9449 -1.1750 -1.5340 -1.5513 -1.7790
 246  0.695327  3.6760  1.6408  2.2969  5.5678  3.4013  1.5239  0.8306  0.3754  0.0408 -0.6082 -0.9172 -1.0353 -1.2678 -1.6309 -1.6486 -1.8796
 247  0.695349  3.6736  1.5917  2.3364  5.5874  3.4180  1.4944  0.7926  0.3063 -0.0349 -0.6943 -1.0072 -1.1265 -1.3616 -1.7291 -1.7470 -1.9813
 248  0.695371  3.6711  1.5422  2.3762  5.6039  3.4374  1.4665  0.7561  0.2377 -0.1102 -0.7805 -1.0976 -1.2181 -1.4559 -1.8278 -1.8460 -2.0837
 249  0.695389  3.6687  1.4940  2.4147  5.6192  3.4610  1.4427  0.7239  0.1729 -0.1820 -0.8634 -1.1847 -1.3064 -1.5469 -1.9233 -1.9419 -2.1829
 250  0.695406  3.6662  1.4456  2.4529  5.6349  3.4910  1.4231  0.6959  0.1106 -0.2517 -0.9447 -1.2705 -1.3935 -1.6369 -2.0178 -2.0368 -2.2813
 251  0.695422  3.6638  1.3990  2.4898  5.6483  3.5230  1.4064  0.6711  0.0518 -0.3180 -1.0224 -1.3527 -1.4770 -1.7230 -2.1086 -2.1280 -2.3759
 252  0.695437  3.6614  1.3529  2.5262  5.6603  3.5581  1.3923  0.6495 -0.0052 -0.3824 -1.0986 -1.4333 -1.5589 -1.8079 -2.1981 -2.2178 -2.4693
 253  0.695450  3.6589  1.3077  2.5616  5.6710  3.5953  1.3811  0.6309 -0.0591 -0.4440 -1.1721 -1.5112 -1.6382 -1.8901 -2.2850 -2.3050 -2.5601
 254  0.695462  3.6566  1.2635  2.5964  5.6798  3.6338  1.3719  0.6149 -0.1109 -0.5035 -1.2432 -1.5869 -1.7152 -1.9698 -2.3695 -2.3899 -2.6486
 255  0.695475  3.6542  1.2197  2.6307  5.6875  3.6739  1.3648  0.6014 -0.1610 -0.5613 -1.3128 -1.6611 -1.7907 -2.0483 -2.4529 -2.4735 -2.7359
 256  0.695485  3.6518  1.1768  2.6641  5.6935  3.7145  1.3595  0.5903 -0.2087 -0.6168 -1.3801 -1.7330 -1.8639 -2.1245 -2.5339 -2.5549 -2.8208
 257  0.695495  3.6495  1.1349  2.6967  5.6993  3.7566  1.3568  0.5822 -0.2540 -0.6699 -1.4448 -1.8024 -1.9346 -2.1982 -2.6124 -2.6339 -2.9036
 258  0.695503  3.6472  1.0935  2.7290  5.7034  3.7986  1.3554  0.5758 -0.2977 -0.7213 -1.5081 -1.8704 -2.0039 -2.2706 -2.6897 -2.7115 -2.9849
 259  0.695512  3.6450  1.0530  2.7606  5.7067  3.8408  1.3555  0.5716 -0.3390 -0.7706 -1.5694 -1.9365 -2.0713 -2.3409 -2.7650 -2.7872 -3.0643
 260  0.695520  3.6428  1.0133  2.7912  5.7087  3.8829  1.3571  0.5691 -0.3778 -0.8176 -1.6286 -2.0004 -2.1366 -2.4094 -2.8382 -2.8608 -3.1416
 261  0.695527  3.6404  0.9738  2.8215  5.7118  3.9280  1.3626  0.5707 -0.4135 -0.8619 -1.6855 -2.0626 -2.2001 -2.4761 -2.9100 -2.9330 -3.2176
 262  0.695534  3.6382  0.9350  2.8512  5.7130  3.9722  1.3689  0.5735 -0.4474 -0.9044 -1.7410 -2.1232 -2.2621 -2.5414 -2.9803 -3.0037 -3.2921
 263  0.695540  3.6359  0.8969  2.8802  5.7128  4.0152  1.3758  0.5776 -0.4792 -0.9449 -1.7946 -2.1819 -2.3223 -2.6047 -3.0487 -3.0725 -3.3647
 264  0.695547  3.6336  0.8595  2.9086  5.7115  4.0581  1.3841  0.5833 -0.5091 -0.9836 -1.8464 -2.2391 -2.3809 -2.6666 -3.1157 -3.1399 -3.4359
 265  0.695553  3.6315  0.8227  2.9367  5.7089  4.1001  1.3930  0.5901 -0.5372 -1.0206 -1.8968 -2.2948 -2.4381 -2.7271 -3.1812 -3.2058 -3.5057
 266  0.695558  3.6293  0.7869  2.9640  5.7047  4.1406  1.4021  0.5975 -0.5636 -1.0557 -1.9453 -2.3487 -2.4933 -2.7857 -3.2448 -3.2698 -3.5733
 267  0.695563  3.6272  0.7516  2.9907  5.6991  4.1806  1.4118  0.6059 -0.5883 -1.0893 -1.9924 -2.4012 -2.5472 -2.8429 -3.3070 -3.3325 -3.6398
 268  0.695568  3.6251  0.7167  3.0172  5.6913  4.2181  1.4209  0.6141 -0.6124 -1.1222 -2.0386 -2.4529 -2.6003 -2.8994 -3.3684 -3.3943 -3.7053
 269  0.695572  3.6230  0.6830  3.0428  5.6825  4.2541  1.4298  0.6227 -0.6349 -1.1533 -2.0830 -2.5027 -2.6514 -2.9538 -3.4276 -3.4539 -3.7686
 270  0.695576  3.6210  0.6497  3.0682  5.6722  4.2896  1.4389  0.6317 -0.6561 -1.1833 -2.1264 -2.5515 -2.7018 -3.0073 -3.4862 -3.5127 -3.8311
 271  0.695580  3.6191  0.6169  3.0932  5.6604  4.3232  1.4473  0.6399 -0.6763 -1.2121 -2.1687 -2.5992 -2.7508 -3.0597 -3.5431 -3.5702 -3.8923
 272  0.695583  3.6172  0.5852  3.1174  5.6476  4.3560  1.4555  0.6485 -0.6952 -1.2395 -2.2093 -2.6452 -2.7982 -3.1103 -3.5986 -3.6259 -3.9516
 273  0.695587  3.6154  0.5539  3.1413  5.6333  4.3871  1.4627  0.6562 -0.7133 -1.2662 -2.2492 -2.6906 -2.8448 -3.1603 -3.6531 -3.6809 -4.0101
 274  0.695590  3.6136  0.5236  3.1645  5.6177  4.4164  1.4687  0.6628 -0.7306 -1.2918 -2.2878 -2.7344 -2.8900 -3.2086 -3.7060 -3.7343 -4.0668
 275  0.695593  3.6118  0.4935  3.1874  5.6030  4.4502  1.4772  0.6722 -0.7439 -1.3138 -2.3239 -2.7764 -2.9331 -3.2554 -3.7575 -3.7862 -4.1225
 276  0.695596  3.6100  0.4642  3.2097  5.5875  4.4834  1.4850  0.6808 -0.7558 -1.3345 -2.3586 -2.8168 -2.9750 -3.3007 -3.8078 -3.8368 -4.1767
 277  0.695599  3.6083  0.4357  3.2313  5.5711  4.5149  1.4919  0.6887 -0.7671 -1.3543 -2.3921 -2.8559 -3.0156 -3.3446 -3.8564 -3.8858 -4.2292
 278  0.695602  3.6068  0.4084  3.2522  5.5540  4.5443  1.4977  0.6953 -0.7776 -1.3730 -2.4243 -2.8936 -3.0545 -3.3867 -3.9031 -3.9329 -4.2797
 279  0.695604  3.6053  0.3832  3.2715  5.5373  4.5705  1.5022  0.7009 -0.7869 -1.3898 -2.4536 -2.9280 -3.0900 -3.4252 -3.9459 -3.9762 -4.3260
