#NUMBER OF AGES= 1
#----------------------------------------------------       
#MIX-LEN  Y      Z          Zeff        [Fe/H] [a/Fe]
# 1.9380  0.3300 8.6733E-04 4.4148E-04  -1.54   0.40 
#----------------------------------------------------       
#**PHOTOMETRIC SYSTEM**: HST WFPC2 (Vega)                   
#----------------------------------------------------       
#AGE=12.800 EEPS=265
#EEP   M/Mo    LogTeff  LogG   LogL/Lo F218W   F255W   F300W   F336W   F439W   F450W   F555W   F606W   F622W   F675W   F791W   F814W   F850LP
  15  0.117721  3.5428  5.2504 -2.6169 20.4519 19.9566 16.5249 15.6797 14.5317 13.9674 12.6186 12.0803 11.8901 11.5044 10.6826 10.6442 10.2329
  16  0.129668  3.5505  5.2126 -2.5061 20.0903 19.3642 16.0865 15.2343 14.0893 13.5598 12.2569 11.7215 11.5315 11.1550 10.3998 10.3630  9.9660
  17  0.140844  3.5566  5.1810 -2.4141 19.7794 18.8818 15.7290 14.8751 13.7377 13.2326 11.9654 11.4334 11.2440 10.8736 10.1655 10.1299  9.7433
  18  0.151562  3.5614  5.1543 -2.3365 19.5070 18.4855 15.4372 14.5844 13.4562 12.9675 11.7274 11.1988 11.0101 10.6441  9.9685  9.9337  9.5547
  19  0.162919  3.5656  5.1297 -2.2638 19.2481 18.1239 15.1701 14.3197 13.2018 12.7258 11.5092 10.9842 10.7967 10.4341  9.7842  9.7502  9.3778
  20  0.175424  3.5695  5.1061 -2.1924 18.9908 17.7751 14.9112 14.0643 12.9580 12.4926 11.2980 10.7770 10.5906 10.2314  9.6036  9.5703  9.2035
  21  0.188968  3.5732  5.0836 -2.1230 18.7388 17.4414 14.6625 13.8196 12.7255 12.2694 11.0954 10.5786 10.3933 10.0373  9.4282  9.3955  9.0341
  22  0.203097  3.5766  5.0630 -2.0577 18.4981 17.1297 14.4294 13.5908 12.5095 12.0611 10.9060 10.3937 10.2096  9.8566  9.2635  9.2313  8.8746
  23  0.219563  3.5799  5.0426 -1.9900 18.2419 16.8078 14.1879 13.3542 12.2874 11.8464 10.7107 10.2031 10.0205  9.6708  9.0925  9.0608  8.7090
  24  0.235071  3.5827  5.0259 -1.9322 18.0158 16.5338 13.9810 13.1519 12.0989 11.6638 10.5445 10.0416  9.8602  9.5135  8.9466  8.9154  8.5677
  25  0.247088  3.5848  5.0143 -1.8909 17.8525 16.3406 13.8326 13.0066 11.9639 11.5330 10.4255  9.9262  9.7458  9.4013  8.8422  8.8114  8.4665
  26  0.255198  3.5861  5.0072 -1.8647 17.7489 16.2190 13.7382 12.9143 11.8784 11.4499 10.3500  9.8531  9.6732  9.3302  8.7760  8.7454  8.4024
  27  0.261146  3.5869  5.0029 -1.8468 17.6787 16.1372 13.6742 12.8516 11.8202 11.3935 10.2988  9.8034  9.6239  9.2819  8.7308  8.7004  8.3587
  28  0.265552  3.5876  4.9999 -1.8341 17.6288 16.0792 13.6283 12.8066 11.7787 11.3531 10.2620  9.7678  9.5887  9.2474  8.6985  8.6681  8.3274
  29  0.268811  3.5881  4.9977 -1.8246 17.5911 16.0354 13.5937 12.7728 11.7475 11.3228 10.2345  9.7413  9.5624  9.2216  8.6745  8.6441  8.3041
  30  0.271330  3.5885  4.9958 -1.8169 17.5608 16.0001 13.5660 12.7457 11.7225 11.2986 10.2127  9.7201  9.5414  9.2012  8.6554  8.6251  8.2857
  31  0.273541  3.5889  4.9947 -1.8107 17.5346 15.9693 13.5421 12.7223 11.7013 11.2780 10.1942  9.7025  9.5240  9.1842  8.6396  8.6093  8.2704
  32  0.275578  3.5893  4.9930 -1.8044 17.5078 15.9380 13.5178 12.6986 11.6797 11.2570 10.1754  9.6845  9.5061  9.1668  8.6234  8.5933  8.2549
  33  0.277848  3.5897  4.9914 -1.7975 17.4790 15.9043 13.4915 12.6729 11.6563 11.2344 10.1553  9.6651  9.4869  9.1481  8.6061  8.5760  8.2381
  34  0.280397  3.5901  4.9894 -1.7898 17.4476 15.8680 13.4628 12.6448 11.6307 11.2095 10.1329  9.6436  9.4656  9.1273  8.5866  8.5567  8.2194
  35  0.283233  3.5905  4.9869 -1.7812 17.4134 15.8291 13.4316 12.6142 11.6027 11.1823 10.1082  9.6198  9.4420  9.1042  8.5649  8.5350  8.1983
  36  0.286412  3.5909  4.9839 -1.7716 17.3769 15.7879 13.3979 12.5813 11.5723 11.1525 10.0811  9.5934  9.4159  9.0786  8.5407  8.5108  8.1748
  37  0.290401  3.5914  4.9801 -1.7599 17.3334 15.7394 13.3577 12.5418 11.5357 11.1169 10.0483  9.5616  9.3844  9.0476  8.5112  8.4813  8.1459
  38  0.294924  3.5919  4.9749 -1.7461 17.2824 15.6839 13.3114 12.4964 11.4937 11.0758 10.0104  9.5248  9.3480  9.0118  8.4765  8.4468  8.1120
  39  0.300460  3.5925  4.9684 -1.7293 17.2170 15.6154 13.2535 12.4401 11.4427 11.0260  9.9648  9.4808  9.3044  8.9689  8.4342  8.4046  8.0703
  40  0.323786  3.5966  4.9390 -1.6509 16.9066 15.2666 12.9667 12.1588 11.1868 10.7767  9.7398  9.2642  9.0900  8.7595  8.2366  8.2076  7.8787
  41  0.352966  3.6045  4.8977 -1.5404 16.4312 14.7293 12.5279 11.7289 10.8034 10.4043  9.4109  8.9512  8.7812  8.4599  7.9573  7.9296  7.6107
  42  0.364896  3.6083  4.8787 -1.4919 16.2224 14.4988 12.3334 11.5375 10.6324 10.2385  9.2651  8.8129  8.6451  8.3283  7.8344  7.8072  7.4932
  43  0.375042  3.6119  4.8619 -1.4486 16.0354 14.2940 12.1578 11.3643 10.4777 10.0885  9.1337  8.6890  8.5230  8.2107  7.7248  7.6981  7.3886
  44  0.384924  3.6159  4.8458 -1.4052 15.8462 14.0878 11.9783 11.1866 10.3194  9.9353  9.0000  8.5635  8.3995  8.0922  7.6145  7.5885  7.2841
  45  0.394801  3.6204  4.8301 -1.3608 15.6511 13.8754 11.7905 11.0001 10.1538  9.7752  8.8611  8.4337  8.2721  7.9703  7.5019  7.4765  7.1777
  46  0.404186  3.6251  4.8159 -1.3174 15.4571 13.6633 11.6013 10.8113  9.9871  9.6143  8.7227  8.3051  8.1460  7.8504  7.3918  7.3672  7.0746
  47  0.413094  3.6303  4.8032 -1.2748 15.2597 13.4438 11.4061 10.6149  9.8152  9.4490  8.5820  8.1755  8.0193  7.7308  7.2835  7.2596  6.9742
  48  0.421500  3.6357  4.7923 -1.2332 15.0604 13.2203 11.2058 10.4135  9.6416  9.2823  8.4416  8.0473  7.8940  7.6133  7.1780  7.1551  6.8775
  49  0.429612  3.6414  4.7824 -1.1923 14.8585 12.9924 10.9993 10.2067  9.4668  9.1149  8.3012  7.9198  7.7698  7.4974  7.0748  7.0527  6.7833
  50  0.437422  3.6473  4.7738 -1.1527 14.6590 12.7646 10.7879  9.9978  9.2943  8.9499  8.1635  7.7951  7.6487  7.3848  6.9749  6.9538  6.6926
  51  0.445154  3.6531  4.7658 -1.1135 14.4486 12.5250 10.5705  9.7853  9.1241  8.7874  8.0280  7.6724  7.5294  7.2739  6.8766  6.8564  6.6035
  52  0.449982  3.6568  4.7608 -1.0891 14.2967 12.3556 10.4318  9.6493  9.0192  8.6871  7.9442  7.5962  7.4558  7.2050  6.8151  6.7955  6.5476
  53  0.454736  3.6605  4.7563 -1.0650 14.1261 12.1695 10.2915  9.5117  8.9166  8.5886  7.8622  7.5215  7.3836  7.1372  6.7543  6.7351  6.4921
  54  0.459403  3.6644  4.7523 -1.0413 13.9413 11.9737 10.1466  9.3714  8.8145  8.4908  7.7810  7.4474  7.3122  7.0701  6.6939  6.6753  6.4373
  55  0.463998  3.6681  4.7483 -1.0179 13.7506 11.7786 10.0007  9.2323  8.7146  8.3955  7.7014  7.3749  7.2424  7.0042  6.6346  6.6166  6.3835
  56  0.468525  3.6720  4.7447 -0.9947 13.5512 11.5823  9.8520  9.0930  8.6159  8.3013  7.6230  7.3032  7.1734  6.9392  6.5760  6.5585  6.3304
  57  0.472984  3.6758  4.7412 -0.9719 13.3455 11.3865  9.7033  8.9551  8.5193  8.2095  7.5462  7.2330  7.1057  6.8754  6.5185  6.5014  6.2781
  58  0.477378  3.6795  4.7377 -0.9493 13.1343 11.1924  9.5556  8.8192  8.4250  8.1199  7.4711  7.1641  7.0393  6.8127  6.4618  6.4453  6.2267
  59  0.481707  3.6833  4.7345 -0.9270 12.9180 11.0010  9.4097  8.6855  8.3329  8.0324  7.3977  7.0966  6.9743  6.7511  6.4060  6.3900  6.1761
  60  0.485949  3.6869  4.7309 -0.9053 12.7067 10.8205  9.2713  8.5590  8.2454  7.9496  7.3276  7.0319  6.9117  6.6918  6.3521  6.3365  6.1269
  61  0.490105  3.6905  4.7277 -0.8839 12.4914 10.6421  9.1343  8.4342  8.1596  7.8686  7.2589  6.9684  6.8503  6.6335  6.2991  6.2839  6.0786
  62  0.494194  3.6940  4.7240 -0.8630 12.2844 10.4743  9.0043  8.3162  8.0781  7.7918  7.1934  6.9073  6.7912  6.5771  6.2476  6.2328  6.0314
  63  0.498194  3.6973  4.7203 -0.8425 12.0805 10.3120  8.8778  8.2017  7.9992  7.7174  7.1296  6.8480  6.7336  6.5222  6.1970  6.1827  5.9851
  64  0.502073  3.7004  4.7164 -0.8226 11.8882 10.1602  8.7584  8.0937  7.9241  7.6467  7.0688  6.7911  6.6784  6.4695  6.1485  6.1345  5.9405
  65  0.505812  3.7036  4.7128 -0.8032 11.7032 10.0151  8.6431  7.9894  7.8514  7.5784  7.0102  6.7362  6.6251  6.4185  6.1016  6.0880  5.8974
  66  0.509414  3.7066  4.7090 -0.7846 11.5287  9.8788  8.5340  7.8908  7.7821  7.5134  6.9541  6.6837  6.5740  6.3697  6.0566  6.0434  5.8561
  67  0.512885  3.7094  4.7054 -0.7665 11.3590  9.7473  8.4284  7.7955  7.7149  7.4504  6.9000  6.6329  6.5246  6.3225  6.0132  6.0002  5.8161
  68  0.516233  3.7122  4.7019 -0.7489 11.1970  9.6221  8.3275  7.7045  7.6505  7.3902  6.8480  6.5842  6.4770  6.2770  5.9713  5.9586  5.7775
  69  0.519478  3.7149  4.6984 -0.7317 11.0379  9.4999  8.2292  7.6161  7.5879  7.3316  6.7975  6.5368  6.4309  6.2328  5.9306  5.9182  5.7400
  70  0.522645  3.7175  4.6947 -0.7149 10.8852  9.3827  8.1352  7.5315  7.5276  7.2753  6.7487  6.4909  6.3861  6.1900  5.8910  5.8789  5.7034
  71  0.525740  3.7201  4.6910 -0.6984 10.7344  9.2673  8.0428  7.4486  7.4683  7.2199  6.7010  6.4459  6.3422  6.1480  5.8521  5.8404  5.6675
  72  0.528764  3.7226  4.6871 -0.6822 10.5902  9.1567  7.9543  7.3690  7.4111  7.1665  6.6546  6.4023  6.2996  6.1071  5.8142  5.8027  5.6324
  73  0.531736  3.7251  4.6834 -0.6662 10.4478  9.0473  7.8666  7.2905  7.3545  7.1138  6.6090  6.3593  6.2576  6.0668  5.7770  5.7657  5.5979
  74  0.534660  3.7275  4.6795 -0.6504 10.3117  8.9422  7.7820  7.2146  7.2996  7.0626  6.5646  6.3174  6.2166  6.0276  5.7405  5.7295  5.5640
  75  0.537554  3.7297  4.6755 -0.6347 10.1787  8.8390  7.6986  7.1401  7.2452  7.0119  6.5206  6.2758  6.1760  5.9886  5.7043  5.6935  5.5304
  76  0.540423  3.7320  4.6713 -0.6192 10.0514  8.7398  7.6181  7.0679  7.1921  6.9623  6.4774  6.2350  6.1361  5.9503  5.6686  5.6581  5.4971
  77  0.543280  3.7343  4.6669 -0.6037  9.9270  8.6423  7.5391  6.9971  7.1395  6.9132  6.4345  6.1944  6.0964  5.9121  5.6330  5.6227  5.4640
  78  0.546125  3.7364  4.6625 -0.5882  9.8060  8.5472  7.4620  6.9278  7.0876  6.8646  6.3922  6.1543  6.0570  5.8743  5.5978  5.5877  5.4311
  79  0.548956  3.7386  4.6579 -0.5729  9.6880  8.4540  7.3866  6.8601  7.0364  6.8167  6.3502  6.1145  6.0180  5.8368  5.5627  5.5528  5.3983
  80  0.551781  3.7406  4.6531 -0.5576  9.5735  8.3632  7.3129  6.7938  6.9859  6.7693  6.3086  6.0749  5.9792  5.7995  5.5278  5.5181  5.3656
  81  0.554586  3.7427  4.6482 -0.5423  9.4614  8.2741  7.2404  6.7287  6.9359  6.7223  6.2674  6.0358  5.9408  5.7626  5.4933  5.4837  5.3331
  82  0.558559  3.7455  4.6411 -0.5208  9.3062  8.1499  7.1393  6.6379  6.8658  6.6565  6.2093  5.9807  5.8867  5.7105  5.4444  5.4351  5.2872
  83  0.562578  3.7483  4.6336 -0.4989  9.1528  8.0267  7.0387  6.5474  6.7954  6.5902  6.1507  5.9249  5.8321  5.6578  5.3949  5.3860  5.2406
  84  0.566636  3.7510  4.6254 -0.4767  9.0036  7.9060  6.9396  6.4582  6.7254  6.5240  6.0920  5.8690  5.7771  5.6047  5.3449  5.3362  5.1934
  85  0.570715  3.7537  4.6168 -0.4543  8.8565  7.7866  6.8415  6.3697  6.6552  6.4578  6.0329  5.8125  5.7216  5.5511  5.2944  5.2858  5.1455
  86  0.574802  3.7563  4.6079 -0.4317  8.7124  7.6693  6.7453  6.2829  6.5853  6.3916  5.9738  5.7559  5.6660  5.4973  5.2435  5.2352  5.0972
  87  0.578880  3.7589  4.5987 -0.4091  8.5715  7.5539  6.6512  6.1980  6.5156  6.3255  5.9144  5.6991  5.6100  5.4431  5.1922  5.1842  5.0485
  88  0.582934  3.7613  4.5889 -0.3864  8.4346  7.4412  6.5595  6.1154  6.4466  6.2598  5.8552  5.6424  5.5542  5.3890  5.1409  5.1331  4.9997
  89  0.586942  3.7638  4.5789 -0.3637  8.3010  7.3309  6.4697  6.0346  6.3781  6.1946  5.7962  5.5858  5.4985  5.3350  5.0896  5.0820  4.9507
  90  0.590881  3.7663  4.5687 -0.3410  8.1708  7.2229  6.3818  5.9554  6.3102  6.1300  5.7376  5.5294  5.4430  5.2812  5.0385  5.0310  4.9019
  91  0.594735  3.7686  4.5584 -0.3186  8.0436  7.1172  6.2953  5.8778  6.2432  6.0659  5.6796  5.4736  5.3881  5.2279  4.9878  4.9806  4.8534
  92  0.598490  3.7708  4.5479 -0.2963  7.9212  7.0150  6.2114  5.8024  6.1773  6.0028  5.6222  5.4185  5.3336  5.1750  4.9375  4.9304  4.8051
  93  0.602139  3.7730  4.5372 -0.2743  7.8028  6.9158  6.1300  5.7289  6.1125  5.9406  5.5655  5.3639  5.2798  5.1228  4.8876  4.8808  4.7574
  94  0.605680  3.7751  4.5265 -0.2525  7.6874  6.8187  6.0506  5.6571  6.0484  5.8792  5.5094  5.3098  5.2266  5.0712  4.8384  4.8318  4.7101
  95  0.609117  3.7771  4.5156 -0.2309  7.5765  6.7251  5.9740  5.5872  5.9856  5.8188  5.4540  5.2565  5.1741  5.0200  4.7896  4.7831  4.6632
  96  0.612447  3.7791  4.5046 -0.2096  7.4692  6.6340  5.9002  5.5190  5.9236  5.7593  5.3991  5.2039  5.1223  4.9696  4.7415  4.7351  4.6169
  97  0.615669  3.7811  4.4935 -0.1885  7.3655  6.5457  5.8291  5.4523  5.8626  5.7005  5.3449  5.1519  5.0711  4.9198  4.6939  4.6877  4.5712
  98  0.618786  3.7830  4.4825 -0.1677  7.2650  6.4599  5.7599  5.3873  5.8026  5.6426  5.2913  5.1006  5.0206  4.8706  4.6470  4.6408  4.5259
  99  0.621803  3.7848  4.4711 -0.1471  7.1688  6.3772  5.6926  5.3243  5.7438  5.5856  5.2385  5.0498  4.9706  4.8219  4.6001  4.5943  4.4808
 100  0.624716  3.7865  4.4599 -0.1268  7.0758  6.2971  5.6261  5.2635  5.6861  5.5298  5.1866  4.9997  4.9210  4.7736  4.5537  4.5479  4.4359
 101  0.627538  3.7882  4.4483 -0.1067  6.9857  6.2193  5.5607  5.2045  5.6295  5.4748  5.1355  4.9500  4.8719  4.7256  4.5077  4.5020  4.3912
 102  0.630268  3.7897  4.4368 -0.0868  6.8983  6.1436  5.4960  5.1472  5.5737  5.4207  5.0851  4.9008  4.8233  4.6780  4.4618  4.4563  4.3468
 103  0.632911  3.7914  4.4252 -0.0671  6.8134  6.0697  5.4324  5.0911  5.5186  5.3672  5.0352  4.8522  4.7752  4.6311  4.4165  4.4110  4.3027
 104  0.635475  3.7928  4.4135 -0.0476  6.7300  5.9971  5.3699  5.0357  5.4641  5.3141  4.9859  4.8041  4.7275  4.5846  4.3717  4.3664  4.2592
 105  0.637964  3.7942  4.4015 -0.0282  6.6486  5.9262  5.3088  4.9807  5.4101  5.2616  4.9369  4.7565  4.6804  4.5386  4.3273  4.3221  4.2161
 106  0.640385  3.7957  4.3895 -0.0091  6.5687  5.8563  5.2489  4.9264  5.3564  5.2094  4.8882  4.7093  4.6337  4.4930  4.2834  4.2783  4.1734
 107  0.642745  3.7969  4.3773  0.0099  6.4906  5.7879  5.1903  4.8725  5.3031  5.1576  4.8399  4.6624  4.5874  4.4478  4.2399  4.2349  4.1309
 108  0.645050  3.7982  4.3648  0.0289  6.4148  5.7212  5.1330  4.8198  5.2504  5.1062  4.7917  4.6157  4.5412  4.4027  4.1964  4.1914  4.0885
 109  0.647309  3.7994  4.3523  0.0478  6.3410  5.6560  5.0767  4.7678  5.1980  5.0552  4.7439  4.5692  4.4954  4.3578  4.1529  4.1481  4.0462
 110  0.649529  3.8005  4.3397  0.0665  6.2693  5.5923  5.0216  4.7167  5.1464  5.0048  4.6962  4.5228  4.4494  4.3128  4.1093  4.1046  4.0036
 111  0.651716  3.8016  4.3269  0.0852  6.1996  5.5301  4.9676  4.6666  5.0951  4.9547  4.6488  4.4766  4.4037  4.2679  4.0658  4.0611  3.9609
 112  0.652457  3.8020  4.3224  0.0915  6.1760  5.5090  4.9492  4.6495  5.0776  4.9375  4.6325  4.4607  4.3880  4.2525  4.0507  4.0461  3.9463
 113  0.653197  3.8024  4.3179  0.0981  6.1519  5.4874  4.9305  4.6322  5.0597  4.9200  4.6159  4.4445  4.3720  4.2367  4.0355  4.0308  3.9313
 114  0.653934  3.8028  4.3134  0.1046  6.1273  5.4655  4.9115  4.6146  5.0416  4.9024  4.5991  4.4282  4.3557  4.2208  4.0200  4.0154  3.9162
 115  0.654668  3.8033  4.3090  0.1114  6.1014  5.4426  4.8918  4.5965  5.0229  4.8842  4.5820  4.4114  4.3392  4.2046  4.0045  3.9998  3.9009
 116  0.655401  3.8038  4.3046  0.1182  6.0753  5.4194  4.8720  4.5784  5.0042  4.8658  4.5647  4.3947  4.3226  4.1884  3.9887  3.9841  3.8856
 117  0.656134  3.8042  4.3002  0.1251  6.0490  5.3961  4.8521  4.5600  4.9852  4.8473  4.5472  4.3777  4.3058  4.1719  3.9728  3.9682  3.8701
 118  0.656864  3.8047  4.2956  0.1320  6.0229  5.3729  4.8321  4.5418  4.9661  4.8286  4.5296  4.3605  4.2887  4.1552  3.9566  3.9521  3.8543
 119  0.657592  3.8051  4.2907  0.1390  5.9972  5.3501  4.8122  4.5233  4.9468  4.8098  4.5117  4.3431  4.2715  4.1383  3.9402  3.9356  3.8381
 120  0.658316  3.8055  4.2856  0.1461  5.9720  5.3273  4.7923  4.5048  4.9275  4.7907  4.4935  4.3253  4.2539  4.1210  3.9233  3.9189  3.8217
 121  0.659036  3.8058  4.2802  0.1533  5.9472  5.3049  4.7725  4.4862  4.9080  4.7716  4.4752  4.3073  4.2360  4.1033  3.9061  3.9017  3.8047
 122  0.659751  3.8062  4.2748  0.1607  5.9228  5.2827  4.7526  4.4675  4.8882  4.7521  4.4565  4.2890  4.2179  4.0855  3.8886  3.8842  3.7875
 123  0.660462  3.8065  4.2690  0.1682  5.8986  5.2605  4.7327  4.4487  4.8684  4.7326  4.4377  4.2704  4.1994  4.0673  3.8708  3.8664  3.7699
 124  0.661168  3.8068  4.2630  0.1757  5.8746  5.2383  4.7126  4.4298  4.8483  4.7129  4.4186  4.2516  4.1808  4.0489  3.8527  3.8483  3.7520
 125  0.661870  3.8071  4.2568  0.1833  5.8507  5.2162  4.6925  4.4107  4.8282  4.6929  4.3993  4.2327  4.1619  4.0301  3.8343  3.8299  3.7338
 126  0.662567  3.8073  4.2507  0.1910  5.8264  5.1938  4.6722  4.3914  4.8076  4.6727  4.3797  4.2134  4.1427  4.0111  3.8157  3.8113  3.7154
 127  0.663261  3.8076  4.2442  0.1988  5.8026  5.1717  4.6519  4.3721  4.7871  4.6524  4.3600  4.1940  4.1234  3.9920  3.7968  3.7925  3.6967
 128  0.663951  3.8078  4.2377  0.2067  5.7788  5.1496  4.6315  4.3527  4.7665  4.6320  4.3402  4.1744  4.1038  3.9726  3.7777  3.7735  3.6778
 129  0.664638  3.8080  4.2311  0.2146  5.7554  5.1275  4.6112  4.3332  4.7457  4.6114  4.3202  4.1546  4.0842  3.9532  3.7585  3.7542  3.6587
 130  0.665319  3.8082  4.2242  0.2226  5.7320  5.1056  4.5908  4.3136  4.7248  4.5907  4.3000  4.1346  4.0643  3.9334  3.7390  3.7347  3.6393
 131  0.665995  3.8083  4.2173  0.2307  5.7089  5.0838  4.5704  4.2939  4.7038  4.5699  4.2795  4.1143  4.0441  3.9134  3.7193  3.7150  3.6196
 132  0.666665  3.8084  4.2100  0.2388  5.6864  5.0623  4.5500  4.2741  4.6826  4.5490  4.2590  4.0939  4.0238  3.8931  3.6992  3.6949  3.5996
 133  0.667328  3.8085  4.2024  0.2471  5.6644  5.0411  4.5297  4.2544  4.6614  4.5279  4.2382  4.0732  4.0031  3.8725  3.6788  3.6745  3.5792
 134  0.667984  3.8085  4.1948  0.2554  5.6428  5.0201  4.5094  4.2345  4.6401  4.5067  4.2172  4.0523  3.9822  3.8518  3.6580  3.6537  3.5585
 135  0.668633  3.8085  4.1868  0.2638  5.6215  4.9993  4.4891  4.2145  4.6187  4.4853  4.1960  4.0313  3.9612  3.8307  3.6371  3.6327  3.5374
 136  0.669274  3.8085  4.1786  0.2723  5.6007  4.9788  4.4689  4.1945  4.5972  4.4638  4.1747  4.0099  3.9398  3.8094  3.6158  3.6114  3.5161
 137  0.669908  3.8085  4.1702  0.2808  5.5803  4.9584  4.4486  4.1744  4.5756  4.4422  4.1531  3.9883  3.9182  3.7878  3.5941  3.5898  3.4944
 138  0.670532  3.8084  4.1615  0.2896  5.5605  4.9384  4.4284  4.1542  4.5540  4.4205  4.1313  3.9665  3.8964  3.7660  3.5721  3.5678  3.4723
 139  0.671148  3.8082  4.1525  0.2983  5.5414  4.9189  4.4083  4.1340  4.5322  4.3988  4.1094  3.9445  3.8744  3.7438  3.5499  3.5456  3.4499
 140  0.671754  3.8080  4.1433  0.3072  5.5228  4.8996  4.3884  4.1137  4.5104  4.3769  4.0872  3.9222  3.8520  3.7214  3.5273  3.5229  3.4271
 141  0.672350  3.8077  4.1338  0.3161  5.5048  4.8806  4.3685  4.0934  4.4886  4.3549  4.0650  3.8997  3.8294  3.6986  3.5043  3.5000  3.4039
 142  0.672936  3.8075  4.1239  0.3251  5.4877  4.8622  4.3488  4.0731  4.4668  4.3328  4.0425  3.8770  3.8067  3.6757  3.4811  3.4766  3.3803
 143  0.673510  3.8071  4.1138  0.3341  5.4714  4.8443  4.3292  4.0528  4.4449  4.3108  4.0198  3.8540  3.7836  3.6524  3.4574  3.4530  3.3563
 144  0.674074  3.8066  4.1033  0.3433  5.4561  4.8270  4.3098  4.0326  4.4232  4.2887  3.9970  3.8309  3.7603  3.6288  3.4334  3.4289  3.3320
 145  0.674624  3.8061  4.0924  0.3526  5.4418  4.8103  4.2907  4.0124  4.4014  4.2665  3.9740  3.8075  3.7367  3.6049  3.4091  3.4045  3.3072
 146  0.675163  3.8056  4.0812  0.3618  5.4285  4.7942  4.2719  3.9923  4.3796  4.2445  3.9509  3.7839  3.7130  3.5808  3.3843  3.3797  3.2819
 147  0.675689  3.8049  4.0696  0.3712  5.4164  4.7790  4.2534  3.9722  4.3581  4.2224  3.9277  3.7602  3.6890  3.5564  3.3593  3.3546  3.2563
 148  0.676202  3.8042  4.0576  0.3807  5.4057  4.7646  4.2353  3.9525  4.3366  4.2003  3.9045  3.7362  3.6648  3.5316  3.3338  3.3291  3.2302
 149  0.676703  3.8034  4.0453  0.3902  5.3960  4.7509  4.2176  3.9328  4.3152  4.1783  3.8810  3.7120  3.6404  3.5067  3.3081  3.3033  3.2037
 150  0.677188  3.8025  4.0324  0.3998  5.3886  4.7386  4.2005  3.9136  4.2942  4.1566  3.8576  3.6877  3.6159  3.4816  3.2818  3.2771  3.1767
 151  0.677660  3.8015  4.0188  0.4094  5.3838  4.7282  4.1843  3.8947  4.2735  4.1351  3.8341  3.6633  3.5910  3.4560  3.2552  3.2503  3.1491
 152  0.678117  3.8002  4.0045  0.4190  5.3828  4.7205  4.1696  3.8767  4.2536  4.1141  3.8107  3.6388  3.5661  3.4302  3.2281  3.2231  3.1209
 153  0.678560  3.7988  3.9894  0.4288  5.3846  4.7147  4.1559  3.8593  4.2340  4.0934  3.7874  3.6143  3.5410  3.4042  3.2005  3.1955  3.0921
 154  0.678989  3.7973  3.9737  0.4385  5.3902  4.7116  4.1434  3.8427  4.2150  4.0731  3.7642  3.5896  3.5158  3.3780  3.1726  3.1674  3.0627
 155  0.679403  3.7954  3.9570  0.4481  5.4008  4.7120  4.1329  3.8273  4.1969  4.0535  3.7411  3.5649  3.4906  3.3515  3.1442  3.1389  3.0327
 156  0.679803  3.7936  3.9400  0.4580  5.4136  4.7140  4.1231  3.8124  4.1792  4.0342  3.7181  3.5403  3.4653  3.3249  3.1156  3.1101  3.0023
 157  0.680190  3.7915  3.9222  0.4677  5.4317  4.7195  4.1152  3.7987  4.1623  4.0155  3.6954  3.5156  3.4399  3.2981  3.0864  3.0808  2.9714
 158  0.680562  3.7890  3.9031  0.4773  5.4572  4.7302  4.1102  3.7870  4.1469  3.9979  3.6730  3.4911  3.4146  3.2711  3.0568  3.0510  2.9395
 159  0.680918  3.7863  3.8828  0.4870  5.4915  4.7470  4.1089  3.7779  4.1332  3.9817  3.6512  3.4667  3.3893  3.2440  3.0267  3.0206  2.9069
 160  0.681260  3.7834  3.8617  0.4965  5.5332  4.7689  4.1110  3.7711  4.1210  3.9666  3.6298  3.4426  3.3641  3.2167  2.9962  2.9899  2.8737
 161  0.681588  3.7803  3.8400  0.5060  5.5823  4.7957  4.1163  3.7666  4.1102  3.9526  3.6088  3.4186  3.3390  3.1893  2.9653  2.9588  2.8401
 162  0.681898  3.7769  3.8174  0.5150  5.6412  4.8297  4.1259  3.7655  4.1018  3.9404  3.5891  3.3956  3.3149  3.1628  2.9350  2.9283  2.8067
 163  0.682206  3.7738  3.7963  0.5245  5.6924  4.8579  4.1321  3.7624  4.0910  3.9264  3.5684  3.3720  3.2903  3.1361  2.9050  2.8980  2.7737
 164  0.682513  3.7713  3.7763  0.5342  5.7345  4.8798  4.1347  3.7569  4.0782  3.9106  3.5466  3.3477  3.2650  3.1090  2.8749  2.8677  2.7413
 165  0.682817  3.7689  3.7570  0.5443  5.7696  4.8966  4.1342  3.7494  4.0634  3.8933  3.5239  3.3227  3.2393  3.0816  2.8448  2.8374  2.7088
 166  0.683117  3.7666  3.7374  0.5548  5.8055  4.9137  4.1339  3.7421  4.0482  3.8752  3.5005  3.2969  3.2127  3.0533  2.8138  2.8062  2.6756
 167  0.683411  3.7642  3.7171  0.5656  5.8448  4.9328  4.1348  3.7357  4.0329  3.8570  3.4763  3.2702  3.1851  3.0238  2.7815  2.7737  2.6408
 168  0.683698  3.7617  3.6960  0.5769  5.8878  4.9540  4.1370  3.7300  4.0173  3.8383  3.4511  3.2424  3.1563  2.9930  2.7475  2.7395  2.6044
 169  0.683976  3.7592  3.6745  0.5888  5.9285  4.9731  4.1372  3.7227  4.0000  3.8177  3.4244  3.2131  3.1260  2.9611  2.7126  2.7044  2.5670
 170  0.684243  3.7569  3.6529  0.6014  5.9651  4.9887  4.1348  3.7130  3.9803  3.7951  3.3960  3.1824  3.0945  2.9278  2.6766  2.6681  2.5286
 171  0.684499  3.7548  3.6313  0.6147  5.9956  4.9995  4.1287  3.7004  3.9580  3.7700  3.3658  3.1501  3.0615  2.8933  2.6397  2.6311  2.4895
 172  0.684742  3.7529  3.6100  0.6284  6.0188  5.0050  4.1189  3.6847  3.9332  3.7427  3.3338  3.1164  3.0271  2.8576  2.6018  2.5930  2.4497
 173  0.684976  3.7512  3.5889  0.6428  6.0363  5.0059  4.1059  3.6665  3.9063  3.7135  3.3005  3.0814  2.9915  2.8208  2.5631  2.5541  2.4092
 174  0.685199  3.7496  3.5681  0.6576  6.0479  5.0024  4.0901  3.6460  3.8776  3.6826  3.2659  3.0452  2.9551  2.7832  2.5237  2.5146  2.3681
 175  0.685411  3.7483  3.5476  0.6727  6.0531  4.9942  4.0713  3.6231  3.8470  3.6503  3.2302  3.0084  2.9177  2.7449  2.4838  2.4746  2.3269
 176  0.685617  3.7470  3.5274  0.6880  6.0533  4.9824  4.0500  3.5983  3.8150  3.6166  3.1937  2.9707  2.8796  2.7061  2.4436  2.4342  2.2853
 177  0.685818  3.7459  3.5075  0.7036  6.0493  4.9674  4.0264  3.5717  3.7819  3.5820  3.1565  2.9325  2.8411  2.6669  2.4031  2.3936  2.2437
 178  0.686012  3.7448  3.4878  0.7193  6.0432  4.9508  4.0018  3.5442  3.7482  3.5468  3.1188  2.8939  2.8022  2.6271  2.3623  2.3527  2.2017
 179  0.686201  3.7439  3.4682  0.7351  6.0348  4.9324  3.9760  3.5156  3.7137  3.5111  3.0808  2.8550  2.7629  2.5873  2.3213  2.3115  2.1597
 180  0.686387  3.7429  3.4489  0.7510  6.0241  4.9123  3.9490  3.4863  3.6787  3.4749  3.0424  2.8158  2.7234  2.5471  2.2802  2.2704  2.1176
 181  0.686570  3.7421  3.4295  0.7671  6.0117  4.8911  3.9211  3.4561  3.6432  3.4383  3.0038  2.7762  2.6837  2.5069  2.2388  2.2290  2.0754
 182  0.686728  3.7415  3.4128  0.7812  5.9997  4.8716  3.8961  3.4292  3.6117  3.4057  2.9696  2.7413  2.6485  2.4713  2.2024  2.1925  2.0382
 183  0.686886  3.7408  3.3959  0.7955  5.9864  4.8509  3.8702  3.4015  3.5795  3.3727  2.9349  2.7061  2.6130  2.4353  2.1657  2.1556  2.0007
 184  0.687044  3.7402  3.3791  0.8101  5.9712  4.8289  3.8433  3.3728  3.5467  3.3390  2.8997  2.6702  2.5770  2.3988  2.1285  2.1184  1.9629
 185  0.687201  3.7396  3.3622  0.8248  5.9559  4.8067  3.8160  3.3439  3.5136  3.3050  2.8642  2.6342  2.5408  2.3620  2.0910  2.0809  1.9247
 186  0.687358  3.7391  3.3451  0.8396  5.9393  4.7835  3.7879  3.3142  3.4797  3.2704  2.8282  2.5975  2.5039  2.3248  2.0529  2.0428  1.8860
 187  0.687513  3.7385  3.3279  0.8547  5.9214  4.7590  3.7589  3.2837  3.4452  3.2350  2.7914  2.5602  2.4663  2.2868  2.0144  2.0042  1.8468
 188  0.687669  3.7380  3.3105  0.8700  5.9034  4.7343  3.7296  3.2528  3.4101  3.1992  2.7542  2.5224  2.4284  2.2486  1.9753  1.9650  1.8071
 189  0.687823  3.7375  3.2929  0.8855  5.8844  4.7087  3.6994  3.2212  3.3745  3.1627  2.7164  2.4840  2.3898  2.2095  1.9357  1.9253  1.7669
 190  0.687976  3.7369  3.2751  0.9014  5.8644  4.6822  3.6685  3.1887  3.3381  3.1255  2.6779  2.4450  2.3506  2.1699  1.8955  1.8850  1.7261
 191  0.688129  3.7363  3.2570  0.9175  5.8443  4.6555  3.6371  3.1559  3.3010  3.0877  2.6387  2.4053  2.3108  2.1297  1.8545  1.8441  1.6845
 192  0.688280  3.7358  3.2388  0.9338  5.8232  4.6278  3.6049  3.1222  3.2634  3.0493  2.5991  2.3650  2.2703  2.0889  1.8131  1.8026  1.6424
 193  0.688430  3.7353  3.2203  0.9504  5.8009  4.5992  3.5719  3.0878  3.2248  3.0100  2.5585  2.3240  2.2292  2.0474  1.7709  1.7604  1.5997
 194  0.688577  3.7348  3.2011  0.9676  5.7782  4.5697  3.5376  3.0521  3.1850  2.9694  2.5166  2.2815  2.1865  2.0043  1.7272  1.7166  1.5553
 195  0.688722  3.7343  3.1811  0.9855  5.7549  4.5391  3.5021  3.0150  3.1434  2.9270  2.4728  2.2372  2.1421  1.9594  1.6817  1.6710  1.5092
 196  0.688863  3.7338  3.1607  1.0040  5.7293  4.5066  3.4649  2.9764  3.1004  2.8832  2.4278  2.1917  2.0963  1.9133  1.6349  1.6241  1.4618
 197  0.689001  3.7332  3.1394  1.0231  5.7042  4.4739  3.4268  2.9367  3.0560  2.8381  2.3811  2.1444  2.0489  1.8655  1.5864  1.5756  1.4126
 198  0.689136  3.7326  3.1174  1.0428  5.6791  4.4405  3.3877  2.8960  3.0104  2.7916  2.3331  2.0959  2.0001  1.8162  1.5364  1.5255  1.3619
 199  0.689268  3.7320  3.0950  1.0630  5.6523  4.4055  3.3473  2.8540  2.9634  2.7438  2.2838  2.0460  1.9501  1.7658  1.4852  1.4743  1.3101
 200  0.689397  3.7315  3.0719  1.0837  5.6257  4.3702  3.3060  2.8109  2.9153  2.6947  2.2333  1.9948  1.8987  1.7140  1.4327  1.4216  1.2567
 201  0.689522  3.7308  3.0481  1.1050  5.5992  4.3345  3.2639  2.7671  2.8661  2.6446  2.1815  1.9423  1.8460  1.6609  1.3788  1.3677  1.2021
 202  0.689645  3.7302  3.0240  1.1267  5.5716  4.2976  3.2207  2.7221  2.8158  2.5932  2.1286  1.8889  1.7923  1.6066  1.3237  1.3126  1.1464
 203  0.689764  3.7295  2.9993  1.1489  5.5444  4.2606  3.1770  2.6764  2.7644  2.5409  2.0746  1.8342  1.7374  1.5513  1.2676  1.2563  1.0894
 204  0.689880  3.7288  2.9739  1.1714  5.5191  4.2243  3.1333  2.6305  2.7124  2.4879  2.0198  1.7786  1.6817  1.4951  1.2104  1.1991  1.0313
 205  0.689992  3.7280  2.9479  1.1944  5.4948  4.1883  3.0893  2.5843  2.6598  2.4340  1.9640  1.7221  1.6249  1.4377  1.1521  1.1408  0.9722
 206  0.690101  3.7272  2.9213  1.2178  5.4708  4.1520  3.0446  2.5372  2.6062  2.3792  1.9072  1.6645  1.5671  1.3794  1.0928  1.0814  0.9119
 207  0.690206  3.7264  2.8943  1.2417  5.4474  4.1158  2.9996  2.4898  2.5519  2.3236  1.8496  1.6061  1.5084  1.3201  1.0326  1.0211  0.8507
 208  0.690308  3.7256  2.8670  1.2658  5.4247  4.0795  2.9542  2.4418  2.4968  2.2673  1.7911  1.5467  1.4488  1.2599  0.9714  0.9597  0.7885
 209  0.690407  3.7247  2.8390  1.2902  5.4032  4.0439  2.9088  2.3936  2.4413  2.2103  1.7318  1.4866  1.3884  1.1989  0.9092  0.8974  0.7253
 210  0.690502  3.7238  2.8106  1.3152  5.3829  4.0084  2.8633  2.3452  2.3851  2.1527  1.6718  1.4256  1.3272  1.1370  0.8463  0.8344  0.6613
 211  0.690593  3.7229  2.7818  1.3404  5.3637  3.9734  2.8176  2.2965  2.3284  2.0945  1.6111  1.3640  1.2652  1.0744  0.7824  0.7705  0.5963
 212  0.690681  3.7220  2.7526  1.3658  5.3457  3.9388  2.7719  2.2475  2.2712  2.0358  1.5497  1.3017  1.2026  1.0111  0.7178  0.7058  0.5306
 213  0.690765  3.7210  2.7230  1.3915  5.3288  3.9047  2.7261  2.1985  2.2137  1.9766  1.4878  1.2387  1.1393  0.9470  0.6525  0.6404  0.4641
 214  0.690847  3.7200  2.6931  1.4175  5.3124  3.8705  2.6801  2.1492  2.1557  1.9168  1.4253  1.1751  1.0753  0.8824  0.5866  0.5744  0.3970
 215  0.690924  3.7190  2.6629  1.4438  5.2967  3.8368  2.6341  2.0996  2.0973  1.8566  1.3622  1.1110  1.0108  0.8171  0.5200  0.5076  0.3292
 216  0.690999  3.7180  2.6324  1.4703  5.2820  3.8034  2.5880  2.0500  2.0386  1.7962  1.2986  1.0464  0.9458  0.7513  0.4529  0.4404  0.2608
 217  0.691012  3.7178  2.6271  1.4749  5.2796  3.7978  2.5802  2.0415  2.0285  1.7857  1.2877  1.0352  0.9347  0.7399  0.4413  0.4288  0.2489
 218  0.691024  3.7176  2.6217  1.4794  5.2776  3.7923  2.5724  2.0330  2.0184  1.7753  1.2767  1.0240  0.9234  0.7286  0.4296  0.4171  0.2371
 219  0.691036  3.7174  2.6165  1.4841  5.2748  3.7864  2.5643  2.0244  2.0081  1.7647  1.2657  1.0127  0.9121  0.7171  0.4180  0.4055  0.2253
 220  0.691048  3.7172  2.6111  1.4887  5.2726  3.7807  2.5564  2.0158  1.9980  1.7542  1.2546  1.0015  0.9007  0.7057  0.4063  0.3937  0.2133
 221  0.691060  3.7170  2.6057  1.4933  5.2703  3.7750  2.5484  2.0072  1.9877  1.7436  1.2435  0.9902  0.8894  0.6942  0.3945  0.3819  0.2013
 222  0.691073  3.7168  2.6003  1.4980  5.2679  3.7692  2.5403  1.9985  1.9774  1.7330  1.2323  0.9788  0.8779  0.6825  0.3827  0.3700  0.1893
 223  0.691085  3.7166  2.5949  1.5027  5.2658  3.7636  2.5323  1.9899  1.9671  1.7223  1.2211  0.9674  0.8664  0.6709  0.3708  0.3582  0.1771
 224  0.691097  3.7164  2.5894  1.5074  5.2635  3.7578  2.5242  1.9812  1.9567  1.7116  1.2098  0.9559  0.8549  0.6592  0.3589  0.3462  0.1650
 225  0.691109  3.7163  2.5840  1.5122  5.2613  3.7522  2.5162  1.9724  1.9462  1.7009  1.1985  0.9443  0.8433  0.6474  0.3468  0.3341  0.1527
 226  0.691121  3.7161  2.5785  1.5168  5.2589  3.7462  2.5080  1.9635  1.9357  1.6900  1.1871  0.9328  0.8316  0.6357  0.3348  0.3221  0.1405
 227  0.691227  3.7144  2.5272  1.5611  5.2401  3.6939  2.4331  1.8824  1.8387  1.5897  1.0815  0.8252  0.7234  0.5261  0.2228  0.2099  0.0263
 228  0.691325  3.7124  2.4752  1.6055  5.2294  3.6464  2.3610  1.8035  1.7425  1.4901  0.9758  0.7172  0.6148  0.4160  0.1100  0.0969 -0.0890
 229  0.691415  3.7104  2.4224  1.6504  5.2261  3.6035  2.2913  1.7265  1.6472  1.3907  0.8700  0.6090  0.5057  0.3052 -0.0036 -0.0169 -0.2051
 230  0.691498  3.7083  2.3694  1.6950  5.2278  3.5641  2.2239  1.6513  1.5528  1.2923  0.7647  0.5012  0.3971  0.1947 -0.1169 -0.1306 -0.3212
 231  0.691573  3.7062  2.3167  1.7394  5.2342  3.5284  2.1587  1.5784  1.4600  1.1953  0.6606  0.3944  0.2895  0.0855 -0.2294 -0.2433 -0.4362
 232  0.691642  3.7041  2.2641  1.7834  5.2467  3.4975  2.0966  1.5083  1.3690  1.0998  0.5579  0.2888  0.1831 -0.0228 -0.3409 -0.3550 -0.5505
 233  0.691705  3.7019  2.2113  1.8275  5.2632  3.4707  2.0366  1.4400  1.2787  1.0050  0.4553  0.1834  0.0767 -0.1312 -0.4525 -0.4669 -0.6650
 234  0.691761  3.6996  2.1586  1.8713  5.2844  3.4484  1.9791  1.3740  1.1901  0.9115  0.3537  0.0789 -0.0286 -0.2386 -0.5634 -0.5780 -0.7787
 235  0.691813  3.6975  2.1088  1.9125  5.3075  3.4288  1.9261  1.3129  1.1069  0.8237  0.2584 -0.0194 -0.1279 -0.3397 -0.6678 -0.6826 -0.8859
 236  0.691860  3.6954  2.0609  1.9523  5.3325  3.4125  1.8766  1.2556  1.0278  0.7399  0.1669 -0.1137 -0.2230 -0.4368 -0.7681 -0.7832 -0.9890
 237  0.691904  3.6934  2.0143  1.9908  5.3574  3.3987  1.8298  1.2010  0.9514  0.6590  0.0784 -0.2050 -0.3153 -0.5309 -0.8653 -0.8806 -1.0890
 238  0.691944  3.6917  1.9754  2.0229  5.3816  3.3902  1.7926  1.1572  0.8885  0.5922  0.0051 -0.2807 -0.3915 -0.6088 -0.9459 -0.9616 -1.1720
 239  0.691983  3.6906  1.9492  2.0448  5.3939  3.3810  1.7652  1.1255  0.8445  0.5457 -0.0455 -0.3328 -0.4442 -0.6625 -1.0013 -1.0170 -1.2288
 240  0.692021  3.6903  1.9363  2.0564  5.3902  3.3670  1.7456  1.1044  0.8190  0.5194 -0.0732 -0.3609 -0.4725 -0.6911 -1.0304 -1.0461 -1.2584
 241  0.692059  3.6882  1.8925  2.0921  5.4208  3.3637  1.7077  1.0589  0.7505  0.4461 -0.1541 -0.4447 -0.5572 -0.7777 -1.1203 -1.1363 -1.3510
 242  0.692094  3.6856  1.8372  2.1368  5.4619  3.3673  1.6648  1.0060  0.6672  0.3565 -0.2540 -0.5485 -0.6621 -0.8851 -1.2320 -1.2484 -1.4665
 243  0.692126  3.6830  1.7839  2.1798  5.4989  3.3740  1.6254  0.9572  0.5879  0.2709 -0.3497 -0.6480 -0.7628 -0.9884 -1.3394 -1.3562 -1.5777
 244  0.692154  3.6806  1.7324  2.2213  5.5297  3.3833  1.5891  0.9118  0.5122  0.1891 -0.4415 -0.7435 -0.8594 -1.0874 -1.4428 -1.4598 -1.6847
 245  0.692181  3.6781  1.6837  2.2604  5.5552  3.3953  1.5569  0.8710  0.4420  0.1129 -0.5274 -0.8332 -0.9502 -1.1805 -1.5401 -1.5574 -1.7856
 246  0.692205  3.6757  1.6351  2.2994  5.5761  3.4092  1.5261  0.8317  0.3727  0.0373 -0.6130 -0.9225 -1.0408 -1.2735 -1.6372 -1.6549 -1.8863
 247  0.692228  3.6733  1.5854  2.3393  5.5953  3.4265  1.4965  0.7935  0.3030 -0.0391 -0.7000 -1.0135 -1.1329 -1.3683 -1.7364 -1.7544 -1.9892
 248  0.692248  3.6708  1.5361  2.3789  5.6114  3.4461  1.4690  0.7576  0.2350 -0.1139 -0.7856 -1.1033 -1.2240 -1.4621 -1.8346 -1.8529 -2.0910
 249  0.692266  3.6684  1.4875  2.4178  5.6269  3.4709  1.4456  0.7256  0.1699 -0.1861 -0.8691 -1.1910 -1.3129 -1.5538 -1.9308 -1.9495 -2.1910
 250  0.692283  3.6659  1.4391  2.4560  5.6422  3.5011  1.4262  0.6978  0.1077 -0.2557 -0.9504 -1.2768 -1.4000 -1.6438 -2.0255 -2.0445 -2.2895
 251  0.692299  3.6635  1.3925  2.4929  5.6552  3.5335  1.4097  0.6734  0.0489 -0.3219 -1.0281 -1.3590 -1.4835 -1.7300 -2.1163 -2.1357 -2.3842
 252  0.692314  3.6610  1.3462  2.5293  5.6670  3.5690  1.3960  0.6520 -0.0079 -0.3863 -1.1043 -1.4396 -1.5654 -1.8148 -2.2058 -2.2255 -2.4776
 253  0.692326  3.6586  1.3008  2.5650  5.6773  3.6067  1.3850  0.6337 -0.0620 -0.4481 -1.1780 -1.5179 -1.6451 -1.8974 -2.2931 -2.3131 -2.5688
 254  0.692338  3.6562  1.2566  2.5998  5.6859  3.6454  1.3760  0.6180 -0.1136 -0.5074 -1.2491 -1.5935 -1.7220 -1.9771 -2.3776 -2.3980 -2.6573
 255  0.692350  3.6538  1.2128  2.6340  5.6933  3.6856  1.3691  0.6049 -0.1635 -0.5651 -1.3185 -1.6676 -1.7974 -2.0555 -2.4608 -2.4816 -2.7445
 256  0.692360  3.6515  1.1697  2.6676  5.6992  3.7268  1.3643  0.5942 -0.2112 -0.6206 -1.3859 -1.7396 -1.8707 -2.1318 -2.5420 -2.5632 -2.8297
 257  0.692370  3.6491  1.1279  2.7002  5.7046  3.7687  1.3617  0.5863 -0.2563 -0.6735 -1.4505 -1.8089 -1.9413 -2.2055 -2.6205 -2.6420 -2.9123
 258  0.692378  3.6469  1.0865  2.7325  5.7087  3.8109  1.3606  0.5803 -0.2996 -0.7247 -1.5136 -1.8767 -2.0104 -2.2777 -2.6976 -2.7196 -2.9936
 259  0.692387  3.6446  1.0459  2.7641  5.7116  3.8532  1.3608  0.5762 -0.3409 -0.7739 -1.5749 -1.9429 -2.0780 -2.3482 -2.7731 -2.7953 -3.0732
 260  0.692395  3.6423  1.0060  2.7949  5.7137  3.8958  1.3630  0.5742 -0.3795 -0.8208 -1.6341 -2.0069 -2.1433 -2.4167 -2.8465 -2.8691 -3.1507
 261  0.692402  3.6400  0.9664  2.8252  5.7164  3.9409  1.3686  0.5761 -0.4150 -0.8650 -1.6911 -2.0691 -2.2070 -2.4836 -2.9185 -2.9415 -3.2269
 262  0.692408  3.6377  0.9277  2.8548  5.7173  3.9849  1.3750  0.5791 -0.4486 -0.9073 -1.7463 -2.1295 -2.2688 -2.5487 -2.9885 -3.0120 -3.3012
 263  0.692414  3.6355  0.8896  2.8839  5.7167  4.0279  1.3821  0.5835 -0.4803 -0.9476 -1.7999 -2.1882 -2.3290 -2.6120 -3.0570 -3.0808 -3.3738
 264  0.692420  3.6332  0.8522  2.9123  5.7151  4.0704  1.3903  0.5892 -0.5100 -0.9863 -1.8517 -2.2454 -2.3875 -2.6739 -3.1240 -3.1482 -3.4450
 265  0.692426  3.6310  0.8153  2.9404  5.7122  4.1124  1.3993  0.5961 -0.5379 -1.0231 -1.9020 -2.3011 -2.4446 -2.7344 -3.1895 -3.2142 -3.5148
 266  0.692431  3.6288  0.7794  2.9677  5.7076  4.1527  1.4084  0.6036 -0.5642 -1.0582 -1.9505 -2.3550 -2.4999 -2.7930 -3.2531 -3.2783 -3.5826
 267  0.692436  3.6267  0.7442  2.9944  5.7016  4.1923  1.4179  0.6120 -0.5888 -1.0916 -1.9975 -2.4075 -2.5537 -2.8502 -3.3153 -3.3408 -3.6489
 268  0.692441  3.6247  0.7094  3.0209  5.6936  4.2296  1.4270  0.6202 -0.6127 -1.1244 -2.0437 -2.4590 -2.6068 -2.9065 -3.3767 -3.4026 -3.7144
 269  0.692445  3.6226  0.6755  3.0466  5.6843  4.2654  1.4359  0.6288 -0.6352 -1.1556 -2.0881 -2.5090 -2.6581 -2.9611 -3.4361 -3.4624 -3.7779
 270  0.692449  3.6206  0.6422  3.0720  5.6737  4.3005  1.4448  0.6376 -0.6564 -1.1854 -2.1315 -2.5578 -2.7083 -3.0146 -3.4945 -3.5212 -3.8404
 271  0.692453  3.6187  0.6096  3.0969  5.6615  4.3339  1.4530  0.6458 -0.6764 -1.2141 -2.1736 -2.6053 -2.7572 -3.0669 -3.5514 -3.5785 -3.9014
 272  0.692456  3.6168  0.5778  3.1212  5.6482  4.3663  1.4609  0.6541 -0.6953 -1.2416 -2.2143 -2.6515 -2.8047 -3.1176 -3.6069 -3.6344 -3.9609
 273  0.692460  3.6149  0.5466  3.1450  5.6336  4.3970  1.4678  0.6615 -0.7134 -1.2681 -2.2541 -2.6967 -2.8512 -3.1674 -3.6613 -3.6892 -4.0192
 274  0.692463  3.6131  0.5162  3.1683  5.6179  4.4269  1.4740  0.6683 -0.7301 -1.2933 -2.2925 -2.7405 -2.8963 -3.2157 -3.7143 -3.7426 -4.0759
 275  0.692466  3.6114  0.4860  3.1912  5.6032  4.4615  1.4829  0.6781 -0.7428 -1.3147 -2.3282 -2.7821 -2.9392 -3.2623 -3.7657 -3.7945 -4.1316
 276  0.692469  3.6097  0.4569  3.2134  5.5874  4.4943  1.4903  0.6863 -0.7547 -1.3354 -2.3629 -2.8225 -2.9809 -3.3075 -3.8158 -3.8449 -4.1856
 277  0.692472  3.6080  0.4285  3.2350  5.5706  4.5252  1.4968  0.6938 -0.7660 -1.3552 -2.3964 -2.8616 -3.0215 -3.3513 -3.8643 -3.8938 -4.2381
 278  0.692475  3.6063  0.4012  3.2559  5.5535  4.5549  1.5027  0.7006 -0.7761 -1.3735 -2.4282 -2.8989 -3.0602 -3.3932 -3.9108 -3.9407 -4.2884
 279  0.692477  3.6048  0.3767  3.2744  5.5380  4.5818  1.5083  0.7074 -0.7840 -1.3887 -2.4559 -2.9315 -3.0939 -3.4299 -3.9518 -3.9821 -4.3329
