#NUMBER OF AGES= 1
#----------------------------------------------------       
#MIX-LEN  Y      Z          Zeff        [Fe/H] [a/Fe]
# 1.9380  0.3300 8.6733E-04 4.4148E-04  -1.54   0.40 
#----------------------------------------------------       
#**PHOTOMETRIC SYSTEM**: HST WFPC2 (Vega)                   
#----------------------------------------------------       
#AGE=13.600 EEPS=265
#EEP   M/Mo    LogTeff  LogG   LogL/Lo F218W   F255W   F300W   F336W   F439W   F450W   F555W   F606W   F622W   F675W   F791W   F814W   F850LP
  15  0.114196  3.5404  5.2617 -2.6512 20.5610 20.1407 16.6617 15.8199 14.6724 14.0962 12.7329 12.1939 12.0036 11.6148 10.7702 10.7315 10.3155
  16  0.125947  3.5483  5.2232 -2.5383 20.1968 19.5355 16.2130 15.3623 14.2155 13.6767 12.3606 11.8243 11.6342 11.2552 10.4818 10.4445 10.0435
  17  0.136903  3.5547  5.1907 -2.4438 19.8809 19.0364 15.8437 14.9899 13.8496 13.3372 12.0587 11.5255 11.3358 10.9635 10.2411 10.2052  9.8153
  18  0.147230  3.5598  5.1633 -2.3649 19.6074 18.6294 15.5430 14.6896 13.5577 13.0634 11.8138 11.2839 11.0948 10.7273 10.0405 10.0054  9.6238
  19  0.157870  3.5639  5.1388 -2.2932 19.3533 18.2697 15.2776 14.4262 13.3040 12.8229 11.5970 11.0705 10.8824 10.5185  9.8586  9.8243  9.4493
  20  0.169742  3.5679  5.1148 -2.2219 19.0978 17.9194 15.0182 14.1697 13.0584 12.5887 11.3851 10.8624 10.6754 10.3149  9.6783  9.6447  9.2755
  21  0.182971  3.5716  5.0916 -2.1510 18.8411 17.5763 14.7630 13.9183 12.8190 12.3593 11.1770 10.6584 10.4727 10.1153  9.4990  9.4660  9.1024
  22  0.197011  3.5751  5.0700 -2.0833 18.5933 17.2524 14.5211 13.6806 12.5940 12.1428 10.9803 10.4661 10.2815  9.9274  9.3281  9.2957  8.9372
  23  0.212838  3.5786  5.0494 -2.0153 18.3395 16.9292 14.2785 13.4429 12.3703 11.9266 10.7837 10.2742 10.0911  9.7400  9.1564  9.1245  8.7709
  24  0.229428  3.5818  5.0306 -1.9513 18.0910 16.6237 14.0498 13.2192 12.1614 11.7245 10.5996 10.0951  9.9134  9.5655  8.9950  8.9636  8.6145
  25  0.243136  3.5841  5.0171 -1.9031 17.9008 16.3977 13.8767 13.0497 12.0039 11.5718 10.4608  9.9604  9.7797  9.4345  8.8732  8.8422  8.4965
  26  0.252583  3.5857  5.0087 -1.8721 17.7775 16.2525 13.7644 12.9399 11.9021 11.4730 10.3711  9.8735  9.6935  9.3500  8.7945  8.7638  8.4203
  27  0.259264  3.5867  5.0037 -1.8516 17.6973 16.1588 13.6913 12.8684 11.8358 11.4087 10.3126  9.8169  9.6373  9.2950  8.7432  8.7126  8.3706
  28  0.264182  3.5875  5.0004 -1.8374 17.6414 16.0939 13.6401 12.8182 11.7894 11.3636 10.2715  9.7771  9.5979  9.2564  8.7070  8.6766  8.3357
  29  0.267779  3.5880  4.9980 -1.8270 17.6003 16.0459 13.6023 12.7811 11.7553 11.3304 10.2415  9.7481  9.5691  9.2282  8.6807  8.6504  8.3102
  30  0.270492  3.5884  4.9961 -1.8190 17.5680 16.0083 13.5727 12.7522 11.7288 11.3046 10.2182  9.7256  9.5468  9.2065  8.6603  8.6301  8.2905
  31  0.272772  3.5888  4.9948 -1.8125 17.5410 15.9767 13.5481 12.7282 11.7069 11.2833 10.1992  9.7074  9.5288  9.1889  8.6440  8.6138  8.2747
  32  0.274774  3.5892  4.9932 -1.8062 17.5145 15.9455 13.5240 12.7046 11.6854 11.2625 10.1806  9.6895  9.5112  9.1716  8.6281  8.5980  8.2594
  33  0.276912  3.5896  4.9918 -1.7997 17.4865 15.9128 13.4986 12.6799 11.6628 11.2408 10.1612  9.6709  9.4927  9.1537  8.6114  8.5814  8.2434
  34  0.279257  3.5901  4.9900 -1.7925 17.4566 15.8781 13.4713 12.6532 11.6387 11.2173 10.1402  9.6506  9.4727  9.1342  8.5933  8.5632  8.2258
  35  0.281821  3.5905  4.9877 -1.7846 17.4245 15.8413 13.4420 12.6246 11.6124 11.1918 10.1172  9.6284  9.4507  9.1127  8.5732  8.5432  8.2064
  36  0.284661  3.5909  4.9850 -1.7758 17.3908 15.8031 13.4110 12.5942 11.5844 11.1645 10.0923  9.6044  9.4269  9.0894  8.5511  8.5212  8.1850
  37  0.288168  3.5913  4.9815 -1.7654 17.3518 15.7595 13.3751 12.5589 11.5518 11.1327 10.0631  9.5761  9.3988  9.0618  8.5248  8.4950  8.1593
  38  0.292173  3.5917  4.9771 -1.7531 17.3075 15.7107 13.3343 12.5188 11.5146 11.0962 10.0294  9.5434  9.3663  9.0298  8.4942  8.4644  8.1294
  39  0.297006  3.5923  4.9715 -1.7383 17.2516 15.6503 13.2837 12.4693 11.4692 11.0518  9.9886  9.5038  9.3272  8.9914  8.4569  8.4272  8.0928
  40  0.303575  3.5929  4.9634 -1.7179 17.1751 15.5697 13.2151 12.4024 11.4079 10.9920  9.9336  9.4505  9.2744  8.9395  8.4059  8.3764  8.0426
  41  0.328892  3.5979  4.9303 -1.6305 16.8238 15.1729 12.8902 12.0839 11.1189 10.7107  9.6806  9.2074  9.0339  8.7047  8.1852  8.1563  7.8291
  42  0.353572  3.6049  4.8944 -1.5353 16.4113 14.7078 12.5093 11.7106 10.7866 10.3880  9.3963  8.9370  8.7673  8.4463  7.9444  7.9166  7.5982
  43  0.364977  3.6085  4.8760 -1.4885 16.2105 14.4860 12.3219 11.5262 10.6217 10.2281  9.2556  8.8038  8.6359  8.3194  7.8258  7.7986  7.4848
  44  0.374860  3.6121  4.8595 -1.4461 16.0275 14.2856 12.1499 11.3565 10.4702 10.0812  9.1267  8.6822  8.5163  8.2041  7.7183  7.6916  7.3822
  45  0.384547  3.6160  4.8434 -1.4032 15.8415 14.0829 11.9732 11.1815 10.3141  9.9301  8.9950  8.5586  8.3946  8.0873  7.6096  7.5836  7.2792
  46  0.393911  3.6202  4.8283 -1.3607 15.6550 13.8800 11.7937 11.0033 10.1559  9.7771  8.8621  8.4343  8.2725  7.9706  7.5018  7.4764  7.1774
  47  0.403125  3.6248  4.8141 -1.3180 15.4648 13.6722 11.6082 10.8182  9.9922  9.6192  8.7261  8.3079  8.1486  7.8527  7.3933  7.3686  7.0757
  48  0.411659  3.6298  4.8018 -1.2769 15.2751 13.4613 11.4207 10.6295  9.8271  9.4601  8.5907  8.1832  8.0266  7.7375  7.2891  7.2651  6.9789
  49  0.419826  3.6350  4.7908 -1.2363 15.0817 13.2445 11.2265 10.4340  9.6583  9.2980  8.4539  8.0582  7.9046  7.6228  7.1861  7.1630  6.8843
  50  0.427653  3.6405  4.7812 -1.1966 14.8859 13.0238 11.0269 10.2340  9.4886  9.1354  8.3178  7.9343  7.7839  7.5101  7.0857  7.0634  6.7926
  51  0.435250  3.6462  4.7725 -1.1576 14.6914 12.8020 10.8212 10.0304  9.3196  8.9739  8.1829  7.8121  7.6650  7.3996  6.9876  6.9663  6.7036
  52  0.440105  3.6499  4.7672 -1.1327 14.5640 12.6557 10.6846  9.8965  9.2110  8.8701  8.0962  7.7337  7.5889  7.3289  6.9250  6.9042  6.6469
  53  0.444889  3.6536  4.7622 -1.1081 14.4279 12.5011 10.5471  9.7620  9.1044  8.7683  8.0113  7.6568  7.5143  7.2595  6.8634  6.8433  6.5910
  54  0.449603  3.6573  4.7574 -1.0840 14.2716 12.3272 10.4084  9.6260  9.0004  8.6688  7.9283  7.5815  7.4413  7.1912  6.8024  6.7828  6.5356
  55  0.454242  3.6610  4.7528 -1.0603 14.1017 12.1422 10.2697  9.4901  8.8993  8.5718  7.8475  7.5078  7.3702  7.1243  6.7423  6.7231  6.4808
  56  0.458808  3.6647  4.7486 -1.0368 13.9193 11.9494 10.1273  9.3522  8.7989  8.4757  7.7675  7.4348  7.2999  7.0582  6.6827  6.6641  6.4265
  57  0.463302  3.6685  4.7446 -1.0136 13.7294 11.7561  9.9820  9.2143  8.7001  8.3813  7.6888  7.3629  7.2307  6.9929  6.6239  6.6058  6.3733
  58  0.467729  3.6722  4.7410 -0.9907 13.5313 11.5615  9.8346  9.0763  8.6024  8.2882  7.6112  7.2920  7.1623  6.9285  6.5659  6.5484  6.3207
  59  0.472096  3.6760  4.7375 -0.9679 13.3245 11.3653  9.6858  8.9384  8.5062  8.1966  7.5347  7.2221  7.0950  6.8649  6.5087  6.4917  6.2687
  60  0.476375  3.6797  4.7340 -0.9457 13.1183 11.1761  9.5417  8.8060  8.4140  8.1091  7.4611  7.1546  7.0298  6.8035  6.4529  6.4364  6.2180
  61  0.480570  3.6834  4.7307 -0.9238 12.9047 10.9878  9.3982  8.6744  8.3234  8.0231  7.3889  7.0881  6.9659  6.7429  6.3981  6.3820  6.1682
  62  0.484707  3.6870  4.7271 -0.9023 12.6950 10.8090  9.2611  8.5492  8.2368  7.9411  7.3195  7.0240  6.9039  6.6842  6.3446  6.3290  6.1195
  63  0.488774  3.6906  4.7236 -0.8811 12.4847 10.6347  9.1270  8.4269  8.1525  7.8614  7.2518  6.9612  6.8433  6.6264  6.2920  6.2769  6.0715
  64  0.492751  3.6939  4.7198 -0.8603 12.2805 10.4691  8.9987  8.3106  8.0721  7.7856  7.1870  6.9010  6.7849  6.5707  6.2410  6.2263  6.0247
  65  0.496638  3.6972  4.7161 -0.8401 12.0788 10.3087  8.8738  8.1975  7.9941  7.7121  7.1241  6.8422  6.7280  6.5164  6.1912  6.1768  5.9791
  66  0.500421  3.7003  4.7121 -0.8204 11.8880 10.1583  8.7554  8.0904  7.9198  7.6421  7.0639  6.7859  6.6732  6.4641  6.1430  6.1290  5.9347
  67  0.504064  3.7034  4.7085 -0.8013 11.7050 10.0146  8.6414  7.9872  7.8477  7.5746  7.0057  6.7316  6.6204  6.4137  6.0966  6.0829  5.8920
  68  0.507556  3.7063  4.7048 -0.7828 11.5326  9.8800  8.5336  7.8899  7.7792  7.5102  6.9504  6.6797  6.5699  6.3654  6.0521  6.0387  5.8512
  69  0.510912  3.7092  4.7011 -0.7649 11.3649  9.7499  8.4292  7.7956  7.7130  7.4481  6.8969  6.6295  6.5211  6.3188  6.0091  5.9962  5.8116
  70  0.514158  3.7119  4.6974 -0.7476 11.2067  9.6276  8.3305  7.7065  7.6496  7.3888  6.8457  6.5814  6.4743  6.2739  5.9677  5.9551  5.7735
  71  0.517304  3.7146  4.6937 -0.7305 11.0512  9.5079  8.2339  7.6195  7.5878  7.3310  6.7957  6.5346  6.4286  6.2302  5.9274  5.9150  5.7363
  72  0.520347  3.7170  4.6900 -0.7141 10.9025  9.3938  8.1421  7.5369  7.5288  7.2758  6.7480  6.4896  6.3846  6.1881  5.8885  5.8764  5.7003
  73  0.523308  3.7196  4.6863 -0.6978 10.7538  9.2798  8.0512  7.4551  7.4704  7.2214  6.7010  6.4454  6.3415  6.1468  5.8504  5.8385  5.6651
  74  0.526191  3.7220  4.6825 -0.6821 10.6131  9.1720  7.9647  7.3776  7.4147  7.1692  6.6558  6.4027  6.2999  6.1070  5.8134  5.8018  5.6308
  75  0.529015  3.7244  4.6788 -0.6664 10.4735  9.0649  7.8790  7.3006  7.3593  7.1177  6.6111  6.3607  6.2587  6.0676  5.7769  5.7656  5.5970
  76  0.531787  3.7267  4.6748 -0.6511 10.3418  8.9633  7.7971  7.2273  7.3061  7.0679  6.5679  6.3198  6.2189  6.0293  5.7413  5.7302  5.5639
  77  0.534518  3.7289  4.6709 -0.6358 10.2117  8.8624  7.7158  7.1545  7.2531  7.0186  6.5250  6.2794  6.1794  5.9913  5.7060  5.6952  5.5312
  78  0.537214  3.7311  4.6667 -0.6207 10.0877  8.7659  7.6374  7.0843  7.2016  6.9704  6.4830  6.2397  6.1406  5.9541  5.6715  5.6607  5.4990
  79  0.539877  3.7333  4.6626 -0.6058  9.9673  8.6717  7.5609  7.0158  7.1508  6.9230  6.4417  6.2007  6.1023  5.9174  5.6371  5.6268  5.4671
  80  0.542525  3.7354  4.6582 -0.5909  9.8499  8.5796  7.4863  6.9487  7.1006  6.8761  6.4007  6.1619  6.0642  5.8808  5.6031  5.5928  5.4352
  81  0.545157  3.7374  4.6537 -0.5762  9.7360  8.4898  7.4136  6.8833  7.0513  6.8300  6.3603  6.1235  6.0267  5.8447  5.5693  5.5592  5.4036
  82  0.548896  3.7403  4.6472 -0.5552  9.5774  8.3643  7.3118  6.7919  6.9818  6.7646  6.3032  6.0693  5.9734  5.7935  5.5215  5.5116  5.3589
  83  0.552700  3.7431  4.6401 -0.5339  9.4206  8.2393  7.2103  6.7006  6.9117  6.6989  6.2453  6.0143  5.9195  5.7415  5.4728  5.4634  5.3133
  84  0.556566  3.7459  4.6326 -0.5120  9.2674  8.1165  7.1100  6.6104  6.8415  6.6328  6.1870  5.9588  5.8651  5.6891  5.4235  5.4143  5.2667
  85  0.560475  3.7487  4.6245 -0.4899  9.1154  7.9939  7.0097  6.5202  6.7710  6.5664  6.1281  5.9027  5.8100  5.6359  5.3735  5.3645  5.2196
  86  0.564416  3.7514  4.6160 -0.4676  8.9662  7.8733  6.9104  6.4307  6.7005  6.4998  6.0689  5.8462  5.7544  5.5824  5.3229  5.3143  5.1718
  87  0.568377  3.7540  4.6071 -0.4450  8.8198  7.7543  6.8125  6.3423  6.6300  6.4332  6.0094  5.7893  5.6985  5.5283  5.2719  5.2634  5.1234
  88  0.572344  3.7566  4.5977 -0.4222  8.6772  7.6376  6.7167  6.2557  6.5599  6.3667  5.9497  5.7322  5.6423  5.4739  5.2204  5.2121  5.0744
  89  0.576297  3.7591  4.5878 -0.3993  8.5376  7.5231  6.6230  6.1713  6.4901  6.3002  5.8899  5.6748  5.5859  5.4191  5.1685  5.1605  5.0250
  90  0.580218  3.7616  4.5776 -0.3764  8.4011  7.4105  6.5314  6.0884  6.4205  6.2341  5.8302  5.6174  5.5294  5.3643  5.1164  5.1087  4.9754
  91  0.584093  3.7640  4.5672 -0.3534  8.2676  7.3000  6.4414  6.0072  6.3514  6.1683  5.7705  5.5602  5.4730  5.3097  5.0644  5.0569  4.9258
  92  0.587898  3.7663  4.5565 -0.3305  8.1386  7.1928  6.3535  5.9281  6.2833  6.1031  5.7113  5.5032  5.4169  5.2552  5.0126  5.0052  4.8760
  93  0.591616  3.7686  4.5454 -0.3078  8.0136  7.0884  6.2675  5.8507  6.2159  6.0387  5.6527  5.4468  5.3611  5.2011  4.9610  4.9538  4.8265
  94  0.595227  3.7708  4.5343 -0.2852  7.8912  6.9861  6.1834  5.7750  6.1494  5.9750  5.5947  5.3909  5.3061  5.1475  4.9099  4.9029  4.7776
  95  0.598719  3.7729  4.5232 -0.2630  7.7736  6.8872  6.1020  5.7014  6.0841  5.9124  5.5374  5.3356  5.2516  5.0946  4.8595  4.8526  4.7291
  96  0.602094  3.7749  4.5118 -0.2410  7.6596  6.7910  6.0230  5.6297  6.0200  5.8507  5.4808  5.2812  5.1979  5.0423  4.8095  4.8028  4.6812
  97  0.605353  3.7770  4.5004 -0.2192  7.5494  6.6978  5.9465  5.5600  5.9568  5.7900  5.4250  5.2273  5.1449  4.9908  4.7602  4.7537  4.6337
  98  0.608499  3.7789  4.4890 -0.1977  7.4429  6.6073  5.8724  5.4918  5.8947  5.7302  5.3699  5.1743  5.0927  4.9399  4.7116  4.7052  4.5868
  99  0.611537  3.7808  4.4773 -0.1765  7.3416  6.5206  5.8022  5.4255  5.8338  5.6713  5.3154  5.1221  5.0413  4.8897  4.6635  4.6572  4.5403
 100  0.614464  3.7825  4.4655 -0.1556  7.2435  6.4362  5.7338  5.3610  5.7739  5.6135  5.2616  5.0706  4.9904  4.8401  4.6160  4.6099  4.4945
 101  0.617288  3.7842  4.4538 -0.1350  7.1488  6.3546  5.6670  5.2984  5.7153  5.5567  5.2087  5.0196  4.9402  4.7912  4.5689  4.5630  4.4490
 102  0.620013  3.7858  4.4419 -0.1147  7.0575  6.2758  5.6018  5.2377  5.6577  5.5008  5.1567  4.9694  4.8905  4.7427  4.5223  4.5164  4.4038
 103  0.622640  3.7874  4.4299 -0.0946  6.9698  6.1996  5.5374  5.1793  5.6013  5.4461  5.1056  4.9196  4.8413  4.6946  4.4758  4.4701  4.3588
 104  0.625178  3.7889  4.4178 -0.0747  6.8849  6.1255  5.4740  5.1225  5.5460  5.3923  5.0552  4.8704  4.7927  4.6470  4.4299  4.4242  4.3140
 105  0.627632  3.7904  4.4056 -0.0550  6.8024  6.0536  5.4117  5.0671  5.4915  5.3392  5.0055  4.8219  4.7445  4.5998  4.3843  4.3788  4.2697
 106  0.630007  3.7917  4.3934 -0.0357  6.7221  5.9832  5.3506  5.0125  5.4376  5.2867  4.9564  4.7738  4.6970  4.5532  4.3393  4.3338  4.2258
 107  0.632313  3.7931  4.3809 -0.0164  6.6440  5.9146  5.2909  4.9591  5.3844  5.2349  4.9078  4.7263  4.6498  4.5071  4.2945  4.2892  4.1822
 108  0.634555  3.7943  4.3683  0.0026  6.5672  5.8471  5.2323  4.9059  5.3315  5.1834  4.8595  4.6793  4.6033  4.4616  4.2505  4.2452  4.1392
 109  0.636744  3.7955  4.3558  0.0216  6.4925  5.7811  5.1750  4.8534  5.2793  5.1324  4.8116  4.6326  4.5571  4.4163  4.2067  4.2017  4.0965
 110  0.638887  3.7966  4.3429  0.0403  6.4193  5.7164  5.1189  4.8015  5.2274  5.0818  4.7639  4.5863  4.5112  4.3715  4.1633  4.1582  4.0540
 111  0.640994  3.7976  4.3301  0.0590  6.3482  5.6532  5.0639  4.7505  5.1761  5.0317  4.7166  4.5402  4.4657  4.3268  4.1200  4.1150  4.0117
 112  0.641701  3.7980  4.3256  0.0653  6.3245  5.6320  5.0454  4.7334  5.1587  5.0147  4.7006  4.5246  4.4502  4.3117  4.1053  4.1003  3.9973
 113  0.642408  3.7983  4.3211  0.0717  6.3001  5.6103  5.0266  4.7158  5.1410  4.9975  4.6843  4.5087  4.4345  4.2963  4.0903  4.0854  3.9826
 114  0.643111  3.7987  4.3166  0.0782  6.2752  5.5882  5.0074  4.6981  5.1231  4.9799  4.6678  4.4927  4.4187  4.2806  4.0752  4.0704  3.9679
 115  0.643813  3.7992  4.3123  0.0848  6.2487  5.5648  4.9874  4.6796  5.1045  4.9617  4.6508  4.4762  4.4024  4.2647  4.0599  4.0551  3.9530
 116  0.644516  3.7996  4.3079  0.0915  6.2217  5.5411  4.9672  4.6610  5.0857  4.9435  4.6337  4.4596  4.3860  4.2488  4.0446  4.0397  3.9380
 117  0.645219  3.8002  4.3034  0.0983  6.1943  5.5171  4.9467  4.6422  5.0667  4.9251  4.6164  4.4429  4.3695  4.2327  4.0290  4.0242  3.9228
 118  0.645922  3.8007  4.2990  0.1052  6.1674  5.4933  4.9264  4.6234  5.0476  4.9064  4.5989  4.4259  4.3527  4.2162  4.0131  4.0083  3.9074
 119  0.646623  3.8011  4.2943  0.1122  6.1411  5.4700  4.9062  4.6048  5.0284  4.8877  4.5811  4.4086  4.3356  4.1995  3.9968  3.9921  3.8915
 120  0.647322  3.8015  4.2892  0.1192  6.1152  5.4468  4.8860  4.5860  5.0091  4.8687  4.5632  4.3911  4.3182  4.1824  3.9802  3.9755  3.8752
 121  0.648017  3.8018  4.2839  0.1264  6.0901  5.4240  4.8658  4.5672  4.9896  4.8496  4.5450  4.3731  4.3004  4.1649  3.9631  3.9585  3.8584
 122  0.648708  3.8021  4.2784  0.1338  6.0650  5.4014  4.8457  4.5483  4.9699  4.8302  4.5264  4.3550  4.2823  4.1471  3.9458  3.9411  3.8413
 123  0.649395  3.8024  4.2726  0.1412  6.0405  5.3790  4.8255  4.5293  4.9500  4.8107  4.5075  4.3365  4.2640  4.1290  3.9280  3.9234  3.8238
 124  0.650079  3.8027  4.2667  0.1487  6.0162  5.3565  4.8053  4.5101  4.9301  4.7910  4.4885  4.3179  4.2454  4.1106  3.9100  3.9054  3.8060
 125  0.650759  3.8029  4.2605  0.1563  5.9921  5.3343  4.7851  4.4909  4.9099  4.7712  4.4692  4.2988  4.2265  4.0919  3.8916  3.8869  3.7878
 126  0.651433  3.8032  4.2542  0.1641  5.9676  5.3116  4.7645  4.4713  4.8894  4.7509  4.4497  4.2795  4.2073  4.0730  3.8730  3.8683  3.7694
 127  0.652106  3.8034  4.2479  0.1718  5.9436  5.2892  4.7440  4.4519  4.8689  4.7307  4.4300  4.2601  4.1880  4.0538  3.8542  3.8495  3.7507
 128  0.652775  3.8037  4.2413  0.1797  5.9197  5.2669  4.7235  4.4323  4.8482  4.7102  4.4102  4.2405  4.1685  4.0345  3.8351  3.8305  3.7317
 129  0.653442  3.8038  4.2346  0.1876  5.8959  5.2447  4.7030  4.4127  4.8275  4.6897  4.3901  4.2207  4.1487  4.0149  3.8157  3.8112  3.7126
 130  0.654103  3.8041  4.2278  0.1956  5.8722  5.2225  4.6824  4.3928  4.8065  4.6689  4.3699  4.2007  4.1288  3.9951  3.7962  3.7917  3.6932
 131  0.654760  3.8042  4.2208  0.2038  5.8489  5.2004  4.6617  4.3729  4.7854  4.6480  4.3495  4.1804  4.1086  3.9751  3.7763  3.7718  3.6735
 132  0.655412  3.8044  4.2135  0.2119  5.8262  5.1787  4.6412  4.3530  4.7643  4.6270  4.3289  4.1599  4.0882  3.9547  3.7563  3.7517  3.6534
 133  0.656056  3.8045  4.2060  0.2202  5.8039  5.1572  4.6207  4.3331  4.7429  4.6059  4.3080  4.1391  4.0675  3.9341  3.7358  3.7312  3.6329
 134  0.656695  3.8045  4.1982  0.2286  5.7821  5.1360  4.6002  4.3130  4.7216  4.5846  4.2869  4.1181  4.0466  3.9132  3.7150  3.7103  3.6121
 135  0.657327  3.8045  4.1902  0.2371  5.7606  5.1150  4.5797  4.2928  4.7001  4.5632  4.2657  4.0969  4.0254  3.8921  3.6938  3.6892  3.5910
 136  0.657952  3.8045  4.1819  0.2456  5.7395  5.0942  4.5592  4.2726  4.6785  4.5416  4.2441  4.0755  4.0039  3.8706  3.6724  3.6678  3.5695
 137  0.658568  3.8044  4.1735  0.2543  5.7189  5.0735  4.5388  4.2523  4.6568  4.5200  4.2225  4.0538  3.9822  3.8489  3.6506  3.6460  3.5477
 138  0.659177  3.8043  4.1648  0.2630  5.6988  5.0533  4.5184  4.2319  4.6350  4.4981  4.2006  4.0318  3.9603  3.8269  3.6286  3.6240  3.5254
 139  0.659777  3.8042  4.1558  0.2718  5.6793  5.0334  4.4982  4.2116  4.6131  4.4762  4.1785  4.0096  3.9380  3.8045  3.6061  3.6016  3.5028
 140  0.660368  3.8039  4.1465  0.2807  5.6605  5.0139  4.4780  4.1912  4.5912  4.4541  4.1562  3.9872  3.9156  3.7820  3.5834  3.5788  3.4800
 141  0.660949  3.8037  4.1369  0.2896  5.6422  4.9947  4.4579  4.1706  4.5693  4.4320  4.1337  3.9645  3.8928  3.7591  3.5603  3.5557  3.4566
 142  0.661519  3.8034  4.1270  0.2987  5.6248  4.9760  4.4380  4.1503  4.5472  4.4098  4.1111  3.9417  3.8698  3.7360  3.5369  3.5321  3.4328
 143  0.662080  3.8030  4.1167  0.3078  5.6083  4.9579  4.4182  4.1299  4.5252  4.3875  4.0882  3.9186  3.8466  3.7125  3.5130  3.5083  3.4087
 144  0.662628  3.8026  4.1061  0.3171  5.5928  4.9403  4.3988  4.1095  4.5031  4.3653  4.0652  3.8952  3.8232  3.6887  3.4888  3.4841  3.3841
 145  0.663166  3.8021  4.0953  0.3265  5.5782  4.9235  4.3795  4.0892  4.4812  4.3429  4.0421  3.8716  3.7994  3.6647  3.4642  3.4596  3.3591
 146  0.663691  3.8016  4.0840  0.3359  5.5650  4.9074  4.3606  4.0691  4.4593  4.3206  4.0188  3.8478  3.7754  3.6403  3.4393  3.4345  3.3337
 147  0.664204  3.8009  4.0723  0.3454  5.5529  4.8921  4.3422  4.0491  4.4376  4.2982  3.9954  3.8238  3.7512  3.6157  3.4140  3.4092  3.3078
 148  0.664704  3.8002  4.0602  0.3549  5.5423  4.8778  4.3240  4.0293  4.4159  4.2760  3.9718  3.7997  3.7268  3.5908  3.3884  3.3835  3.2815
 149  0.665191  3.7995  4.0478  0.3646  5.5327  4.8641  4.3062  4.0095  4.3941  4.2537  3.9482  3.7753  3.7022  3.5656  3.3625  3.3575  3.2549
 150  0.665664  3.7986  4.0348  0.3743  5.5256  4.8522  4.2893  3.9903  4.3729  4.2318  3.9245  3.7507  3.6774  3.5402  3.3361  3.3310  3.2277
 151  0.666124  3.7975  4.0211  0.3840  5.5220  4.8428  4.2735  3.9717  4.3522  4.2102  3.9007  3.7261  3.6524  3.5145  3.3092  3.3040  3.1998
 152  0.666568  3.7962  4.0063  0.3937  5.5234  4.8366  4.2595  3.9542  4.3323  4.1891  3.8772  3.7014  3.6272  3.4884  3.2816  3.2764  3.1710
 153  0.667000  3.7947  3.9908  0.4036  5.5279  4.8328  4.2467  3.9374  4.3128  4.1684  3.8536  3.6766  3.6018  3.4620  3.2538  3.2484  3.1418
 154  0.667416  3.7930  3.9746  0.4133  5.5369  4.8320  4.2355  3.9216  4.2941  4.1483  3.8303  3.6517  3.5765  3.4355  3.2253  3.2198  3.1119
 155  0.667819  3.7911  3.9572  0.4232  5.5528  4.8360  4.2268  3.9075  4.2767  4.1291  3.8073  3.6269  3.5509  3.4086  3.1964  3.1908  3.0811
 156  0.668208  3.7890  3.9394  0.4331  5.5705  4.8411  4.2188  3.8939  4.2594  4.1101  3.7842  3.6020  3.5253  3.3817  3.1672  3.1613  3.0500
 157  0.668583  3.7868  3.9208  0.4429  5.5942  4.8505  4.2131  3.8820  4.2432  4.0917  3.7614  3.5771  3.4997  3.3545  3.1375  3.1316  3.0184
 158  0.668946  3.7845  3.9017  0.4527  5.6217  4.8624  4.2093  3.8712  4.2276  4.0740  3.7387  3.5521  3.4740  3.3271  3.1075  3.1014  2.9861
 159  0.669294  3.7820  3.8826  0.4626  5.6508  4.8754  4.2063  3.8609  4.2124  4.0564  3.7160  3.5273  3.4483  3.2997  3.0776  3.0712  2.9541
 160  0.669629  3.7797  3.8633  0.4724  5.6820  4.8898  4.2043  3.8515  4.1975  4.0389  3.6933  3.5023  3.4225  3.2723  3.0475  3.0410  2.9218
 161  0.669951  3.7772  3.8438  0.4823  5.7165  4.9063  4.2034  3.8431  4.1832  4.0221  3.6711  3.4777  3.3971  3.2451  3.0176  3.0109  2.8896
 162  0.670255  3.7745  3.8239  0.4918  5.7584  4.9282  4.2058  3.8373  4.1706  4.0065  3.6496  3.4538  3.3722  3.2184  2.9879  2.9809  2.8574
 163  0.670559  3.7720  3.8040  0.5016  5.7980  4.9482  4.2071  3.8308  4.1569  3.9900  3.6274  3.4291  3.3466  3.1910  2.9576  2.9505  2.8248
 164  0.670858  3.7696  3.7842  0.5119  5.8346  4.9659  4.2070  3.8234  4.1421  3.9726  3.6044  3.4038  3.3204  3.1631  2.9270  2.9196  2.7917
 165  0.671155  3.7673  3.7646  0.5225  5.8685  4.9814  4.2056  3.8152  4.1261  3.9539  3.5804  3.3775  3.2933  3.1345  2.8956  2.8882  2.7581
 166  0.671447  3.7650  3.7446  0.5335  5.9041  4.9980  4.2047  3.8073  4.1097  3.9348  3.5556  3.3504  3.2655  3.1048  2.8633  2.8555  2.7234
 167  0.671733  3.7626  3.7240  0.5449  5.9412  5.0151  4.2043  3.7996  4.0929  3.9149  3.5299  3.3221  3.2362  3.0737  2.8294  2.8215  2.6872
 168  0.672012  3.7602  3.7029  0.5569  5.9793  5.0324  4.2036  3.7916  4.0751  3.8941  3.5029  3.2926  3.2058  3.0416  2.7943  2.7861  2.6497
 169  0.672282  3.7580  3.6814  0.5695  6.0145  5.0472  4.2007  3.7816  4.0552  3.8712  3.4744  3.2617  3.1741  3.0081  2.7581  2.7498  2.6112
 170  0.672542  3.7558  3.6596  0.5827  6.0459  5.0588  4.1951  3.7693  4.0332  3.8463  3.4441  3.2293  3.1410  2.9734  2.7210  2.7124  2.5718
 171  0.672791  3.7538  3.6378  0.5966  6.0721  5.0662  4.1865  3.7545  4.0088  3.8193  3.4122  3.1955  3.1065  2.9375  2.6827  2.6739  2.5315
 172  0.673029  3.7519  3.6162  0.6110  6.0919  5.0687  4.1744  3.7368  3.9821  3.7902  3.3787  3.1602  3.0707  2.9004  2.6435  2.6346  2.4905
 173  0.673257  3.7503  3.5948  0.6260  6.1057  5.0666  4.1592  3.7166  3.9533  3.7592  3.3437  3.1237  3.0336  2.8622  2.6035  2.5944  2.4487
 174  0.673476  3.7488  3.5736  0.6413  6.1137  5.0603  4.1413  3.6942  3.9228  3.7266  3.3077  3.0862  2.9957  2.8232  2.5628  2.5536  2.4065
 175  0.673686  3.7475  3.5529  0.6570  6.1158  5.0496  4.1203  3.6696  3.8905  3.6926  3.2706  3.0479  2.9568  2.7836  2.5216  2.5123  2.3639
 176  0.673890  3.7462  3.5322  0.6729  6.1136  5.0355  4.0972  3.6431  3.8570  3.6575  3.2326  3.0089  2.9175  2.7434  2.4801  2.4707  2.3211
 177  0.674087  3.7452  3.5119  0.6890  6.1070  5.0184  4.0718  3.6147  3.8222  3.6213  3.1939  2.9692  2.8776  2.7028  2.4383  2.4287  2.2782
 178  0.674279  3.7442  3.4918  0.7053  6.0987  4.9998  4.0455  3.5856  3.7869  3.5846  3.1549  2.9293  2.8373  2.6619  2.3962  2.3866  2.2350
 179  0.674468  3.7432  3.4718  0.7216  6.0879  4.9794  4.0179  3.5555  3.7508  3.5474  3.1154  2.8890  2.7967  2.6205  2.3538  2.3441  2.1918
 180  0.674652  3.7424  3.4519  0.7381  6.0752  4.9575  3.9893  3.5245  3.7143  3.5097  3.0756  2.8483  2.7558  2.5792  2.3114  2.3016  2.1483
 181  0.674834  3.7416  3.4323  0.7547  6.0609  4.9344  3.9598  3.4929  3.6774  3.4716  3.0356  2.8075  2.7147  2.5375  2.2688  2.2588  2.1048
 182  0.674987  3.7410  3.4156  0.7689  6.0480  4.9142  3.9343  3.4656  3.6457  3.4389  3.0013  2.7726  2.6795  2.5018  2.2323  2.2223  2.0676
 183  0.675140  3.7403  3.3989  0.7833  6.0336  4.8930  3.9079  3.4374  3.6133  3.4057  2.9665  2.7372  2.6439  2.4658  2.1956  2.1856  2.0302
 184  0.675292  3.7397  3.3821  0.7978  6.0175  4.8703  3.8806  3.4085  3.5804  3.3719  2.9312  2.7013  2.6078  2.4293  2.1583  2.1483  1.9924
 185  0.675445  3.7392  3.3652  0.8125  6.0012  4.8473  3.8529  3.3792  3.5469  3.3377  2.8957  2.6651  2.5714  2.3925  2.1208  2.1107  1.9542
 186  0.675596  3.7387  3.3482  0.8274  5.9837  4.8233  3.8244  3.3491  3.5128  3.3028  2.8593  2.6282  2.5345  2.3551  2.0827  2.0725  1.9155
 187  0.675746  3.7382  3.3311  0.8426  5.9650  4.7984  3.7950  3.3183  3.4781  3.2672  2.8226  2.5908  2.4969  2.3172  2.0442  2.0339  1.8763
 188  0.675897  3.7377  3.3137  0.8579  5.9463  4.7731  3.7653  3.2871  3.4429  3.2312  2.7851  2.5530  2.4588  2.2787  2.0050  1.9947  1.8365
 189  0.676046  3.7371  3.2962  0.8735  5.9267  4.7472  3.7347  3.2552  3.4070  3.1946  2.7472  2.5144  2.4202  2.2397  1.9653  1.9550  1.7962
 190  0.676194  3.7366  3.2784  0.8894  5.9061  4.7203  3.7035  3.2225  3.3703  3.1573  2.7085  2.4753  2.3808  2.1998  1.9250  1.9146  1.7552
 191  0.676341  3.7361  3.2603  0.9055  5.8854  4.6930  3.6718  3.1893  3.3331  3.1192  2.6693  2.4355  2.3409  2.1595  1.8840  1.8736  1.7136
 192  0.676487  3.7356  3.2422  0.9217  5.8633  4.6648  3.6392  3.1554  3.2953  3.0806  2.6295  2.3953  2.3004  2.1187  1.8426  1.8321  1.6717
 193  0.676634  3.7351  3.2236  0.9385  5.8406  4.6356  3.6057  3.1206  3.2565  3.0412  2.5888  2.3540  2.2591  2.0770  1.8003  1.7897  1.6287
 194  0.676775  3.7346  3.2042  0.9559  5.8171  4.6054  3.5709  3.0844  3.2159  2.9999  2.5462  2.3110  2.2158  2.0334  1.7560  1.7453  1.5839
 195  0.676914  3.7341  3.1840  0.9739  5.7931  4.5742  3.5348  3.0467  3.1740  2.9571  2.5021  2.2662  2.1709  1.9881  1.7101  1.6993  1.5372
 196  0.677051  3.7335  3.1634  0.9927  5.7669  4.5411  3.4970  3.0075  3.1304  2.9128  2.4565  2.2202  2.1248  1.9415  1.6628  1.6521  1.4895
 197  0.677184  3.7330  3.1420  1.0120  5.7414  4.5079  3.4584  2.9675  3.0855  2.8672  2.4095  2.1725  2.0769  1.8932  1.6139  1.6031  1.4397
 198  0.677315  3.7324  3.1199  1.0319  5.7157  4.4739  3.4189  2.9263  3.0395  2.8202  2.3610  2.1235  2.0277  1.8436  1.5634  1.5525  1.3887
 199  0.677442  3.7318  3.0972  1.0523  5.6884  4.4385  3.3779  2.8837  2.9919  2.7718  2.3112  2.0731  1.9771  1.7926  1.5117  1.5007  1.3363
 200  0.677566  3.7313  3.0739  1.0732  5.6612  4.4024  3.3360  2.8400  2.9433  2.7222  2.2600  2.0213  1.9251  1.7401  1.4585  1.4475  1.2824
 201  0.677687  3.7306  3.0499  1.0947  5.6339  4.3661  3.2933  2.7956  2.8935  2.6714  2.2077  1.9683  1.8720  1.6866  1.4041  1.3930  1.2272
 202  0.677804  3.7300  3.0256  1.1167  5.6058  4.3288  3.2496  2.7501  2.8425  2.6196  2.1542  1.9141  1.8175  1.6317  1.3485  1.3373  1.1709
 203  0.677918  3.7293  3.0005  1.1391  5.5783  4.2912  3.2053  2.7038  2.7907  2.5667  2.0996  1.8589  1.7620  1.5757  1.2917  1.2805  1.1133
 204  0.678030  3.7286  2.9749  1.1619  5.5524  4.2544  3.1609  2.6573  2.7381  2.5129  2.0442  1.8028  1.7058  1.5188  1.2339  1.2226  1.0547
 205  0.678137  3.7278  2.9487  1.1852  5.5275  4.2178  3.1163  2.6105  2.6847  2.4584  1.9877  1.7455  1.6483  1.4609  1.1750  1.1636  0.9948
 206  0.678242  3.7270  2.9218  1.2088  5.5031  4.1809  3.0711  2.5628  2.6305  2.4030  1.9303  1.6873  1.5899  1.4019  1.1150  1.1036  0.9339
 207  0.678343  3.7262  2.8945  1.2329  5.4793  4.1441  3.0255  2.5148  2.5755  2.3468  1.8720  1.6283  1.5304  1.3420  1.0541  1.0426  0.8719
 208  0.678442  3.7254  2.8669  1.2573  5.4563  4.1075  2.9796  2.4663  2.5199  2.2898  1.8128  1.5683  1.4702  1.2811  0.9922  0.9806  0.8091
 209  0.678536  3.7245  2.8385  1.2821  5.4349  4.0715  2.9338  2.4176  2.4637  2.2322  1.7529  1.5074  1.4091  1.2194  0.9294  0.9176  0.7451
 210  0.678627  3.7236  2.8099  1.3073  5.4142  4.0355  2.8876  2.3685  2.4068  2.1740  1.6922  1.4457  1.3472  1.1568  0.8656  0.8538  0.6804
 211  0.678714  3.7226  2.7808  1.3327  5.3947  4.0001  2.8414  2.3193  2.3495  2.1150  1.6308  1.3834  1.2845  1.0935  0.8010  0.7891  0.6146
 212  0.678799  3.7217  2.7512  1.3585  5.3764  3.9650  2.7951  2.2697  2.2917  2.0557  1.5687  1.3203  1.2211  1.0294  0.7358  0.7237  0.5482
 213  0.678879  3.7207  2.7214  1.3845  5.3590  3.9303  2.7487  2.2200  2.2335  1.9957  1.5060  1.2566  1.1570  0.9646  0.6697  0.6575  0.4810
 214  0.678957  3.7197  2.6911  1.4108  5.3424  3.8958  2.7022  2.1701  2.1747  1.9352  1.4427  1.1923  1.0925  0.8991  0.6030  0.5908  0.4130
 215  0.679031  3.7187  2.6605  1.4374  5.3264  3.8615  2.6555  2.1200  2.1157  1.8745  1.3789  1.1275  1.0272  0.8331  0.5357  0.5233  0.3444
 216  0.679103  3.7177  2.6296  1.4642  5.3112  3.8277  2.6089  2.0698  2.0562  1.8132  1.3147  1.0620  0.9614  0.7667  0.4678  0.4552  0.2753
 217  0.679114  3.7175  2.6244  1.4687  5.3089  3.8221  2.6011  2.0614  2.0463  1.8030  1.3039  1.0511  0.9504  0.7555  0.4564  0.4438  0.2637
 218  0.679126  3.7173  2.6192  1.4732  5.3067  3.8166  2.5935  2.0531  2.0364  1.7928  1.2932  1.0401  0.9394  0.7443  0.4450  0.4324  0.2521
 219  0.679137  3.7171  2.6140  1.4777  5.3041  3.8108  2.5856  2.0446  2.0264  1.7823  1.2823  1.0291  0.9283  0.7331  0.4336  0.4210  0.2404
 220  0.679148  3.7169  2.6088  1.4822  5.3019  3.8053  2.5777  2.0361  2.0164  1.7721  1.2715  1.0181  0.9172  0.7219  0.4221  0.4094  0.2287
 221  0.679159  3.7168  2.6035  1.4868  5.2995  3.7995  2.5698  2.0276  2.0063  1.7617  1.2606  1.0069  0.9061  0.7106  0.4105  0.3979  0.2170
 222  0.679170  3.7166  2.5982  1.4914  5.2972  3.7939  2.5619  2.0191  1.9962  1.7512  1.2497  0.9958  0.8948  0.6992  0.3989  0.3863  0.2051
 223  0.679182  3.7164  2.5929  1.4960  5.2951  3.7883  2.5542  2.0106  1.9861  1.7408  1.2386  0.9846  0.8836  0.6878  0.3873  0.3746  0.1933
 224  0.679193  3.7162  2.5876  1.5006  5.2928  3.7827  2.5462  2.0021  1.9759  1.7303  1.2276  0.9733  0.8723  0.6764  0.3755  0.3629  0.1814
 225  0.679204  3.7160  2.5822  1.5053  5.2906  3.7771  2.5383  1.9936  1.9656  1.7197  1.2165  0.9620  0.8609  0.6649  0.3637  0.3511  0.1694
 226  0.679215  3.7158  2.5768  1.5099  5.2883  3.7713  2.5302  1.9848  1.9554  1.7091  1.2054  0.9506  0.8494  0.6533  0.3521  0.3393  0.1573
 227  0.679316  3.7141  2.5247  1.5549  5.2692  3.7180  2.4539  1.9023  1.8567  1.6071  1.0979  0.8412  0.7394  0.5418  0.2381  0.2252  0.0412
 228  0.679411  3.7121  2.4715  1.6004  5.2587  3.6697  2.3805  1.8218  1.7584  1.5053  0.9900  0.7309  0.6283  0.4292  0.1228  0.1096 -0.0765
 229  0.679496  3.7101  2.4180  1.6456  5.2557  3.6265  2.3101  1.7439  1.6619  1.4047  0.8828  0.6213  0.5180  0.3171  0.0078 -0.0056 -0.1941
 230  0.679573  3.7080  2.3663  1.6894  5.2575  3.5880  2.2442  1.6705  1.5697  1.3086  0.7800  0.5160  0.4119  0.2093 -0.1029 -0.1165 -0.3075
 231  0.679645  3.7059  2.3119  1.7350  5.2649  3.5518  2.1774  1.5957  1.4742  1.2087  0.6728  0.4061  0.3011  0.0968 -0.2187 -0.2326 -0.4260
 232  0.679710  3.7037  2.2595  1.7789  5.2775  3.5212  2.1155  1.5259  1.3834  1.1135  0.5702  0.3007  0.1948 -0.0114 -0.3300 -0.3442 -0.5401
 233  0.679769  3.7015  2.2059  1.8237  5.2945  3.4945  2.0548  1.4566  1.2920  1.0173  0.4662  0.1938  0.0870 -0.1213 -0.4433 -0.4577 -0.6562
 234  0.679823  3.6993  2.1529  1.8676  5.3164  3.4723  1.9973  1.3907  1.2031  0.9237  0.3644  0.0890 -0.0187 -0.2290 -0.5544 -0.5690 -0.7704
 235  0.679872  3.6971  2.1033  1.9089  5.3394  3.4527  1.9443  1.3297  1.1201  0.8361  0.2691 -0.0091 -0.1177 -0.3300 -0.6586 -0.6736 -0.8773
 236  0.679916  3.6951  2.0554  1.9486  5.3642  3.4366  1.8951  1.2724  1.0410  0.7523  0.1778 -0.1033 -0.2128 -0.4270 -0.7588 -0.7739 -0.9803
 237  0.679958  3.6931  2.0099  1.9862  5.3887  3.4234  1.8494  1.2194  0.9665  0.6734  0.0914 -0.1924 -0.3028 -0.5188 -0.8537 -0.8691 -1.0779
 238  0.679996  3.6915  1.9740  2.0159  5.4095  3.4143  1.8142  1.1782  0.9079  0.6112  0.0234 -0.2626 -0.3737 -0.5911 -0.9285 -0.9440 -1.1548
 239  0.680033  3.6907  1.9543  2.0326  5.4172  3.4052  1.7923  1.1531  0.8739  0.5754 -0.0154 -0.3025 -0.4138 -0.6319 -0.9705 -0.9862 -1.1979
 240  0.680069  3.6899  1.9299  2.0534  5.4220  3.3913  1.7633  1.1205  0.8308  0.5302 -0.0640 -0.3523 -0.4641 -0.6830 -1.0231 -1.0389 -1.2516
 241  0.680105  3.6875  1.8804  2.0937  5.4578  3.3899  1.7218  1.0703  0.7542  0.4481 -0.1549 -0.4467 -0.5594 -0.7806 -1.1243 -1.1404 -1.3562
 242  0.680138  3.6848  1.8254  2.1381  5.4978  3.3940  1.6795  1.0182  0.6715  0.3592 -0.2541 -0.5496 -0.6636 -0.8873 -1.2353 -1.2517 -1.4709
 243  0.680167  3.6823  1.7726  2.1807  5.5326  3.4010  1.6407  0.9700  0.5931  0.2744 -0.3489 -0.6481 -0.7632 -0.9893 -1.3417 -1.3585 -1.5810
 244  0.680194  3.6798  1.7210  2.2224  5.5619  3.4109  1.6046  0.9248  0.5174  0.1925 -0.4407 -0.7438 -0.8601 -1.0887 -1.4453 -1.4624 -1.6883
 245  0.680218  3.6774  1.6726  2.2611  5.5858  3.4234  1.5731  0.8849  0.4480  0.1171 -0.5259 -0.8326 -0.9500 -1.1811 -1.5418 -1.5592 -1.7883
 246  0.680241  3.6750  1.6232  2.3009  5.6060  3.4378  1.5418  0.8450  0.3774  0.0401 -0.6131 -0.9237 -1.0423 -1.2758 -1.6408 -1.6586 -1.8909
 247  0.680262  3.6725  1.5728  2.3414  5.6242  3.4556  1.5121  0.8065  0.3069 -0.0372 -0.7013 -1.0160 -1.1357 -1.3719 -1.7414 -1.7594 -1.9952
 248  0.680281  3.6701  1.5239  2.3807  5.6394  3.4761  1.4855  0.7715  0.2397 -0.1112 -0.7861 -1.1050 -1.2261 -1.4649 -1.8388 -1.8572 -2.0962
 249  0.680298  3.6676  1.4747  2.4198  5.6548  3.5026  1.4627  0.7403  0.1747 -0.1835 -0.8699 -1.1932 -1.3156 -1.5572 -1.9357 -1.9545 -2.1970
 250  0.680313  3.6651  1.4264  2.4581  5.6692  3.5334  1.4439  0.7130  0.1127 -0.2530 -0.9513 -1.2789 -1.4026 -1.6471 -2.0303 -2.0494 -2.2955
 251  0.680327  3.6627  1.3797  2.4950  5.6815  3.5666  1.4280  0.6893  0.0541 -0.3190 -1.0289 -1.3610 -1.4859 -1.7333 -2.1210 -2.1405 -2.3901
 252  0.680341  3.6602  1.3333  2.5315  5.6927  3.6028  1.4147  0.6684 -0.0024 -0.3833 -1.1049 -1.4417 -1.5678 -1.8181 -2.2106 -2.2305 -2.4837
 253  0.680354  3.6577  1.2878  2.5673  5.7022  3.6410  1.4041  0.6505 -0.0565 -0.4451 -1.1788 -1.5201 -1.6477 -1.9010 -2.2981 -2.3183 -2.5752
 254  0.680365  3.6553  1.2435  2.6021  5.7101  3.6801  1.3955  0.6353 -0.1079 -0.5042 -1.2497 -1.5956 -1.7245 -1.9807 -2.3827 -2.4032 -2.6637
 255  0.680375  3.6529  1.1997  2.6363  5.7169  3.7205  1.3890  0.6228 -0.1574 -0.5615 -1.3188 -1.6694 -1.7997 -2.0588 -2.4656 -2.4866 -2.7507
 256  0.680385  3.6506  1.1566  2.6700  5.7224  3.7622  1.3848  0.6129 -0.2049 -0.6169 -1.3861 -1.7413 -1.8730 -2.1350 -2.5469 -2.5682 -2.8361
 257  0.680394  3.6483  1.1147  2.7027  5.7271  3.8039  1.3823  0.6052 -0.2498 -0.6696 -1.4507 -1.8106 -1.9436 -2.2086 -2.6254 -2.6470 -2.9186
 258  0.680401  3.6460  1.0734  2.7348  5.7306  3.8463  1.3816  0.5998 -0.2928 -0.7206 -1.5135 -1.8783 -2.0125 -2.2807 -2.7024 -2.7244 -2.9998
 259  0.680409  3.6437  1.0326  2.7665  5.7328  3.8885  1.3821  0.5961 -0.3337 -0.7695 -1.5748 -1.9444 -2.0799 -2.3512 -2.7779 -2.8003 -3.0794
 260  0.680416  3.6414  0.9925  2.7974  5.7349  3.9320  1.3853  0.5951 -0.3717 -0.8160 -1.6338 -2.0084 -2.1454 -2.4197 -2.8514 -2.8742 -3.1571
 261  0.680422  3.6391  0.9528  2.8278  5.7368  3.9768  1.3910  0.5972 -0.4070 -0.8601 -1.6909 -2.0708 -2.2091 -2.4868 -2.9235 -2.9468 -3.2335
 262  0.680428  3.6368  0.9142  2.8574  5.7370  4.0203  1.3975  0.6005 -0.4402 -0.9021 -1.7459 -2.1309 -2.2706 -2.5517 -2.9935 -3.0171 -3.3076
 263  0.680434  3.6346  0.8761  2.8865  5.7356  4.0628  1.4046  0.6051 -0.4716 -0.9423 -1.7992 -2.1896 -2.3308 -2.6151 -3.0620 -3.0860 -3.3804
 264  0.680440  3.6324  0.8387  2.9149  5.7331  4.1049  1.4128  0.6109 -0.5012 -0.9806 -1.8509 -2.2467 -2.3893 -2.6769 -3.1288 -3.1533 -3.4514
 265  0.680446  3.6301  0.8018  2.9430  5.7296  4.1465  1.4218  0.6180 -0.5288 -1.0172 -1.9012 -2.3023 -2.4463 -2.7374 -3.1944 -3.2192 -3.5213
 266  0.680450  3.6280  0.7658  2.9704  5.7240  4.1863  1.4307  0.6254 -0.5550 -1.0524 -1.9497 -2.3563 -2.5018 -2.7961 -3.2582 -3.2834 -3.5892
 267  0.680455  3.6259  0.7307  2.9972  5.7171  4.2248  1.4398  0.6335 -0.5796 -1.0858 -1.9967 -2.4087 -2.5556 -2.8532 -3.3204 -3.3461 -3.6556
 268  0.680459  3.6238  0.6960  3.0235  5.7082  4.2614  1.4486  0.6417 -0.6033 -1.1183 -2.0427 -2.4603 -2.6084 -2.9095 -3.3815 -3.4076 -3.7209
 269  0.680463  3.6219  0.6620  3.0495  5.6979  4.2966  1.4571  0.6499 -0.6258 -1.1495 -2.0874 -2.5104 -2.6601 -2.9644 -3.4413 -3.4677 -3.7847
 270  0.680467  3.6199  0.6287  3.0748  5.6865  4.3310  1.4657  0.6584 -0.6468 -1.1793 -2.1306 -2.5591 -2.7102 -3.0178 -3.4996 -3.5264 -3.8471
 271  0.680470  3.6179  0.5962  3.0996  5.6735  4.3636  1.4733  0.6664 -0.6668 -1.2080 -2.1726 -2.6066 -2.7589 -3.0699 -3.5564 -3.5837 -3.9079
 272  0.680474  3.6160  0.5644  3.1240  5.6594  4.3952  1.4805  0.6740 -0.6857 -1.2354 -2.2136 -2.6528 -2.8066 -3.1209 -3.6120 -3.6397 -3.9675
 273  0.680477  3.6143  0.5335  3.1478  5.6436  4.4246  1.4865  0.6804 -0.7040 -1.2621 -2.2534 -2.6980 -2.8531 -3.1706 -3.6664 -3.6944 -4.0257
 274  0.680480  3.6124  0.5028  3.1711  5.6281  4.4565  1.4936  0.6883 -0.7194 -1.2861 -2.2911 -2.7414 -2.8978 -3.2187 -3.7192 -3.7477 -4.0826
 275  0.680483  3.6107  0.4728  3.1940  5.6130  4.4912  1.5023  0.6978 -0.7316 -1.3072 -2.3267 -2.7829 -2.9407 -3.2651 -3.7707 -3.7995 -4.1381
 276  0.680486  3.6090  0.4437  3.2163  5.5962  4.5230  1.5089  0.7054 -0.7436 -1.3280 -2.3615 -2.8233 -2.9825 -3.3103 -3.8206 -3.8500 -4.1921
 277  0.680488  3.6074  0.4155  3.2379  5.5783  4.5524  1.5141  0.7115 -0.7555 -1.3482 -2.3952 -2.8627 -3.0231 -3.3543 -3.8693 -3.8989 -4.2446
 278  0.680491  3.6056  0.3878  3.2587  5.5621  4.5846  1.5217  0.7202 -0.7639 -1.3650 -2.4260 -2.8993 -3.0610 -3.3955 -3.9154 -3.9455 -4.2947
 279  0.680493  3.6041  0.3639  3.2770  5.5461  4.6095  1.5265  0.7260 -0.7718 -1.3802 -2.4534 -2.9316 -3.0945 -3.4321 -3.9558 -3.9863 -4.3386
