#NUMBER OF AGES= 1
#----------------------------------------------------       
#MIX-LEN  Y      Z          Zeff        [Fe/H] [a/Fe]
# 1.9380  0.3300 8.6733E-04 4.4148E-04  -1.54   0.40 
#----------------------------------------------------       
#**PHOTOMETRIC SYSTEM**: HST WFPC2 (Vega)                   
#----------------------------------------------------       
#AGE=14.600 EEPS=264
#EEP   M/Mo    LogTeff  LogG   LogL/Lo F218W   F255W   F300W   F336W   F439W   F450W   F555W   F606W   F622W   F675W   F791W   F814W   F850LP
  16  0.121767  3.5457  5.2357 -2.5759 20.3202 19.7377 16.3625 15.5141 14.3662 13.8155 12.4838 11.9464 11.7563 11.3742 10.5780 10.5403 10.1345
  17  0.132514  3.5524  5.2021 -2.4788 19.9993 19.2205 15.9797 15.1267 13.9834 13.4617 12.1695 11.6351 11.4453 11.0706 10.3302 10.2938  9.8999
  18  0.142500  3.5577  5.1738 -2.3978 19.7238 18.7993 15.6674 14.8135 13.6777 13.1764 11.9151 11.3838 11.1944 10.8250 10.1242 10.0888  9.7038
  19  0.152397  3.5620  5.1492 -2.3267 19.4730 18.4379 15.4015 14.5490 13.4220 12.9351 11.6982 11.1700 10.9815 10.6159  9.9439  9.9092  9.5311
  20  0.163383  3.5659  5.1253 -2.2567 19.2234 18.0907 15.1449 14.2948 13.1779 12.7029 11.4885 10.9639 10.7764 10.4142  9.7665  9.7326  9.3606
  21  0.175984  3.5698  5.1016 -2.1853 18.9656 17.7423 14.8863 14.0397 12.9344 12.4700 11.2775 10.7568 10.5705 10.2115  9.5857  9.5523  9.1862
  22  0.190014  3.5735  5.0787 -2.1142 18.7072 17.4007 14.6316 13.7892 12.6966 12.2415 11.0699 10.5537 10.3686 10.0129  9.4061  9.3734  9.0125
  23  0.204928  3.5770  5.0577 -2.0465 18.4567 17.0775 14.3899 13.5519 12.4727 12.0257 10.8737 10.3621 10.1783  9.8258  9.2351  9.2031  8.8471
  24  0.222138  3.5806  5.0372 -1.9771 18.1918 16.7465 14.1421 13.3095 12.2455 11.8059 10.6738 10.1672  9.9849  9.6357  9.0600  9.0284  8.6774
  25  0.237695  3.5833  5.0212 -1.9205 17.9694 16.4789 13.9391 13.1109 12.0607 11.6268 10.5108 10.0089  9.8279  9.4817  8.9171  8.8859  8.5390
  26  0.249092  3.5852  5.0109 -1.8822 17.8177 16.2996 13.8011 12.9759 11.9355 11.5054 10.4005  9.9020  9.7218  9.3778  8.8204  8.7896  8.4454
  27  0.256778  3.5864  5.0048 -1.8582 17.7226 16.1882 13.7146 12.8911 11.8569 11.4292 10.3313  9.8350  9.6553  9.3127  8.7598  8.7292  8.3866
  28  0.262390  3.5872  5.0012 -1.8419 17.6582 16.1132 13.6556 12.8335 11.8036 11.3773 10.2841  9.7894  9.6101  9.2684  8.7183  8.6879  8.3465
  29  0.266454  3.5878  4.9985 -1.8301 17.6121 16.0596 13.6133 12.7920 11.7653 11.3402 10.2505  9.7568  9.5778  9.2368  8.6888  8.6583  8.3179
  30  0.269453  3.5883  4.9964 -1.8214 17.5770 16.0186 13.5811 12.7605 11.7364 11.3121 10.2251  9.7323  9.5535  9.2131  8.6665  8.6362  8.2965
  31  0.271865  3.5887  4.9952 -1.8146 17.5486 15.9853 13.5552 12.7352 11.7133 11.2898 10.2051  9.7131  9.5344  9.1944  8.6493  8.6191  8.2800
  32  0.273875  3.5891  4.9936 -1.8083 17.5218 15.9539 13.5308 12.7114 11.6917 11.2689 10.1864  9.6951  9.5167  9.1772  8.6333  8.6031  8.2645
  33  0.275908  3.5895  4.9921 -1.8020 17.4945 15.9218 13.5062 12.6873 11.6698 11.2477 10.1676  9.6771  9.4989  9.1598  8.6173  8.5872  8.2492
  34  0.278062  3.5900  4.9904 -1.7952 17.4660 15.8886 13.4802 12.6620 11.6468 11.2253 10.1477  9.6580  9.4800  9.1413  8.6002  8.5702  8.2327
  35  0.280369  3.5904  4.9884 -1.7879 17.4359 15.8538 13.4527 12.6350 11.6223 11.2015 10.1263  9.6374  9.4596  9.1215  8.5815  8.5516  8.2147
  36  0.282885  3.5908  4.9859 -1.7799 17.4045 15.8180 13.4239 12.6069 11.5965 11.1764 10.1035  9.6154  9.4378  9.1002  8.5615  8.5316  8.1953
  37  0.285940  3.5911  4.9829 -1.7706 17.3693 15.7784 13.3915 12.5751 11.5671 11.1477 10.0773  9.5901  9.4127  9.0756  8.5382  8.5083  8.1725
  38  0.289357  3.5916  4.9792 -1.7602 17.3311 15.7362 13.3563 12.5405 11.5351 11.1163 10.0483  9.5618  9.3847  9.0481  8.5118  8.4820  8.1467
  39  0.293739  3.5920  4.9742 -1.7468 17.2820 15.6824 13.3112 12.4963 11.4941 11.0762 10.0113  9.5259  9.3490  9.0130  8.4782  8.4485  8.1138
  40  0.298311  3.5926  4.9685 -1.7324 17.2283 15.6248 13.2626 12.4488 11.4505 11.0335  9.9720  9.4877  9.3113  8.9758  8.4420  8.4124  8.0784
  41  0.305497  3.5933  4.9594 -1.7100 17.1457 15.5372 13.1879 12.3756 11.3831 10.9678  9.9113  9.4289  9.2530  8.9184  8.3859  8.3564  8.0231
  42  0.328176  3.5977  4.9292 -1.6308 16.8284 15.1788 12.8943 12.0878 11.1220 10.7135  9.6826  9.2091  9.0355  8.7062  8.1863  8.1574  7.8300
  43  0.351430  3.6043  4.8949 -1.5406 16.4365 14.7364 12.5325 11.7333 10.8065 10.4072  9.4127  8.9525  8.7824  8.4609  7.9578  7.9300  7.6108
  44  0.362769  3.6079  4.8765 -1.4940 16.2373 14.5160 12.3467 11.5505 10.6431 10.2486  9.2731  8.8202  8.6520  8.3348  7.8399  7.8126  7.4980
  45  0.372502  3.6114  4.8599 -1.4522 16.0580 14.3195 12.1784 11.3843 10.4945 10.1045  9.1467  8.7008  8.5344  8.2214  7.7341  7.7073  7.3970
  46  0.381691  3.6150  4.8444 -1.4114 15.8816 14.1270 12.0109 11.2187 10.3467  9.9614  9.0217  8.5832  8.4188  8.1102  7.6307  7.6044  7.2987
  47  0.390726  3.6190  4.8294 -1.3703 15.7023 13.9319 11.8387 11.0479 10.1946  9.8142  8.8937  8.4634  8.3011  7.9976  7.5262  7.5006  7.2000
  48  0.399605  3.6233  4.8154 -1.3290 15.5199 13.7332 11.6614 10.8713 10.0381  9.6631  8.7631  8.3419  8.1818  7.8839  7.4215  7.3965  7.1016
  49  0.408033  3.6280  4.8027 -1.2887 15.3363 13.5301 11.4805 10.6897  9.8786  9.5094  8.6317  8.2205  8.0628  7.7713  7.3190  7.2948  7.0062
  50  0.415968  3.6330  4.7915 -1.2493 15.1510 13.3228 11.2955 10.5033  9.7166  9.3538  8.5000  8.0997  7.9449  7.6604  7.2191  7.1957  6.9140
  51  0.423535  3.6382  4.7816 -1.2107 14.9641 13.1125 11.1058 10.3128  9.5538  9.1977  8.3688  7.9801  7.8283  7.5513  7.1214  7.0989  6.8248
  52  0.428473  3.6417  4.7755 -1.1851 14.8372 12.9689 10.9752 10.1823  9.4441  9.0926  8.2809  7.9003  7.7507  7.4789  7.0571  7.0351  6.7661
  53  0.433311  3.6455  4.7699 -1.1600 14.7115 12.8254 10.8420 10.0504  9.3348  8.9880  8.1936  7.8213  7.6738  7.4073  6.9937  6.9723  6.7086
  54  0.438059  3.6492  4.7648 -1.1351 14.5853 12.6799 10.7055  9.9166  9.2258  8.8841  8.1070  7.7431  7.5977  7.3369  6.9314  6.9106  6.6522
  55  0.442731  3.6528  4.7597 -1.1108 14.4530 12.5290 10.5697  9.7838  9.1201  8.7830  8.0227  7.6667  7.5238  7.2681  6.8704  6.8502  6.5969
  56  0.447338  3.6565  4.7548 -1.0870 14.3030 12.3614 10.4332  9.6500  9.0170  8.6843  7.9404  7.5920  7.4514  7.2003  6.8100  6.7902  6.5419
  57  0.451876  3.6600  4.7501 -1.0633 14.1381 12.1808 10.2963  9.5157  8.9165  8.5881  7.8602  7.5189  7.3806  7.1339  6.7503  6.7311  6.4875
  58  0.456345  3.6638  4.7458 -1.0401 13.9601 11.9908 10.1566  9.3799  8.8173  8.4929  7.7809  7.4465  7.3109  7.0682  6.6912  6.6724  6.4337
  59  0.460750  3.6675  4.7419 -1.0170 13.7724 11.7982 10.0121  9.2422  8.7183  8.3984  7.7022  7.3747  7.2418  7.0030  6.6326  6.6144  6.3806
  60  0.465065  3.6712  4.7379 -0.9944 13.5818 11.6093  9.8690  9.1078  8.6226  8.3072  7.6260  7.3051  7.1746  6.9398  6.5755  6.5577  6.3287
  61  0.469295  3.6749  4.7344 -0.9720 13.3808 11.4166  9.7230  8.9723  8.5278  8.2167  7.5505  7.2360  7.1083  6.8771  6.5189  6.5018  6.2774
  62  0.473471  3.6785  4.7308 -0.9499 13.1783 11.2289  9.5803  8.8407  8.4360  8.1296  7.4774  7.1689  7.0436  6.8160  6.4636  6.4470  6.2271
  63  0.477584  3.6821  4.7272 -0.9281 12.9708 11.0434  9.4387  8.7109  8.3463  8.0443  7.4056  7.1029  6.9799  6.7557  6.4089  6.3927  6.1773
  64  0.481613  3.6856  4.7235 -0.9068 12.7651 10.8659  9.3029  8.5866  8.2602  7.9627  7.3367  7.0391  6.9184  6.6973  6.3558  6.3401  6.1290
  65  0.485563  3.6892  4.7200 -0.8858 12.5576 10.6925  9.1697  8.4651  8.1764  7.8834  7.2693  6.9768  6.8581  6.6401  6.3037  6.2883  6.0814
  66  0.489435  3.6925  4.7162 -0.8652 12.3552 10.5270  9.0417  8.3488  8.0960  7.8076  7.2046  6.9166  6.7998  6.5846  6.2529  6.2380  6.0348
  67  0.493221  3.6957  4.7125 -0.8451 12.1542 10.3662  8.9168  8.2357  8.0181  7.7340  7.1417  6.8581  6.7431  6.5305  6.2032  6.1887  5.9894
  68  0.496904  3.6989  4.7086 -0.8254 11.9617 10.2142  8.7979  8.1281  7.9435  7.6639  7.0814  6.8018  6.6884  6.4783  6.1552  6.1410  5.9452
  69  0.500473  3.7020  4.7049 -0.8063 11.7771 10.0690  8.6832  8.0243  7.8713  7.5960  7.0230  6.7471  6.6353  6.4276  6.1086  6.0948  5.9024
  70  0.503917  3.7049  4.7008 -0.7878 11.6051  9.9343  8.5754  7.9268  7.8027  7.5316  6.9674  6.6951  6.5847  6.3791  6.0638  6.0503  5.8612
  71  0.507228  3.7077  4.6971 -0.7698 11.4375  9.8038  8.4707  7.8322  7.7360  7.4690  6.9135  6.6446  6.5355  6.3320  6.0205  6.0074  5.8213
  72  0.510404  3.7103  4.6931 -0.7525 11.2813  9.6826  8.3728  7.7439  7.6731  7.4100  6.8625  6.5966  6.4887  6.2873  5.9792  5.9663  5.7830
  73  0.513460  3.7130  4.6896 -0.7356 11.1251  9.5623  8.2759  7.6565  7.6111  7.3522  6.8126  6.5498  6.4430  6.2436  5.9389  5.9264  5.7461
  74  0.516406  3.7156  4.6857 -0.7194 10.9799  9.4503  8.1854  7.5750  7.5528  7.2974  6.7652  6.5051  6.3996  6.2019  5.9004  5.8880  5.7103
  75  0.519260  3.7181  4.6822 -0.7033 10.8323  9.3372  8.0949  7.4935  7.4948  7.2434  6.7185  6.4613  6.3567  6.1609  5.8625  5.8504  5.6754
  76  0.522029  3.7204  4.6782 -0.6877 10.6950  9.2319  8.0103  7.4175  7.4401  7.1921  6.6740  6.4192  6.3156  6.1215  5.8259  5.8142  5.6415
  77  0.524726  3.7227  4.6745 -0.6724 10.5567  9.1260  7.9256  7.3414  7.3854  7.1411  6.6299  6.3777  6.2751  6.0827  5.7899  5.7784  5.6081
  78  0.527357  3.7249  4.6705 -0.6573 10.4265  9.0258  7.8451  7.2691  7.3331  7.0922  6.5873  6.3375  6.2358  6.0450  5.7550  5.7437  5.5757
  79  0.529927  3.7271  4.6666 -0.6426 10.3005  8.9283  7.7666  7.1987  7.2818  7.0444  6.5458  6.2983  6.1975  6.0081  5.7207  5.7097  5.5439
  80  0.532454  3.7293  4.6627 -0.6279 10.1762  8.8321  7.6888  7.1291  7.2311  6.9971  6.5046  6.2594  6.1595  5.9717  5.6869  5.6760  5.5124
  81  0.534936  3.7313  4.6585 -0.6136 10.0593  8.7409  7.6147  7.0627  7.1821  6.9513  6.4646  6.2216  6.1224  5.9362  5.6537  5.6430  5.4814
  82  0.538403  3.7342  4.6525 -0.5932  9.8971  8.6138  7.5116  6.9702  7.1133  6.8870  6.4086  6.1685  6.0705  5.8862  5.6071  5.5968  5.4380
  83  0.541911  3.7371  4.6463 -0.5727  9.7369  8.4878  7.4095  6.8786  7.0443  6.8225  6.3521  6.1150  6.0180  5.8358  5.5600  5.5500  5.3940
  84  0.545480  3.7399  4.6393 -0.5516  9.5804  8.3639  7.3089  6.7880  6.9751  6.7576  6.2952  6.0608  5.9648  5.7846  5.5121  5.5023  5.3491
  85  0.549114  3.7427  4.6321 -0.5302  9.4245  8.2396  7.2078  6.6971  6.9052  6.6918  6.2373  6.0058  5.9110  5.7327  5.4634  5.4539  5.3033
  86  0.552808  3.7454  4.6243 -0.5085  9.2710  8.1164  7.1073  6.6066  6.8349  6.6257  6.1788  5.9502  5.8563  5.6800  5.4140  5.4046  5.2568
  87  0.556549  3.7482  4.6161 -0.4864  9.1195  7.9943  7.0072  6.5166  6.7643  6.5591  6.1198  5.8939  5.8010  5.6267  5.3638  5.3547  5.2093
  88  0.560325  3.7509  4.6071 -0.4639  8.9709  7.8740  6.9082  6.4272  6.6937  6.4924  6.0603  5.8371  5.7452  5.5727  5.3129  5.3041  5.1612
  89  0.564118  3.7535  4.5979 -0.4411  8.8253  7.7554  6.8103  6.3388  6.6231  6.4255  6.0004  5.7800  5.6890  5.5183  5.2613  5.2528  5.1122
  90  0.567913  3.7561  4.5881 -0.4182  8.6821  7.6383  6.7139  6.2516  6.5525  6.3586  5.9404  5.7224  5.6323  5.4634  5.2094  5.2011  5.0628
  91  0.571696  3.7586  4.5779 -0.3952  8.5418  7.5231  6.6196  6.1664  6.4821  6.2917  5.8800  5.6645  5.5753  5.4083  5.1570  5.1490  5.0130
  92  0.575449  3.7610  4.5672 -0.3719  8.4063  7.4111  6.5280  6.0835  6.4123  6.2252  5.8199  5.6066  5.5183  5.3530  5.1043  5.0965  4.9627
  93  0.579157  3.7633  4.5562 -0.3488  8.2743  7.3015  6.4383  6.0023  6.3429  6.1589  5.7596  5.5487  5.4613  5.2975  5.0515  5.0439  4.9121
  94  0.582802  3.7656  4.5449 -0.3257  8.1449  7.1937  6.3499  5.9225  6.2740  6.0931  5.6997  5.4911  5.4046  5.2422  4.9990  4.9915  4.8617
  95  0.586363  3.7678  4.5333 -0.3025  8.0201  7.0893  6.2636  5.8447  6.2061  6.0280  5.6404  5.4338  5.3479  5.1872  4.9464  4.9391  4.8113
  96  0.589823  3.7699  4.5215 -0.2797  7.8983  6.9871  6.1792  5.7685  6.1389  5.9636  5.5814  5.3769  5.2919  5.1327  4.8943  4.8872  4.7611
  97  0.593171  3.7720  4.5096 -0.2571  7.7804  6.8878  6.0971  5.6941  6.0729  5.9001  5.5232  5.3207  5.2364  5.0788  4.8427  4.8358  4.7115
  98  0.596395  3.7741  4.4977 -0.2346  7.6660  6.7912  6.0172  5.6216  6.0077  5.8375  5.4658  5.2652  5.1817  5.0255  4.7918  4.7849  4.6624
  99  0.599493  3.7759  4.4855 -0.2126  7.5571  6.6986  5.9405  5.5516  5.9441  5.7762  5.4092  5.2106  5.1279  4.9730  4.7413  4.7348  4.6138
 100  0.602469  3.7778  4.4733 -0.1908  7.4518  6.6088  5.8662  5.4833  5.8816  5.7160  5.3535  5.1569  5.0747  4.9212  4.6917  4.6853  4.5658
 101  0.605331  3.7796  4.4610 -0.1693  7.3503  6.5218  5.7948  5.4168  5.8202  5.6566  5.2984  5.1038  5.0225  4.8702  4.6428  4.6364  4.5185
 102  0.608081  3.7813  4.4486 -0.1481  7.2530  6.4380  5.7262  5.3520  5.7600  5.5984  5.2442  5.0516  4.9710  4.8199  4.5944  4.5882  4.4717
 103  0.610725  3.7829  4.4361 -0.1274  7.1596  6.3572  5.6597  5.2892  5.7011  5.5412  5.1908  5.0001  4.9202  4.7703  4.5466  4.5405  4.4254
 104  0.613270  3.7844  4.4235 -0.1068  7.0696  6.2788  5.5949  5.2282  5.6432  5.4851  5.1381  4.9494  4.8701  4.7212  4.4993  4.4934  4.3796
 105  0.615720  3.7859  4.4108 -0.0866  6.9830  6.2034  5.5316  5.1692  5.5866  5.4300  5.0865  4.8993  4.8206  4.6728  4.4524  4.4466  4.3339
 106  0.618080  3.7873  4.3981 -0.0666  6.8996  6.1303  5.4692  5.1122  5.5311  5.3760  5.0357  4.8497  4.7716  4.6248  4.4060  4.4003  4.2886
 107  0.620361  3.7886  4.3852 -0.0468  6.8192  6.0597  5.4080  5.0568  5.4766  5.3228  4.9858  4.8009  4.7230  4.5771  4.3598  4.3542  4.2436
 108  0.622569  3.7899  4.3722 -0.0274  6.7412  5.9909  5.3480  5.0027  5.4230  5.2705  4.9364  4.7526  4.6752  4.5302  4.3142  4.3087  4.1991
 109  0.624713  3.7910  4.3592 -0.0081  6.6654  5.9239  5.2891  4.9496  5.3702  5.2189  4.8877  4.7047  4.6277  4.4836  4.2691  4.2636  4.1549
 110  0.626803  3.7922  4.3460  0.0109  6.5916  5.8584  5.2316  4.8975  5.3180  5.1680  4.8394  4.6575  4.5808  4.4376  4.2243  4.2189  4.1111
 111  0.628849  3.7933  4.3329  0.0299  6.5198  5.7945  5.1751  4.8462  5.2665  5.1175  4.7917  4.6107  4.5344  4.3920  4.1799  4.1746  4.0675
 112  0.629519  3.7936  4.3285  0.0361  6.4964  5.7736  5.1567  4.8293  5.2495  5.1008  4.7760  4.5953  4.5191  4.3770  4.1653  4.1600  4.0532
 113  0.630189  3.7940  4.3240  0.0425  6.4720  5.7520  5.1378  4.8119  5.2320  5.0838  4.7599  4.5796  4.5035  4.3617  4.1504  4.1451  4.0387
 114  0.630856  3.7943  4.3196  0.0489  6.4473  5.7301  5.1186  4.7943  5.2144  5.0666  4.7436  4.5637  4.4878  4.3463  4.1355  4.1302  4.0241
 115  0.631519  3.7948  4.3152  0.0556  6.4204  5.7064  5.0984  4.7758  5.1958  5.0485  4.7268  4.5474  4.4716  4.3305  4.1202  4.1150  4.0092
 116  0.632184  3.7953  4.3108  0.0622  6.3931  5.6826  5.0779  4.7571  5.1773  5.0305  4.7099  4.5310  4.4554  4.3147  4.1050  4.0998  3.9944
 117  0.632849  3.7957  4.3065  0.0688  6.3652  5.6581  5.0571  4.7382  5.1584  5.0122  4.6928  4.5144  4.4390  4.2987  4.0897  4.0844  3.9794
 118  0.633514  3.7962  4.3021  0.0756  6.3373  5.6338  5.0362  4.7191  5.1394  4.9936  4.6755  4.4976  4.4225  4.2825  4.0741  4.0690  3.9643
 119  0.634179  3.7967  4.2974  0.0825  6.3101  5.6097  5.0155  4.7000  5.1202  4.9750  4.6580  4.4806  4.4057  4.2661  4.0582  4.0531  3.9488
 120  0.634841  3.7970  4.2926  0.0895  6.2834  5.5860  4.9949  4.6809  5.1010  4.9562  4.6403  4.4633  4.3886  4.2493  4.0419  4.0369  3.9328
 121  0.635499  3.7974  4.2873  0.0966  6.2577  5.5629  4.9745  4.6619  5.0815  4.9372  4.6222  4.4457  4.3712  4.2321  4.0251  4.0201  3.9164
 122  0.636155  3.7977  4.2819  0.1038  6.2322  5.5399  4.9541  4.6427  5.0620  4.9180  4.6039  4.4277  4.3534  4.2146  4.0080  4.0030  3.8996
 123  0.636807  3.7981  4.2761  0.1112  6.2073  5.5172  4.9338  4.6235  5.0422  4.8985  4.5853  4.4095  4.3352  4.1967  3.9905  3.9855  3.8823
 124  0.637457  3.7983  4.2701  0.1187  6.1825  5.4945  4.9134  4.6041  5.0223  4.8789  4.5663  4.3910  4.3168  4.1785  3.9727  3.9678  3.8647
 125  0.638104  3.7986  4.2640  0.1263  6.1579  5.4719  4.8929  4.5847  5.0023  4.8591  4.5472  4.3721  4.2981  4.1601  3.9545  3.9496  3.8468
 126  0.638747  3.7988  4.2579  0.1339  6.1329  5.4488  4.8719  4.5650  4.9818  4.8390  4.5278  4.3531  4.2792  4.1414  3.9362  3.9312  3.8287
 127  0.639389  3.7990  4.2515  0.1417  6.1084  5.4261  4.8513  4.5452  4.9614  4.8188  4.5084  4.3338  4.2599  4.1224  3.9176  3.9126  3.8101
 128  0.640028  3.7993  4.2450  0.1495  6.0841  5.4035  4.8306  4.5254  4.9407  4.7985  4.4886  4.3143  4.2406  4.1032  3.8986  3.8938  3.7914
 129  0.640664  3.7995  4.2383  0.1574  6.0598  5.3810  4.8098  4.5055  4.9200  4.7780  4.4687  4.2946  4.2210  4.0837  3.8795  3.8746  3.7723
 130  0.641298  3.7996  4.2315  0.1653  6.0357  5.3584  4.7890  4.4854  4.8990  4.7573  4.4485  4.2747  4.2012  4.0641  3.8601  3.8552  3.7532
 131  0.641927  3.7998  4.2244  0.1735  6.0119  5.3359  4.7681  4.4653  4.8779  4.7364  4.4281  4.2545  4.1811  4.0442  3.8403  3.8354  3.7336
 132  0.642552  3.7999  4.2172  0.1816  5.9888  5.3139  4.7473  4.4452  4.8568  4.7155  4.4075  4.2342  4.1608  4.0239  3.8203  3.8154  3.7136
 133  0.643172  3.8000  4.2097  0.1899  5.9661  5.2922  4.7266  4.4250  4.8356  4.6943  4.3867  4.2135  4.1401  4.0034  3.7999  3.7949  3.6932
 134  0.643787  3.8000  4.2019  0.1982  5.9440  5.2707  4.7059  4.4048  4.8142  4.6730  4.3657  4.1925  4.1191  3.9825  3.7791  3.7742  3.6724
 135  0.644394  3.8000  4.1939  0.2068  5.9222  5.2495  4.6853  4.3845  4.7926  4.6516  4.3445  4.1713  4.0980  3.9613  3.7579  3.7531  3.6513
 136  0.644995  3.8000  4.1856  0.2153  5.9009  5.2284  4.6646  4.3642  4.7711  4.6300  4.3229  4.1497  4.0765  3.9399  3.7365  3.7317  3.6298
 137  0.645590  3.8000  4.1772  0.2240  5.8800  5.2076  4.6441  4.3437  4.7493  4.6082  4.3012  4.1280  4.0548  3.9181  3.7147  3.7098  3.6079
 138  0.646177  3.7999  4.1684  0.2327  5.8597  5.1871  4.6235  4.3233  4.7274  4.5863  4.2792  4.1060  4.0327  3.8960  3.6926  3.6877  3.5858
 139  0.646757  3.7997  4.1593  0.2416  5.8402  5.1671  4.6032  4.3028  4.7055  4.5644  4.2571  4.0837  4.0105  3.8736  3.6701  3.6652  3.5630
 140  0.647327  3.7995  4.1500  0.2506  5.8213  5.1475  4.5829  4.2823  4.6835  4.5422  4.2347  4.0612  3.9878  3.8509  3.6472  3.6423  3.5400
 141  0.647889  3.7993  4.1403  0.2596  5.8031  5.1283  4.5627  4.2617  4.6614  4.5200  4.2121  4.0384  3.9650  3.8280  3.6240  3.6190  3.5165
 142  0.648441  3.7990  4.1303  0.2688  5.7857  5.1097  4.5428  4.2413  4.6393  4.4977  4.1893  4.0154  3.9419  3.8046  3.6004  3.5954  3.4926
 143  0.648983  3.7986  4.1201  0.2780  5.7693  5.0915  4.5230  4.2208  4.6172  4.4753  4.1663  3.9921  3.9185  3.7811  3.5764  3.5714  3.4683
 144  0.649514  3.7982  4.1095  0.2873  5.7539  5.0741  4.5035  4.2004  4.5950  4.4528  4.1432  3.9686  3.8949  3.7571  3.5521  3.5470  3.4435
 145  0.650034  3.7977  4.0985  0.2968  5.7396  5.0573  4.4843  4.1802  4.5729  4.4304  4.1199  3.9448  3.8710  3.7329  3.5273  3.5223  3.4184
 146  0.650541  3.7972  4.0871  0.3062  5.7265  5.0413  4.4654  4.1600  4.5508  4.4079  4.0963  3.9209  3.8468  3.7083  3.5023  3.4971  3.3927
 147  0.651038  3.7966  4.0753  0.3158  5.7148  5.0263  4.4469  4.1400  4.5289  4.3854  4.0727  3.8967  3.8224  3.6836  3.4768  3.4716  3.3667
 148  0.651521  3.7958  4.0631  0.3255  5.7046  5.0122  4.4288  4.1202  4.5070  4.3630  4.0490  3.8724  3.7978  3.6584  3.4510  3.4457  3.3402
 149  0.651991  3.7951  4.0507  0.3351  5.6950  4.9986  4.4109  4.1003  4.4851  4.3404  4.0251  3.8478  3.7730  3.6331  3.4249  3.4196  3.3134
 150  0.652450  3.7942  4.0376  0.3449  5.6882  4.9869  4.3939  4.0809  4.4635  4.3181  4.0011  3.8231  3.7480  3.6075  3.3984  3.3930  3.2861
 151  0.652894  3.7931  4.0237  0.3548  5.6857  4.9780  4.3784  4.0624  4.4426  4.2963  3.9773  3.7983  3.7228  3.5816  3.3712  3.3658  3.2579
 152  0.653324  3.7918  4.0088  0.3647  5.6887  4.9729  4.3648  4.0452  4.4226  4.2752  3.9535  3.7733  3.6974  3.5553  3.3435  3.3379  3.2289
 153  0.653739  3.7903  3.9930  0.3745  5.6952  4.9704  4.3525  4.0288  4.4032  4.2545  3.9298  3.7482  3.6719  3.5288  3.3153  3.3096  3.1993
 154  0.654142  3.7885  3.9764  0.3845  5.7066  4.9711  4.3422  4.0137  4.3846  4.2343  3.9063  3.7232  3.6463  3.5020  3.2866  3.2808  3.1691
 155  0.654530  3.7864  3.9586  0.3945  5.7260  4.9774  4.3350  4.0008  4.3674  4.2152  3.8831  3.6982  3.6205  3.4749  3.2573  3.2513  3.1378
 156  0.654905  3.7843  3.9406  0.4045  5.7461  4.9843  4.3283  3.9882  4.3502  4.1961  3.8598  3.6730  3.5946  3.4476  3.2278  3.2215  3.1064
 157  0.655268  3.7820  3.9215  0.4144  5.7734  4.9961  4.3245  3.9775  4.3343  4.1779  3.8367  3.6477  3.5686  3.4201  3.1977  3.1914  3.0743
 158  0.655618  3.7797  3.9024  0.4244  5.8026  5.0091  4.3216  3.9675  4.3186  4.1598  3.8136  3.6225  3.5426  3.3924  3.1675  3.1609  3.0420
 159  0.655955  3.7776  3.8841  0.4345  5.8280  5.0192  4.3169  3.9564  4.3020  4.1410  3.7903  3.5973  3.5166  3.3649  3.1378  3.1311  3.0102
 160  0.656281  3.7756  3.8663  0.4446  5.8508  5.0275  4.3111  3.9447  4.2849  4.1217  3.7668  3.5718  3.4906  3.3375  3.1082  3.1014  2.9788
 161  0.656594  3.7737  3.8487  0.4548  5.8732  5.0354  4.3052  3.9331  4.2676  4.1024  3.7432  3.5465  3.4646  3.3102  3.0787  3.0717  2.9475
 162  0.656894  3.7716  3.8306  0.4648  5.8993  5.0460  4.3010  3.9227  4.2512  4.0838  3.7200  3.5215  3.4388  3.2829  3.0491  3.0420  2.9161
 163  0.657192  3.7696  3.8120  0.4752  5.9276  5.0578  4.2973  3.9127  4.2345  4.0647  3.6963  3.4955  3.4121  3.2549  3.0187  3.0113  2.8834
 164  0.657484  3.7674  3.7926  0.4859  5.9583  5.0712  4.2945  3.9034  4.2176  4.0452  3.6717  3.4688  3.3846  3.2258  2.9871  2.9796  2.8497
 165  0.657774  3.7651  3.7728  0.4971  5.9900  5.0848  4.2917  3.8939  4.2001  4.0252  3.6463  3.4411  3.3562  3.1957  2.9544  2.9467  2.8148
 166  0.658057  3.7629  3.7524  0.5088  6.0240  5.0996  4.2898  3.8851  4.1823  4.0045  3.6198  3.4123  3.3265  3.1643  2.9202  2.9122  2.7783
 167  0.658335  3.7607  3.7318  0.5209  6.0563  5.1129  4.2865  3.8752  4.1630  3.9824  3.5921  3.3822  3.2956  3.1316  2.8848  2.8768  2.7409
 168  0.658605  3.7585  3.7104  0.5337  6.0886  5.1256  4.2824  3.8643  4.1424  3.9590  3.5631  3.3508  3.2635  3.0978  2.8484  2.8401  2.7021
 169  0.658866  3.7565  3.6888  0.5472  6.1178  5.1356  4.2758  3.8512  4.1197  3.9335  3.5324  3.3180  3.2299  3.0627  2.8108  2.8023  2.6624
 170  0.659117  3.7544  3.6668  0.5612  6.1434  5.1426  4.2667  3.8359  4.0949  3.9061  3.5000  3.2837  3.1949  3.0263  2.7720  2.7633  2.6216
 171  0.659357  3.7525  3.6447  0.5758  6.1644  5.1459  4.2550  3.8183  4.0680  3.8766  3.4661  3.2480  3.1585  2.9886  2.7322  2.7233  2.5798
 172  0.659589  3.7508  3.6228  0.5910  6.1794  5.1445  4.2399  3.7981  4.0389  3.8453  3.4305  3.2108  3.1208  2.9497  2.6914  2.6823  2.5371
 173  0.659811  3.7493  3.6011  0.6066  6.1885  5.1387  4.2219  3.7755  4.0079  3.8121  3.3937  3.1726  3.0821  2.9099  2.6498  2.6407  2.4940
 174  0.660025  3.7478  3.5795  0.6226  6.1924  5.1289  4.2013  3.7508  3.9752  3.7776  3.3558  3.1333  3.0424  2.8692  2.6075  2.5983  2.4503
 175  0.660232  3.7465  3.5584  0.6389  6.1906  5.1149  4.1779  3.7238  3.9408  3.7415  3.3169  3.0933  3.0019  2.8281  2.5649  2.5555  2.4063
 176  0.660431  3.7454  3.5372  0.6556  6.1853  5.0983  4.1525  3.6953  3.9054  3.7045  3.2772  3.0525  2.9609  2.7862  2.5218  2.5123  2.3619
 177  0.660627  3.7444  3.5166  0.6723  6.1757  5.0784  4.1249  3.6649  3.8687  3.6666  3.2368  3.0113  2.9192  2.7439  2.4785  2.4688  2.3176
 178  0.660817  3.7434  3.4959  0.6892  6.1645  5.0573  4.0964  3.6338  3.8316  3.6281  3.1961  2.9697  2.8774  2.7015  2.4348  2.4251  2.2729
 179  0.661004  3.7425  3.4753  0.7063  6.1511  5.0346  4.0668  3.6018  3.7938  3.5891  3.1550  2.9277  2.8352  2.6586  2.3909  2.3811  2.2281
 180  0.661188  3.7417  3.4550  0.7234  6.1359  5.0106  4.0362  3.5690  3.7555  3.5496  3.1135  2.8855  2.7927  2.6155  2.3469  2.3370  2.1831
 181  0.661368  3.7409  3.4349  0.7406  6.1194  4.9856  4.0050  3.5356  3.7168  3.5099  3.0719  2.8431  2.7500  2.5723  2.3027  2.2928  2.1381
 182  0.661515  3.7402  3.4183  0.7548  6.1054  4.9646  3.9789  3.5079  3.6849  3.4771  3.0375  2.8080  2.7148  2.5366  2.2663  2.2562  2.1010
 183  0.661663  3.7397  3.4017  0.7692  6.0898  4.9423  3.9521  3.4793  3.6522  3.4436  3.0027  2.7726  2.6792  2.5005  2.2296  2.2195  2.0635
 184  0.661810  3.7392  3.3850  0.7838  6.0724  4.9188  3.9241  3.4499  3.6190  3.4096  2.9673  2.7367  2.6431  2.4641  2.1925  2.1823  2.0259
 185  0.661955  3.7387  3.3684  0.7985  6.0550  4.8951  3.8959  3.4202  3.5853  3.3752  2.9315  2.7004  2.6066  2.4272  2.1549  2.1447  1.9876
 186  0.662101  3.7382  3.3514  0.8134  6.0365  4.8704  3.8669  3.3898  3.5511  3.3402  2.8952  2.6635  2.5696  2.3898  2.1168  2.1066  1.9489
 187  0.662246  3.7377  3.3344  0.8286  6.0170  4.8449  3.8371  3.3587  3.5161  3.3045  2.8583  2.6261  2.5320  2.3518  2.0783  2.0680  1.9098
 188  0.662390  3.7372  3.3171  0.8440  5.9973  4.8189  3.8069  3.3270  3.4806  3.2682  2.8207  2.5881  2.4937  2.3132  2.0390  2.0287  1.8699
 189  0.662533  3.7366  3.2995  0.8596  5.9771  4.7924  3.7761  3.2949  3.4446  3.2314  2.7826  2.5496  2.4550  2.2741  1.9994  1.9889  1.8297
 190  0.662676  3.7361  3.2817  0.8755  5.9558  4.7651  3.7445  3.2619  3.4077  3.1939  2.7439  2.5102  2.4156  2.2343  1.9589  1.9484  1.7886
 191  0.662817  3.7357  3.2637  0.8917  5.9344  4.7373  3.7124  3.2284  3.3702  3.1557  2.7045  2.4703  2.3756  2.1939  1.9178  1.9074  1.7470
 192  0.662959  3.7352  3.2456  0.9079  5.9114  4.7083  3.6793  3.1942  3.3323  3.1170  2.6647  2.4301  2.3350  2.1531  1.8765  1.8659  1.7051
 193  0.663097  3.7347  3.2271  0.9248  5.8880  4.6786  3.6455  3.1590  3.2931  3.0772  2.6237  2.3885  2.2934  2.1111  1.8339  1.8233  1.6620
 194  0.663234  3.7342  3.2075  0.9424  5.8636  4.6477  3.6100  3.1221  3.2520  3.0354  2.5806  2.3450  2.2497  2.0670  1.7892  1.7784  1.6167
 195  0.663367  3.7337  3.1871  0.9608  5.8388  4.6158  3.5732  3.0838  3.2095  2.9920  2.5359  2.2997  2.2042  2.0212  1.7427  1.7319  1.5695
 196  0.663498  3.7332  3.1663  0.9796  5.8119  4.5820  3.5348  3.0441  3.1653  2.9472  2.4898  2.2532  2.1575  1.9741  1.6949  1.6841  1.5212
 197  0.663625  3.7326  3.1447  0.9991  5.7862  4.5484  3.4959  3.0036  3.1201  2.9010  2.4423  2.2050  2.1091  1.9253  1.6455  1.6346  1.4710
 198  0.663750  3.7321  3.1223  1.0191  5.7597  4.5136  3.4556  2.9618  3.0734  2.8535  2.3933  2.1554  2.0594  1.8752  1.5946  1.5836  1.4195
 199  0.663872  3.7315  3.0995  1.0398  5.7317  4.4776  3.4139  2.9184  3.0253  2.8045  2.3429  2.1044  2.0083  1.8236  1.5423  1.5313  1.3664
 200  0.663991  3.7309  3.0760  1.0611  5.7037  4.4409  3.3714  2.8743  2.9759  2.7543  2.2911  2.0520  1.9557  1.7706  1.4885  1.4774  1.3120
 201  0.664106  3.7303  3.0518  1.0828  5.6758  4.4038  3.3279  2.8291  2.9255  2.7030  2.2382  1.9985  1.9019  1.7163  1.4335  1.4225  1.2563
 202  0.664219  3.7297  3.0271  1.1050  5.6471  4.3658  3.2836  2.7830  2.8739  2.6503  2.1840  1.9437  1.8470  1.6609  1.3773  1.3660  1.1993
 203  0.664328  3.7290  3.0019  1.1277  5.6192  4.3278  3.2387  2.7362  2.8213  2.5968  2.1288  1.8876  1.7907  1.6043  1.3198  1.3085  1.1410
 204  0.664435  3.7282  2.9760  1.1507  5.5925  4.2902  3.1937  2.6890  2.7681  2.5424  2.0726  1.8309  1.7338  1.5467  1.2613  1.2500  1.0817
 205  0.664537  3.7275  2.9494  1.1743  5.5672  4.2529  3.1484  2.6414  2.7140  2.4872  2.0155  1.7730  1.6756  1.4880  1.2016  1.1902  1.0211
 206  0.664638  3.7266  2.9222  1.1983  5.5421  4.2155  3.1025  2.5931  2.6591  2.4311  1.9573  1.7141  1.6164  1.4283  1.1411  1.1295  0.9594
 207  0.664734  3.7259  2.8946  1.2226  5.5179  4.1781  3.0563  2.5444  2.6034  2.3740  1.8983  1.6542  1.5563  1.3675  1.0792  1.0677  0.8968
 208  0.664828  3.7250  2.8666  1.2474  5.4947  4.1411  3.0099  2.4953  2.5471  2.3164  1.8384  1.5934  1.4953  1.3059  1.0165  1.0049  0.8331
 209  0.664917  3.7241  2.8379  1.2726  5.4733  4.1046  2.9635  2.4461  2.4903  2.2581  1.7778  1.5318  1.4334  1.2434  0.9529  0.9411  0.7684
 210  0.665004  3.7232  2.8089  1.2980  5.4520  4.0682  2.9166  2.3963  2.4326  2.1989  1.7162  1.4694  1.3707  1.1800  0.8884  0.8765  0.7026
 211  0.665087  3.7223  2.7795  1.3238  5.4325  4.0323  2.8699  2.3464  2.3745  2.1394  1.6540  1.4062  1.3072  1.1158  0.8230  0.8110  0.6362
 212  0.665166  3.7213  2.7495  1.3499  5.4138  3.9966  2.8229  2.2962  2.3159  2.0792  1.5912  1.3423  1.2429  1.0509  0.7568  0.7447  0.5689
 213  0.665243  3.7203  2.7193  1.3763  5.3959  3.9613  2.7757  2.2458  2.2569  2.0184  1.5276  1.2777  1.1781  0.9853  0.6899  0.6777  0.5007
 214  0.665317  3.7193  2.6887  1.4030  5.3788  3.9262  2.7286  2.1952  2.1974  1.9572  1.4635  1.2126  1.1126  0.9190  0.6224  0.6100  0.4319
 215  0.665387  3.7183  2.6576  1.4299  5.3626  3.8915  2.6814  2.1444  2.1375  1.8956  1.3989  1.1469  1.0465  0.8522  0.5541  0.5417  0.3625
 216  0.665454  3.7173  2.6264  1.4570  5.3471  3.8570  2.6340  2.0935  2.0774  1.8335  1.3338  1.0806  0.9799  0.7848  0.4853  0.4729  0.2924
 217  0.665465  3.7171  2.6213  1.4614  5.3446  3.8514  2.6264  2.0852  2.0676  1.8235  1.3233  1.0699  0.9691  0.7739  0.4742  0.4617  0.2811
 218  0.665476  3.7169  2.6162  1.4658  5.3424  3.8460  2.6188  2.0770  2.0579  1.8134  1.3127  1.0592  0.9583  0.7630  0.4631  0.4505  0.2697
 219  0.665486  3.7167  2.6111  1.4703  5.3399  3.8403  2.6110  2.0687  2.0480  1.8033  1.3021  1.0484  0.9474  0.7519  0.4519  0.4392  0.2582
 220  0.665496  3.7166  2.6059  1.4747  5.3377  3.8349  2.6034  2.0605  2.0382  1.7932  1.2915  1.0375  0.9366  0.7409  0.4406  0.4280  0.2468
 221  0.665506  3.7164  2.6008  1.4792  5.3352  3.8292  2.5955  2.0521  2.0283  1.7831  1.2807  1.0267  0.9256  0.7299  0.4293  0.4166  0.2353
 222  0.665517  3.7162  2.5956  1.4837  5.3331  3.8237  2.5879  2.0438  2.0184  1.7728  1.2700  1.0157  0.9146  0.7187  0.4179  0.4052  0.2237
 223  0.665527  3.7160  2.5904  1.4882  5.3309  3.8182  2.5801  2.0354  2.0086  1.7626  1.2593  1.0048  0.9036  0.7076  0.4065  0.3938  0.2121
 224  0.665538  3.7158  2.5852  1.4927  5.3286  3.8127  2.5724  2.0270  1.9986  1.7522  1.2485  0.9937  0.8925  0.6963  0.3951  0.3823  0.2004
 225  0.665548  3.7157  2.5799  1.4972  5.3264  3.8070  2.5646  2.0186  1.9885  1.7419  1.2375  0.9827  0.8814  0.6850  0.3836  0.3708  0.1886
 226  0.665558  3.7155  2.5747  1.5018  5.3242  3.8014  2.5568  2.0101  1.9785  1.7315  1.2266  0.9716  0.8702  0.6737  0.3720  0.3593  0.1769
 227  0.665654  3.7137  2.5216  1.5476  5.3046  3.7471  2.4791  1.9260  1.8778  1.6276  1.1173  0.8600  0.7581  0.5602  0.2559  0.2430  0.0586
 228  0.665742  3.7117  2.4684  1.5931  5.2948  3.6991  2.4057  1.8457  1.7797  1.5258  1.0093  0.7498  0.6472  0.4476  0.1407  0.1275 -0.0591
 229  0.665823  3.7096  2.4141  1.6392  5.2919  3.6553  2.3343  1.7666  1.6816  1.4237  0.9004  0.6385  0.5350  0.3338  0.0238  0.0104 -0.1786
 230  0.665894  3.7076  2.3624  1.6827  5.2938  3.6171  2.2685  1.6935  1.5898  1.3279  0.7979  0.5335  0.4291  0.2263 -0.0866 -0.1003 -0.2916
 231  0.665963  3.7054  2.3074  1.7290  5.3021  3.5810  2.2012  1.6180  1.4931  1.2267  0.6893  0.4221  0.3169  0.1122 -0.2040 -0.2178 -0.4118
 232  0.666022  3.7033  2.2548  1.7729  5.3148  3.5506  2.1393  1.5481  1.4023  1.1314  0.5867  0.3166  0.2106  0.0040 -0.3154 -0.3295 -0.5259
 233  0.666077  3.7011  2.2013  1.8177  5.3320  3.5243  2.0788  1.4792  1.3109  1.0354  0.4827  0.2098  0.1028 -0.1058 -0.4284 -0.4429 -0.6419
 234  0.666128  3.6988  2.1482  1.8617  5.3544  3.5020  2.0211  1.4130  1.2216  0.9413  0.3806  0.1046 -0.0034 -0.2140 -0.5401 -0.5548 -0.7566
 235  0.666173  3.6967  2.0984  1.9031  5.3774  3.4822  1.9680  1.3518  1.1386  0.8535  0.2851  0.0063 -0.1025 -0.3152 -0.6445 -0.6594 -0.8638
 236  0.666214  3.6947  2.0511  1.9423  5.4017  3.4664  1.9194  1.2955  1.0605  0.7709  0.1950 -0.0867 -0.1963 -0.4108 -0.7433 -0.7586 -0.9654
 237  0.666254  3.6927  2.0067  1.9792  5.4254  3.4534  1.8748  1.2434  0.9875  0.6935  0.1104 -0.1741 -0.2845 -0.5008 -0.8364 -0.8518 -1.0609
 238  0.666289  3.6913  1.9743  2.0061  5.4422  3.4434  1.8418  1.2052  0.9338  0.6368  0.0484 -0.2379 -0.3490 -0.5665 -0.9041 -0.9197 -1.1306
 239  0.666324  3.6909  1.9604  2.0182  5.4446  3.4334  1.8240  1.1854  0.9084  0.6102  0.0200 -0.2669 -0.3782 -0.5962 -0.9346 -0.9503 -1.1617
 240  0.666358  3.6893  1.9233  2.0492  5.4606  3.4213  1.7859  1.1413  0.8466  0.5448 -0.0511 -0.3403 -0.4521 -0.6716 -1.0124 -1.0283 -1.2417
 241  0.666392  3.6868  1.8702  2.0922  5.4991  3.4213  1.7424  1.0884  0.7652  0.4575 -0.1480 -0.4408 -0.5538 -0.7756 -1.1205 -1.1366 -1.3532
 242  0.666422  3.6842  1.8154  2.1365  5.5377  3.4258  1.7003  1.0366  0.6827  0.3687 -0.2472 -0.5436 -0.6579 -0.8822 -1.2313 -1.2479 -1.4679
 243  0.666449  3.6817  1.7630  2.1789  5.5706  3.4330  1.6619  0.9890  0.6049  0.2846 -0.3411 -0.6413 -0.7567 -0.9835 -1.3370 -1.3537 -1.5771
 244  0.666474  3.6792  1.7118  2.2201  5.5982  3.4432  1.6264  0.9444  0.5301  0.2037 -0.4320 -0.7360 -0.8526 -1.0817 -1.4394 -1.4567 -1.6834
 245  0.666496  3.6768  1.6639  2.2586  5.6201  3.4556  1.5951  0.9049  0.4612  0.1288 -0.5167 -0.8243 -0.9420 -1.1736 -1.5353 -1.5528 -1.7827
 246  0.666517  3.6744  1.6134  2.2993  5.6402  3.4708  1.5634  0.8644  0.3893  0.0503 -0.6056 -0.9172 -1.0361 -1.2704 -1.6364 -1.6542 -1.8875
 247  0.666536  3.6719  1.5629  2.3400  5.6572  3.4888  1.5336  0.8259  0.3185 -0.0272 -0.6941 -1.0098 -1.1299 -1.3669 -1.7374 -1.7556 -1.9923
 248  0.666554  3.6694  1.5140  2.3791  5.6720  3.5102  1.5078  0.7917  0.2519 -0.1008 -0.7786 -1.0986 -1.2199 -1.4595 -1.8346 -1.8530 -2.0930
 249  0.666569  3.6670  1.4649  2.4182  5.6869  3.5377  1.4858  0.7611  0.1871 -0.1728 -0.8622 -1.1866 -1.3092 -1.5516 -1.9313 -1.9502 -2.1936
 250  0.666583  3.6644  1.4165  2.4564  5.7006  3.5691  1.4672  0.7343  0.1255 -0.2421 -0.9432 -1.2721 -1.3961 -1.6414 -2.0257 -2.0449 -2.2919
 251  0.666596  3.6620  1.3699  2.4933  5.7121  3.6026  1.4516  0.7108  0.0671 -0.3080 -1.0207 -1.3541 -1.4793 -1.7274 -2.1164 -2.1359 -2.3865
 252  0.666609  3.6595  1.3234  2.5299  5.7227  3.6393  1.4388  0.6906  0.0107 -0.3721 -1.0968 -1.4347 -1.5613 -1.8124 -2.2061 -2.2260 -2.4801
 253  0.666620  3.6571  1.2780  2.5656  5.7314  3.6776  1.4283  0.6730 -0.0431 -0.4337 -1.1705 -1.5129 -1.6409 -1.8949 -2.2933 -2.3136 -2.5714
 254  0.666631  3.6547  1.2337  2.6004  5.7387  3.7169  1.4200  0.6582 -0.0945 -0.4929 -1.2414 -1.5885 -1.7178 -1.9747 -2.3780 -2.3986 -2.6600
 255  0.666640  3.6523  1.1900  2.6346  5.7450  3.7574  1.4139  0.6461 -0.1437 -0.5499 -1.3102 -1.6620 -1.7926 -2.0524 -2.4606 -2.4817 -2.7468
 256  0.666649  3.6500  1.1470  2.6682  5.7500  3.7991  1.4099  0.6365 -0.1908 -0.6049 -1.3772 -1.7336 -1.8656 -2.1285 -2.5416 -2.5630 -2.8319
 257  0.666657  3.6476  1.1051  2.7010  5.7539  3.8406  1.4074  0.6290 -0.2358 -0.6576 -1.4417 -1.8029 -1.9363 -2.2021 -2.6203 -2.6420 -2.9146
 258  0.666665  3.6454  1.0637  2.7332  5.7568  3.8827  1.4067  0.6238 -0.2786 -0.7084 -1.5046 -1.8707 -2.0052 -2.2743 -2.6973 -2.7194 -2.9958
 259  0.666672  3.6431  1.0231  2.7647  5.7586  3.9249  1.4076  0.6203 -0.3191 -0.7572 -1.5656 -1.9365 -2.0725 -2.3446 -2.7725 -2.7950 -3.0752
 260  0.666678  3.6407  0.9829  2.7957  5.7605  3.9687  1.4113  0.6201 -0.3566 -0.8032 -1.6245 -2.0005 -2.1378 -2.4131 -2.8461 -2.8690 -3.1529
 261  0.666684  3.6385  0.9431  2.8261  5.7616  4.0132  1.4170  0.6222 -0.3919 -0.8473 -1.6816 -2.0628 -2.2016 -2.4802 -2.9183 -2.9416 -3.2294
 262  0.666690  3.6362  0.9045  2.8557  5.7612  4.0563  1.4234  0.6257 -0.4249 -0.8890 -1.7365 -2.1229 -2.2632 -2.5450 -2.9882 -3.0119 -3.3035
 263  0.666695  3.6340  0.8664  2.8848  5.7590  4.0983  1.4306  0.6301 -0.4562 -0.9292 -1.7899 -2.1817 -2.3233 -2.6085 -3.0568 -3.0808 -3.3762
 264  0.666700  3.6318  0.8291  2.9133  5.7559  4.1396  1.4385  0.6359 -0.4855 -0.9674 -1.8414 -2.2385 -2.3815 -2.6701 -3.1234 -3.1479 -3.4472
 265  0.666705  3.6295  0.7922  2.9414  5.7515  4.1810  1.4474  0.6431 -0.5130 -1.0039 -1.8916 -2.2941 -2.4386 -2.7305 -3.1890 -3.2139 -3.5169
 266  0.666709  3.6274  0.7562  2.9688  5.7450  4.2200  1.4559  0.6503 -0.5394 -1.0391 -1.9404 -2.3484 -2.4943 -2.7896 -3.2530 -3.2783 -3.5852
 267  0.666714  3.6253  0.7211  2.9957  5.7372  4.2576  1.4647  0.6581 -0.5640 -1.0726 -1.9874 -2.4008 -2.5482 -2.8468 -3.3151 -3.3409 -3.6515
 268  0.666717  3.6233  0.6865  3.0219  5.7277  4.2933  1.4730  0.6660 -0.5877 -1.1051 -2.0333 -2.4522 -2.6009 -2.9028 -3.3761 -3.4023 -3.7166
 269  0.666721  3.6213  0.6525  3.0479  5.7166  4.3277  1.4811  0.6738 -0.6103 -1.1365 -2.0781 -2.5026 -2.6527 -2.9579 -3.4361 -3.4626 -3.7806
 270  0.666724  3.6193  0.6193  3.0733  5.7045  4.3617  1.4891  0.6819 -0.6312 -1.1662 -2.1213 -2.5513 -2.7027 -3.0113 -3.4943 -3.5212 -3.8429
 271  0.666728  3.6175  0.5869  3.0981  5.6906  4.3933  1.4962  0.6893 -0.6514 -1.1950 -2.1633 -2.5988 -2.7516 -3.0635 -3.5512 -3.5785 -3.9037
 272  0.666731  3.6156  0.5551  3.1225  5.6758  4.4243  1.5029  0.6965 -0.6704 -1.2225 -2.2043 -2.6453 -2.7993 -3.1145 -3.6069 -3.6347 -3.9634
 273  0.666734  3.6138  0.5242  3.1463  5.6591  4.4523  1.5077  0.7018 -0.6892 -1.2496 -2.2444 -2.6906 -2.8460 -3.1644 -3.6612 -3.6894 -4.0216
 274  0.666736  3.6120  0.4936  3.1697  5.6439  4.4861  1.5158  0.7107 -0.7032 -1.2726 -2.2816 -2.7336 -2.8904 -3.2123 -3.7140 -3.7427 -4.0785
 275  0.666739  3.6103  0.4636  3.1925  5.6279  4.5195  1.5235  0.7193 -0.7156 -1.2940 -2.3173 -2.7752 -2.9333 -3.2587 -3.7655 -3.7944 -4.1341
 276  0.666741  3.6086  0.4345  3.2149  5.6102  4.5504  1.5294  0.7260 -0.7282 -1.3151 -2.3524 -2.8159 -2.9754 -3.3042 -3.8157 -3.8451 -4.1883
 277  0.666744  3.6070  0.4064  3.2366  5.5913  4.5783  1.5334  0.7311 -0.7406 -1.3358 -2.3866 -2.8555 -3.0164 -3.3484 -3.8646 -3.8944 -4.2409
 278  0.666746  3.6051  0.3784  3.2575  5.5759  4.6129  1.5428  0.7417 -0.7474 -1.3513 -2.4166 -2.8916 -3.0536 -3.3892 -3.9104 -3.9407 -4.2909
 279  0.666748  3.6037  0.3539  3.2764  5.5572  4.6343  1.5445  0.7444 -0.7578 -1.3689 -2.4463 -2.9262 -3.0894 -3.4278 -3.9530 -3.9835 -4.3368
