#NUMBER OF AGES= 1
#----------------------------------------------------       
#MIX-LEN  Y      Z          Zeff        [Fe/H] [a/Fe]
# 1.9380  0.3300 1.5933E-03 8.1103E-04  -1.26   0.40 
#----------------------------------------------------       
#**PHOTOMETRIC SYSTEM**: HST WFPC2 (Vega)                   
#----------------------------------------------------       
#AGE=12.200 EEPS=266
#EEP   M/Mo    LogTeff  LogG   LogL/Lo F218W   F255W   F300W   F336W   F439W   F450W   F555W   F606W   F622W   F675W   F791W   F814W   F850LP
  14  0.112834  3.5297  5.2598 -2.6977 20.7389 20.5816 16.9134 16.0987 14.9448 14.3874 13.0224 12.4959 12.3062 11.8996 10.9064 10.8653 10.4072
  15  0.128217  3.5364  5.2098 -2.5655 20.3505 20.0054 16.4458 15.6167 14.4571 13.9317 12.6053 12.0804 11.8908 11.4950 10.5683 10.5287 10.0854
  16  0.142750  3.5425  5.1696 -2.4547 20.0120 19.5081 16.0480 15.2100 14.0498 13.5490 12.2555 11.7327 11.5432 11.1558 10.2842 10.2460  9.8153
  17  0.156143  3.5478  5.1386 -2.3634 19.7233 19.0937 15.7173 14.8736 13.7148 13.2322 11.9659 11.4451 11.2560 10.8756 10.0496 10.0127  9.5928
  18  0.168904  3.5525  5.1134 -2.2856 19.4686 18.7397 15.4378 14.5909 13.4348 12.9653 11.7211 11.2025 11.0139 10.6389  9.8498  9.8139  9.4033
  19  0.181583  3.5566  5.0911 -2.2154 19.2355 18.4231 15.1888 14.3403 13.1884 12.7295 11.5042 10.9878 10.7997 10.4292  9.6704  9.6353  9.2327
  20  0.194816  3.5602  5.0703 -2.1495 19.0148 18.1313 14.9584 14.1097 12.9630 12.5125 11.3040 10.7898 10.6023 10.2355  9.5023  9.4679  9.0719
  21  0.208518  3.5635  5.0513 -2.0876 18.8068 17.8618 14.7444 13.8959 12.7547 12.3113 11.1179 10.6060 10.4192 10.0558  9.3447  9.3110  8.9212
  22  0.222125  3.5665  5.0342 -2.0311 18.6155 17.6179 14.5497 13.7019 12.5667 12.1291 10.9495 10.4399 10.2537  9.8932  9.2010  9.1678  8.7833
  23  0.235282  3.5691  5.0193 -1.9807 18.4465 17.4054 14.3774 13.5303 12.4009 11.9681 10.8004 10.2933 10.1078  9.7498  9.0729  9.0402  8.6602
  24  0.246125  3.5710  5.0079 -1.9416 18.3185 17.2478 14.2450 13.3983 12.2733 11.8439 10.6855 10.1805  9.9954  9.6395  8.9737  8.9414  8.5649
  25  0.254358  3.5724  4.9996 -1.9133 18.2261 17.1351 14.1496 13.3031 12.1814 11.7542 10.6025 10.0990  9.9144  9.5600  8.9020  8.8699  8.4959
  26  0.260456  3.5734  4.9939 -1.8933 18.1603 17.0555 14.0822 13.2359 12.1166 11.6910 10.5440 10.0416  9.8573  9.5039  8.8513  8.8194  8.4472
  27  0.265107  3.5741  4.9900 -1.8787 18.1122 16.9973 14.0331 13.1868 12.0693 11.6448 10.5011  9.9996  9.8155  9.4630  8.8143  8.7825  8.4117
  28  0.268744  3.5747  4.9873 -1.8679 18.0759 16.9527 13.9959 13.1497 12.0337 11.6099 10.4689  9.9679  9.7839  9.4321  8.7867  8.7550  8.3851
  29  0.271614  3.5752  4.9851 -1.8591 18.0467 16.9168 13.9659 13.1198 12.0048 11.5818 10.4428  9.9423  9.7585  9.4071  8.7644  8.7328  8.3639
  30  0.274084  3.5756  4.9832 -1.8515 18.0213 16.8853 13.9397 13.0938 11.9798 11.5572 10.4201  9.9201  9.7364  9.3855  8.7451  8.7136  8.3454
  31  0.276483  3.5761  4.9817 -1.8444 17.9974 16.8553 13.9149 13.0690 11.9560 11.5340 10.3987  9.8992  9.7155  9.3652  8.7273  8.6958  8.3284
  32  0.278850  3.5765  4.9798 -1.8371 17.9724 16.8241 13.8892 13.0433 11.9312 11.5098 10.3764  9.8773  9.6938  9.3439  8.7085  8.6771  8.3106
  33  0.281429  3.5770  4.9778 -1.8291 17.9455 16.7906 13.8616 13.0157 11.9048 11.4840 10.3525  9.8539  9.6705  9.3211  8.6883  8.6570  8.2913
  34  0.284240  3.5775  4.9753 -1.8204 17.9165 16.7549 13.8318 12.9860 11.8762 11.4560 10.3267  9.8286  9.6454  9.2964  8.6662  8.6350  8.2701
  35  0.287317  3.5780  4.9721 -1.8107 17.8849 16.7163 13.7993 12.9537 11.8451 11.4254 10.2982  9.8006  9.6175  9.2691  8.6416  8.6105  8.2466
  36  0.288894  3.5780  4.9703 -1.8059 17.8681 16.6968 13.7840 12.9389 11.8323 11.4127 10.2866  9.7891  9.6062  9.2574  8.6301  8.5989  8.2349
  37  0.291487  3.5781  4.9673 -1.7983 17.8437 16.6689 13.7605 12.9159 11.8116 11.3923 10.2677  9.7702  9.5875  9.2385  8.6115  8.5802  8.2160
  38  0.310267  3.5822  4.9446 -1.7333 17.6501 16.4108 13.5458 12.6997 11.5975 11.1803 10.0688  9.5735  9.3916  9.0466  8.4467  8.4161  8.0605
  39  0.331386  3.5872  4.9175 -1.6581 17.4052 16.0873 13.2849 12.4393 11.3465 10.9317  9.8387  9.3478  9.1671  8.8274  8.2562  8.2262  7.8804
  40  0.358951  3.5944  4.8791 -1.5552 17.0003 15.5981 12.8916 12.0522 10.9931 10.5860  9.5286  9.0497  8.8721  8.5407  7.9956  7.9669  7.6320
  41  0.374213  3.5996  4.8558 -1.4932 16.7568 15.2961 12.6485 11.8121 10.7742 10.3713  9.3373  8.8665  8.6911  8.3655  7.8386  7.8106  7.4837
  42  0.385223  3.6038  4.8382 -1.4461 16.5744 15.0642 12.4612 11.6266 10.6045 10.2047  9.1893  8.7253  8.5516  8.2310  7.7191  7.6915  7.3714
  43  0.395018  3.6080  4.8227 -1.4028 16.4048 14.8488 12.2854 11.4524 10.4457 10.0491  9.0522  8.5954  8.4235  8.1077  7.6094  7.5825  7.2688
  44  0.404140  3.6123  4.8083 -1.3614 16.2394 14.6433 12.1137 11.2819 10.2904  9.8978  8.9204  8.4714  8.3012  7.9909  7.5045  7.4781  7.1706
  45  0.412895  3.6168  4.7952 -1.3209 16.0746 14.4419 11.9416 11.1102 10.1346  9.7468  8.7900  8.3497  8.1817  7.8769  7.4018  7.3762  7.0749
  46  0.421314  3.6216  4.7832 -1.2809 15.9064 14.2370 11.7646 10.9327  9.9748  9.5926  8.6585  8.2283  8.0625  7.7642  7.3005  7.2756  6.9811
  47  0.429579  3.6267  4.7724 -1.2409 15.7335 14.0274 11.5801 10.7469  9.8096  9.4337  8.5245  8.1054  7.9423  7.6512  7.1994  7.1753  6.8879
  48  0.437584  3.6321  4.7626 -1.2017 15.5616 13.8203 11.3922 10.5577  9.6435  9.2743  8.3911  7.9839  7.8235  7.5401  7.1004  7.0772  6.7974
  49  0.445523  3.6377  4.7537 -1.1625 15.3914 13.6175 11.1977 10.3623  9.4740  9.1123  8.2559  7.8613  7.7040  7.4289  7.0020  6.9797  6.7078
  50  0.453201  3.6434  4.7459 -1.1244 15.2171 13.4107 10.9987 10.1636  9.3058  8.9517  8.1227  7.7411  7.5868  7.3203  6.9063  6.8848  6.6210
  51  0.460839  3.6493  4.7388 -1.0863 15.0108 13.1698 10.7910  9.9558  9.1373  8.7907  7.9896  7.6209  7.4703  7.2119  6.8101  6.7895  6.5338
  52  0.465643  3.6532  4.7346 -1.0622 14.8615 12.9951 10.6529  9.8183  9.0304  8.6884  7.9053  7.5447  7.3966  7.1432  6.7490  6.7290  6.4783
  53  0.470365  3.6571  4.7308 -1.0384 14.7016 12.8073 10.5088  9.6768  8.9238  8.5864  7.8216  7.4691  7.3237  7.0750  6.6885  6.6691  6.4236
  54  0.475007  3.6611  4.7274 -1.0148 14.5305 12.6071 10.3586  9.5315  8.8176  8.4847  7.7385  7.3941  7.2514  7.0076  6.6286  6.6097  6.3695
  55  0.479567  3.6651  4.7241 -0.9916 14.3521 12.4022 10.2074  9.3868  8.7137  8.3855  7.6573  7.3207  7.1809  6.9416  6.5699  6.5515  6.3164
  56  0.484048  3.6689  4.7209 -0.9687 14.1642 12.1912 10.0548  9.2423  8.6119  8.2881  7.5775  7.2485  7.1116  6.8766  6.5119  6.4941  6.2640
  57  0.488457  3.6729  4.7180 -0.9462 13.9675 11.9753  9.9024  9.0992  8.5123  8.1931  7.4995  7.1778  7.0437  6.8129  6.4549  6.4377  6.2125
  58  0.492784  3.6766  4.7149 -0.9241 13.7646 11.7590  9.7527  8.9601  8.4166  8.1017  7.4241  7.1092  6.9778  6.7509  6.3991  6.3823  6.1619
  59  0.497036  3.6804  4.7120 -0.9023 13.5520 11.5396  9.6037  8.8226  8.3231  8.0126  7.3505  7.0420  6.9134  6.6901  6.3441  6.3279  6.1120
  60  0.501208  3.6840  4.7088 -0.8811 13.3370 11.3255  9.4595  8.6907  8.2342  7.9278  7.2800  6.9774  6.8513  6.6313  6.2907  6.2750  6.0634
  61  0.505303  3.6877  4.7058 -0.8601 13.1121 11.1110  9.3158  8.5603  8.1473  7.8453  7.2110  6.9141  6.7905  6.5736  6.2383  6.2229  6.0156
  62  0.509313  3.6911  4.7026 -0.8397 12.8733 10.8990  9.1749  8.4338  8.0639  7.7664  7.1450  6.8532  6.7321  6.5179  6.1873  6.1724  5.9691
  63  0.513232  3.6945  4.6994 -0.8198 12.6233 10.6887  9.0352  8.3095  7.9826  7.6896  7.0807  6.7939  6.6752  6.4638  6.1378  6.1233  5.9239
  64  0.517054  3.6977  4.6961 -0.8002 12.3717 10.4862  8.9000  8.1898  7.9044  7.6161  7.0189  6.7368  6.6202  6.4114  6.0899  6.0758  5.8801
  65  0.520793  3.7009  4.6929 -0.7812 12.1268 10.2930  8.7691  8.0741  7.8285  7.5448  6.9589  6.6813  6.5666  6.3604  6.0431  6.0294  5.8373
  66  0.524455  3.7040  4.6895 -0.7624 11.8951 10.1129  8.6445  7.9639  7.7555  7.4763  6.9008  6.6274  6.5146  6.3108  5.9976  5.9843  5.7956
  67  0.528047  3.7069  4.6861 -0.7441 11.6916  9.9528  8.5285  7.8602  7.6850  7.4102  6.8444  6.5749  6.4639  6.2623  5.9531  5.9401  5.7547
  68  0.531582  3.7099  4.6825 -0.7260 11.5163  9.8128  8.4211  7.7634  7.6171  7.3464  6.7897  6.5237  6.4143  6.2150  5.9095  5.8968  5.7147
  69  0.535059  3.7127  4.6789 -0.7082 11.3682  9.6914  8.3217  7.6726  7.5515  7.2847  6.7364  6.4738  6.3658  6.1686  5.8668  5.8543  5.6753
  70  0.538498  3.7155  4.6750 -0.6907 11.2306  9.5788  8.2270  7.5858  7.4878  7.2248  6.6844  6.4249  6.3181  6.1230  5.8248  5.8126  5.6366
  71  0.541891  3.7182  4.6713 -0.6733 11.0982  9.4713  8.1347  7.5012  7.4252  7.1660  6.6334  6.3770  6.2713  6.0782  5.7834  5.7715  5.5983
  72  0.545246  3.7207  4.6673 -0.6562 10.9699  9.3680  8.0450  7.4191  7.3641  7.1087  6.5834  6.3299  6.2253  6.0342  5.7426  5.7311  5.5606
  73  0.548565  3.7233  4.6632 -0.6392 10.8321  9.2608  7.9548  7.3370  7.3039  7.0521  6.5342  6.2836  6.1802  5.9909  5.7025  5.6912  5.5235
  74  0.551851  3.7259  4.6591 -0.6224 10.6888  9.1521  7.8650  7.2559  7.2445  6.9966  6.4859  6.2381  6.1357  5.9483  5.6630  5.6519  5.4868
  75  0.555111  3.7283  4.6548 -0.6057 10.5377  9.0403  7.7753  7.1754  7.1860  6.9419  6.4385  6.1931  6.0920  5.9062  5.6239  5.6131  5.4504
  76  0.558343  3.7307  4.6505 -0.5891 10.3868  8.9295  7.6870  7.0962  7.1284  6.8881  6.3916  6.1489  6.0488  5.8647  5.5852  5.5748  5.4146
  77  0.561544  3.7331  4.6459 -0.5727 10.2389  8.8215  7.6011  7.0190  7.0720  6.8353  6.3457  6.1055  6.0062  5.8238  5.5471  5.5368  5.3790
  78  0.564712  3.7354  4.6412 -0.5564 10.0938  8.7155  7.5169  6.9436  7.0166  6.7836  6.3004  6.0626  5.9644  5.7835  5.5095  5.4995  5.3440
  79  0.567829  3.7376  4.6364 -0.5404  9.9527  8.6125  7.4350  6.8703  6.9624  6.7329  6.2561  6.0206  5.9232  5.7440  5.4725  5.4627  5.3093
  80  0.570904  3.7397  4.6315 -0.5245  9.8200  8.5142  7.3561  6.7995  6.9095  6.6833  6.2126  5.9794  5.8829  5.7050  5.4361  5.4265  5.2753
  81  0.573928  3.7418  4.6266 -0.5089  9.6921  8.4189  7.2794  6.7307  6.8577  6.6347  6.1700  5.9389  5.8433  5.6669  5.4003  5.3909  5.2416
  82  0.578054  3.7447  4.6194 -0.4876  9.5250  8.2927  7.1769  6.6386  6.7876  6.5689  6.1120  5.8839  5.7893  5.6148  5.3514  5.3423  5.1957
  83  0.582160  3.7473  4.6120 -0.4662  9.3631  8.1696  7.0766  6.5482  6.7184  6.5039  6.0546  5.8291  5.7357  5.5630  5.3027  5.2939  5.1498
  84  0.586240  3.7500  4.6043 -0.4449  9.2070  8.0498  6.9788  6.4601  6.6500  6.4396  5.9977  5.7749  5.6824  5.5115  5.2542  5.2456  5.1040
  85  0.590285  3.7525  4.5962 -0.4236  9.0567  7.9336  6.8840  6.3745  6.5827  6.3760  5.9411  5.7209  5.6293  5.4603  5.2058  5.1974  5.0582
  86  0.594291  3.7550  4.5879 -0.4024  8.9113  7.8202  6.7917  6.2913  6.5162  6.3131  5.8851  5.6673  5.5767  5.4093  5.1576  5.1494  5.0124
  87  0.598248  3.7574  4.5793 -0.3813  8.7714  7.7100  6.7021  6.2107  6.4506  6.2511  5.8295  5.6140  5.5244  5.3585  5.1095  5.1014  4.9666
  88  0.602148  3.7598  4.5705 -0.3603  8.6367  7.6031  6.6149  6.1320  6.3860  6.1898  5.7746  5.5612  5.4724  5.3081  5.0616  5.0537  4.9210
  89  0.605980  3.7621  4.5613 -0.3394  8.5066  7.4989  6.5296  6.0553  6.3224  6.1294  5.7201  5.5089  5.4208  5.2581  5.0140  5.0064  4.8756
  90  0.609738  3.7642  4.5520 -0.3187  8.3811  7.3976  6.4465  5.9805  6.2597  6.0698  5.6663  5.4572  5.3699  5.2085  4.9668  4.9593  4.8305
  91  0.613421  3.7663  4.5425 -0.2981  8.2592  7.2986  6.3654  5.9073  6.1978  6.0109  5.6130  5.4058  5.3193  5.1594  4.9199  4.9127  4.7856
  92  0.617025  3.7684  4.5327 -0.2777  8.1418  7.2024  6.2864  5.8360  6.1368  5.9528  5.5602  5.3551  5.2692  5.1106  4.8734  4.8663  4.7410
  93  0.620549  3.7703  4.5228 -0.2574  8.0282  7.1088  6.2097  5.7662  6.0768  5.8955  5.5081  5.3047  5.2197  5.0624  4.8273  4.8204  4.6967
  94  0.623988  3.7722  4.5127 -0.2373  7.9175  7.0168  6.1345  5.6975  6.0175  5.8389  5.4563  5.2551  5.1707  5.0148  4.7818  4.7751  4.6529
  95  0.627338  3.7740  4.5024 -0.2175  7.8102  6.9269  6.0617  5.6300  5.9590  5.7829  5.4053  5.2060  5.1225  4.9677  4.7368  4.7302  4.6096
  96  0.630598  3.7758  4.4920 -0.1979  7.7066  6.8396  5.9908  5.5642  5.9013  5.7277  5.3548  5.1576  5.0748  4.9212  4.6923  4.6858  4.5667
  97  0.633766  3.7775  4.4815 -0.1784  7.6063  6.7546  5.9217  5.5000  5.8447  5.6733  5.3049  5.1096  5.0276  4.8752  4.6482  4.6419  4.5241
  98  0.636842  3.7791  4.4708 -0.1592  7.5101  6.6728  5.8542  5.4381  5.7891  5.6200  5.2558  5.0623  4.9808  4.8297  4.6043  4.5982  4.4818
  99  0.639827  3.7806  4.4600 -0.1401  7.4177  6.5937  5.7882  5.3782  5.7348  5.5677  5.2075  5.0154  4.9345  4.7844  4.5608  4.5547  4.4395
 100  0.642722  3.7820  4.4491 -0.1214  7.3288  6.5173  5.7237  5.3203  5.6815  5.5162  5.1599  4.9690  4.8887  4.7396  4.5175  4.5116  4.3975
 101  0.645531  3.7835  4.4381 -0.1028  7.2426  6.4430  5.6605  5.2640  5.6289  5.4655  5.1129  4.9232  4.8433  4.6952  4.4747  4.4689  4.3558
 102  0.648257  3.7848  4.4270 -0.0845  7.1595  6.3711  5.5991  5.2090  5.5772  5.4155  5.0664  4.8779  4.7984  4.6514  4.4323  4.4265  4.3146
 103  0.650904  3.7862  4.4158 -0.0663  7.0780  6.3004  5.5390  5.1545  5.5261  5.3659  5.0204  4.8331  4.7543  4.6081  4.3905  4.3848  4.2740
 104  0.653478  3.7874  4.4047 -0.0484  6.9990  6.2319  5.4806  5.1013  5.4754  5.3168  4.9748  4.7888  4.7105  4.5653  4.3492  4.3437  4.2338
 105  0.655983  3.7886  4.3933 -0.0306  6.9225  6.1652  5.4238  5.0490  5.4253  5.2684  4.9296  4.7450  4.6671  4.5229  4.3083  4.3027  4.1939
 106  0.658425  3.7898  4.3818 -0.0129  6.8483  6.1005  5.3684  4.9980  5.3760  5.2203  4.8847  4.7015  4.6241  4.4808  4.2676  4.2622  4.1541
 107  0.660813  3.7908  4.3703  0.0046  6.7772  6.0380  5.3147  4.9484  5.3274  5.1731  4.8404  4.6583  4.5814  4.4389  4.2270  4.2216  4.1145
 108  0.663152  3.7919  4.3587  0.0219  6.7081  5.9772  5.2623  4.8998  5.2795  5.1263  4.7963  4.6154  4.5388  4.3972  4.1865  4.1812  4.0749
 109  0.665451  3.7929  4.3470  0.0391  6.6414  5.9180  5.2111  4.8522  5.2321  5.0800  4.7526  4.5727  4.4965  4.3556  4.1461  4.1409  4.0354
 110  0.667721  3.7939  4.3353  0.0562  6.5767  5.8604  5.1610  4.8057  5.1854  5.0343  4.7092  4.5302  4.4545  4.3142  4.1058  4.1006  3.9958
 111  0.669941  3.7948  4.3235  0.0732  6.5136  5.8040  5.1118  4.7599  5.1391  4.9891  4.6660  4.4880  4.4126  4.2730  4.0657  4.0606  3.9564
 112  0.670738  3.7951  4.3192  0.0795  6.4900  5.7830  5.0935  4.7429  5.1220  4.9723  4.6501  4.4724  4.3971  4.2579  4.0509  4.0458  3.9420
 113  0.671534  3.7955  4.3149  0.0859  6.4656  5.7614  5.0749  4.7257  5.1045  4.9552  4.6340  4.4566  4.3815  4.2425  4.0360  4.0309  3.9273
 114  0.672328  3.7960  4.3106  0.0923  6.4408  5.7395  5.0560  4.7082  5.0868  4.9379  4.6176  4.4406  4.3657  4.2269  4.0209  4.0158  3.9125
 115  0.673122  3.7963  4.3062  0.0988  6.4159  5.7175  5.0370  4.6905  5.0689  4.9204  4.6011  4.4245  4.3496  4.2111  4.0056  4.0006  3.8976
 116  0.673914  3.7967  4.3017  0.1053  6.3908  5.6952  5.0177  4.6728  5.0508  4.9027  4.5843  4.4081  4.3334  4.1952  3.9901  3.9851  3.8825
 117  0.674705  3.7972  4.2972  0.1120  6.3660  5.6731  4.9985  4.6550  5.0327  4.8849  4.5674  4.3916  4.3170  4.1791  3.9745  3.9695  3.8671
 118  0.675493  3.7975  4.2923  0.1188  6.3416  5.6512  4.9793  4.6372  5.0143  4.8670  4.5503  4.3748  4.3004  4.1627  3.9584  3.9535  3.8514
 119  0.676278  3.7978  4.2872  0.1256  6.3177  5.6296  4.9603  4.6192  4.9958  4.8488  4.5329  4.3578  4.2835  4.1460  3.9422  3.9373  3.8353
 120  0.677058  3.7981  4.2820  0.1326  6.2940  5.6081  4.9410  4.6012  4.9772  4.8305  4.5153  4.3405  4.2663  4.1291  3.9255  3.9207  3.8190
 121  0.677835  3.7984  4.2765  0.1396  6.2707  5.5868  4.9219  4.5831  4.9585  4.8121  4.4975  4.3230  4.2489  4.1119  3.9086  3.9038  3.8022
 122  0.678609  3.7986  4.2709  0.1466  6.2476  5.5655  4.9027  4.5649  4.9396  4.7934  4.4796  4.3053  4.2313  4.0945  3.8916  3.8866  3.7853
 123  0.679380  3.7989  4.2652  0.1539  6.2244  5.5441  4.8834  4.5466  4.9205  4.7747  4.4614  4.2873  4.2135  4.0768  3.8742  3.8693  3.7681
 124  0.680143  3.7991  4.2593  0.1612  6.2009  5.5225  4.8638  4.5281  4.9012  4.7556  4.4429  4.2691  4.1954  4.0590  3.8565  3.8517  3.7507
 125  0.680905  3.7993  4.2533  0.1685  6.1776  5.5010  4.8442  4.5095  4.8817  4.7364  4.4244  4.2509  4.1772  4.0410  3.8387  3.8340  3.7330
 126  0.681663  3.7995  4.2473  0.1760  6.1543  5.4794  4.8245  4.4907  4.8621  4.7171  4.4057  4.2324  4.1588  4.0227  3.8208  3.8161  3.7153
 127  0.682418  3.7998  4.2411  0.1834  6.1314  5.4581  4.8050  4.4721  4.8425  4.6977  4.3868  4.2137  4.1403  4.0044  3.8027  3.7980  3.6973
 128  0.683171  3.8000  4.2348  0.1910  6.1086  5.4368  4.7853  4.4533  4.8228  4.6782  4.3678  4.1950  4.1216  3.9858  3.7845  3.7796  3.6791
 129  0.683918  3.8001  4.2283  0.1985  6.0859  5.4155  4.7656  4.4344  4.8030  4.6586  4.3487  4.1760  4.1027  3.9671  3.7659  3.7611  3.6607
 130  0.684661  3.8002  4.2217  0.2062  6.0636  5.3944  4.7460  4.4155  4.7830  4.6388  4.3294  4.1569  4.0836  3.9482  3.7472  3.7424  3.6421
 131  0.685397  3.8004  4.2150  0.2139  6.0418  5.3737  4.7264  4.3966  4.7631  4.6190  4.3099  4.1376  4.0644  3.9290  3.7282  3.7235  3.6231
 132  0.686129  3.8004  4.2079  0.2217  6.0207  5.3533  4.7070  4.3777  4.7431  4.5992  4.2904  4.1181  4.0449  3.9096  3.7089  3.7041  3.6039
 133  0.686854  3.8005  4.2006  0.2296  5.9999  5.3331  4.6876  4.3587  4.7230  4.5792  4.2706  4.0985  4.0253  3.8900  3.6894  3.6846  3.5844
 134  0.687573  3.8005  4.1932  0.2375  5.9796  5.3132  4.6682  4.3398  4.7028  4.5590  4.2506  4.0785  4.0054  3.8701  3.6696  3.6648  3.5645
 135  0.688283  3.8005  4.1856  0.2455  5.9597  5.2935  4.6489  4.3207  4.6826  4.5388  4.2305  4.0585  3.9853  3.8501  3.6496  3.6448  3.5444
 136  0.688987  3.8004  4.1777  0.2536  5.9404  5.2741  4.6297  4.3016  4.6623  4.5185  4.2102  4.0381  3.9651  3.8298  3.6292  3.6245  3.5240
 137  0.689682  3.8003  4.1697  0.2618  5.9216  5.2551  4.6106  4.2826  4.6420  4.4982  4.1898  4.0177  3.9446  3.8093  3.6086  3.6039  3.5033
 138  0.690369  3.8002  4.1613  0.2701  5.9035  5.2364  4.5917  4.2635  4.6216  4.4777  4.1692  3.9970  3.9239  3.7885  3.5878  3.5830  3.4823
 139  0.691048  3.8000  4.1528  0.2783  5.8861  5.2182  4.5728  4.2445  4.6012  4.4572  4.1486  3.9762  3.9030  3.7675  3.5667  3.5618  3.4609
 140  0.691716  3.7998  4.1440  0.2867  5.8696  5.2004  4.5541  4.2255  4.5808  4.4367  4.1277  3.9551  3.8819  3.7463  3.5452  3.5403  3.4393
 141  0.692376  3.7995  4.1349  0.2952  5.8540  5.1834  4.5358  4.2066  4.5605  4.4161  4.1068  3.9340  3.8606  3.7249  3.5234  3.5186  3.4173
 142  0.693026  3.7992  4.1255  0.3037  5.8391  5.1667  4.5175  4.1878  4.5401  4.3956  4.0855  3.9125  3.8391  3.7031  3.5014  3.4965  3.3950
 143  0.693664  3.7989  4.1158  0.3123  5.8255  5.1507  4.4996  4.1690  4.5198  4.3750  4.0643  3.8909  3.8174  3.6812  3.4791  3.4742  3.3722
 144  0.694291  3.7984  4.1059  0.3208  5.8128  5.1354  4.4819  4.1504  4.4996  4.3544  4.0430  3.8692  3.7955  3.6590  3.4565  3.4515  3.3493
 145  0.694908  3.7980  4.0956  0.3296  5.8009  5.1205  4.4645  4.1319  4.4794  4.3338  4.0214  3.8473  3.7734  3.6366  3.4335  3.4285  3.3259
 146  0.695512  3.7974  4.0849  0.3383  5.7909  5.1069  4.4477  4.1136  4.4595  4.3134  3.9999  3.8252  3.7512  3.6139  3.4103  3.4053  3.3021
 147  0.696105  3.7967  4.0739  0.3471  5.7818  5.0937  4.4310  4.0955  4.4395  4.2929  3.9782  3.8030  3.7287  3.5911  3.3868  3.3817  3.2780
 148  0.696685  3.7960  4.0626  0.3560  5.7744  5.0818  4.4150  4.0778  4.4199  4.2726  3.9566  3.7806  3.7062  3.5680  3.3629  3.3578  3.2536
 149  0.697252  3.7952  4.0509  0.3649  5.7678  5.0704  4.3993  4.0602  4.4003  4.2524  3.9347  3.7582  3.6835  3.5448  3.3389  3.3336  3.2288
 150  0.697807  3.7944  4.0388  0.3739  5.7631  5.0602  4.3843  4.0430  4.3810  4.2323  3.9129  3.7356  3.6606  3.5213  3.3145  3.3092  3.2036
 151  0.698348  3.7934  4.0262  0.3829  5.7603  5.0514  4.3699  4.0263  4.3618  4.2124  3.8912  3.7129  3.6376  3.4977  3.2898  3.2845  3.1781
 152  0.698874  3.7923  4.0131  0.3919  5.7603  5.0444  4.3567  4.0103  4.3432  4.1928  3.8694  3.6902  3.6145  3.4739  3.2648  3.2594  3.1521
 153  0.699389  3.7910  3.9995  0.4010  5.7638  5.0400  4.3448  3.9952  4.3251  4.1736  3.8477  3.6674  3.5912  3.4497  3.2394  3.2338  3.1256
 154  0.699889  3.7897  3.9850  0.4101  5.7721  5.0390  4.3349  3.9814  4.3078  4.1549  3.8260  3.6444  3.5678  3.4254  3.2135  3.2080  3.0985
 155  0.700376  3.7881  3.9701  0.4192  5.7848  5.0413  4.3267  3.9689  4.2910  4.1364  3.8044  3.6214  3.5443  3.4009  3.1873  3.1816  3.0709
 156  0.700849  3.7865  3.9546  0.4283  5.8027  5.0477  4.3207  3.9579  4.2750  4.1186  3.7828  3.5983  3.5207  3.3761  3.1607  3.1549  3.0427
 157  0.701309  3.7847  3.9387  0.4374  5.8238  5.0562  4.3161  3.9478  4.2594  4.1011  3.7614  3.5752  3.4969  3.3511  3.1339  3.1278  3.0142
 158  0.701756  3.7826  3.9215  0.4465  5.8514  5.0695  4.3140  3.9395  4.2451  4.0845  3.7403  3.5521  3.4732  3.3260  3.1064  3.1002  2.9849
 159  0.702188  3.7801  3.9029  0.4555  5.8902  5.0906  4.3162  3.9341  4.2329  4.0696  3.7197  3.5293  3.4495  3.3006  3.0782  3.0719  2.9544
 160  0.702609  3.7773  3.8831  0.4644  5.9389  5.1187  4.3227  3.9318  4.2227  4.0560  3.6998  3.5067  3.4258  3.2750  3.0496  3.0430  2.9232
 161  0.703016  3.7743  3.8625  0.4731  5.9948  5.1519  4.3328  3.9320  4.2138  4.0435  3.6801  3.4841  3.4022  3.2493  3.0206  3.0137  2.8915
 162  0.703415  3.7709  3.8406  0.4819  6.0645  5.1942  4.3487  3.9368  4.2073  4.0329  3.6613  3.4620  3.3788  3.2235  2.9911  2.9840  2.8589
 163  0.703812  3.7679  3.8194  0.4909  6.1281  5.2311  4.3615  3.9397  4.1991  4.0207  3.6417  3.4394  3.3552  3.1978  2.9619  2.9546  2.8269
 164  0.704207  3.7651  3.7990  0.5004  6.1863  5.2630  4.3716  3.9411  4.1892  4.0073  3.6213  3.4163  3.3311  3.1717  2.9327  2.9251  2.7949
 165  0.704598  3.7624  3.7787  0.5102  6.2429  5.2923  4.3803  3.9416  4.1781  3.9926  3.5999  3.3924  3.3062  3.1450  2.9030  2.8952  2.7626
 166  0.704983  3.7596  3.7577  0.5206  6.3040  5.3231  4.3897  3.9426  4.1665  3.9773  3.5777  3.3674  3.2803  3.1172  2.8720  2.8639  2.7289
 167  0.705359  3.7568  3.7357  0.5316  6.3688  5.3547  4.3993  3.9437  4.1539  3.9607  3.5539  3.3409  3.2528  3.0877  2.8392  2.8310  2.6933
 168  0.705721  3.7542  3.7130  0.5436  6.4346  5.3857  4.4079  3.9438  4.1395  3.9424  3.5281  3.3122  3.2231  3.0561  2.8042  2.7957  2.6555
 169  0.706066  3.7516  3.6901  0.5565  6.4939  5.4112  4.4123  3.9403  4.1219  3.9210  3.4998  3.2812  3.1912  3.0222  2.7674  2.7586  2.6160
 170  0.706392  3.7492  3.6669  0.5704  6.5460  5.4312  4.4124  3.9330  4.1011  3.8967  3.4691  3.2480  3.1571  2.9864  2.7287  2.7197  2.5748
 171  0.706701  3.7470  3.6437  0.5851  6.5886  5.4445  4.4074  3.9214  4.0770  3.8694  3.4361  3.2128  3.1212  2.9490  2.6887  2.6795  2.5325
 172  0.706993  3.7451  3.6211  0.6003  6.6209  5.4504  4.3972  3.9055  4.0498  3.8393  3.4011  3.1759  3.0837  2.9101  2.6475  2.6381  2.4893
 173  0.707270  3.7434  3.5986  0.6161  6.6444  5.4504  4.3828  3.8860  4.0200  3.8070  3.3645  3.1377  3.0448  2.8701  2.6057  2.5960  2.4456
 174  0.707534  3.7420  3.5767  0.6324  6.6604  5.4449  4.3646  3.8636  3.9880  3.7730  3.3266  3.0984  3.0050  2.8294  2.5631  2.5534  2.4015
 175  0.707788  3.7407  3.5553  0.6489  6.6705  5.4349  4.3432  3.8384  3.9543  3.7373  3.2877  3.0583  2.9645  2.7879  2.5202  2.5104  2.3572
 176  0.708034  3.7395  3.5341  0.6657  6.6741  5.4205  4.3190  3.8110  3.9190  3.7003  3.2480  3.0175  2.9234  2.7460  2.4769  2.4670  2.3128
 177  0.708273  3.7386  3.5134  0.6825  6.6722  5.4026  4.2923  3.7816  3.8825  3.6624  3.2075  2.9762  2.8817  2.7037  2.4336  2.4235  2.2683
 178  0.708506  3.7377  3.4929  0.6996  6.6671  5.3827  4.2642  3.7510  3.8452  3.6238  3.1667  2.9345  2.8397  2.6612  2.3899  2.3798  2.2236
 179  0.708734  3.7368  3.4723  0.7167  6.6606  5.3616  4.2354  3.7198  3.8077  3.5849  3.1257  2.8926  2.7976  2.6184  2.3462  2.3359  2.1789
 180  0.708958  3.7360  3.4521  0.7339  6.6511  5.3387  4.2053  3.6876  3.7695  3.5456  3.0843  2.8505  2.7552  2.5755  2.3022  2.2919  2.1341
 181  0.709179  3.7353  3.4319  0.7512  6.6393  5.3143  4.1743  3.6546  3.7308  3.5059  3.0428  2.8082  2.7127  2.5324  2.2583  2.2479  2.0892
 182  0.709356  3.7347  3.4155  0.7654  6.6279  5.2935  4.1482  3.6271  3.6989  3.4731  3.0086  2.7735  2.6777  2.4971  2.2222  2.2118  2.0525
 183  0.709533  3.7341  3.3991  0.7798  6.6150  5.2715  4.1213  3.5988  3.6665  3.4399  2.9739  2.7382  2.6423  2.4613  2.1858  2.1753  2.0154
 184  0.709710  3.7336  3.3825  0.7943  6.6007  5.2485  4.0935  3.5696  3.6332  3.4058  2.9387  2.7024  2.6064  2.4250  2.1488  2.1382  1.9778
 185  0.709886  3.7330  3.3658  0.8090  6.5862  5.2251  4.0654  3.5401  3.5997  3.3714  2.9029  2.6662  2.5700  2.3882  2.1114  2.1008  1.9398
 186  0.710062  3.7325  3.3487  0.8240  6.5710  5.2010  4.0365  3.5099  3.5654  3.3363  2.8666  2.6293  2.5329  2.3508  2.0733  2.0627  1.9011
 187  0.710237  3.7320  3.3316  0.8394  6.5548  5.1761  4.0069  3.4790  3.5304  3.3006  2.8295  2.5918  2.4952  2.3127  2.0345  2.0239  1.8617
 188  0.710411  3.7315  3.3141  0.8549  6.5372  5.1500  3.9764  3.4472  3.4947  3.2642  2.7919  2.5536  2.4569  2.2741  1.9953  1.9845  1.8219
 189  0.710584  3.7310  3.2965  0.8707  6.5191  5.1233  3.9451  3.4148  3.4583  3.2270  2.7535  2.5147  2.4178  2.2346  1.9552  1.9444  1.7812
 190  0.710756  3.7305  3.2782  0.8870  6.5001  5.0955  3.9128  3.3812  3.4207  3.1886  2.7139  2.4746  2.3776  2.1939  1.9139  1.9030  1.7393
 191  0.710926  3.7300  3.2595  0.9038  6.4799  5.0664  3.8792  3.3463  3.3818  3.1490  2.6730  2.4332  2.3360  2.1521  1.8713  1.8604  1.6961
 192  0.711094  3.7295  3.2402  0.9212  6.4587  5.0360  3.8443  3.3103  3.3416  3.1080  2.6307  2.3904  2.2930  2.1086  1.8273  1.8163  1.6514
 193  0.711259  3.7290  3.2202  0.9392  6.4373  5.0050  3.8086  3.2732  3.3001  3.0659  2.5872  2.3462  2.2487  2.0640  1.7819  1.7709  1.6054
 194  0.711422  3.7284  3.1996  0.9578  6.4144  4.9724  3.7712  3.2347  3.2572  3.0221  2.5420  2.3006  2.2028  2.0177  1.7349  1.7239  1.5578
 195  0.711581  3.7279  3.1781  0.9771  6.3910  4.9389  3.7326  3.1946  3.2126  2.9766  2.4951  2.2531  2.1552  1.9696  1.6861  1.6749  1.5082
 196  0.711737  3.7273  3.1560  0.9970  6.3662  4.9036  3.6924  3.1531  3.1664  2.9295  2.4467  2.2040  2.1060  1.9199  1.6356  1.6244  1.4571
 197  0.711889  3.7267  3.1329  1.0178  6.3417  4.8679  3.6512  3.1104  3.1187  2.8809  2.3965  2.1531  2.0548  1.8684  1.5832  1.5720  1.4040
 198  0.712038  3.7261  3.1092  1.0390  6.3168  4.8314  3.6090  3.0667  3.0698  2.8311  2.3450  2.1009  2.0024  1.8154  1.5294  1.5181  1.3494
 199  0.712183  3.7254  3.0849  1.0609  6.2903  4.7932  3.5652  3.0216  3.0195  2.7798  2.2920  2.0473  1.9485  1.7611  1.4743  1.4628  1.2934
 200  0.712325  3.7247  3.0598  1.0833  6.2612  4.7532  3.5202  2.9750  2.9678  2.7272  2.2376  1.9922  1.8932  1.7052  1.4175  1.4060  1.2358
 201  0.712462  3.7240  3.0341  1.1063  6.2304  4.7118  3.4742  2.9275  2.9152  2.6736  2.1821  1.9359  1.8368  1.6482  1.3595  1.3479  1.1770
 202  0.712597  3.7233  3.0078  1.1297  6.1995  4.6697  3.4274  2.8791  2.8615  2.6188  2.1254  1.8785  1.7791  1.5899  1.3003  1.2886  1.1168
 203  0.712728  3.7225  2.9808  1.1537  6.1699  4.6279  3.3803  2.8303  2.8069  2.5630  2.0676  1.8198  1.7202  1.5305  1.2398  1.2280  1.0553
 204  0.712855  3.7217  2.9531  1.1781  6.1416  4.5864  3.3330  2.7809  2.7516  2.5064  2.0089  1.7602  1.6603  1.4699  1.1781  1.1662  0.9926
 205  0.712978  3.7208  2.9246  1.2031  6.1144  4.5451  3.2854  2.7313  2.6954  2.4490  1.9491  1.6994  1.5992  1.4082  1.1152  1.1033  0.9286
 206  0.713097  3.7198  2.8956  1.2284  6.0878  4.5037  3.2374  2.6810  2.6384  2.3906  1.8882  1.6376  1.5372  1.3454  1.0512  1.0392  0.8635
 207  0.713212  3.7189  2.8660  1.2542  6.0620  4.4626  3.1890  2.6302  2.5806  2.3314  1.8265  1.5749  1.4741  1.2817  0.9861  0.9740  0.7972
 208  0.713323  3.7179  2.8359  1.2804  6.0373  4.4217  3.1403  2.5790  2.5220  2.2714  1.7638  1.5112  1.4101  1.2169  0.9201  0.9078  0.7299
 209  0.713429  3.7169  2.8053  1.3070  6.0143  4.3814  3.0915  2.5277  2.4629  2.2106  1.7003  1.4466  1.3452  1.1512  0.8530  0.8406  0.6615
 210  0.713531  3.7158  2.7741  1.3340  5.9935  4.3419  3.0430  2.4762  2.4032  2.1493  1.6361  1.3813  1.2795  1.0847  0.7850  0.7726  0.5922
 211  0.713630  3.7147  2.7424  1.3613  5.9745  4.3033  2.9944  2.4246  2.3429  2.0873  1.5711  1.3151  1.2130  1.0173  0.7163  0.7036  0.5219
 212  0.713725  3.7136  2.7103  1.3889  5.9580  4.2661  2.9462  2.3730  2.2823  2.0248  1.5054  1.2482  1.1458  0.9493  0.6466  0.6338  0.4508
 213  0.713815  3.7124  2.6777  1.4169  5.9446  4.2305  2.8984  2.3217  2.2212  1.9618  1.4392  1.1807  1.0779  0.8805  0.5761  0.5632  0.3788
 214  0.713901  3.7112  2.6447  1.4452  5.9338  4.1964  2.8508  2.2704  2.1598  1.8984  1.3723  1.1125  1.0093  0.8110  0.5051  0.4919  0.3061
 215  0.713984  3.7099  2.6114  1.4737  5.9377  4.1692  2.8057  2.2208  2.0982  1.8346  1.3049  1.0437  0.9400  0.7407  0.4330  0.4199  0.2327
 216  0.714062  3.7087  2.5776  1.5025  5.9510  4.1469  2.7622  2.1723  2.0367  1.7705  1.2370  0.9743  0.8701  0.6699  0.3604  0.3471  0.1584
 217  0.714074  3.7085  2.5722  1.5071  5.9532  4.1435  2.7553  2.1645  2.0268  1.7602  1.2260  0.9632  0.8589  0.6585  0.3487  0.3354  0.1465
 218  0.714086  3.7083  2.5667  1.5117  5.9553  4.1401  2.7484  2.1568  2.0170  1.7499  1.2151  0.9520  0.8476  0.6471  0.3370  0.3237  0.1345
 219  0.714099  3.7081  2.5613  1.5164  5.9571  4.1365  2.7413  2.1489  2.0070  1.7396  1.2040  0.9407  0.8362  0.6355  0.3253  0.3119  0.1225
 220  0.714111  3.7079  2.5557  1.5211  5.9598  4.1335  2.7345  2.1413  1.9971  1.7292  1.1930  0.9294  0.8249  0.6241  0.3134  0.3000  0.1104
 221  0.714122  3.7077  2.5501  1.5257  5.9622  4.1304  2.7277  2.1336  1.9871  1.7188  1.1820  0.9181  0.8135  0.6124  0.3015  0.2880  0.0982
 222  0.714134  3.7074  2.5446  1.5305  5.9646  4.1272  2.7208  2.1259  1.9770  1.7084  1.1708  0.9067  0.8019  0.6008  0.2895  0.2761  0.0860
 223  0.714146  3.7072  2.5390  1.5352  5.9675  4.1243  2.7140  2.1182  1.9671  1.6979  1.1596  0.8953  0.7904  0.5891  0.2775  0.2640  0.0737
 224  0.714158  3.7070  2.5333  1.5400  5.9702  4.1213  2.7071  2.1104  1.9570  1.6874  1.1484  0.8837  0.7788  0.5773  0.2654  0.2519  0.0613
 225  0.714170  3.7068  2.5276  1.5448  5.9733  4.1186  2.7003  2.1027  1.9469  1.6768  1.1371  0.8722  0.7672  0.5654  0.2532  0.2397  0.0489
 226  0.714182  3.7066  2.5219  1.5497  5.9763  4.1158  2.6934  2.0949  1.9368  1.6662  1.1257  0.8605  0.7555  0.5536  0.2411  0.2276  0.0364
 227  0.714288  3.7044  2.4660  1.5966  6.0138  4.0970  2.6306  2.0227  1.8395  1.5641  1.0162  0.7482  0.6421  0.4383  0.1225  0.1088 -0.0849
 228  0.714381  3.7020  2.4097  1.6435  6.0571  4.0900  2.5731  1.9553  1.7446  1.4639  0.9077  0.6364  0.5294  0.3235  0.0042 -0.0098 -0.2064
 229  0.714469  3.6995  2.3524  1.6910  6.1087  4.0884  2.5177  1.8892  1.6496  1.3633  0.7983  0.5237  0.4155  0.2075 -0.1156 -0.1300 -0.3294
 230  0.714551  3.6972  2.2988  1.7354  6.1638  4.0864  2.4657  1.8269  1.5604  1.2688  0.6955  0.4177  0.3085  0.0985 -0.2281 -0.2428 -0.4449
 231  0.714620  3.6951  2.2500  1.7757  6.2137  4.0873  2.4195  1.7712  1.4801  1.1835  0.6025  0.3218  0.2117 -0.0003 -0.3301 -0.3450 -0.5496
 232  0.714688  3.6930  2.2042  1.8137  6.2442  4.0829  2.3739  1.7171  1.4044  1.1033  0.5152  0.2318  0.1208 -0.0930 -0.4259 -0.4410 -0.6479
 233  0.714750  3.6917  2.1695  1.8427  6.2601  4.0687  2.3344  1.6716  1.3448  1.0406  0.4475  0.1623  0.0507 -0.1643 -0.4994 -0.5146 -0.7232
 234  0.714811  3.6908  2.1453  1.8636  6.2673  4.0438  2.2997  1.6333  1.2995  0.9936  0.3975  0.1112 -0.0007 -0.2164 -0.5526 -0.5679 -0.7774
 235  0.714869  3.6886  2.0977  1.9026  6.2973  4.0487  2.2567  1.5810  1.2234  0.9125  0.3086  0.0193 -0.0936 -0.3113 -0.6508 -0.6664 -0.8784
 236  0.714924  3.6860  2.0428  1.9473  6.3283  4.0681  2.2130  1.5260  1.1386  0.8215  0.2081 -0.0849 -0.1989 -0.4191 -0.7627 -0.7787 -0.9939
 237  0.714973  3.6835  1.9883  1.9914  6.3543  4.0943  2.1728  1.4746  1.0563  0.7330  0.1098 -0.1870 -0.3022 -0.5248 -0.8727 -0.8889 -1.1076
 238  0.715018  3.6810  1.9389  2.0310  6.3768  4.1299  2.1416  1.4328  0.9843  0.6551  0.0226 -0.2778 -0.3942 -0.6192 -0.9711 -0.9876 -1.2094
 239  0.715060  3.6789  1.8966  2.0648  6.3902  4.1696  2.1181  1.4000  0.9240  0.5895 -0.0512 -0.3549 -0.4722 -0.6993 -1.0548 -1.0716 -1.2961
 240  0.715098  3.6776  1.8696  2.0867  6.3853  4.2115  2.1061  1.3817  0.8858  0.5477 -0.0983 -0.4041 -0.5221 -0.7506 -1.1082 -1.1252 -1.3516
 241  0.715137  3.6753  1.8251  2.1222  6.3954  4.2623  2.0841  1.3504  0.8232  0.4794 -0.1755 -0.4849 -0.6039 -0.8347 -1.1959 -1.2132 -1.4426
 242  0.715171  3.6725  1.7685  2.1672  6.4152  4.3199  2.0571  1.3117  0.7448  0.3935 -0.2731 -0.5870 -0.7074 -0.9412 -1.3071 -1.3249 -1.5581
 243  0.715203  3.6695  1.7126  2.2115  6.4297  4.3796  2.0329  1.2764  0.6691  0.3101 -0.3683 -0.6869 -0.8086 -1.0454 -1.4162 -1.4342 -1.6714
 244  0.715232  3.6667  1.6584  2.2545  6.4377  4.4398  2.0115  1.2448  0.5966  0.2300 -0.4601 -0.7833 -0.9065 -1.1462 -1.5216 -1.5401 -1.7810
 245  0.715258  3.6638  1.6045  2.2969  6.4411  4.5002  1.9925  1.2160  0.5263  0.1519 -0.5504 -0.8783 -1.0028 -1.2456 -1.6258 -1.6447 -1.8895
 246  0.715283  3.6609  1.5505  2.3394  6.4418  4.5621  1.9766  1.1911  0.4578  0.0753 -0.6397 -0.9726 -1.0987 -1.3446 -1.7296 -1.7489 -1.9977
 247  0.715303  3.6582  1.4990  2.3797  6.4371  4.6215  1.9651  1.1721  0.3948  0.0041 -0.7236 -1.0615 -1.1891 -1.4380 -1.8277 -1.8474 -2.1000
 248  0.715324  3.6555  1.4489  2.4188  6.4275  4.6788  1.9563  1.1566  0.3352 -0.0637 -0.8042 -1.1471 -1.2763 -1.5284 -1.9227 -1.9428 -2.1993
 249  0.715341  3.6527  1.4004  2.4566  6.4157  4.7336  1.9502  1.1449  0.2794 -0.1277 -0.8810 -1.2291 -1.3598 -1.6150 -2.0140 -2.0344 -2.2949
 250  0.715358  3.6500  1.3517  2.4942  6.4031  4.7895  1.9476  1.1371  0.2260 -0.1896 -0.9564 -1.3100 -1.4422 -1.7007 -2.1046 -2.1255 -2.3899
 251  0.715372  3.6472  1.3048  2.5303  6.3884  4.8411  1.9465  1.1318  0.1762 -0.2481 -1.0283 -1.3871 -1.5209 -1.7827 -2.1914 -2.2126 -2.4810
 252  0.715387  3.6445  1.2581  2.5662  6.3718  4.8906  1.9470  1.1287  0.1278 -0.3050 -1.0990 -1.4632 -1.5987 -1.8637 -2.2772 -2.2989 -2.5714
 253  0.715399  3.6419  1.2124  2.6013  6.3535  4.9354  1.9486  1.1275  0.0819 -0.3596 -1.1675 -1.5373 -1.6744 -1.9426 -2.3609 -2.3830 -2.6596
 254  0.715411  3.6393  1.1679  2.6355  6.3340  4.9748  1.9511  1.1283  0.0386 -0.4118 -1.2337 -1.6089 -1.7478 -2.0191 -2.4419 -2.4644 -2.7451
 255  0.715422  3.6368  1.1238  2.6693  6.3133  5.0116  1.9545  1.1305 -0.0031 -0.4623 -1.2986 -1.6796 -1.8200 -2.0945 -2.5220 -2.5450 -2.8296
 256  0.715433  3.6342  1.0805  2.7024  6.2916  5.0454  1.9590  1.1345 -0.0423 -0.5101 -1.3608 -1.7474 -1.8897 -2.1673 -2.5996 -2.6229 -2.9118
 257  0.715442  3.6317  1.0383  2.7346  6.2698  5.0771  1.9646  1.1402 -0.0789 -0.5555 -1.4207 -1.8130 -1.9569 -2.2377 -2.6748 -2.6986 -2.9917
 258  0.715450  3.6292  0.9965  2.7663  6.2465  5.1055  1.9699  1.1459 -0.1142 -0.5995 -1.4792 -1.8772 -2.0229 -2.3067 -2.7488 -2.7730 -3.0705
 259  0.715459  3.6267  0.9557  2.7973  6.2226  5.1310  1.9750  1.1520 -0.1476 -0.6415 -1.5357 -1.9393 -2.0868 -2.3736 -2.8207 -2.8453 -3.1472
 260  0.715466  3.6244  0.9159  2.8275  6.1980  5.1535  1.9795  1.1579 -0.1790 -0.6814 -1.5902 -1.9993 -2.1485 -2.4383 -2.8907 -2.9157 -3.2217
 261  0.715473  3.6219  0.8765  2.8573  6.1742  5.1757  1.9853  1.1650 -0.2083 -0.7194 -1.6434 -2.0582 -2.2092 -2.5018 -2.9596 -2.9848 -3.2952
 262  0.715480  3.6195  0.8376  2.8865  6.1497  5.1956  1.9900  1.1711 -0.2362 -0.7560 -1.6956 -2.1159 -2.2688 -2.5641 -3.0270 -3.0526 -3.3673
 263  0.715486  3.6172  0.7998  2.9150  6.1248  5.2128  1.9939  1.1768 -0.2626 -0.7910 -1.7460 -2.1718 -2.3267 -2.6245 -3.0926 -3.1186 -3.4376
 264  0.715492  3.6148  0.7626  2.9430  6.0995  5.2284  1.9975  1.1822 -0.2878 -0.8250 -1.7960 -2.2272 -2.3841 -2.6839 -3.1570 -3.1832 -3.5064
 265  0.715497  3.6126  0.7262  2.9704  6.0737  5.2417  1.9999  1.1867 -0.3120 -0.8577 -1.8447 -2.2812 -2.4402 -2.7419 -3.2201 -3.2466 -3.5740
 266  0.715502  3.6104  0.6906  2.9972  6.0474  5.2528  2.0014  1.1904 -0.3349 -0.8888 -1.8915 -2.3333 -2.4942 -2.7978 -3.2814 -3.3082 -3.6397
 267  0.715507  3.6083  0.6555  3.0236  6.0209  5.2628  2.0023  1.1936 -0.3565 -0.9187 -1.9370 -2.3839 -2.5468 -2.8523 -3.3417 -3.3687 -3.7045
 268  0.715511  3.6061  0.6211  3.0495  5.9940  5.2710  2.0020  1.1959 -0.3772 -0.9472 -1.9811 -2.4328 -2.5977 -2.9052 -3.4009 -3.4281 -3.7682
 269  0.715516  3.6040  0.5877  3.0745  5.9674  5.2779  2.0010  1.1979 -0.3958 -0.9735 -2.0227 -2.4794 -2.6460 -2.9555 -3.4581 -3.4855 -3.8299
 270  0.715520  3.6019  0.5545  3.0994  5.9409  5.2850  2.0000  1.2000 -0.4121 -0.9975 -2.0622 -2.5237 -2.6921 -3.0041 -3.5143 -3.5421 -3.8911
 271  0.715524  3.6000  0.5222  3.1238  5.9138  5.2903  1.9970  1.2000 -0.4289 -1.0215 -2.1016 -2.5676 -2.7378 -3.0516 -3.5698 -3.5978 -3.9512
 272  0.715527  3.5979  0.4904  3.1475  5.8871  5.2957  1.9939  1.2002 -0.4435 -1.0432 -2.1386 -2.6089 -2.7807 -3.0965 -3.6237 -3.6518 -4.0098
 273  0.715531  3.5960  0.4589  3.1708  5.8609  5.3016  1.9910  1.2011 -0.4558 -1.0618 -2.1724 -2.6468 -2.8201 -3.1385 -3.6761 -3.7044 -4.0674
 274  0.715534  3.5941  0.4288  3.1935  5.8329  5.3040  1.9845  1.1982 -0.4704 -1.0826 -2.2068 -2.6845 -2.8589 -3.1800 -3.7282 -3.7565 -4.1241
 275  0.715537  3.5922  0.3990  3.2159  5.8062  5.3095  1.9793  1.1969 -0.4821 -1.1004 -2.2384 -2.7194 -2.8948 -3.2192 -3.7790 -3.8075 -4.1797
 276  0.715540  3.5904  0.3699  3.2376  5.7798  5.3158  1.9740  1.1954 -0.4922 -1.1164 -2.2677 -2.7521 -2.9283 -3.2564 -3.8284 -3.8569 -4.2340
 277  0.715543  3.5886  0.3416  3.2588  5.7536  5.3218  1.9682  1.1936 -0.5013 -1.1309 -2.2949 -2.7824 -2.9592 -3.2912 -3.8760 -3.9048 -4.2866
 278  0.715546  3.5870  0.3146  3.2791  5.7276  5.3267  1.9613  1.1908 -0.5098 -1.1443 -2.3199 -2.8104 -2.9876 -3.3237 -3.9215 -3.9505 -4.3372
 279  0.715575  3.5855  0.2906  3.2973  5.7021  5.3259  1.9496  1.1809 -0.5254 -1.1628 -2.3474 -2.8404 -3.0179 -3.3571 -3.9642 -3.9932 -4.3832
