#NUMBER OF AGES= 1
#----------------------------------------------------       
#MIX-LEN  Y      Z          Zeff        [Fe/H] [a/Fe]
# 1.9380  0.3300 1.5933E-03 8.1103E-04  -1.26   0.40 
#----------------------------------------------------       
#**PHOTOMETRIC SYSTEM**: HST WFPC2 (Vega)                   
#----------------------------------------------------       
#AGE=12.600 EEPS=266
#EEP   M/Mo    LogTeff  LogG   LogL/Lo F218W   F255W   F300W   F336W   F439W   F450W   F555W   F606W   F622W   F675W   F791W   F814W   F850LP
  14  0.110611  3.5288  5.2674 -2.7178 20.7971 20.6680 16.9843 16.1722 15.0198 14.4573 13.0865 12.5598 12.3700 11.9617 10.9580 10.9166 10.4563
  15  0.125821  3.5354  5.2168 -2.5847 20.4074 20.0897 16.5137 15.6864 14.5272 13.9974 12.6655 12.1402 11.9506 11.5533 10.6172 10.5774 10.1319
  16  0.140280  3.5415  5.1754 -2.4720 20.0657 19.5865 16.1104 15.2737 14.1134 13.6089 12.3103 11.7871 11.5976 11.2089 10.3287 10.2902  9.8574
  17  0.153534  3.5469  5.1435 -2.3796 19.7754 19.1674 15.7758 14.9330 13.7738 13.2881 12.0171 11.4960 11.3068 10.9251 10.0911 10.0540  9.6322
  18  0.166123  3.5516  5.1178 -2.3009 19.5194 18.8099 15.4930 14.6466 13.4897 13.0178 11.7693 11.2502 11.0615 10.6855  9.8893  9.8531  9.4407
  19  0.178709  3.5557  5.0952 -2.2298 19.2838 18.4882 15.2397 14.3914 13.2384 12.7775 11.5484 11.0315 10.8432 10.4719  9.7072  9.6719  9.2677
  20  0.191652  3.5594  5.0742 -2.1637 19.0626 18.1940 15.0079 14.1592 13.0112 12.5589 11.3469 10.8322 10.6446 10.2770  9.5384  9.5038  9.1064
  21  0.205440  3.5628  5.0546 -2.1002 18.8492 17.9165 14.7879 13.9393 12.7968 12.3521 11.1556 10.6432 10.4563 10.0922  9.3766  9.3428  8.9517
  22  0.219005  3.5658  5.0372 -2.0428 18.6556 17.6689 14.5902 13.7423 12.6056 12.1668 10.9843 10.4743 10.2879  9.9268  9.2308  9.1975  8.8119
  23  0.232608  3.5686  5.0216 -1.9899 18.4771 17.4439 14.4088 13.5617 12.4312 11.9975 10.8276 10.3201 10.1343  9.7759  9.0963  9.0635  8.6827
  24  0.244070  3.5706  5.0094 -1.9482 18.3402 17.2744 14.2674 13.4207 12.2949 11.8649 10.7049 10.1994 10.0143  9.6580  8.9904  8.9580  8.5810
  25  0.252898  3.5721  5.0006 -1.9177 18.2406 17.1528 14.1645 13.3179 12.1957 11.7682 10.6154 10.1117  9.9270  9.5723  8.9131  8.8810  8.5066
  26  0.259385  3.5733  4.9945 -1.8963 18.1701 17.0673 14.0922 13.2459 12.1262 11.7003 10.5526 10.0501  9.8657  9.5123  8.8589  8.8269  8.4545
  27  0.264308  3.5740  4.9904 -1.8808 18.1192 17.0056 14.0401 13.1939 12.0760 11.6514 10.5073 10.0056  9.8214  9.4689  8.8197  8.7879  8.4168
  28  0.268124  3.5746  4.9876 -1.8694 18.0811 16.9589 14.0010 13.1549 12.0387 11.6148 10.4734  9.9724  9.7884  9.4364  8.7907  8.7589  8.3889
  29  0.271097  3.5751  4.9853 -1.8603 18.0508 16.9218 13.9701 13.1241 12.0089 11.5858 10.4465  9.9460  9.7622  9.4108  8.7676  8.7360  8.3670
  30  0.273604  3.5755  4.9834 -1.8527 18.0250 16.8898 13.9436 13.0976 11.9835 11.5609 10.4235  9.9235  9.7397  9.3888  8.7481  8.7166  8.3483
  31  0.275979  3.5760  4.9819 -1.8457 18.0013 16.8600 13.9189 13.0730 11.9599 11.5378 10.4023  9.9027  9.7190  9.3686  8.7304  8.6988  8.3314
  32  0.278281  3.5764  4.9801 -1.8385 17.9768 16.8293 13.8937 13.0477 11.9356 11.5141 10.3804  9.8813  9.6977  9.3478  8.7120  8.6806  8.3140
  33  0.280753  3.5769  4.9781 -1.8308 17.9507 16.7968 13.8669 13.0210 11.9100 11.4890 10.3573  9.8587  9.6753  9.3257  8.6926  8.6612  8.2953
  34  0.283420  3.5774  4.9757 -1.8225 17.9227 16.7623 13.8381 12.9924 11.8825 11.4621 10.3324  9.8343  9.6511  9.3020  8.6713  8.6401  8.2750
  35  0.286315  3.5779  4.9727 -1.8132 17.8925 16.7254 13.8072 12.9616 11.8527 11.4330 10.3054  9.8077  9.6246  9.2760  8.6480  8.6168  8.2527
  36  0.289467  3.5783  4.9693 -1.8031 17.8604 16.6866 13.7743 12.9287 11.8208 11.4016 10.2761  9.7788  9.5958  9.2477  8.6225  8.5913  8.2281
  37  0.289910  3.5780  4.9685 -1.8024 17.8559 16.6831 13.7730 12.9284 11.8236 11.4040 10.2788  9.7813  9.5984  9.2494  8.6217  8.5904  8.2261
  38  0.299478  3.5795  4.9574 -1.7713 17.7656 16.5688 13.6746 12.8294 11.7256 11.3073 10.1874  9.6907  9.5082  9.1606  8.5431  8.5121  8.1508
  39  0.321891  3.5851  4.9288 -1.6904 17.5174 16.2303 13.3995 12.5530 11.4538 11.0376  9.9358  9.4425  9.2611  8.9191  8.3377  8.3075  7.9580
  40  0.347360  3.5911  4.8947 -1.5987 17.1771 15.8116 13.0629 12.2207 11.1457 10.7351  9.6613  9.1768  8.9977  8.6624  8.1059  8.0767  7.7368
  41  0.368207  3.5975  4.8640 -1.5167 16.8486 15.4121 12.7416 11.9042 10.8583 10.4539  9.4107  8.9367  8.7605  8.4325  7.8982  7.8699  7.5397
  42  0.379907  3.6017  4.8454 -1.4674 16.6582 15.1712 12.5474 11.7120 10.6824 10.2810  9.2567  8.7895  8.6150  8.2919  7.7731  7.7453  7.4220
  43  0.390142  3.6059  4.8289 -1.4227 16.4844 14.9504 12.3681 11.5344 10.5201 10.1219  9.1160  8.6556  8.4828  8.1646  7.6599  7.6326  7.3159
  44  0.399441  3.6101  4.8141 -1.3809 16.3189 14.7423 12.1965 11.3641 10.3650  9.9704  8.9832  8.5302  8.3591  8.0461  7.5538  7.5273  7.2167
  45  0.408163  3.6144  4.8006 -1.3408 16.1577 14.5438 12.0285 11.1970 10.2130  9.8226  8.8550  8.4101  8.2410  7.9332  7.4522  7.4263  7.1218
  46  0.416511  3.6190  4.7882 -1.3015 15.9956 14.3463 11.8587 11.0273 10.0595  9.6741  8.7275  8.2917  8.1246  7.8228  7.3528  7.3275  7.0291
  47  0.424724  3.6238  4.7770 -1.2620 15.8271 14.1415 11.6804 10.8479  9.8989  9.5194  8.5964  8.1710  8.0064  7.7112  7.2527  7.2282  6.9367
  48  0.432625  3.6290  4.7668 -1.2233 15.6585 13.9373 11.4987 10.6650  9.7372  9.3641  8.4658  8.0517  7.8897  7.6018  7.1549  7.1313  6.8470
  49  0.440504  3.6344  4.7574 -1.1844 15.4883 13.7338 11.3104 10.4752  9.5712  9.2052  8.3329  7.9308  7.7717  7.4916  7.0571  7.0343  6.7577
  50  0.448113  3.6400  4.7492 -1.1466 15.3233 13.5370 11.1180 10.2826  9.4054  9.0467  8.2011  7.8117  7.6556  7.3839  6.9620  6.9401  6.6713
  51  0.455630  3.6456  4.7417 -1.1089 15.1420 13.3231 10.9189 10.0839  9.2395  8.8884  8.0699  7.6932  7.5403  7.2769  6.8675  6.8464  6.5856
  52  0.460460  3.6494  4.7370 -1.0848 15.0070 13.1663 10.7866  9.9515  9.1329  8.7864  7.9855  7.6169  7.4663  7.2080  6.8063  6.7858  6.5301
  53  0.465210  3.6532  4.7329 -1.0609 14.8584 12.9932 10.6497  9.8150  9.0267  8.6847  7.9018  7.5412  7.3931  7.1397  6.7456  6.7256  6.4749
  54  0.469879  3.6572  4.7292 -1.0370 14.6982 12.8041 10.5050  9.6731  8.9202  8.5828  7.8181  7.4658  7.3203  7.0718  6.6853  6.6659  6.4204
  55  0.474463  3.6610  4.7256 -1.0137 14.5303 12.6077 10.3574  9.5302  8.8155  8.4826  7.7361  7.3917  7.2490  7.0051  6.6260  6.6072  6.3668
  56  0.478965  3.6649  4.7223 -0.9906 14.3526 12.4034 10.2069  9.3861  8.7122  8.3837  7.6552  7.3186  7.1787  6.9393  6.5675  6.5492  6.3139
  57  0.483391  3.6689  4.7192 -0.9679 14.1654 12.1929 10.0546  9.2419  8.6105  8.2867  7.5757  7.2467  7.1097  6.8747  6.5099  6.4920  6.2619
  58  0.487734  3.6727  4.7161 -0.9456 13.9715 11.9804  9.9040  9.1006  8.5122  8.1928  7.4987  7.1767  7.0425  6.8117  6.4533  6.4361  6.2108
  59  0.491999  3.6766  4.7132 -0.9235 13.7678 11.7630  9.7539  8.9609  8.4162  8.1011  7.4232  7.1082  6.9767  6.7497  6.3977  6.3809  6.1603
  60  0.496182  3.6802  4.7101 -0.9020 13.5620 11.5497  9.6087  8.8268  8.3248  8.0139  7.3509  7.0421  6.9133  6.6898  6.3435  6.3272  6.1111
  61  0.500286  3.6839  4.7071 -0.8809 13.3454 11.3339  9.4635  8.6939  8.2354  7.9288  7.2802  6.9774  6.8512  6.6310  6.2903  6.2744  6.0627
  62  0.504323  3.6874  4.7039 -0.8601 13.1263 11.1238  9.3226  8.5661  8.1498  7.8475  7.2123  6.9149  6.7912  6.5739  6.2382  6.2228  6.0152
  63  0.508280  3.6908  4.7007 -0.8398 12.8922 10.9129  9.1823  8.4399  8.0664  7.7685  7.1461  6.8540  6.7327  6.5184  6.1874  6.1725  5.9688
  64  0.512133  3.6941  4.6974 -0.8200 12.6453 10.7054  9.0447  8.3173  7.9862  7.6927  7.0827  6.7954  6.6764  6.4647  6.1383  6.1238  5.9240
  65  0.515893  3.6974  4.6942 -0.8006 12.3941 10.5027  8.9094  8.1976  7.9081  7.6193  7.0211  6.7385  6.6216  6.4125  6.0906  6.0764  5.8804
  66  0.519563  3.7005  4.6908 -0.7816 12.1513 10.3110  8.7798  8.0831  7.8329  7.5487  6.9616  6.6834  6.5686  6.3620  6.0443  6.0304  5.8380
  67  0.523154  3.7036  4.6875 -0.7631 11.9188 10.1301  8.6552  7.9729  7.7601  7.4805  6.9037  6.6298  6.5169  6.3127  5.9991  5.9856  5.7965
  68  0.526674  3.7066  4.6841 -0.7449 11.7053  9.9643  8.5376  7.8685  7.6900  7.4147  6.8478  6.5777  6.4666  6.2647  5.9549  5.9418  5.7561
  69  0.530127  3.7094  4.6806 -0.7270 11.5358  9.8276  8.4318  7.7728  7.6226  7.3514  6.7935  6.5270  6.4174  6.2178  5.9117  5.8989  5.7163
  70  0.533536  3.7122  4.6768 -0.7093 11.3865  9.7058  8.3331  7.6828  7.5579  7.2904  6.7407  6.4775  6.3692  6.1717  5.8694  5.8569  5.6773
  71  0.536893  3.7150  4.6731 -0.6920 11.2487  9.5928  8.2386  7.5962  7.4944  7.2308  6.6891  6.4291  6.3221  6.1266  5.8277  5.8155  5.6390
  72  0.540205  3.7175  4.6692 -0.6749 11.1189  9.4871  8.1479  7.5130  7.4329  7.1729  6.6387  6.3817  6.2758  6.0823  5.7867  5.7749  5.6010
  73  0.543473  3.7202  4.6653 -0.6579 10.9916  9.3844  8.0589  7.4315  7.3723  7.1160  6.5892  6.3351  6.2304  6.0387  5.7465  5.7349  5.5638
  74  0.546703  3.7227  4.6613 -0.6412 10.8643  9.2833  7.9716  7.3517  7.3130  7.0603  6.5407  6.2894  6.1857  5.9960  5.7068  5.6956  5.5271
  75  0.549900  3.7252  4.6571 -0.6245 10.7203  9.1743  7.8824  7.2712  7.2543  7.0054  6.4930  6.2443  6.1418  5.9538  5.6678  5.6567  5.4908
  76  0.553066  3.7276  4.6529 -0.6082 10.5736  9.0651  7.7941  7.1918  7.1966  6.9515  6.4461  6.2001  6.0985  5.9124  5.6292  5.6184  5.4551
  77  0.556205  3.7300  4.6485 -0.5918 10.4260  8.9566  7.7074  7.1139  7.1399  6.8984  6.4000  6.1565  6.0559  5.8714  5.5911  5.5805  5.4196
  78  0.559321  3.7324  4.6440 -0.5755 10.2797  8.8495  7.6223  7.0375  7.0840  6.8463  6.3544  6.1135  6.0139  5.8309  5.5534  5.5431  5.3845
  79  0.562395  3.7346  4.6394 -0.5595 10.1361  8.7448  7.5390  6.9629  7.0293  6.7950  6.3098  6.0711  5.9725  5.7912  5.5162  5.5062  5.3498
  80  0.565432  3.7368  4.6346 -0.5436  9.9966  8.6429  7.4580  6.8903  6.9757  6.7449  6.2659  6.0296  5.9319  5.7520  5.4796  5.4697  5.3156
  81  0.568423  3.7389  4.6298 -0.5280  9.8622  8.5442  7.3792  6.8198  6.9232  6.6957  6.2228  5.9887  5.8919  5.7135  5.4436  5.4339  5.2818
  82  0.572516  3.7418  4.6229 -0.5065  9.6878  8.4138  7.2741  6.7254  6.8520  6.6290  6.1642  5.9331  5.8374  5.6610  5.3944  5.3849  5.2356
  83  0.576594  3.7445  4.6156 -0.4851  9.5201  8.2871  7.1713  6.6330  6.7817  6.5629  6.1060  5.8777  5.7832  5.6086  5.3452  5.3361  5.1894
  84  0.580656  3.7472  4.6080 -0.4636  9.3586  8.1641  7.0709  6.5425  6.7122  6.4976  6.0483  5.8228  5.7292  5.5566  5.2962  5.2872  5.1432
  85  0.584688  3.7499  4.6000 -0.4421  9.2027  8.0445  6.9730  6.4541  6.6437  6.4331  5.9910  5.7681  5.6756  5.5047  5.2473  5.2386  5.0969
  86  0.588685  3.7524  4.5917 -0.4207  9.0518  7.9278  6.8778  6.3683  6.5759  6.3691  5.9342  5.7138  5.6223  5.4532  5.1986  5.1901  5.0508
  87  0.592639  3.7549  4.5833 -0.3994  8.9064  7.8144  6.7854  6.2850  6.5092  6.3060  5.8778  5.6599  5.5692  5.4017  5.1499  5.1417  5.0046
  88  0.596544  3.7573  4.5744 -0.3782  8.7669  7.7044  6.6958  6.2042  6.4434  6.2437  5.8219  5.6063  5.5166  5.3507  5.1015  5.0934  4.9585
  89  0.600390  3.7596  4.5653 -0.3570  8.6324  7.5975  6.6085  6.1254  6.3785  6.1822  5.7666  5.5532  5.4643  5.2999  5.0532  5.0454  4.9125
  90  0.604165  3.7618  4.5560 -0.3361  8.5024  7.4934  6.5232  6.0485  6.3146  6.1215  5.7119  5.5005  5.4124  5.2495  5.0052  4.9977  4.8668
  91  0.607857  3.7640  4.5465 -0.3152  8.3765  7.3917  6.4398  5.9735  6.2517  6.0616  5.6577  5.4484  5.3611  5.1997  4.9577  4.9504  4.8213
  92  0.611465  3.7661  4.5367 -0.2945  8.2551  7.2931  6.3587  5.9004  6.1896  6.0025  5.6042  5.3970  5.3103  5.1502  4.9107  4.9033  4.7761
  93  0.614992  3.7681  4.5267 -0.2740  8.1383  7.1974  6.2801  5.8290  6.1287  5.9444  5.5513  5.3459  5.2600  5.1013  4.8639  4.8567  4.7313
  94  0.618433  3.7701  4.5166 -0.2537  8.0251  7.1040  6.2033  5.7593  6.0685  5.8869  5.4989  5.2954  5.2102  5.0529  4.8175  4.8107  4.6867
  95  0.621786  3.7719  4.5062 -0.2336  7.9151  7.0125  6.1283  5.6909  6.0092  5.8302  5.4472  5.2456  5.1612  5.0050  4.7718  4.7650  4.6426
  96  0.625047  3.7737  4.4958 -0.2138  7.8085  6.9231  6.0557  5.6236  5.9507  5.7742  5.3960  5.1965  5.1128  4.9579  4.7267  4.7200  4.5991
  97  0.628215  3.7754  4.4852 -0.1940  7.7051  6.8360  5.9851  5.5577  5.8931  5.7191  5.3455  5.1479  5.0650  4.9113  4.6820  4.6755  4.5561
  98  0.631291  3.7770  4.4745 -0.1745  7.6060  6.7519  5.9163  5.4939  5.8365  5.6648  5.2956  5.1000  5.0177  4.8652  4.6377  4.6314  4.5134
  99  0.634275  3.7787  4.4636 -0.1553  7.5104  6.6704  5.8494  5.4319  5.7811  5.6115  5.2464  5.0525  4.9710  4.8195  4.5938  4.5876  4.4709
 100  0.637166  3.7801  4.4526 -0.1363  7.4189  6.5920  5.7837  5.3724  5.7267  5.5592  5.1980  5.0056  4.9246  4.7742  4.5502  4.5440  4.4285
 101  0.639968  3.7816  4.4415 -0.1176  7.3303  6.5158  5.7193  5.3146  5.6735  5.5078  5.1504  4.9593  4.8788  4.7293  4.5069  4.5009  4.3864
 102  0.642685  3.7829  4.4303 -0.0990  7.2455  6.4425  5.6568  5.2585  5.6212  5.4572  5.1035  4.9134  4.8333  4.6850  4.4639  4.4580  4.3446
 103  0.645318  3.7843  4.4190 -0.0807  7.1631  6.3711  5.5957  5.2038  5.5698  5.4073  5.0571  4.8681  4.7885  4.6410  4.4214  4.4155  4.3033
 104  0.647875  3.7856  4.4077 -0.0625  7.0830  6.3015  5.5362  5.1500  5.5189  5.3581  5.0112  4.8234  4.7443  4.5977  4.3794  4.3738  4.2623
 105  0.650360  3.7868  4.3962 -0.0446  7.0048  6.2333  5.4780  5.0968  5.4685  5.3093  4.9658  4.7792  4.7005  4.5549  4.3382  4.3325  4.2221
 106  0.652778  3.7880  4.3847 -0.0268  6.9292  6.1673  5.4215  5.0450  5.4188  5.2610  4.9207  4.7355  4.6573  4.5126  4.2972  4.2916  4.1822
 107  0.655140  3.7890  4.3730 -0.0093  6.8567  6.1036  5.3668  4.9944  5.3698  5.2135  4.8761  4.6921  4.6144  4.4705  4.2564  4.2510  4.1423
 108  0.657451  3.7901  4.3613  0.0082  6.7860  6.0416  5.3133  4.9449  5.3215  5.1663  4.8319  4.6490  4.5718  4.4287  4.2159  4.2105  4.1027
 109  0.659722  3.7910  4.3495  0.0254  6.7179  5.9815  5.2612  4.8964  5.2737  5.1197  4.7880  4.6063  4.5294  4.3872  4.1755  4.1702  4.0632
 110  0.661962  3.7920  4.3376  0.0427  6.6522  5.9230  5.2104  4.8491  5.2267  5.0738  4.7445  4.5636  4.4873  4.3457  4.1351  4.1299  4.0236
 111  0.664155  3.7929  4.3256  0.0597  6.5882  5.8659  5.1606  4.8028  5.1802  5.0283  4.7012  4.5213  4.4453  4.3044  4.0949  4.0897  3.9841
 112  0.664936  3.7933  4.3213  0.0659  6.5645  5.8448  5.1422  4.7857  5.1631  5.0116  4.6853  4.5059  4.4299  4.2893  4.0802  4.0751  3.9697
 113  0.665716  3.7937  4.3170  0.0723  6.5400  5.8231  5.1235  4.7684  5.1457  4.9946  4.6692  4.4901  4.4143  4.2740  4.0653  4.0602  3.9551
 114  0.666495  3.7940  4.3127  0.0786  6.5151  5.8012  5.1046  4.7507  5.1281  4.9774  4.6529  4.4742  4.3986  4.2585  4.0503  4.0451  3.9404
 115  0.667272  3.7944  4.3083  0.0852  6.4900  5.7790  5.0854  4.7330  5.1102  4.9600  4.6365  4.4581  4.3826  4.2428  4.0351  4.0300  3.9255
 116  0.668050  3.7948  4.3039  0.0916  6.4648  5.7566  5.0661  4.7152  5.0921  4.9423  4.6198  4.4418  4.3664  4.2269  4.0196  4.0145  3.9104
 117  0.668826  3.7952  4.2993  0.0983  6.4400  5.7345  5.0469  4.6973  5.0740  4.9245  4.6029  4.4253  4.3500  4.2108  4.0040  3.9989  3.8950
 118  0.669600  3.7955  4.2945  0.1051  6.4156  5.7126  5.0277  4.6795  5.0558  4.9066  4.5858  4.4085  4.3335  4.1945  3.9880  3.9830  3.8794
 119  0.670370  3.7959  4.2894  0.1119  6.3917  5.6910  5.0085  4.6615  5.0374  4.8886  4.5685  4.3916  4.3166  4.1778  3.9718  3.9667  3.8634
 120  0.671137  3.7962  4.2842  0.1188  6.3680  5.6695  4.9893  4.6435  5.0188  4.8703  4.5509  4.3743  4.2994  4.1609  3.9551  3.9502  3.8470
 121  0.671900  3.7964  4.2787  0.1259  6.3449  5.6482  4.9702  4.6253  5.0001  4.8519  4.5331  4.3568  4.2820  4.1436  3.9382  3.9333  3.8303
 122  0.672660  3.7967  4.2731  0.1329  6.3219  5.6269  4.9510  4.6071  4.9813  4.8333  4.5152  4.3391  4.2645  4.1263  3.9211  3.9161  3.8133
 123  0.673417  3.7969  4.2673  0.1402  6.2987  5.6056  4.9316  4.5887  4.9622  4.8146  4.4971  4.3211  4.2466  4.1086  3.9038  3.8987  3.7961
 124  0.674168  3.7971  4.2614  0.1475  6.2753  5.5840  4.9120  4.5701  4.9430  4.7955  4.4786  4.3030  4.2285  4.0907  3.8861  3.8811  3.7787
 125  0.674917  3.7974  4.2555  0.1547  6.2522  5.5625  4.8925  4.5515  4.9236  4.7764  4.4600  4.2847  4.2103  4.0727  3.8683  3.8633  3.7610
 126  0.675663  3.7976  4.2494  0.1622  6.2288  5.5408  4.8728  4.5326  4.9040  4.7570  4.4413  4.2661  4.1918  4.0544  3.8504  3.8454  3.7432
 127  0.676407  3.7978  4.2432  0.1696  6.2058  5.5195  4.8531  4.5139  4.8843  4.7377  4.4224  4.2475  4.1733  4.0360  3.8322  3.8273  3.7252
 128  0.677148  3.7979  4.2368  0.1772  6.1830  5.4982  4.8333  4.4950  4.8646  4.7182  4.4034  4.2287  4.1545  4.0174  3.8139  3.8089  3.7069
 129  0.677884  3.7981  4.2304  0.1848  6.1603  5.4768  4.8136  4.4760  4.8448  4.6985  4.3843  4.2097  4.1356  3.9986  3.7953  3.7903  3.6885
 130  0.678616  3.7983  4.2237  0.1925  6.1380  5.4556  4.7939  4.4571  4.8249  4.6787  4.3650  4.1906  4.1165  3.9797  3.7765  3.7716  3.6698
 131  0.679343  3.7984  4.2169  0.2002  6.1162  5.4349  4.7742  4.4380  4.8049  4.6589  4.3455  4.1712  4.0972  3.9605  3.7575  3.7525  3.6508
 132  0.680065  3.7985  4.2098  0.2081  6.0950  5.4144  4.7547  4.4190  4.7848  4.6389  4.3259  4.1516  4.0777  3.9410  3.7381  3.7331  3.6315
 133  0.680781  3.7985  4.2025  0.2160  6.0741  5.3941  4.7352  4.4000  4.7647  4.6189  4.3060  4.1319  4.0580  3.9213  3.7185  3.7135  3.6119
 134  0.681490  3.7985  4.1951  0.2239  6.0538  5.3741  4.7158  4.3809  4.7445  4.5988  4.2860  4.1119  4.0380  3.9014  3.6986  3.6937  3.5920
 135  0.682191  3.7985  4.1875  0.2320  6.0338  5.3544  4.6963  4.3618  4.7242  4.5785  4.2658  4.0918  4.0179  3.8813  3.6785  3.6736  3.5718
 136  0.682886  3.7985  4.1795  0.2401  6.0144  5.3349  4.6771  4.3426  4.7038  4.5582  4.2455  4.0714  3.9976  3.8609  3.6581  3.6532  3.5513
 137  0.683573  3.7984  4.1715  0.2483  5.9956  5.3157  4.6579  4.3236  4.6834  4.5377  4.2250  4.0509  3.9770  3.8403  3.6374  3.6325  3.5305
 138  0.684252  3.7982  4.1631  0.2566  5.9774  5.2970  4.6388  4.3043  4.6629  4.5171  4.2043  4.0301  3.9562  3.8195  3.6165  3.6115  3.5094
 139  0.684921  3.7980  4.1545  0.2649  5.9600  5.2787  4.6199  4.2853  4.6425  4.4966  4.1836  4.0092  3.9353  3.7984  3.5953  3.5903  3.4879
 140  0.685582  3.7979  4.1457  0.2733  5.9434  5.2608  4.6011  4.2662  4.6220  4.4760  4.1626  3.9881  3.9141  3.7770  3.5737  3.5687  3.4662
 141  0.686233  3.7976  4.1365  0.2818  5.9278  5.2436  4.5828  4.2473  4.6016  4.4553  4.1415  3.9668  3.8927  3.7555  3.5518  3.5469  3.4441
 142  0.686874  3.7973  4.1271  0.2904  5.9129  5.2269  4.5644  4.2284  4.5812  4.4347  4.1202  3.9453  3.8711  3.7337  3.5297  3.5248  3.4217
 143  0.687504  3.7969  4.1173  0.2990  5.8992  5.2108  4.5465  4.2096  4.5607  4.4140  4.0989  3.9236  3.8493  3.7116  3.5073  3.5023  3.3989
 144  0.688124  3.7964  4.1073  0.3077  5.8865  5.1955  4.5288  4.1910  4.5404  4.3934  4.0774  3.9018  3.8274  3.6894  3.4846  3.4795  3.3758
 145  0.688732  3.7960  4.0969  0.3165  5.8746  5.1806  4.5113  4.1725  4.5202  4.3726  4.0558  3.8797  3.8052  3.6669  3.4616  3.4565  3.3524
 146  0.689329  3.7954  4.0862  0.3253  5.8645  5.1669  4.4945  4.1543  4.5001  4.3521  4.0342  3.8576  3.7828  3.6442  3.4382  3.4331  3.3284
 147  0.689914  3.7947  4.0751  0.3341  5.8551  5.1536  4.4778  4.1361  4.4801  4.3315  4.0125  3.8353  3.7603  3.6212  3.4147  3.4095  3.3043
 148  0.690486  3.7940  4.0637  0.3430  5.8476  5.1416  4.4618  4.1185  4.4603  4.3111  3.9906  3.8129  3.7377  3.5981  3.3908  3.3855  3.2797
 149  0.691045  3.7932  4.0520  0.3519  5.8409  5.1301  4.4461  4.1010  4.4405  4.2907  3.9687  3.7902  3.7149  3.5748  3.3666  3.3613  3.2550
 150  0.691592  3.7924  4.0399  0.3610  5.8360  5.1198  4.4310  4.0838  4.4210  4.2704  3.9468  3.7676  3.6918  3.5512  3.3422  3.3367  3.2297
 151  0.692125  3.7915  4.0273  0.3701  5.8334  5.1112  4.4168  4.0672  4.4017  4.2503  3.9248  3.7447  3.6687  3.5274  3.3174  3.3119  3.2040
 152  0.692643  3.7904  4.0142  0.3792  5.8337  5.1045  4.4036  4.0513  4.3830  4.2306  3.9029  3.7218  3.6454  3.5034  3.2922  3.2866  3.1779
 153  0.693150  3.7891  4.0006  0.3883  5.8380  5.1009  4.3921  4.0364  4.3648  4.2112  3.8809  3.6988  3.6219  3.4791  3.2666  3.2609  3.1512
 154  0.693642  3.7878  3.9861  0.3975  5.8474  5.1011  4.3827  4.0230  4.3472  4.1923  3.8590  3.6755  3.5982  3.4545  3.2405  3.2348  3.1238
 155  0.694121  3.7862  3.9712  0.4066  5.8605  5.1038  4.3747  4.0105  4.3304  4.1737  3.8372  3.6523  3.5745  3.4298  3.2141  3.2082  3.0960
 156  0.694586  3.7846  3.9557  0.4158  5.8778  5.1098  4.3684  3.9992  4.3140  4.1556  3.8154  3.6291  3.5508  3.4048  3.1874  3.1813  3.0677
 157  0.695037  3.7828  3.9397  0.4250  5.8990  5.1184  4.3637  3.9891  4.2983  4.1379  3.7939  3.6058  3.5268  3.3798  3.1603  3.1542  3.0391
 158  0.695476  3.7807  3.9225  0.4342  5.9274  5.1320  4.3617  3.9810  4.2840  4.1212  3.7725  3.5826  3.5029  3.3545  3.1328  3.1265  3.0096
 159  0.695898  3.7783  3.9041  0.4433  5.9659  5.1529  4.3640  3.9757  4.2715  4.1060  3.7518  3.5596  3.4791  3.3289  3.1045  3.0981  2.9791
 160  0.696309  3.7756  3.8847  0.4522  6.0129  5.1796  4.3701  3.9733  4.2606  4.0919  3.7315  3.5368  3.4552  3.3032  3.0760  3.0693  2.9481
 161  0.696705  3.7729  3.8646  0.4612  6.0664  5.2108  4.3793  3.9730  4.2509  4.0787  3.7115  3.5140  3.4315  3.2775  3.0472  3.0402  2.9167
 162  0.697101  3.7697  3.8433  0.4701  6.1311  5.2491  4.3927  3.9763  4.2431  4.0669  3.6920  3.4914  3.4078  3.2516  3.0177  3.0105  2.8844
 163  0.697494  3.7667  3.8224  0.4795  6.1911  5.2828  4.4036  3.9778  4.2335  4.0536  3.6716  3.4682  3.3836  3.2254  2.9882  2.9808  2.8521
 164  0.697884  3.7639  3.8019  0.4893  6.2475  5.3129  4.4126  3.9783  4.2226  4.0392  3.6503  3.4444  3.3587  3.1987  2.9584  2.9507  2.8197
 165  0.698269  3.7614  3.7815  0.4995  6.3030  5.3408  4.4201  3.9780  4.2104  4.0235  3.6280  3.4195  3.3330  3.1711  2.9279  2.9200  2.7865
 166  0.698648  3.7587  3.7602  0.5103  6.3628  5.3700  4.4284  3.9779  4.1976  4.0070  3.6048  3.3934  3.3060  3.1422  2.8959  2.8877  2.7518
 167  0.699018  3.7559  3.7379  0.5218  6.4265  5.4003  4.4367  3.9779  4.1838  3.9892  3.5797  3.3657  3.2773  3.1115  2.8619  2.8536  2.7152
 168  0.699373  3.7533  3.7149  0.5343  6.4907  5.4295  4.4438  3.9767  4.1681  3.9696  3.5527  3.3358  3.2465  3.0787  2.8258  2.8172  2.6762
 169  0.699712  3.7507  3.6916  0.5477  6.5476  5.4530  4.4466  3.9717  4.1490  3.9468  3.5231  3.3037  3.2133  3.0438  2.7879  2.7790  2.6355
 170  0.700033  3.7484  3.6681  0.5620  6.5970  5.4707  4.4449  3.9627  4.1267  3.9210  3.4911  3.2693  3.1780  3.0068  2.7482  2.7390  2.5934
 171  0.700337  3.7463  3.6447  0.5772  6.6368  5.4816  4.4379  3.9494  4.1011  3.8924  3.4569  3.2329  3.1410  2.9683  2.7070  2.6978  2.5501
 172  0.700624  3.7445  3.6218  0.5929  6.6661  5.4852  4.4258  3.9318  4.0724  3.8609  3.4207  3.1949  3.1023  2.9283  2.6649  2.6555  2.5060
 173  0.700899  3.7428  3.5991  0.6092  6.6872  5.4831  4.4097  3.9109  4.0413  3.8273  3.3830  3.1556  3.0624  2.8872  2.6221  2.6124  2.4613
 174  0.701160  3.7414  3.5770  0.6259  6.7021  5.4760  4.3901  3.8870  4.0080  3.7920  3.3439  3.1151  3.0216  2.8454  2.5785  2.5688  2.4163
 175  0.701412  3.7402  3.5552  0.6428  6.7099  5.4641  4.3672  3.8605  3.9730  3.7551  3.3040  3.0740  2.9800  2.8031  2.5346  2.5248  2.3711
 176  0.701657  3.7390  3.5338  0.6600  6.7115  5.4481  4.3416  3.8318  3.9365  3.7169  3.2631  3.0322  2.9378  2.7601  2.4904  2.4805  2.3257
 177  0.701895  3.7381  3.5127  0.6773  6.7079  5.4287  4.3136  3.8012  3.8989  3.6779  3.2217  2.9898  2.8952  2.7168  2.4461  2.4360  2.2803
 178  0.702127  3.7372  3.4918  0.6948  6.7013  5.4075  4.2843  3.7694  3.8605  3.6383  3.1798  2.9471  2.8522  2.6733  2.4015  2.3912  2.2346
 179  0.702354  3.7363  3.4710  0.7123  6.6929  5.3849  4.2542  3.7371  3.8218  3.5983  3.1378  2.9042  2.8090  2.6295  2.3567  2.3464  2.1889
 180  0.702578  3.7355  3.4504  0.7299  6.6816  5.3605  4.2228  3.7036  3.7826  3.5579  3.0954  2.8611  2.7657  2.5856  2.3118  2.3015  2.1431
 181  0.702797  3.7348  3.4298  0.7476  6.6684  5.3349  4.1906  3.6695  3.7427  3.5171  3.0528  2.8178  2.7220  2.5415  2.2668  2.2564  2.0973
 182  0.702969  3.7342  3.4136  0.7617  6.6562  5.3136  4.1643  3.6418  3.7109  3.4843  3.0187  2.7831  2.6871  2.5063  2.2309  2.2204  2.0607
 183  0.703141  3.7337  3.3972  0.7761  6.6427  5.2912  4.1372  3.6134  3.6783  3.4511  2.9841  2.7479  2.6519  2.4706  2.1946  2.1840  2.0237
 184  0.703312  3.7331  3.3808  0.7906  6.6278  5.2679  4.1092  3.5841  3.6451  3.4170  2.9488  2.7122  2.6160  2.4343  2.1577  2.1470  1.9863
 185  0.703483  3.7327  3.3641  0.8053  6.6126  5.2442  4.0810  3.5545  3.6115  3.3827  2.9132  2.6760  2.5797  2.3976  2.1204  2.1097  1.9484
 186  0.703654  3.7321  3.3472  0.8203  6.5969  5.2198  4.0520  3.5242  3.5772  3.3476  2.8769  2.6392  2.5427  2.3603  2.0824  2.0717  1.9099
 187  0.703823  3.7316  3.3301  0.8355  6.5802  5.1947  4.0222  3.4932  3.5423  3.3120  2.8399  2.6018  2.5051  2.3224  2.0438  2.0331  1.8705
 188  0.703992  3.7311  3.3127  0.8511  6.5620  5.1682  3.9915  3.4612  3.5066  3.2755  2.8023  2.5636  2.4668  2.2837  2.0046  1.9937  1.8307
 189  0.704159  3.7306  3.2951  0.8669  6.5434  5.1412  3.9600  3.4287  3.4701  3.2382  2.7638  2.5246  2.4276  2.2442  1.9643  1.9535  1.7900
 190  0.704327  3.7302  3.2768  0.8833  6.5239  5.1130  3.9274  3.3948  3.4322  3.1996  2.7240  2.4844  2.3872  2.2034  1.9230  1.9120  1.7480
 191  0.704491  3.7297  3.2580  0.9001  6.5037  5.0839  3.8938  3.3599  3.3933  3.1600  2.6830  2.4429  2.3455  2.1613  1.8802  1.8693  1.7046
 192  0.704653  3.7292  3.2387  0.9175  6.4820  5.0532  3.8587  3.3236  3.3529  3.1189  2.6407  2.4000  2.3025  2.1179  1.8362  1.8251  1.6600
 193  0.704813  3.7286  3.2187  0.9356  6.4603  5.0220  3.8228  3.2864  3.3114  3.0766  2.5970  2.3558  2.2581  2.0732  1.7907  1.7797  1.6139
 194  0.704970  3.7281  3.1980  0.9542  6.4372  4.9893  3.7853  3.2478  3.2684  3.0327  2.5518  2.3101  2.2122  2.0268  1.7437  1.7326  1.5662
 195  0.705125  3.7276  3.1765  0.9736  6.4133  4.9554  3.7465  3.2075  3.2237  2.9871  2.5048  2.2625  2.1644  1.9786  1.6947  1.6835  1.5166
 196  0.705275  3.7270  3.1544  0.9935  6.3883  4.9200  3.7062  3.1659  3.1774  2.9400  2.4563  2.2133  2.1151  1.9289  1.6442  1.6330  1.4653
 197  0.705422  3.7264  3.1313  1.0143  6.3633  4.8841  3.6648  3.1231  3.1296  2.8913  2.4060  2.1623  2.0639  1.8772  1.5918  1.5805  1.4122
 198  0.705567  3.7258  3.1075  1.0356  6.3381  4.8473  3.6224  3.0793  3.0806  2.8414  2.3544  2.1101  2.0115  1.8242  1.5379  1.5265  1.3576
 199  0.705707  3.7251  3.0832  1.0574  6.3104  4.8086  3.5785  3.0339  3.0303  2.7901  2.3014  2.0564  1.9575  1.7698  1.4827  1.4712  1.3015
 200  0.705844  3.7244  3.0582  1.0798  6.2794  4.7675  3.5331  2.9871  2.9785  2.7375  2.2470  2.0013  1.9022  1.7141  1.4260  1.4145  1.2439
 201  0.705977  3.7238  3.0325  1.1028  6.2484  4.7260  3.4869  2.9396  2.9258  2.6837  2.1915  1.9450  1.8458  1.6570  1.3680  1.3564  1.1851
 202  0.706107  3.7230  3.0062  1.1263  6.2176  4.6840  3.4401  2.8912  2.8722  2.6289  2.1347  1.8875  1.7880  1.5987  1.3086  1.2970  1.1249
 203  0.706234  3.7223  2.9791  1.1503  6.1879  4.6421  3.3930  2.8422  2.8175  2.5732  2.0770  1.8289  1.7291  1.5392  1.2482  1.2364  1.0634
 204  0.706357  3.7214  2.9514  1.1747  6.1596  4.6005  3.3457  2.7930  2.7621  2.5166  2.0182  1.7691  1.6692  1.4786  1.1864  1.1746  1.0006
 205  0.706476  3.7205  2.9229  1.1997  6.1323  4.5593  3.2980  2.7433  2.7059  2.4590  1.9583  1.7085  1.6081  1.4169  1.1235  1.1116  0.9367
 206  0.706591  3.7196  2.8939  1.2250  6.1056  4.5180  3.2500  2.6928  2.6489  2.4006  1.8974  1.6466  1.5460  1.3541  1.0595  1.0475  0.8714
 207  0.706702  3.7186  2.8643  1.2508  6.0800  4.4769  3.2016  2.6421  2.5910  2.3413  1.8357  1.5838  1.4829  1.2903  0.9944  0.9823  0.8051
 208  0.706809  3.7176  2.8342  1.2770  6.0555  4.4361  3.1529  2.5909  2.5324  2.2813  1.7729  1.5201  1.4188  1.2255  0.9283  0.9160  0.7378
 209  0.706913  3.7166  2.8035  1.3036  6.0327  4.3959  3.1042  2.5396  2.4732  2.2205  1.7094  1.4554  1.3539  1.1598  0.8612  0.8488  0.6694
 210  0.707012  3.7155  2.7723  1.3307  6.0120  4.3565  3.0556  2.4881  2.4135  2.1591  1.6452  1.3900  1.2882  1.0932  0.7932  0.7807  0.6000
 211  0.707107  3.7144  2.7406  1.3580  5.9933  4.3181  3.0071  2.4364  2.3532  2.0971  1.5801  1.3239  1.2216  1.0258  0.7244  0.7117  0.5297
 212  0.707199  3.7133  2.7085  1.3856  5.9773  4.2811  2.9589  2.3849  2.2925  2.0345  1.5144  1.2570  1.1544  0.9578  0.6547  0.6419  0.4585
 213  0.707286  3.7121  2.6759  1.4136  5.9641  4.2457  2.9111  2.3336  2.2314  1.9716  1.4481  1.1894  1.0865  0.8889  0.5842  0.5712  0.3866
 214  0.707370  3.7109  2.6430  1.4419  5.9542  4.2121  2.8636  2.2824  2.1699  1.9081  1.3813  1.1212  1.0178  0.8194  0.5131  0.4999  0.3138
 215  0.707450  3.7097  2.6096  1.4704  5.9619  4.1866  2.8192  2.2332  2.1085  1.8443  1.3139  1.0523  0.9485  0.7490  0.4410  0.4278  0.2403
 216  0.707525  3.7084  2.5758  1.4992  5.9754  4.1646  2.7757  2.1848  2.0469  1.7802  1.2458  0.9829  0.8785  0.6782  0.3683  0.3550  0.1661
 217  0.707537  3.7082  2.5704  1.5039  5.9777  4.1613  2.7688  2.1771  2.0370  1.7698  1.2348  0.9717  0.8673  0.6667  0.3566  0.3433  0.1541
 218  0.707549  3.7080  2.5649  1.5085  5.9799  4.1580  2.7620  2.1693  2.0271  1.7595  1.2239  0.9605  0.8560  0.6552  0.3448  0.3314  0.1420
 219  0.707561  3.7078  2.5594  1.5133  5.9820  4.1545  2.7549  2.1615  2.0171  1.7491  1.2128  0.9491  0.8446  0.6436  0.3330  0.3195  0.1300
 220  0.707573  3.7076  2.5539  1.5179  5.9846  4.1515  2.7481  2.1538  2.0072  1.7387  1.2018  0.9378  0.8332  0.6321  0.3211  0.3077  0.1178
 221  0.707584  3.7074  2.5483  1.5227  5.9871  4.1485  2.7412  2.1460  1.9972  1.7283  1.1906  0.9264  0.8217  0.6204  0.3092  0.2957  0.1055
 222  0.707596  3.7072  2.5427  1.5274  5.9896  4.1453  2.7344  2.1383  1.9870  1.7178  1.1794  0.9149  0.8101  0.6086  0.2971  0.2836  0.0933
 223  0.707607  3.7070  2.5370  1.5322  5.9927  4.1424  2.7276  2.1306  1.9770  1.7073  1.1682  0.9034  0.7985  0.5969  0.2850  0.2715  0.0809
 224  0.707619  3.7067  2.5313  1.5370  5.9954  4.1396  2.7206  2.1228  1.9669  1.6967  1.1569  0.8918  0.7868  0.5851  0.2729  0.2593  0.0684
 225  0.707630  3.7065  2.5256  1.5418  5.9987  4.1370  2.7138  2.1151  1.9567  1.6861  1.1455  0.8802  0.7751  0.5732  0.2606  0.2470  0.0559
 226  0.707641  3.7063  2.5199  1.5467  6.0018  4.1342  2.7069  2.1073  1.9465  1.6754  1.1340  0.8685  0.7633  0.5613  0.2483  0.2348  0.0433
 227  0.707743  3.7041  2.4641  1.5935  6.0390  4.1160  2.6445  2.0354  1.8496  1.5737  1.0249  0.7565  0.6503  0.4464  0.1302  0.1164 -0.0776
 228  0.707835  3.7017  2.4069  1.6411  6.0826  4.1093  2.5862  1.9671  1.7532  1.4718  0.9146  0.6430  0.5357  0.3297  0.0099 -0.0042 -0.2010
 229  0.707921  3.6992  2.3499  1.6884  6.1346  4.1075  2.5308  1.9011  1.6586  1.3716  0.8056  0.5307  0.4223  0.2142 -0.1094 -0.1237 -0.3235
 230  0.707999  3.6969  2.2968  1.7324  6.1889  4.1056  2.4794  1.8395  1.5704  1.2782  0.7040  0.4259  0.3166  0.1063 -0.2207 -0.2354 -0.4376
 231  0.708066  3.6948  2.2481  1.7727  6.2375  4.1060  2.4330  1.7837  1.4900  1.1929  0.6110  0.3300  0.2198  0.0076 -0.3227 -0.3375 -0.5424
 232  0.708131  3.6928  2.2029  1.8101  6.2647  4.1004  2.3876  1.7298  1.4153  1.1138  0.5250  0.2413  0.1302 -0.0836 -0.4170 -0.4320 -0.6392
 233  0.708192  3.6916  2.1699  1.8378  6.2789  4.0842  2.3488  1.6855  1.3581  1.0537  0.4602  0.1748  0.0632 -0.1519 -0.4872 -0.5024 -0.7111
 234  0.708251  3.6905  2.1428  1.8609  6.2900  4.0636  2.3133  1.6456  1.3090  1.0025  0.4054  0.1187  0.0067 -0.2092 -0.5459 -0.5613 -0.7711
 235  0.708308  3.6883  2.0937  1.9013  6.3188  4.0688  2.2687  1.5914  1.2303  0.9185  0.3134  0.0236 -0.0894 -0.3073 -0.6475 -0.6631 -0.8756
 236  0.708360  3.6857  2.0388  1.9459  6.3484  4.0883  2.2250  1.5366  1.1457  0.8279  0.2132 -0.0802 -0.1945 -0.4149 -0.7591 -0.7750 -0.9907
 237  0.708408  3.6831  1.9847  1.9896  6.3732  4.1151  2.1854  1.4858  1.0640  0.7400  0.1156 -0.1816 -0.2971 -0.5199 -0.8683 -0.8845 -1.1036
 238  0.708451  3.6807  1.9359  2.0288  6.3942  4.1509  2.1546  1.4446  0.9928  0.6629  0.0295 -0.2714 -0.3879 -0.6132 -0.9655 -0.9821 -1.2042
 239  0.708491  3.6787  1.8953  2.0614  6.4049  4.1901  2.1320  1.4132  0.9348  0.5999 -0.0416 -0.3455 -0.4629 -0.6903 -1.0459 -1.0628 -1.2876
 240  0.708529  3.6773  1.8670  2.0843  6.4002  4.2330  2.1191  1.3937  0.8946  0.5559 -0.0910 -0.3972 -0.5153 -0.7440 -1.1020 -1.1190 -1.3458
 241  0.708566  3.6750  1.8196  2.1221  6.4135  4.2853  2.0958  1.3605  0.8281  0.4833 -0.1731 -0.4831 -0.6024 -0.8335 -1.1954 -1.2128 -1.4427
 242  0.708600  3.6721  1.7625  2.1674  6.4327  4.3436  2.0688  1.3218  0.7494  0.3971 -0.2712 -0.5858 -0.7063 -0.9406 -1.3073 -1.3250 -1.5588
 243  0.708630  3.6692  1.7069  2.2116  6.4461  4.4029  2.0448  1.2868  0.6740  0.3141 -0.3661 -0.6853 -0.8072 -1.0445 -1.4159 -1.4339 -1.6717
 244  0.708658  3.6664  1.6524  2.2547  6.4534  4.4629  2.0233  1.2551  0.6012  0.2336 -0.4583 -0.7822 -0.9056 -1.1458 -1.5219 -1.5404 -1.7819
 245  0.708683  3.6634  1.5982  2.2974  6.4562  4.5236  2.0044  1.2265  0.5305  0.1550 -0.5492 -0.8778 -1.0026 -1.2458 -1.6267 -1.6457 -1.8911
 246  0.708706  3.6606  1.5444  2.3396  6.4558  4.5853  1.9892  1.2025  0.4628  0.0791 -0.6377 -0.9713 -1.0977 -1.3441 -1.7297 -1.7491 -1.9985
 247  0.708726  3.6578  1.4934  2.3796  6.4499  4.6442  1.9781  1.1841  0.4005  0.0087 -0.7209 -1.0594 -1.1873 -1.4367 -1.8270 -1.8468 -2.1001
 248  0.708746  3.6551  1.4434  2.4186  6.4397  4.7009  1.9694  1.1690  0.3413 -0.0588 -0.8011 -1.1447 -1.2741 -1.5268 -1.9217 -1.9418 -2.1990
 249  0.708762  3.6523  1.3948  2.4565  6.4275  4.7558  1.9637  1.1575  0.2856 -0.1227 -0.8779 -1.2268 -1.3577 -1.6135 -2.0132 -2.0337 -2.2947
 250  0.708778  3.6495  1.3461  2.4940  6.4144  4.8112  1.9611  1.1501  0.2324 -0.1846 -0.9533 -1.3076 -1.4401 -1.6991 -2.1037 -2.1247 -2.3897
 251  0.708793  3.6468  1.2991  2.5303  6.3992  4.8625  1.9602  1.1450  0.1826 -0.2429 -1.0250 -1.3847 -1.5188 -1.7811 -2.1905 -2.2118 -2.4809
 252  0.708807  3.6441  1.2526  2.5661  6.3820  4.9111  1.9606  1.1419  0.1345 -0.2996 -1.0956 -1.4607 -1.5964 -1.8619 -2.2761 -2.2980 -2.5711
 253  0.708818  3.6415  1.2068  2.6012  6.3633  4.9551  1.9623  1.1409  0.0885 -0.3543 -1.1643 -1.5349 -1.6722 -1.9410 -2.3600 -2.3823 -2.6594
 254  0.708829  3.6389  1.1623  2.6354  6.3434  4.9939  1.9649  1.1418  0.0454 -0.4063 -1.2304 -1.6065 -1.7456 -2.0175 -2.4410 -2.4636 -2.7449
 255  0.708840  3.6364  1.1182  2.6692  6.3222  5.0300  1.9683  1.1442  0.0039 -0.4566 -1.2951 -1.6770 -1.8177 -2.0927 -2.5209 -2.5439 -2.8293
 256  0.708850  3.6338  1.0749  2.7024  6.3004  5.0636  1.9728  1.1483 -0.0352 -0.5044 -1.3574 -1.7449 -1.8874 -2.1655 -2.5986 -2.6220 -2.9116
 257  0.708859  3.6312  1.0327  2.7345  6.2781  5.0946  1.9783  1.1540 -0.0717 -0.5497 -1.4171 -1.8104 -1.9546 -2.2358 -2.6736 -2.6975 -2.9914
 258  0.708867  3.6288  0.9910  2.7663  6.2545  5.1224  1.9835  1.1598 -0.1069 -0.5935 -1.4755 -1.8744 -2.0203 -2.3047 -2.7476 -2.7718 -3.0700
 259  0.708876  3.6263  0.9502  2.7973  6.2303  5.1472  1.9883  1.1656 -0.1402 -0.6354 -1.5320 -1.9365 -2.0843 -2.3716 -2.8196 -2.8443 -3.1468
 260  0.708883  3.6240  0.9102  2.8275  6.2055  5.1695  1.9930  1.1716 -0.1715 -0.6753 -1.5865 -1.9966 -2.1461 -2.4363 -2.8896 -2.9147 -3.2215
 261  0.708890  3.6215  0.8708  2.8573  6.1814  5.1913  1.9985  1.1785 -0.2006 -0.7132 -1.6397 -2.0555 -2.2069 -2.4999 -2.9586 -2.9839 -3.2951
 262  0.708896  3.6191  0.8320  2.8865  6.1568  5.2105  2.0030  1.1844 -0.2285 -0.7497 -1.6918 -2.1132 -2.2664 -2.5621 -3.0259 -3.0516 -3.3670
 263  0.708902  3.6168  0.7942  2.9150  6.1316  5.2272  2.0066  1.1899 -0.2549 -0.7847 -1.7426 -2.1692 -2.3245 -2.6225 -3.0915 -3.1176 -3.4373
 264  0.708907  3.6144  0.7570  2.9429  6.1061  5.2421  2.0098  1.1949 -0.2801 -0.8187 -1.7925 -2.2246 -2.3819 -2.6819 -3.1559 -3.1823 -3.5062
 265  0.708912  3.6122  0.7206  2.9704  6.0800  5.2548  2.0120  1.1992 -0.3043 -0.8514 -1.8411 -2.2786 -2.4379 -2.7399 -3.2190 -3.2456 -3.5737
 266  0.708917  3.6100  0.6850  2.9972  6.0535  5.2656  2.0132  1.2026 -0.3271 -0.8824 -1.8880 -2.3307 -2.4919 -2.7958 -3.2804 -3.3073 -3.6395
 267  0.708922  3.6079  0.6499  3.0236  6.0269  5.2750  2.0136  1.2055 -0.3487 -0.9122 -1.9334 -2.3811 -2.5444 -2.8502 -3.3406 -3.3678 -3.7042
 268  0.708926  3.6057  0.6155  3.0495  5.9999  5.2828  2.0131  1.2077 -0.3694 -0.9407 -1.9774 -2.4300 -2.5952 -2.9030 -3.3998 -3.4271 -3.7680
 269  0.708930  3.6036  0.5820  3.0746  5.9732  5.2895  2.0119  1.2094 -0.3877 -0.9668 -2.0188 -2.4764 -2.6433 -2.9532 -3.4571 -3.4846 -3.8299
 270  0.708935  3.6015  0.5489  3.0995  5.9465  5.2961  2.0104  1.2111 -0.4042 -0.9908 -2.0583 -2.5206 -2.6894 -3.0017 -3.5134 -3.5412 -3.8911
 271  0.708938  3.5996  0.5167  3.1239  5.9193  5.3009  2.0069  1.2106 -0.4211 -1.0150 -2.0979 -2.5647 -2.7353 -3.0493 -3.5690 -3.5969 -3.9511
 272  0.708941  3.5975  0.4848  3.1476  5.8926  5.3066  2.0039  1.2111 -0.4352 -1.0359 -2.1343 -2.6053 -2.7776 -3.0937 -3.6227 -3.6508 -4.0098
 273  0.708945  3.5956  0.4535  3.1709  5.8658  5.3116  2.0001  1.2109 -0.4482 -1.0554 -2.1686 -2.6435 -2.8171 -3.1359 -3.6754 -3.7037 -4.0675
 274  0.708948  3.5937  0.4234  3.1936  5.8379  5.3141  1.9936  1.2081 -0.4624 -1.0758 -2.2025 -2.6808 -2.8554 -3.1771 -3.7275 -3.7558 -4.1242
 275  0.708951  3.5919  0.3936  3.2160  5.8112  5.3202  1.9885  1.2069 -0.4738 -1.0933 -2.2339 -2.7156 -2.8911 -3.2161 -3.7782 -3.8067 -4.1799
 276  0.708954  3.5900  0.3644  3.2377  5.7847  5.3262  1.9827  1.2051 -0.4839 -1.1091 -2.2630 -2.7480 -2.9243 -3.2531 -3.8276 -3.8561 -4.2341
 277  0.708957  3.5882  0.3362  3.2588  5.7581  5.3318  1.9764  1.2028 -0.4932 -1.1238 -2.2902 -2.7783 -2.9551 -3.2879 -3.8752 -3.9041 -4.2868
 278  0.708959  3.5866  0.3091  3.2792  5.7322  5.3369  1.9697  1.2001 -0.5013 -1.1368 -2.3148 -2.8059 -2.9832 -3.3201 -3.9207 -3.9497 -4.3373
 279  0.708961  3.5851  0.2848  3.2975  5.7039  5.3293  1.9508  1.1806 -0.5277 -1.1639 -2.3492 -2.8425 -3.0200 -3.3593 -3.9663 -3.9951 -4.3850
