#NUMBER OF AGES= 1
#----------------------------------------------------       
#MIX-LEN  Y      Z          Zeff        [Fe/H] [a/Fe]
# 1.9380  0.3300 1.5933E-03 8.1103E-04  -1.26   0.40 
#----------------------------------------------------       
#**PHOTOMETRIC SYSTEM**: HST WFPC2 (Vega)                   
#----------------------------------------------------       
#AGE=13.000 EEPS=266
#EEP   M/Mo    LogTeff  LogG   LogL/Lo F218W   F255W   F300W   F336W   F439W   F450W   F555W   F606W   F622W   F675W   F791W   F814W   F850LP
  14  0.108493  3.5278  5.2748 -2.7374 20.8533 20.7514 17.0531 16.2436 15.0928 14.5251 13.1487 12.6218 12.4321 12.0220 11.0081 10.9664 10.5040
  15  0.123530  3.5345  5.2237 -2.6033 20.4628 20.1716 16.5798 15.7543 14.5957 14.0616 12.7241 12.1987 12.0090 11.6102 10.6649 10.6248 10.1773
  16  0.137932  3.5405  5.1812 -2.4888 20.1175 19.6623 16.1710 15.3355 14.1751 13.6669 12.3634 11.8398 11.6503 11.2603 10.3717 10.3331  9.8984
  17  0.151047  3.5459  5.1485 -2.3954 19.8255 19.2390 15.8330 14.9912 13.8316 13.3429 12.0673 11.5458 11.3565 10.9736 10.1317 10.0943  9.6706
  18  0.163476  3.5507  5.1222 -2.3158 19.5687 18.8781 15.5467 14.7008 13.5433 13.0690 11.8163 11.2968 11.1080 10.7309  9.9276  9.8913  9.4771
  19  0.175926  3.5549  5.0992 -2.2440 19.3314 18.5528 15.2902 14.4421 13.2882 12.8252 11.5923 11.0750 10.8866 10.5143  9.7435  9.7081  9.3023
  20  0.188617  3.5586  5.0780 -2.1776 19.1093 18.2557 15.0565 14.2078 13.0586 12.6047 11.3891 10.8740 10.6862 10.3178  9.5738  9.5392  9.1403
  21  0.202395  3.5621  5.0579 -2.1128 18.8919 17.9719 14.8317 13.9831 12.8393 12.3932 11.1936 10.6808 10.4937 10.1288  9.4088  9.3749  8.9825
  22  0.215980  3.5652  5.0402 -2.0544 18.6951 17.7193 14.6302 13.7821 12.6441 12.2042 11.0188 10.5083 10.3218  9.9600  9.2602  9.2268  8.8401
  23  0.229900  3.5681  5.0240 -1.9993 18.5086 17.4836 14.4411 13.5939 12.4622 12.0277 10.8557 10.3476 10.1617  9.8028  9.1203  9.0875  8.7057
  24  0.241961  3.5703  5.0111 -1.9550 18.3628 17.3021 14.2908 13.4439 12.3173 11.8867 10.7251 10.2192 10.0340  9.6774  9.0078  8.9753  8.5976
  25  0.251379  3.5719  5.0016 -1.9223 18.2558 17.1714 14.1801 13.3336 12.2107 11.7828 10.6290 10.1249  9.9402  9.5853  8.9248  8.8926  8.5179
  26  0.258290  3.5731  4.9951 -1.8994 18.1802 17.0796 14.1026 13.2562 12.1361 11.7101 10.5616 10.0589  9.8745  9.5209  8.8667  8.8347  8.4619
  27  0.263494  3.5739  4.9908 -1.8830 18.1263 17.0141 14.0473 13.2010 12.0830 11.6582 10.5136 10.0118  9.8275  9.4748  8.8251  8.7933  8.4220
  28  0.267500  3.5746  4.9879 -1.8710 18.0862 16.9651 14.0063 13.1602 12.0437 11.6198 10.4780  9.9769  9.7929  9.4409  8.7946  8.7629  8.3928
  29  0.270586  3.5751  4.9855 -1.8616 18.0550 16.9268 13.9743 13.1283 12.0130 11.5898 10.4503  9.9497  9.7658  9.4143  8.7709  8.7393  8.3701
  30  0.273139  3.5755  4.9836 -1.8538 18.0287 16.8943 13.9474 13.1013 11.9871 11.5644 10.4269  9.9268  9.7430  9.3920  8.7510  8.7194  8.3511
  31  0.275503  3.5760  4.9821 -1.8469 18.0050 16.8644 13.9227 13.0768 11.9635 11.5414 10.4057  9.9060  9.7224  9.3718  8.7332  8.7018  8.3343
  32  0.277751  3.5764  4.9803 -1.8398 17.9808 16.8342 13.8979 13.0519 11.9397 11.5181 10.3842  9.8849  9.7014  9.3514  8.7153  8.6838  8.3171
  33  0.280131  3.5768  4.9784 -1.8323 17.9553 16.8024 13.8717 13.0258 11.9146 11.4936 10.3617  9.8630  9.6795  9.3299  8.6964  8.6650  8.2990
  34  0.282673  3.5773  4.9761 -1.8243 17.9283 16.7690 13.8439 12.9982 11.8881 11.4676 10.3377  9.8394  9.6561  9.3071  8.6759  8.6447  8.2796
  35  0.285409  3.5777  4.9733 -1.8154 17.8993 16.7336 13.8143 12.9686 11.8596 11.4397 10.3118  9.8140  9.6308  9.2822  8.6537  8.6225  8.2582
  36  0.288365  3.5782  4.9700 -1.8059 17.8689 16.6967 13.7829 12.9373 11.8293 11.4100 10.2840  9.7866  9.6036  9.2555  8.6295  8.5984  8.2349
  37  0.288963  3.5780  4.9691 -1.8045 17.8622 16.6901 13.7790 12.9344 11.8290 11.4094 10.2838  9.7863  9.6034  9.2545  8.6269  8.5955  8.2314
  38  0.292692  3.5783  4.9645 -1.7928 17.8285 16.6502 13.7439 12.8993 11.7950 11.3759 10.2521  9.7548  9.5720  9.2233  8.5976  8.5664  8.2027
  39  0.314097  3.5832  4.9382 -1.7179 17.6044 16.3496 13.4949 12.6484 11.5465 11.1298 10.0214  9.5267  9.3448  9.0008  8.4074  8.3769  8.0233
  40  0.335008  3.5879  4.9111 -1.6440 17.3568 16.0297 13.2371 12.3920 11.3019 10.8880  9.7982  9.3085  9.1279  8.7890  8.2206  8.1909  7.8461
  41  0.361791  3.5954  4.8728 -1.5414 16.9451 15.5332 12.8389 12.0003 10.9462 10.5401  9.4877  9.0105  8.8334  8.5030  7.9609  7.9324  7.5988
  42  0.374416  3.5998  4.8528 -1.4892 16.7438 15.2802 12.6350 11.7987 10.7614 10.3586  9.3256  8.8552  8.6799  8.3545  7.8285  7.8005  7.4739
  43  0.385163  3.6039  4.8355 -1.4429 16.5645 15.0526 12.4509 11.6164 10.5947 10.1950  9.1802  8.7165  8.5429  8.2224  7.7110  7.6836  7.3637
  44  0.394774  3.6081  4.8201 -1.4001 16.3970 14.8403 12.2775 11.4445 10.4380 10.0414  9.0451  8.5884  8.4165  8.1009  7.6027  7.5759  7.2622
  45  0.403581  3.6122  4.8061 -1.3599 16.2363 14.6408 12.1106 11.2788 10.2871  9.8945  8.9169  8.4679  8.2977  7.9873  7.5007  7.4744  7.1668
  46  0.411847  3.6165  4.7934 -1.3213 16.0802 14.4500 11.9474 11.1162 10.1394  9.7512  8.7932  8.3523  8.1842  7.8791  7.4031  7.3774  7.0757
  47  0.420018  3.6212  4.7816 -1.2823 15.9165 14.2508 11.7754 10.9435  9.9840  9.6013  8.6653  8.2340  8.0681  7.7691  7.3044  7.2794  6.9841
  48  0.427840  3.6261  4.7710 -1.2441 15.7519 14.0512 11.6000 10.7669  9.8266  9.4499  8.5375  8.1169  7.9534  7.6613  7.2077  7.1836  6.8951
  49  0.435600  3.6312  4.7613 -1.2058 15.5841 13.8481 11.4175 10.5832  9.6651  9.2950  8.4076  7.9986  7.8377  7.5530  7.1112  7.0878  6.8067
  50  0.443163  3.6366  4.7526 -1.1683 15.4199 13.6531 11.2320 10.3963  9.5024  9.1393  8.2777  7.8806  7.7228  7.4461  7.0164  6.9940  6.7204
  51  0.450565  3.6421  4.7448 -1.1310 15.2554 13.4570 11.0397 10.2045  9.3389  8.9832  8.1481  7.7636  7.6087  7.3402  6.9232  6.9015  6.6358
  52  0.455409  3.6458  4.7398 -1.1067 15.1357 13.3165 10.9108 10.0757  9.2319  8.8810  8.0632  7.6869  7.5341  7.2710  6.8621  6.8409  6.5803
  53  0.460188  3.6495  4.7352 -1.0827 15.0005 13.1594 10.7793  9.9441  9.1261  8.7797  7.9795  7.6112  7.4607  7.2026  6.8012  6.7806  6.5251
  54  0.464885  3.6534  4.7312 -1.0588 14.8514 12.9870 10.6426  9.8078  9.0200  8.6782  7.8959  7.5357  7.3877  7.1345  6.7407  6.7207  6.4702
  55  0.469494  3.6572  4.7273 -1.0353 14.6933 12.7992 10.5000  9.6677  8.9150  8.5777  7.8135  7.4611  7.3158  7.0673  6.6810  6.6616  6.4162
  56  0.474019  3.6611  4.7238 -1.0120 14.5260 12.6033 10.3527  9.5253  8.8108  8.4779  7.7318  7.3874  7.2447  7.0009  6.6219  6.6031  6.3629
  57  0.478467  3.6650  4.7205 -0.9891 14.3487 12.3992 10.2022  9.3813  8.7077  8.3794  7.6511  7.3146  7.1747  6.9355  6.5638  6.5454  6.3102
  58  0.482829  3.6688  4.7173 -0.9666 14.1639 12.1918 10.0520  9.2392  8.6075  8.2835  7.5727  7.2435  7.1065  6.8715  6.5066  6.4889  6.2586
  59  0.487109  3.6728  4.7143 -0.9443 13.9683 11.9779  9.9002  9.0968  8.5087  8.1892  7.4954  7.1736  7.0393  6.8085  6.4503  6.4331  6.2077
  60  0.491304  3.6765  4.7112 -0.9226 13.7714 11.7667  9.7545  8.9610  8.4150  8.0998  7.4215  7.1062  6.9747  6.7476  6.3955  6.3786  6.1579
  61  0.495419  3.6801  4.7083 -0.9012 13.5636 11.5516  9.6082  8.8261  8.3232  8.0122  7.3491  7.0402  6.9113  6.6878  6.3414  6.3251  6.1089
  62  0.499465  3.6838  4.7051 -0.8802 13.3528 11.3405  9.4660  8.6960  8.2353  7.9285  7.2794  6.9763  6.8500  6.6297  6.2887  6.2729  6.0609
  63  0.503440  3.6872  4.7020 -0.8596 13.1338 11.1299  9.3252  8.5680  8.1498  7.8472  7.2115  6.9140  6.7901  6.5728  6.2368  6.2215  6.0137
  64  0.507333  3.6906  4.6986 -0.8394 12.9123 10.9254  9.1885  8.4445  8.0677  7.7694  7.1463  6.8537  6.7323  6.5177  6.1864  6.1714  5.9676
  65  0.511128  3.6939  4.6953 -0.8197 12.6605 10.7161  9.0500  8.3216  7.9875  7.6937  7.0829  6.7953  6.6761  6.4643  6.1376  6.1230  5.9230
  66  0.514819  3.6971  4.6920 -0.8005 12.4124 10.5156  8.9165  8.2034  7.9103  7.6211  7.0219  6.7390  6.6220  6.4126  6.0903  6.0761  5.8797
  67  0.518421  3.7002  4.6888 -0.7817 12.1693 10.3236  8.7869  8.0889  7.8355  7.5508  6.9627  6.6842  6.5692  6.3624  6.0443  6.0305  5.8377
  68  0.521940  3.7033  4.6855 -0.7633 11.9379 10.1435  8.6633  7.9797  7.7634  7.4832  6.9055  6.6311  6.5180  6.3136  5.9995  5.9860  5.7966
  69  0.525382  3.7062  4.6821 -0.7452 11.7207  9.9758  8.5454  7.8752  7.6936  7.4177  6.8499  6.5795  6.4681  6.2660  5.9557  5.9426  5.7565
  70  0.528771  3.7091  4.6785 -0.7275 11.5471  9.8368  8.4396  7.7798  7.6269  7.3551  6.7961  6.5292  6.4194  6.2194  5.9129  5.9001  5.7171
  71  0.532100  3.7118  4.6749 -0.7101 11.3995  9.7157  8.3413  7.6901  7.5622  7.2943  6.7436  6.4800  6.3716  6.1738  5.8709  5.8584  5.6784
  72  0.535380  3.7145  4.6710 -0.6929 11.2644  9.6049  8.2485  7.6051  7.4999  7.2357  6.6927  6.4322  6.3250  6.1292  5.8297  5.8175  5.6404
  73  0.538610  3.7171  4.6672 -0.6760 11.1349  9.4992  8.1583  7.5223  7.4388  7.1782  6.6427  6.3853  6.2792  6.0853  5.7892  5.7773  5.6030
  74  0.541795  3.7197  4.6633 -0.6593 11.0105  9.3984  8.0709  7.4421  7.3792  7.1221  6.5939  6.3393  6.2343  6.0423  5.7494  5.7378  5.5662
  75  0.544940  3.7222  4.6592 -0.6427 10.8872  9.2997  7.9850  7.3635  7.3205  7.0671  6.5460  6.2940  6.1902  6.0000  5.7102  5.6988  5.5298
  76  0.548049  3.7246  4.6551 -0.6264 10.7522  9.1961  7.8983  7.2850  7.2628  7.0130  6.4988  6.2496  6.1467  5.9585  5.6717  5.6605  5.4941
  77  0.551127  3.7270  4.6509 -0.6101 10.6065  9.0876  7.8110  7.2064  7.2058  6.9598  6.4526  6.2059  6.1041  5.9174  5.6335  5.6227  5.4587
  78  0.554176  3.7294  4.6465 -0.5940 10.4611  8.9805  7.7253  7.1295  7.1498  6.9074  6.4070  6.1629  6.0620  5.8771  5.5959  5.5853  5.4237
  79  0.557191  3.7317  4.6421 -0.5780 10.3170  8.8750  7.6413  7.0541  7.0947  6.8559  6.3621  6.1204  6.0206  5.8373  5.5588  5.5484  5.3892
  80  0.560184  3.7339  4.6375 -0.5622 10.1755  8.7717  7.5592  6.9804  7.0406  6.8053  6.3179  6.0786  5.9797  5.7979  5.5221  5.5119  5.3549
  81  0.563137  3.7360  4.6328 -0.5465 10.0367  8.6705  7.4788  6.9084  6.9875  6.7555  6.2745  6.0374  5.9394  5.7591  5.4859  5.4759  5.3210
  82  0.567190  3.7389  4.6261 -0.5251  9.8509  8.5342  7.3703  6.8113  6.9154  6.6880  6.2153  5.9813  5.8845  5.7061  5.4362  5.4266  5.2745
  83  0.571231  3.7418  4.6190 -0.5035  9.6774  8.4041  7.2652  6.7168  6.8440  6.6210  6.1565  5.9254  5.8297  5.6534  5.3867  5.3774  5.2280
  84  0.575263  3.7446  4.6115 -0.4819  9.5105  8.2779  7.1626  6.6245  6.7736  6.5549  6.0981  5.8699  5.7753  5.6008  5.3373  5.3282  5.1815
  85  0.579275  3.7473  4.6037 -0.4603  9.3490  8.1549  7.0620  6.5338  6.7039  6.4893  6.0400  5.8146  5.7210  5.5483  5.2880  5.2790  5.1349
  86  0.583259  3.7499  4.5955 -0.4387  9.1929  8.0351  6.9639  6.4453  6.6351  6.4244  5.9825  5.7596  5.6671  5.4963  5.2388  5.2302  5.0885
  87  0.587203  3.7524  4.5871 -0.4172  9.0423  7.9185  6.8687  6.3593  6.5671  6.3603  5.9254  5.7050  5.6134  5.4443  5.1897  5.1813  5.0419
  88  0.591105  3.7548  4.5783 -0.3957  8.8972  7.8053  6.7764  6.2760  6.5001  6.2969  5.8688  5.6508  5.5602  5.3927  5.1408  5.1326  4.9955
  89  0.594954  3.7572  4.5692 -0.3744  8.7582  7.6955  6.6869  6.1952  6.4341  6.2344  5.8126  5.5969  5.5072  5.3412  5.0920  5.0839  4.9489
  90  0.598739  3.7595  4.5599 -0.3531  8.6238  7.5886  6.5996  6.1163  6.3690  6.1726  5.7569  5.5435  5.4545  5.2901  5.0434  5.0356  4.9026
  91  0.602454  3.7617  4.5503 -0.3320  8.4938  7.4843  6.5139  6.0393  6.3049  6.1116  5.7019  5.4905  5.4024  5.2395  4.9951  4.9875  4.8565
  92  0.606082  3.7639  4.5406 -0.3111  8.3685  7.3831  6.4306  5.9643  6.2417  6.0515  5.6475  5.4381  5.3507  5.1892  4.9473  4.9398  4.8106
  93  0.609618  3.7659  4.5306 -0.2903  8.2478  7.2848  6.3499  5.8912  6.1797  5.9924  5.5938  5.3863  5.2997  5.1396  4.8998  4.8925  4.7651
  94  0.613062  3.7679  4.5204 -0.2698  8.1311  7.1891  6.2711  5.8199  6.1185  5.9340  5.5407  5.3352  5.2492  5.0904  4.8528  4.8458  4.7200
  95  0.616418  3.7698  4.5100 -0.2493  8.0185  7.0963  6.1945  5.7503  6.0583  5.8765  5.4882  5.2845  5.1993  5.0418  4.8062  4.7993  4.6752
  96  0.619684  3.7717  4.4995 -0.2292  7.9096  7.0057  6.1200  5.6822  5.9991  5.8199  5.4364  5.2346  5.1500  4.9938  4.7603  4.7534  4.6309
  97  0.622856  3.7735  4.4889 -0.2093  7.8031  6.9163  6.0473  5.6150  5.9405  5.7639  5.3852  5.1853  5.1016  4.9465  4.7150  4.7083  4.5872
  98  0.625932  3.7752  4.4781 -0.1895  7.7010  6.8301  5.9771  5.5495  5.8830  5.7087  5.3345  5.1367  5.0536  4.8997  4.6702  4.6636  4.5440
  99  0.628917  3.7767  4.4670 -0.1700  7.6030  6.7467  5.9090  5.4859  5.8266  5.6545  5.2846  5.0886  5.0064  4.8536  4.6258  4.6194  4.5011
 100  0.631806  3.7783  4.4560 -0.1509  7.5085  6.6660  5.8424  5.4242  5.7712  5.6013  5.2354  5.0412  4.9595  4.8079  4.5818  4.5755  4.4584
 101  0.634606  3.7798  4.4448 -0.1318  7.4170  6.5876  5.7771  5.3645  5.7169  5.5489  5.1870  4.9943  4.9132  4.7625  4.5381  4.5320  4.4161
 102  0.637318  3.7811  4.4334 -0.1130  7.3299  6.5125  5.7133  5.3071  5.6639  5.4977  5.1394  4.9479  4.8673  4.7176  4.4946  4.4886  4.3738
 103  0.639944  3.7825  4.4220 -0.0945  7.2457  6.4396  5.6511  5.2512  5.6117  5.4472  5.0925  4.9021  4.8219  4.6731  4.4516  4.4457  4.3319
 104  0.642489  3.7838  4.4106 -0.0762  7.1643  6.3689  5.5905  5.1967  5.5605  5.3975  5.0462  4.8568  4.7770  4.6292  4.4091  4.4032  4.2904
 105  0.644958  3.7850  4.3990 -0.0581  7.0856  6.3003  5.5314  5.1435  5.5099  5.3485  5.0004  4.8121  4.7327  4.5858  4.3670  4.3612  4.2493
 106  0.647359  3.7862  4.3874 -0.0402  7.0087  6.2331  5.4738  5.0909  5.4599  5.3000  4.9551  4.7680  4.6890  4.5430  4.3255  4.3198  4.2088
 107  0.649698  3.7872  4.3756 -0.0225  6.9342  6.1677  5.4177  5.0393  5.4106  5.2521  4.9103  4.7243  4.6459  4.5007  4.2845  4.2789  4.1688
 108  0.651983  3.7883  4.3637 -0.0050  6.8620  6.1043  5.3631  4.9888  5.3618  5.2047  4.8659  4.6810  4.6030  4.4587  4.2438  4.2383  4.1290
 109  0.654224  3.7892  4.3518  0.0124  6.7929  6.0433  5.3102  4.9397  5.3138  5.1579  4.8217  4.6381  4.5605  4.4170  4.2033  4.1978  4.0893
 110  0.656436  3.7902  4.3398  0.0297  6.7258  5.9838  5.2585  4.8916  5.2664  5.1117  4.7781  4.5954  4.5183  4.3755  4.1629  4.1575  4.0498
 111  0.658601  3.7911  4.3278  0.0468  6.6604  5.9257  5.2079  4.8443  5.2195  5.0659  4.7347  4.5531  4.4763  4.3342  4.1227  4.1174  4.0104
 112  0.659365  3.7915  4.3234  0.0530  6.6365  5.9045  5.1895  4.8272  5.2025  5.0492  4.7189  4.5377  4.4612  4.3193  4.1082  4.1029  3.9961
 113  0.660127  3.7919  4.3191  0.0593  6.6119  5.8828  5.1707  4.8098  5.1852  5.0324  4.7029  4.5222  4.4457  4.3040  4.0934  4.0881  3.9817
 114  0.660889  3.7922  4.3148  0.0656  6.5870  5.8608  5.1517  4.7921  5.1677  5.0152  4.6867  4.5063  4.4300  4.2887  4.0785  4.0732  3.9671
 115  0.661650  3.7926  4.3105  0.0720  6.5617  5.8385  5.1324  4.7744  5.1498  4.9978  4.6703  4.4902  4.4141  4.2731  4.0634  4.0582  3.9522
 116  0.662410  3.7930  4.3060  0.0786  6.5364  5.8160  5.1130  4.7564  5.1319  4.9803  4.6537  4.4740  4.3981  4.2573  4.0480  4.0429  3.9372
 117  0.663169  3.7934  4.3015  0.0852  6.5113  5.7938  5.0937  4.7385  5.1138  4.9626  4.6370  4.4577  4.3818  4.2413  4.0325  4.0273  3.9220
 118  0.663926  3.7937  4.2967  0.0919  6.4869  5.7718  5.0745  4.7205  5.0957  4.9448  4.6200  4.4411  4.3653  4.2251  4.0166  4.0115  3.9065
 119  0.664680  3.7940  4.2916  0.0986  6.4629  5.7502  5.0553  4.7026  5.0773  4.9268  4.6028  4.4242  4.3486  4.2086  4.0005  3.9953  3.8905
 120  0.665432  3.7943  4.2864  0.1055  6.4392  5.7286  5.0361  4.6845  5.0589  4.9087  4.5854  4.4071  4.3315  4.1918  3.9840  3.9789  3.8743
 121  0.666179  3.7946  4.2809  0.1125  6.4160  5.7073  5.0170  4.6664  5.0403  4.8904  4.5677  4.3896  4.3142  4.1746  3.9672  3.9621  3.8577
 122  0.666925  3.7949  4.2753  0.1196  6.3931  5.6862  4.9978  4.6481  5.0216  4.8719  4.5498  4.3720  4.2967  4.1573  3.9501  3.9450  3.8407
 123  0.667666  3.7951  4.2695  0.1268  6.3701  5.6649  4.9785  4.6298  5.0026  4.8532  4.5317  4.3541  4.2789  4.1397  3.9328  3.9277  3.8236
 124  0.668402  3.7953  4.2636  0.1341  6.3469  5.6435  4.9590  4.6112  4.9835  4.8343  4.5134  4.3360  4.2609  4.1218  3.9152  3.9101  3.8061
 125  0.669137  3.7955  4.2577  0.1413  6.3241  5.6221  4.9395  4.5926  4.9642  4.8152  4.4949  4.3177  4.2427  4.1037  3.8974  3.8923  3.7885
 126  0.669869  3.7957  4.2516  0.1488  6.3008  5.6006  4.9198  4.5738  4.9447  4.7960  4.4762  4.2992  4.2243  4.0855  3.8794  3.8743  3.7707
 127  0.670599  3.7959  4.2454  0.1562  6.2781  5.5793  4.9001  4.5550  4.9252  4.7767  4.4574  4.2807  4.2058  4.0672  3.8613  3.8562  3.7527
 128  0.671326  3.7961  4.2390  0.1638  6.2554  5.5581  4.8805  4.5361  4.9056  4.7573  4.4384  4.2619  4.1871  4.0486  3.8429  3.8379  3.7344
 129  0.672050  3.7963  4.2325  0.1713  6.2330  5.5368  4.8608  4.5172  4.8858  4.7376  4.4193  4.2430  4.1682  4.0298  3.8243  3.8193  3.7160
 130  0.672769  3.7964  4.2259  0.1790  6.2107  5.5158  4.8411  4.4982  4.8659  4.7180  4.4001  4.2238  4.1491  4.0108  3.8056  3.8005  3.6973
 131  0.673484  3.7965  4.2190  0.1868  6.1892  5.4951  4.8215  4.4792  4.8460  4.6982  4.3806  4.2044  4.1298  3.9916  3.7865  3.7815  3.6782
 132  0.674194  3.7966  4.2120  0.1945  6.1680  5.4747  4.8020  4.4602  4.8260  4.6783  4.3609  4.1849  4.1103  3.9722  3.7671  3.7621  3.6590
 133  0.674897  3.7966  4.2047  0.2025  6.1473  5.4544  4.7825  4.4411  4.8059  4.6583  4.3412  4.1652  4.0906  3.9525  3.7475  3.7425  3.6393
 134  0.675595  3.7966  4.1972  0.2104  6.1270  5.4345  4.7631  4.4221  4.7857  4.6382  4.3211  4.1452  4.0706  3.9326  3.7276  3.7226  3.6194
 135  0.676285  3.7966  4.1895  0.2185  6.1071  5.4147  4.7437  4.4029  4.7654  4.6179  4.3010  4.1251  4.0505  3.9124  3.7075  3.7025  3.5992
 136  0.676969  3.7965  4.1816  0.2266  6.0877  5.3952  4.7243  4.3837  4.7451  4.5976  4.2806  4.1047  4.0301  3.8920  3.6871  3.6820  3.5787
 137  0.677646  3.7965  4.1735  0.2348  6.0689  5.3760  4.7051  4.3646  4.7247  4.5771  4.2601  4.0841  4.0095  3.8714  3.6664  3.6613  3.5579
 138  0.678314  3.7964  4.1651  0.2431  6.0507  5.3573  4.6861  4.3454  4.7042  4.5565  4.2394  4.0634  3.9887  3.8506  3.6454  3.6403  3.5367
 139  0.678975  3.7962  4.1565  0.2514  6.0332  5.3389  4.6670  4.3263  4.6837  4.5360  4.2186  4.0424  3.9678  3.8295  3.6241  3.6190  3.5153
 140  0.679625  3.7959  4.1475  0.2599  6.0165  5.3210  4.6483  4.3072  4.6632  4.5153  4.1976  4.0212  3.9465  3.8081  3.6026  3.5975  3.4935
 141  0.680268  3.7957  4.1383  0.2684  6.0008  5.3037  4.6298  4.2883  4.6427  4.4946  4.1765  3.9998  3.9251  3.7864  3.5807  3.5756  3.4714
 142  0.680900  3.7954  4.1289  0.2770  5.9857  5.2868  4.6114  4.2694  4.6222  4.4739  4.1552  3.9784  3.9035  3.7646  3.5586  3.5534  3.4489
 143  0.681522  3.7950  4.1191  0.2856  5.9718  5.2706  4.5935  4.2506  4.6017  4.4531  4.1338  3.9566  3.8816  3.7426  3.5361  3.5309  3.4261
 144  0.682133  3.7945  4.1090  0.2944  5.9590  5.2551  4.5758  4.2320  4.5814  4.4324  4.1123  3.9348  3.8596  3.7203  3.5133  3.5081  3.4029
 145  0.682733  3.7940  4.0986  0.3031  5.9470  5.2402  4.5583  4.2135  4.5610  4.4116  4.0906  3.9127  3.8374  3.6978  3.4903  3.4851  3.3794
 146  0.683321  3.7934  4.0878  0.3120  5.9372  5.2266  4.5415  4.1955  4.5409  4.3911  4.0689  3.8904  3.8150  3.6750  3.4668  3.4616  3.3554
 147  0.683897  3.7928  4.0767  0.3209  5.9281  5.2136  4.5251  4.1775  4.5208  4.3704  4.0471  3.8681  3.7924  3.6520  3.4432  3.4379  3.3312
 148  0.684462  3.7921  4.0653  0.3299  5.9209  5.2018  4.5092  4.1599  4.5010  4.3499  4.0252  3.8455  3.7696  3.6287  3.4191  3.4138  3.3065
 149  0.685013  3.7913  4.0535  0.3389  5.9143  5.1904  4.4935  4.1425  4.4811  4.3294  4.0032  3.8228  3.7467  3.6053  3.3950  3.3895  3.2816
 150  0.685551  3.7905  4.0414  0.3480  5.9096  5.1802  4.4785  4.1254  4.4615  4.3090  3.9811  3.8000  3.7236  3.5816  3.3704  3.3649  3.2563
 151  0.686077  3.7895  4.0288  0.3571  5.9083  5.1727  4.4648  4.1092  4.4423  4.2888  3.9589  3.7770  3.7002  3.5576  3.3454  3.3398  3.2305
 152  0.686589  3.7884  4.0156  0.3662  5.9106  5.1678  4.4526  4.0939  4.4236  4.2690  3.9368  3.7539  3.6767  3.5334  3.3200  3.3142  3.2039
 153  0.687087  3.7872  4.0018  0.3754  5.9164  5.1655  4.4418  4.0795  4.4054  4.2495  3.9147  3.7306  3.6530  3.5088  3.2941  3.2883  3.1770
 154  0.687572  3.7858  3.9873  0.3847  5.9267  5.1662  4.4326  4.0662  4.3878  4.2305  3.8926  3.7073  3.6292  3.4841  3.2679  3.2620  3.1495
 155  0.688043  3.7842  3.9722  0.3938  5.9408  5.1699  4.4251  4.0540  4.3710  4.2119  3.8707  3.6840  3.6054  3.4592  3.2413  3.2352  3.1215
 156  0.688500  3.7826  3.9566  0.4031  5.9588  5.1762  4.4189  4.0429  4.3546  4.1938  3.8489  3.6606  3.5814  3.4342  3.2144  3.2083  3.0930
 157  0.688944  3.7808  3.9404  0.4124  5.9809  5.1854  4.4144  4.0329  4.3389  4.1762  3.8273  3.6372  3.5575  3.4089  3.1872  3.1809  3.0641
 158  0.689374  3.7787  3.9233  0.4215  6.0095  5.1990  4.4125  4.0248  4.3243  4.1592  3.8058  3.6138  3.5334  3.3835  3.1595  3.1531  3.0346
 159  0.689790  3.7765  3.9055  0.4308  6.0447  5.2174  4.4136  4.0190  4.3111  4.1433  3.7846  3.5905  3.5093  3.3578  3.1315  3.1249  3.0045
 160  0.690194  3.7741  3.8870  0.4399  6.0861  5.2402  4.4176  4.0152  4.2988  4.1281  3.7636  3.5674  3.4853  3.3322  3.1031  3.0963  2.9739
 161  0.690583  3.7716  3.8680  0.4490  6.1327  5.2662  4.4239  4.0131  4.2875  4.1136  3.7430  3.5443  3.4613  3.3064  3.0746  3.0676  2.9431
 162  0.690975  3.7688  3.8477  0.4583  6.1882  5.2975  4.4333  4.0134  4.2775  4.1000  3.7226  3.5212  3.4372  3.2804  3.0455  3.0382  2.9114
 163  0.691364  3.7660  3.8273  0.4679  6.2429  5.3270  4.4416  4.0132  4.2663  4.0854  3.7014  3.4973  3.4124  3.2537  3.0158  3.0083  2.8790
 164  0.691750  3.7633  3.8068  0.4780  6.2974  5.3552  4.4492  4.0127  4.2543  4.0699  3.6793  3.4726  3.3868  3.2263  2.9853  2.9776  2.8460
 165  0.692129  3.7607  3.7859  0.4886  6.3533  5.3828  4.4563  4.0118  4.2414  4.0534  3.6561  3.4469  3.3602  3.1979  2.9539  2.9459  2.8119
 166  0.692502  3.7581  3.7641  0.4999  6.4138  5.4118  4.4640  4.0112  4.2278  4.0361  3.6318  3.4199  3.3322  3.1680  2.9208  2.9126  2.7760
 167  0.692865  3.7553  3.7414  0.5119  6.4774  5.4413  4.4717  4.0104  4.2130  4.0173  3.6058  3.3911  3.3024  3.1361  2.8857  2.8772  2.7382
 168  0.693214  3.7526  3.7179  0.5248  6.5401  5.4690  4.4775  4.0080  4.1960  3.9964  3.5776  3.3600  3.2703  3.1021  2.8484  2.8398  2.6981
 169  0.693547  3.7501  3.6943  0.5387  6.5946  5.4905  4.4786  4.0015  4.1756  3.9723  3.5468  3.3267  3.2361  3.0661  2.8094  2.8005  2.6565
 170  0.693864  3.7478  3.6706  0.5534  6.6416  5.5061  4.4752  3.9910  4.1520  3.9453  3.5137  3.2913  3.1998  3.0282  2.7688  2.7596  2.6134
 171  0.694163  3.7458  3.6470  0.5690  6.6790  5.5151  4.4667  3.9763  4.1251  3.9154  3.4784  3.2539  3.1617  2.9886  2.7268  2.7175  2.5693
 172  0.694449  3.7439  3.6238  0.5851  6.7063  5.5171  4.4532  3.9574  4.0952  3.8828  3.4412  3.2149  3.1221  2.9478  2.6838  2.6743  2.5244
 173  0.694721  3.7423  3.6009  0.6018  6.7261  5.5135  4.4358  3.9353  4.0629  3.8482  3.4025  3.1746  3.0813  2.9058  2.6400  2.6304  2.4789
 174  0.694982  3.7409  3.5785  0.6188  6.7400  5.5053  4.4151  3.9104  4.0286  3.8118  3.3625  3.1333  3.0395  2.8631  2.5956  2.5858  2.4329
 175  0.695233  3.7397  3.5564  0.6361  6.7460  5.4919  4.3909  3.8827  3.9924  3.7738  3.3215  3.0911  2.9970  2.8198  2.5508  2.5409  2.3869
 176  0.695476  3.7387  3.5347  0.6537  6.7461  5.4746  4.3641  3.8529  3.9549  3.7347  3.2797  3.0484  2.9538  2.7759  2.5058  2.4957  2.3405
 177  0.695713  3.7377  3.5133  0.6714  6.7410  5.4540  4.3350  3.8212  3.9163  3.6947  3.2374  3.0050  2.9102  2.7317  2.4604  2.4503  2.2942
 178  0.695945  3.7368  3.4920  0.6892  6.7331  5.4315  4.3046  3.7884  3.8770  3.6541  3.1945  2.9614  2.8664  2.6871  2.4149  2.4046  2.2477
 179  0.696172  3.7359  3.4709  0.7071  6.7231  5.4076  4.2733  3.7549  3.8372  3.6132  3.1515  2.9176  2.8222  2.6425  2.3692  2.3589  2.2010
 180  0.696396  3.7351  3.4499  0.7251  6.7104  5.3820  4.2408  3.7204  3.7969  3.5717  3.1082  2.8735  2.7779  2.5976  2.3234  2.3130  2.1544
 181  0.696615  3.7344  3.4290  0.7432  6.6959  5.3552  4.2075  3.6853  3.7561  3.5299  3.0646  2.8292  2.7333  2.5526  2.2774  2.2670  2.1075
 182  0.696783  3.7339  3.4128  0.7573  6.6830  5.3336  4.1811  3.6574  3.7243  3.4971  3.0305  2.7945  2.6985  2.5174  2.2416  2.2311  2.0710
 183  0.696950  3.7334  3.3965  0.7716  6.6690  5.3110  4.1538  3.6289  3.6917  3.4639  2.9959  2.7595  2.6633  2.4818  2.2054  2.1948  2.0342
 184  0.697118  3.7329  3.3802  0.7861  6.6536  5.2873  4.1257  3.5995  3.6585  3.4298  2.9607  2.7238  2.6274  2.4456  2.1686  2.1580  1.9968
 185  0.697285  3.7324  3.3636  0.8008  6.6380  5.2634  4.0973  3.5698  3.6249  3.3955  2.9251  2.6877  2.5913  2.4090  2.1314  2.1207  1.9590
 186  0.697450  3.7319  3.3467  0.8157  6.6217  5.2388  4.0682  3.5393  3.5906  3.3605  2.8889  2.6510  2.5543  2.3717  2.0934  2.0827  1.9205
 187  0.697616  3.7314  3.3297  0.8310  6.6046  5.2133  4.0383  3.5083  3.5556  3.3248  2.8520  2.6136  2.5167  2.3338  2.0549  2.0441  1.8814
 188  0.697780  3.7309  3.3123  0.8465  6.5858  5.1865  4.0073  3.4761  3.5197  3.2882  2.8142  2.5753  2.4784  2.2951  2.0156  2.0048  1.8415
 189  0.697944  3.7304  3.2946  0.8624  6.5668  5.1592  3.9757  3.4434  3.4831  3.2509  2.7757  2.5363  2.4392  2.2555  1.9753  1.9645  1.8007
 190  0.698106  3.7299  3.2763  0.8789  6.5469  5.1307  3.9428  3.4093  3.4450  3.2121  2.7357  2.4958  2.3985  2.2145  1.9337  1.9228  1.7585
 191  0.698266  3.7294  3.2575  0.8958  6.5263  5.1013  3.9089  3.3742  3.4059  3.1722  2.6945  2.4542  2.3567  2.1723  1.8909  1.8799  1.7151
 192  0.698424  3.7290  3.2381  0.9132  6.5042  5.0703  3.8736  3.3378  3.3655  3.1310  2.6521  2.4112  2.3136  2.1289  1.8467  1.8357  1.6703
 193  0.698580  3.7284  3.2181  0.9313  6.4821  5.0389  3.8375  3.3004  3.3238  3.0886  2.6084  2.3669  2.2691  2.0840  1.8012  1.7901  1.6241
 194  0.698732  3.7279  3.1973  0.9500  6.4587  5.0060  3.7999  3.2615  3.2806  3.0445  2.5630  2.3209  2.2230  2.0374  1.7539  1.7428  1.5761
 195  0.698883  3.7273  3.1759  0.9694  6.4343  4.9716  3.7607  3.2211  3.2357  2.9988  2.5158  2.2731  2.1751  1.9891  1.7048  1.6937  1.5265
 196  0.699029  3.7268  3.1537  0.9895  6.4091  4.9361  3.7202  3.1793  3.1893  2.9515  2.4671  2.2239  2.1256  1.9391  1.6541  1.6429  1.4750
 197  0.699172  3.7262  3.1305  1.0102  6.3837  4.8999  3.6786  3.1363  3.1414  2.9027  2.4167  2.1728  2.0743  1.8874  1.6017  1.5903  1.4218
 198  0.699313  3.7255  3.1068  1.0316  6.3582  4.8630  3.6362  3.0923  3.0923  2.8527  2.3650  2.1204  2.0217  1.8343  1.5477  1.5363  1.3671
 199  0.699449  3.7249  3.0824  1.0535  6.3278  4.8228  3.5917  3.0465  3.0417  2.8012  2.3119  2.0666  1.9677  1.7799  1.4923  1.4809  1.3109
 200  0.699583  3.7242  3.0573  1.0759  6.2965  4.7815  3.5461  2.9996  2.9899  2.7485  2.2574  2.0115  1.9123  1.7240  1.4356  1.4240  1.2533
 201  0.699713  3.7236  3.0316  1.0990  6.2653  4.7398  3.4998  2.9519  2.9371  2.6947  2.2017  1.9550  1.8557  1.6668  1.3775  1.3658  1.1943
 202  0.699839  3.7228  3.0052  1.1225  6.2346  4.6978  3.4530  2.9034  2.8833  2.6397  2.1449  1.8975  1.7978  1.6083  1.3180  1.3063  1.1340
 203  0.699963  3.7221  2.9781  1.1465  6.2048  4.6559  3.4057  2.8544  2.8286  2.5838  2.0870  1.8387  1.7388  1.5487  1.2574  1.2456  1.0724
 204  0.700083  3.7212  2.9503  1.1710  6.1763  4.6143  3.3583  2.8050  2.7730  2.5271  2.0280  1.7788  1.6788  1.4880  1.1956  1.1836  1.0094
 205  0.700198  3.7203  2.9218  1.1960  6.1489  4.5729  3.3105  2.7551  2.7167  2.4694  1.9680  1.7179  1.6176  1.4262  1.1325  1.1205  0.9453
 206  0.700310  3.7194  2.8927  1.2214  6.1222  4.5315  3.2623  2.7046  2.6595  2.4108  1.9071  1.6559  1.5553  1.3632  1.0684  1.0563  0.8800
 207  0.700419  3.7184  2.8631  1.2473  6.0966  4.4904  3.2138  2.6538  2.6014  2.3514  1.8451  1.5930  1.4921  1.2992  1.0032  0.9910  0.8136
 208  0.700523  3.7174  2.8329  1.2736  6.0722  4.4497  3.1651  2.6025  2.5428  2.2913  1.7823  1.5292  1.4278  1.2344  0.9369  0.9246  0.7460
 209  0.700623  3.7164  2.8021  1.3002  6.0496  4.4095  3.1164  2.5511  2.4834  2.2303  1.7186  1.4644  1.3628  1.1685  0.8696  0.8572  0.6775
 210  0.700720  3.7153  2.7709  1.3274  6.0290  4.3701  3.0677  2.4994  2.4235  2.1688  1.6542  1.3989  1.2970  1.1018  0.8015  0.7889  0.6080
 211  0.700812  3.7142  2.7392  1.3547  6.0107  4.3319  3.0191  2.4478  2.3631  2.1067  1.5890  1.3325  1.2302  1.0343  0.7324  0.7198  0.5375
 212  0.700901  3.7130  2.7069  1.3825  5.9949  4.2950  2.9708  2.3962  2.3023  2.0439  1.5232  1.2655  1.1628  0.9660  0.6625  0.6498  0.4662
 213  0.700986  3.7119  2.6743  1.4105  5.9819  4.2598  2.9229  2.3448  2.2410  1.9808  1.4567  1.1978  1.0947  0.8969  0.5920  0.5790  0.3941
 214  0.701068  3.7107  2.6413  1.4388  5.9743  4.2271  2.8758  2.2938  2.1795  1.9172  1.3897  1.1294  1.0260  0.8273  0.5206  0.5076  0.3212
 215  0.701144  3.7095  2.6079  1.4674  5.9842  4.2027  2.8317  2.2448  2.1179  1.8533  1.3221  1.0604  0.9564  0.7568  0.4485  0.4352  0.2475
 216  0.701218  3.7082  2.5740  1.4962  5.9980  4.1808  2.7882  2.1962  2.0563  1.7891  1.2540  0.9908  0.8863  0.6858  0.3756  0.3622  0.1731
 217  0.701229  3.7080  2.5686  1.5009  6.0001  4.1776  2.7813  2.1885  2.0464  1.7787  1.2430  0.9796  0.8751  0.6743  0.3639  0.3505  0.1611
 218  0.701241  3.7078  2.5631  1.5055  6.0025  4.1744  2.7744  2.1808  2.0365  1.7685  1.2321  0.9684  0.8638  0.6629  0.3522  0.3388  0.1491
 219  0.701252  3.7076  2.5576  1.5103  6.0047  4.1711  2.7675  2.1730  2.0265  1.7580  1.2210  0.9571  0.8524  0.6514  0.3403  0.3269  0.1370
 220  0.701263  3.7074  2.5521  1.5149  6.0074  4.1681  2.7607  2.1654  2.0167  1.7477  1.2100  0.9458  0.8410  0.6398  0.3285  0.3151  0.1249
 221  0.701275  3.7072  2.5465  1.5197  6.0099  4.1651  2.7538  2.1577  2.0066  1.7373  1.1988  0.9345  0.8295  0.6282  0.3166  0.3031  0.1127
 222  0.701286  3.7070  2.5409  1.5244  6.0126  4.1621  2.7470  2.1500  1.9966  1.7268  1.1877  0.9230  0.8180  0.6164  0.3046  0.2910  0.1004
 223  0.701297  3.7068  2.5353  1.5292  6.0157  4.1594  2.7403  2.1423  1.9866  1.7164  1.1766  0.9115  0.8065  0.6047  0.2925  0.2790  0.0881
 224  0.701309  3.7065  2.5296  1.5340  6.0185  4.1566  2.7334  2.1346  1.9765  1.7058  1.1652  0.9000  0.7949  0.5929  0.2804  0.2668  0.0757
 225  0.701320  3.7063  2.5238  1.5388  6.0219  4.1541  2.7267  2.1270  1.9664  1.6953  1.1539  0.8884  0.7832  0.5810  0.2682  0.2546  0.0632
 226  0.701330  3.7061  2.5181  1.5436  6.0250  4.1514  2.7199  2.1193  1.9562  1.6846  1.1425  0.8767  0.7714  0.5691  0.2560  0.2423  0.0506
 227  0.701429  3.7039  2.4622  1.5906  6.0620  4.1335  2.6572  2.0471  1.8590  1.5825  1.0329  0.7643  0.6580  0.4538  0.1374  0.1234 -0.0708
 228  0.701521  3.7014  2.4032  1.6397  6.1056  4.1261  2.5969  1.9765  1.7594  1.4775  0.9193  0.6473  0.5399  0.3336  0.0133 -0.0007 -0.1979
 229  0.701603  3.6989  2.3465  1.6868  6.1581  4.1241  2.5417  1.9108  1.6652  1.3776  0.8106  0.5353  0.4269  0.2184 -0.1056 -0.1199 -0.3200
 230  0.701677  3.6967  2.2950  1.7294  6.2115  4.1231  2.4922  1.8513  1.5799  1.2872  0.7122  0.4339  0.3244  0.1140 -0.2133 -0.2280 -0.4306
 231  0.701744  3.6945  2.2452  1.7707  6.2586  4.1222  2.4440  1.7936  1.4974  1.1997  0.6169  0.3357  0.2252  0.0129 -0.3177 -0.3326 -0.5378
 232  0.701808  3.6926  2.2007  1.8075  6.2835  4.1159  2.3990  1.7403  1.4238  1.1218  0.5322  0.2483  0.1371 -0.0770 -0.4106 -0.4256 -0.6332
 233  0.701867  3.6914  2.1684  1.8347  6.2963  4.0975  2.3598  1.6958  1.3672  1.0624  0.4684  0.1828  0.0710 -0.1441 -0.4795 -0.4949 -0.7037
 234  0.701924  3.6903  2.1394  1.8594  6.3094  4.0793  2.3236  1.6548  1.3156  1.0084  0.4104  0.1233  0.0112 -0.2050 -0.5421 -0.5575 -0.7676
 235  0.701979  3.6880  2.0883  1.9012  6.3385  4.0864  2.2780  1.5992  1.2341  0.9215  0.3151  0.0248 -0.0883 -0.3067 -0.6473 -0.6630 -0.8759
 236  0.702030  3.6853  2.0330  1.9462  6.3671  4.1062  2.2340  1.5440  1.1488  0.8302  0.2141 -0.0800 -0.1943 -0.4151 -0.7599 -0.7759 -0.9921
 237  0.702077  3.6828  1.9796  1.9894  6.3910  4.1341  2.1954  1.4943  1.0684  0.7436  0.1180 -0.1798 -0.2953 -0.5186 -0.8676 -0.8839 -1.1033
 238  0.702118  3.6804  1.9319  2.0277  6.4103  4.1702  2.1655  1.4543  0.9989  0.6683  0.0337 -0.2676 -0.3842 -0.6098 -0.9626 -0.9792 -1.2018
 239  0.702157  3.6785  1.8941  2.0580  6.4179  4.2091  2.1450  1.4254  0.9451  0.6098 -0.0322 -0.3364 -0.4539 -0.6814 -1.0373 -1.0542 -1.2793
 240  0.702194  3.6770  1.8620  2.0839  6.4157  4.2532  2.1293  1.4026  0.8991  0.5597 -0.0886 -0.3952 -0.5135 -0.7426 -1.1011 -1.1182 -1.3453
 241  0.702230  3.6744  1.8102  2.1253  6.4328  4.3071  2.1034  1.3658  0.8264  0.4802 -0.1784 -0.4892 -0.6088 -0.8405 -1.2034 -1.2208 -1.4515
 242  0.702263  3.6715  1.7534  2.1704  6.4507  4.3658  2.0770  1.3279  0.7484  0.3947 -0.2758 -0.5912 -0.7120 -0.9469 -1.3145 -1.3323 -1.5668
 243  0.702292  3.6686  1.6982  2.2142  6.4624  4.4248  2.0532  1.2934  0.6735  0.3123 -0.3699 -0.6899 -0.8121 -1.0499 -1.4222 -1.4404 -1.6788
 244  0.702319  3.6658  1.6428  2.2581  6.4692  4.4851  2.0314  1.2613  0.5997  0.2306 -0.4637 -0.7884 -0.9121 -1.1528 -1.5300 -1.5486 -1.7908
 245  0.702343  3.6628  1.5882  2.3011  6.4712  4.5462  2.0127  1.2329  0.5287  0.1516 -0.5550 -0.8846 -1.0098 -1.2536 -1.6356 -1.6546 -1.9008
 246  0.702364  3.6600  1.5350  2.3429  6.4693  4.6076  1.9982  1.2099  0.4621  0.0768 -0.6425 -0.9771 -1.1038 -1.3507 -1.7374 -1.7568 -2.0070
 247  0.702384  3.6572  1.4835  2.3832  6.4625  4.6668  1.9873  1.1916  0.3994  0.0060 -0.7263 -1.0659 -1.1941 -1.4442 -1.8356 -1.8554 -2.1095
 248  0.702402  3.6545  1.4339  2.4219  6.4515  4.7230  1.9791  1.1772  0.3410 -0.0608 -0.8058 -1.1505 -1.2802 -1.5334 -1.9294 -1.9496 -2.2076
 249  0.702419  3.6517  1.3847  2.4602  6.4393  4.7788  1.9739  1.1663  0.2850 -0.1251 -0.8832 -1.2333 -1.3645 -1.6210 -2.0218 -2.0424 -2.3044
 250  0.702434  3.6489  1.3359  2.4978  6.4255  4.8339  1.9716  1.1591  0.2320 -0.1868 -0.9586 -1.3141 -1.4469 -1.7067 -2.1124 -2.1335 -2.3994
 251  0.702448  3.6462  1.2889  2.5341  6.4097  4.8851  1.9710  1.1544  0.1822 -0.2452 -1.0304 -1.3913 -1.5257 -1.7888 -2.1993 -2.2208 -2.4908
 252  0.702461  3.6435  1.2423  2.5699  6.3920  4.9334  1.9716  1.1517  0.1343 -0.3018 -1.1009 -1.4672 -1.6032 -1.8695 -2.2850 -2.3068 -2.5810
 253  0.702472  3.6408  1.1961  2.6054  6.3728  4.9770  1.9734  1.1511  0.0883 -0.3566 -1.1700 -1.5419 -1.6796 -1.9492 -2.3694 -2.3917 -2.6699
 254  0.702483  3.6383  1.1516  2.6396  6.3524  5.0155  1.9763  1.1523  0.0453 -0.4085 -1.2360 -1.6135 -1.7530 -2.0257 -2.4504 -2.4732 -2.7554
 255  0.702493  3.6357  1.1076  2.6733  6.3307  5.0511  1.9798  1.1550  0.0041 -0.4585 -1.3004 -1.6836 -1.8248 -2.1006 -2.5301 -2.5532 -2.8396
 256  0.702502  3.6331  1.0640  2.7066  6.3087  5.0850  1.9848  1.1597 -0.0348 -0.5063 -1.3628 -1.7518 -1.8947 -2.1737 -2.6080 -2.6316 -2.9223
 257  0.702511  3.6306  1.0219  2.7387  6.2859  5.1153  1.9903  1.1654 -0.0711 -0.5512 -1.4223 -1.8170 -1.9617 -2.2438 -2.6830 -2.7069 -3.0019
 258  0.702519  3.6281  0.9801  2.7705  6.2620  5.1429  1.9957  1.1716 -0.1059 -0.5947 -1.4805 -1.8808 -2.0272 -2.3124 -2.7567 -2.7811 -3.0805
 259  0.702527  3.6257  0.9392  2.8016  6.2373  5.1673  2.0004  1.1774 -0.1391 -0.6366 -1.5371 -1.9431 -2.0913 -2.3795 -2.8290 -2.8537 -3.1574
 260  0.702534  3.6232  0.8991  2.8320  6.2125  5.1899  2.0056  1.1839 -0.1700 -0.6763 -1.5916 -2.0033 -2.1533 -2.4445 -2.8994 -2.9244 -3.2325
 261  0.702540  3.6208  0.8594  2.8619  6.1879  5.2112  2.0110  1.1907 -0.1991 -0.7142 -1.6451 -2.0624 -2.2143 -2.5083 -2.9684 -2.9939 -3.3063
 262  0.702546  3.6184  0.8208  2.8909  6.1629  5.2298  2.0153  1.1967 -0.2265 -0.7503 -1.6968 -2.1198 -2.2736 -2.5701 -3.0354 -3.0612 -3.3779
 263  0.702552  3.6161  0.7829  2.9195  6.1373  5.2461  2.0189  1.2021 -0.2528 -0.7853 -1.7477 -2.1761 -2.3319 -2.6307 -3.1012 -3.1274 -3.4484
 264  0.702557  3.6138  0.7458  2.9475  6.1113  5.2603  2.0218  1.2070 -0.2779 -0.8192 -1.7976 -2.2314 -2.3893 -2.6901 -3.1657 -3.1921 -3.5172
 265  0.702562  3.6115  0.7092  2.9750  6.0848  5.2727  2.0239  1.2112 -0.3019 -0.8516 -1.8461 -2.2853 -2.4452 -2.7479 -3.2288 -3.2554 -3.5848
 266  0.702567  3.6093  0.6736  3.0018  6.0579  5.2831  2.0250  1.2147 -0.3245 -0.8826 -1.8929 -2.3373 -2.4991 -2.8039 -3.2902 -3.3172 -3.6508
 267  0.702571  3.6072  0.6386  3.0282  6.0307  5.2917  2.0249  1.2172 -0.3461 -0.9123 -1.9383 -2.3877 -2.5515 -2.8581 -3.3504 -3.3776 -3.7155
 268  0.702576  3.6051  0.6042  3.0541  6.0035  5.2991  2.0243  1.2194 -0.3664 -0.9405 -1.9820 -2.4364 -2.6021 -2.9107 -3.4095 -3.4369 -3.7792
 269  0.702580  3.6030  0.5706  3.0794  5.9763  5.3057  2.0229  1.2210 -0.3845 -0.9663 -2.0234 -2.4826 -2.6502 -2.9610 -3.4670 -3.4946 -3.8414
 270  0.702583  3.6009  0.5375  3.1043  5.9492  5.3117  2.0209  1.2221 -0.4009 -0.9902 -2.0627 -2.5268 -2.6961 -3.0093 -3.5233 -3.5512 -3.9025
 271  0.702587  3.5990  0.5053  3.1285  5.9215  5.3161  2.0169  1.2212 -0.4178 -1.0144 -2.1025 -2.5709 -2.7420 -3.0570 -3.5788 -3.6068 -3.9625
 272  0.702590  3.5969  0.4734  3.1523  5.8944  5.3216  2.0137  1.2217 -0.4314 -1.0348 -2.1384 -2.6110 -2.7838 -3.1010 -3.6326 -3.6607 -4.0213
 273  0.702593  3.5949  0.4423  3.1756  5.8669  5.3257  2.0090  1.2207 -0.4449 -1.0547 -2.1728 -2.6493 -2.8232 -3.1431 -3.6854 -3.7138 -4.0790
 274  0.702596  3.5930  0.4121  3.1983  5.8390  5.3290  2.0026  1.2181 -0.4584 -1.0744 -2.2062 -2.6861 -2.8611 -3.1840 -3.7374 -3.7659 -4.1357
 275  0.702599  3.5912  0.3822  3.2207  5.8124  5.3362  1.9979  1.2172 -0.4689 -1.0911 -2.2369 -2.7204 -2.8963 -3.2227 -3.7881 -3.8166 -4.1914
 276  0.702602  3.5894  0.3533  3.2423  5.7853  5.3416  1.9916  1.2149 -0.4789 -1.1068 -2.2658 -2.7525 -2.9291 -3.2593 -3.8372 -3.8659 -4.2454
 277  0.702604  3.5876  0.3252  3.2634  5.7583  5.3464  1.9845  1.2120 -0.4884 -1.1215 -2.2928 -2.7826 -2.9597 -3.2939 -3.8847 -3.9137 -4.2981
 278  0.702607  3.5859  0.2981  3.2837  5.7324  5.3519  1.9780  1.2095 -0.4959 -1.1339 -2.3168 -2.8096 -2.9871 -3.3256 -3.9300 -3.9591 -4.3483
 279  0.702609  3.5844  0.2746  3.3013  5.7055  5.3449  1.9603  1.1913 -0.5203 -1.1588 -2.3489 -2.8437 -3.0214 -3.3624 -3.9735 -4.0024 -4.3940
