#NUMBER OF AGES= 1
#----------------------------------------------------       
#MIX-LEN  Y      Z          Zeff        [Fe/H] [a/Fe]
# 1.9380  0.3300 1.5933E-03 8.1103E-04  -1.26   0.40 
#----------------------------------------------------       
#**PHOTOMETRIC SYSTEM**: HST WFPC2 (Vega)                   
#----------------------------------------------------       
#AGE=13.600 EEPS=265
#EEP   M/Mo    LogTeff  LogG   LogL/Lo F218W   F255W   F300W   F336W   F439W   F450W   F555W   F606W   F622W   F675W   F791W   F814W   F850LP
  15  0.120316  3.5331  5.2337 -2.6302 20.5421 20.2892 16.6751 15.8523 14.6948 14.1542 12.8089 12.2830 12.0934 11.6925 10.7337 10.6933 10.2429
  16  0.134615  3.5392  5.1897 -2.5133 20.1923 19.7720 16.2587 15.4251 14.2647 13.7513 12.4405 11.9164 11.7269 11.3350 10.4344 10.3955  9.9580
  17  0.147575  3.5446  5.1558 -2.4181 19.8973 19.3421 15.9155 15.0752 13.9153 13.4220 12.1396 11.6175 11.4282 11.0435 10.1903 10.1525  9.7261
  18  0.159795  3.5494  5.1285 -2.3372 19.6387 18.9758 15.6238 14.7788 13.6206 13.1427 11.8839 11.3639 11.1749 10.7962  9.9826  9.9460  9.5293
  19  0.171960  3.5537  5.1052 -2.2648 19.4009 18.6477 15.3647 14.5171 13.3619 12.8957 11.6571 11.1391 10.9506 10.5770  9.7969  9.7613  9.3530
  20  0.184433  3.5575  5.0836 -2.1974 19.1762 18.3446 15.1263 14.2776 13.1268 12.6703 11.4496 10.9338 10.7458 10.3763  9.6245  9.5897  9.1887
  21  0.197954  3.5610  5.0631 -2.1317 18.9560 18.0554 14.8976 14.0489 12.9034 12.4550 11.2508 10.7373 10.5500 10.1841  9.4571  9.4230  9.0286
  22  0.211824  3.5643  5.0445 -2.0707 18.7502 17.7900 14.6865 13.8382 12.6984 12.2568 11.0674 10.5562 10.3695 10.0069  9.3015  9.2680  8.8797
  23  0.225808  3.5674  5.0276 -2.0139 18.5578 17.5458 14.4915 13.6440 12.5105 12.0747 10.8991 10.3903 10.2042  9.8445  9.1575  9.1245  8.7415
  24  0.238692  3.5697  5.0136 -1.9658 18.3985 17.3461 14.3276 13.4808 12.3527 11.9213 10.7570 10.2506 10.0652  9.7080  9.0354  9.0027  8.6241
  25  0.248973  3.5715  5.0033 -1.9297 18.2803 17.2013 14.2054 13.3587 12.2348 11.8064 10.6507 10.1463  9.9614  9.6061  8.9437  8.9114  8.5359
  26  0.256588  3.5729  4.9962 -1.9042 18.1963 17.0990 14.1190 13.2725 12.1518 11.7255 10.5760 10.0729  9.8884  9.5345  8.8790  8.8469  8.4738
  27  0.262238  3.5737  4.9914 -1.8864 18.1372 17.0274 14.0585 13.2121 12.0937 11.6687 10.5234 10.0214  9.8371  9.4842  8.8337  8.8018  8.4302
  28  0.266549  3.5745  4.9883 -1.8734 18.0941 16.9747 14.0145 13.1683 12.0514 11.6274 10.4851  9.9839  9.7999  9.4477  8.8007  8.7690  8.3988
  29  0.269825  3.5750  4.9859 -1.8635 18.0611 16.9341 13.9805 13.1345 12.0191 11.5958 10.4558  9.9551  9.7712  9.4196  8.7757  8.7441  8.3747
  30  0.272469  3.5755  4.9838 -1.8556 18.0340 16.9006 13.9527 13.1067 11.9924 11.5695 10.4317  9.9315  9.7477  9.3966  8.7552  8.7236  8.3551
  31  0.274838  3.5759  4.9823 -1.8485 18.0100 16.8706 13.9280 13.0820 11.9687 11.5464 10.4103  9.9106  9.7269  9.3764  8.7374  8.7059  8.3381
  32  0.277032  3.5763  4.9806 -1.8415 17.9863 16.8407 13.9035 13.0575 11.9451 11.5234 10.3893  9.8900  9.7064  9.3563  8.7197  8.6883  8.3214
  33  0.279300  3.5767  4.9788 -1.8343 17.9616 16.8099 13.8781 13.0323 11.9210 11.4998 10.3675  9.8687  9.6853  9.3356  8.7014  8.6701  8.3040
  34  0.281688  3.5772  4.9766 -1.8267 17.9357 16.7778 13.8515 13.0058 11.8954 11.4749 10.3446  9.8462  9.6629  9.3137  8.6820  8.6507  8.2854
  35  0.284227  3.5777  4.9740 -1.8184 17.9081 16.7440 13.8234 12.9777 11.8684 11.4483 10.3200  9.8221  9.6389  9.2902  8.6610  8.6298  8.2653
  36  0.286941  3.5781  4.9709 -1.8094 17.8795 16.7092 13.7939 12.9483 11.8400 11.4205 10.2940  9.7966  9.6135  9.2652  8.6385  8.6073  8.2437
  37  0.290191  3.5786  4.9673 -1.7991 17.8471 16.6701 13.7604 12.9149 11.8075 11.3886 10.2641  9.7671  9.5841  9.2363  8.6122  8.5812  8.2183
  38  0.290145  3.5781  4.9665 -1.7995 17.8476 16.6728 13.7641 12.9194 11.8146 11.3953 10.2705  9.7731  9.5903  9.2414  8.6146  8.5833  8.2193
  39  0.300009  3.5796  4.9550 -1.7676 17.7559 16.5568 13.6640 12.8186 11.7146 11.2965 10.1771  9.6805  9.4981  9.1505  8.5339  8.5030  8.1419
  40  0.321541  3.5850  4.9274 -1.6900 17.5171 16.2331 13.4004 12.5540 11.4546 11.0385  9.9363  9.4429  9.2615  8.9194  8.3368  8.3067  7.9567
  41  0.344689  3.5904  4.8960 -1.6061 17.2096 15.8524 13.0945 12.2518 11.1735 10.7622  9.6852  9.1996  9.0202  8.6841  8.1249  8.0956  7.7547
  42  0.365440  3.5967  4.8651 -1.5242 16.8807 15.4530 12.7736 11.9358 10.8867 10.4816  9.4352  8.9600  8.7835  8.4546  7.9175  7.8890  7.5576
  43  0.377349  3.6010  4.8461 -1.4742 16.6876 15.2095 12.5773 11.7416 10.7089 10.3069  9.2793  8.8108  8.6360  8.3121  7.7904  7.7627  7.4380
  44  0.387622  3.6051  4.8294 -1.4294 16.5137 14.9888 12.3983 11.5643 10.5468 10.1479  9.1384  8.6767  8.5036  8.1844  7.6769  7.6496  7.3315
  45  0.396832  3.6092  4.8145 -1.3879 16.3504 14.7830 12.2291 11.3965 10.3939  9.9984  9.0070  8.5524  8.3810  8.0667  7.5717  7.5451  7.2331
  46  0.405189  3.6132  4.8011 -1.3492 16.1956 14.5918 12.0682 11.2366 10.2483  9.8568  8.8838  8.4368  8.2672  7.9579  7.4739  7.4478  7.1415
  47  0.413257  3.6174  4.7888 -1.3112 16.0410 14.4034 11.9063 11.0750 10.1017  9.7148  8.7616  8.3228  8.1552  7.8514  7.3777  7.3523  7.0519
  48  0.421011  3.6221  4.7776 -1.2739 15.8829 14.2110 11.7396 10.9075  9.9513  9.5697  8.6381  8.2089  8.0434  7.7458  7.2830  7.2581  6.9641
  49  0.428615  3.6269  4.7674 -1.2364 15.7214 14.0153 11.5668 10.7334  9.7966  9.4211  8.5128  8.0941  7.9311  7.6402  7.1884  7.1644  6.8770
  50  0.436034  3.6320  4.7582 -1.1994 15.5594 13.8197 11.3897 10.5550  9.6401  9.2709  8.3871  7.9796  7.8192  7.5356  7.0952  7.0719  6.7918
  51  0.443304  3.6371  4.7497 -1.1629 15.4007 13.6309 11.2083 10.3727  9.4818  9.1195  8.2609  7.8652  7.7077  7.4318  7.0034  6.9810  6.7082
  52  0.448153  3.6408  4.7444 -1.1385 15.2928 13.5027 11.0831 10.2477  9.3748  9.0173  8.1757  7.7882  7.6326  7.3621  6.9420  6.9201  6.6524
  53  0.452945  3.6444  4.7394 -1.1142 15.1779 13.3671 10.9555 10.1204  9.2682  8.9155  8.0911  7.7118  7.5582  7.2931  6.8810  6.8598  6.5973
  54  0.457675  3.6481  4.7348 -1.0903 15.0479 13.2155 10.8252  9.9898  9.1622  8.8141  8.0073  7.6360  7.4847  7.2247  6.8204  6.7997  6.5423
  55  0.462322  3.6519  4.7304 -1.0666 14.9069 13.0525 10.6929  9.8578  9.0579  8.7142  7.9249  7.5615  7.4125  7.1574  6.7605  6.7404  6.4878
  56  0.466885  3.6556  4.7264 -1.0432 14.7541 12.8724 10.5541  9.7206  8.9536  8.6144  7.8428  7.4873  7.3408  7.0904  6.7010  6.6814  6.4339
  57  0.471368  3.6595  4.7227 -1.0200 14.5914 12.6810 10.4093  9.5799  8.8496  8.5148  7.7612  7.4136  7.2698  7.0242  6.6422  6.6230  6.3807
  58  0.475763  3.6633  4.7193 -0.9972 14.4208 12.4838 10.2626  9.4389  8.7476  8.4173  7.6813  7.3414  7.2004  6.9591  6.5843  6.5657  6.3283
  59  0.480076  3.6672  4.7161 -0.9745 14.2388 12.2775 10.1123  9.2961  8.6464  8.3205  7.6022  7.2699  7.1317  6.8949  6.5270  6.5090  6.2767
  60  0.484295  3.6709  4.7129 -0.9526 14.0537 12.0724  9.9653  9.1575  8.5494  8.2278  7.5261  7.2010  7.0653  6.8327  6.4713  6.4538  6.2262
  61  0.488429  3.6747  4.7099 -0.9308 13.8581 11.8612  9.8177  9.0197  8.4541  8.1368  7.4513  7.1329  7.0002  6.7713  6.4163  6.3993  6.1763
  62  0.492495  3.6783  4.7067 -0.9095 13.6597 11.6521  9.6743  8.8868  8.3628  8.0497  7.3792  7.0672  6.9371  6.7118  6.3625  6.3460  6.1276
  63  0.496487  3.6819  4.7036 -0.8885 13.4528 11.4414  9.5316  8.7556  8.2739  7.9650  7.3089  7.0029  6.8754  6.6534  6.3096  6.2936  6.0795
  64  0.500395  3.6854  4.7004 -0.8680 13.2424 11.2348  9.3929  8.6291  8.1887  7.8840  7.2412  6.9408  6.8157  6.5967  6.2582  6.2426  6.0325
  65  0.504226  3.6888  4.6971 -0.8479 13.0251 11.0298  9.2557  8.5048  8.1059  7.8053  7.1754  6.8802  6.7575  6.5414  6.2076  6.1924  5.9864
  66  0.507971  3.6921  4.6938 -0.8282 12.7919 10.8260  9.1202  8.3835  8.0259  7.7296  7.1120  6.8218  6.7013  6.4880  6.1587  6.1439  5.9416
  67  0.511615  3.6953  4.6906 -0.8090 12.5484 10.6244  8.9862  8.2644  7.9481  7.6564  7.0505  6.7649  6.6467  6.4360  6.1111  6.0967  5.8982
  68  0.515160  3.6984  4.6872 -0.7901 12.3067 10.4308  8.8565  8.1498  7.8732  7.5858  6.9912  6.7101  6.5939  6.3857  6.0651  6.0510  5.8561
  69  0.518615  3.7014  4.6840 -0.7718 12.0719 10.2464  8.7313  8.0391  7.8005  7.5176  6.9336  6.6568  6.5426  6.3368  6.0202  6.0065  5.8150
  70  0.522001  3.7044  4.6805 -0.7539 11.8514 10.0752  8.6127  7.9341  7.7307  7.4521  6.8781  6.6051  6.4928  6.2892  5.9765  5.9631  5.7750
  71  0.525315  3.7072  4.6770 -0.7362 11.6510  9.9189  8.5003  7.8340  7.6629  7.3885  6.8239  6.5548  6.4440  6.2426  5.9337  5.9207  5.7356
  72  0.528565  3.7100  4.6733 -0.7189 11.4912  9.7897  8.3996  7.7428  7.5983  7.3278  6.7716  6.5058  6.3965  6.1972  5.8919  5.8792  5.6972
  73  0.531757  3.7127  4.6697 -0.7018 11.3484  9.6728  8.3043  7.6557  7.5354  7.2686  6.7205  6.4579  6.3499  6.1527  5.8508  5.8384  5.6593
  74  0.534897  3.7153  4.6658 -0.6851 11.2178  9.5657  8.2143  7.5733  7.4748  7.2116  6.6710  6.4113  6.3045  6.1093  5.8107  5.7986  5.6223
  75  0.537988  3.7178  4.6619 -0.6685 11.0922  9.4635  8.1267  7.4928  7.4153  7.1557  6.6223  6.3656  6.2598  6.0665  5.7712  5.7594  5.5857
  76  0.541035  3.7203  4.6579 -0.6522 10.9716  9.3660  8.0420  7.4153  7.3574  7.1012  6.5748  6.3208  6.2161  6.0245  5.7324  5.7208  5.5497
  77  0.544042  3.7227  4.6539 -0.6361 10.8511  9.2700  7.9585  7.3388  7.3003  7.0477  6.5281  6.2768  6.1731  5.9833  5.6941  5.6828  5.5143
  78  0.547013  3.7250  4.6497 -0.6201 10.7141  9.1661  7.8732  7.2619  7.2441  6.9951  6.4822  6.2335  6.1309  5.9428  5.6565  5.6454  5.4794
  79  0.549945  3.7273  4.6455 -0.6043 10.5749  9.0621  7.7890  7.1861  7.1888  6.9433  6.4372  6.1910  6.0893  5.9029  5.6194  5.6086  5.4450
  80  0.552847  3.7296  4.6411 -0.5886 10.4340  8.9583  7.7060  7.1115  7.1344  6.8924  6.3929  6.1491  6.0484  5.8636  5.5827  5.5722  5.4109
  81  0.555716  3.7318  4.6367 -0.5730 10.2947  8.8562  7.6247  7.0385  7.0810  6.8424  6.3493  6.1078  6.0081  5.8248  5.5466  5.5362  5.3771
  82  0.559686  3.7348  4.6302 -0.5515 10.1041  8.7166  7.5136  6.9389  7.0076  6.7738  6.2894  6.0511  5.9525  5.7713  5.4967  5.4866  5.3305
  83  0.563660  3.7377  4.6234 -0.5299  9.9165  8.5792  7.4042  6.8408  6.9349  6.7057  6.2297  5.9945  5.8972  5.7180  5.4468  5.4370  5.2838
  84  0.567632  3.7406  4.6162 -0.5083  9.7390  8.4471  7.2980  6.7455  6.8632  6.6384  6.1705  5.9382  5.8422  5.6649  5.3970  5.3874  5.2369
  85  0.571590  3.7434  4.6087 -0.4865  9.5690  8.3191  7.1943  6.6521  6.7921  6.5716  6.1116  5.8822  5.7873  5.6119  5.3471  5.3378  5.1900
  86  0.575531  3.7462  4.6007 -0.4648  9.4052  8.1947  7.0927  6.5606  6.7219  6.5055  6.0531  5.8265  5.7326  5.5591  5.2974  5.2884  5.1432
  87  0.579446  3.7487  4.5925 -0.4431  9.2470  8.0735  6.9934  6.4710  6.6523  6.4401  5.9951  5.7711  5.6781  5.5064  5.2477  5.2389  5.0962
  88  0.583327  3.7513  4.5838 -0.4214  9.0946  7.9559  6.8971  6.3839  6.5837  6.3753  5.9374  5.7159  5.6239  5.4541  5.1981  5.1896  5.0492
  89  0.587164  3.7537  4.5748 -0.3997  8.9478  7.8416  6.8036  6.2995  6.5161  6.3113  5.8802  5.6611  5.5701  5.4018  5.1487  5.1404  5.0022
  90  0.590946  3.7561  4.5655 -0.3782  8.8061  7.7302  6.7127  6.2173  6.4493  6.2480  5.8234  5.6067  5.5166  5.3498  5.0994  5.0912  4.9552
  91  0.594667  3.7584  4.5560 -0.3567  8.6697  7.6220  6.6243  6.1374  6.3835  6.1856  5.7671  5.5526  5.4633  5.2982  5.0502  5.0423  4.9084
  92  0.598316  3.7607  4.5462 -0.3354  8.5384  7.5169  6.5380  6.0595  6.3187  6.1239  5.7114  5.4991  5.4106  5.2469  5.0013  4.9937  4.8616
  93  0.601886  3.7628  4.5360 -0.3141  8.4123  7.4151  6.4540  5.9838  6.2549  6.0633  5.6564  5.4460  5.3583  5.1960  4.9528  4.9452  4.8151
  94  0.605361  3.7648  4.5259 -0.2932  8.2899  7.3157  6.3721  5.9097  6.1921  6.0034  5.6020  5.3935  5.3065  5.1457  4.9047  4.8973  4.7690
  95  0.608735  3.7668  4.5155 -0.2724  8.1720  7.2192  6.2925  5.8377  6.1304  5.9444  5.5484  5.3417  5.2555  5.0958  4.8571  4.8499  4.7232
  96  0.612013  3.7687  4.5049 -0.2518  8.0584  7.1256  6.2152  5.7675  6.0697  5.8864  5.4953  5.2906  5.2050  5.0467  4.8100  4.8029  4.6779
  97  0.615194  3.7705  4.4942 -0.2314  7.9485  7.0344  6.1400  5.6989  6.0099  5.8292  5.4430  5.2400  5.1552  4.9981  4.7634  4.7566  4.6331
  98  0.618279  3.7723  4.4832 -0.2114  7.8423  6.9455  6.0668  5.6317  5.9511  5.7728  5.3914  5.1902  5.1060  4.9502  4.7175  4.7108  4.5887
  99  0.621269  3.7739  4.4720 -0.1915  7.7403  6.8593  5.9963  5.5659  5.8933  5.7174  5.3403  5.1412  5.0577  4.9030  4.6722  4.6656  4.5449
 100  0.624163  3.7755  4.4608 -0.1718  7.6418  6.7757  5.9278  5.5020  5.8365  5.6629  5.2901  5.0928  5.0100  4.8564  4.6273  4.6208  4.5014
 101  0.626964  3.7771  4.4495 -0.1525  7.5465  6.6944  5.8609  5.4397  5.7808  5.6093  5.2404  5.0450  4.9628  4.8103  4.5830  4.5766  4.4585
 102  0.629675  3.7785  4.4379 -0.1333  7.4555  6.6163  5.7959  5.3794  5.7262  5.5566  5.1917  4.9977  4.9161  4.7647  4.5390  4.5327  4.4158
 103  0.632296  3.7799  4.4264 -0.1145  7.3677  6.5405  5.7321  5.3212  5.6726  5.5049  5.1437  4.9511  4.8700  4.7195  4.4953  4.4891  4.3733
 104  0.634834  3.7812  4.4147 -0.0958  7.2832  6.4673  5.6697  5.2647  5.6203  5.4541  5.0965  4.9049  4.8244  4.6748  4.4520  4.4458  4.3310
 105  0.637292  3.7824  4.4029 -0.0773  7.2017  6.3965  5.6089  5.2099  5.5688  5.4043  5.0498  4.8594  4.7793  4.6306  4.4090  4.4030  4.2892
 106  0.639676  3.7836  4.3911 -0.0592  7.1231  6.3280  5.5498  5.1564  5.5181  5.3551  5.0038  4.8145  4.7346  4.5867  4.3665  4.3607  4.2477
 107  0.641995  3.7848  4.3792 -0.0412  7.0475  6.2616  5.4924  5.1044  5.4683  5.3068  4.9584  4.7699  4.6906  4.5435  4.3245  4.3187  4.2066
 108  0.644254  3.7858  4.3671 -0.0235  6.9736  6.1966  5.4363  5.0529  5.4191  5.2589  4.9134  4.7261  4.6471  4.5008  4.2831  4.2773  4.1660
 109  0.646466  3.7868  4.3550 -0.0058  6.9021  6.1334  5.3815  5.0025  5.3705  5.2115  4.8690  4.6826  4.6042  4.4586  4.2419  4.2364  4.1258
 110  0.648641  3.7877  4.3428  0.0115  6.8326  6.0719  5.3281  4.9529  5.3224  5.1648  4.8249  4.6397  4.5615  4.4168  4.2014  4.1958  4.0859
 111  0.650770  3.7887  4.3306  0.0287  6.7655  6.0123  5.2763  4.9046  5.2751  5.1186  4.7812  4.5970  4.5193  4.3753  4.1608  4.1553  4.0463
 112  0.651507  3.7890  4.3263  0.0349  6.7414  5.9909  5.2577  4.8874  5.2582  5.1021  4.7657  4.5818  4.5042  4.3604  4.1465  4.1409  4.0322
 113  0.652245  3.7893  4.3220  0.0411  6.7163  5.9689  5.2387  4.8697  5.2409  5.0853  4.7498  4.5664  4.4888  4.3454  4.1319  4.1264  4.0179
 114  0.652981  3.7897  4.3177  0.0475  6.6907  5.9464  5.2194  4.8518  5.2234  5.0682  4.7338  4.5506  4.4735  4.3303  4.1172  4.1118  4.0036
 115  0.653718  3.7901  4.3134  0.0539  6.6646  5.9236  5.1997  4.8337  5.2055  5.0509  4.7175  4.5349  4.4577  4.3148  4.1023  4.0969  3.9890
 116  0.654454  3.7905  4.3090  0.0604  6.6386  5.9007  5.1800  4.8154  5.1875  5.0333  4.7010  4.5188  4.4419  4.2993  4.0872  4.0819  3.9742
 117  0.655191  3.7909  4.3045  0.0670  6.6128  5.8779  5.1604  4.7972  5.1694  5.0157  4.6843  4.5026  4.4258  4.2835  4.0720  4.0665  3.9592
 118  0.655925  3.7913  4.2998  0.0736  6.5878  5.8555  5.1408  4.7790  5.1512  4.9978  4.6674  4.4861  4.4095  4.2675  4.0562  4.0510  3.9440
 119  0.656658  3.7916  4.2947  0.0803  6.5633  5.8335  5.1215  4.7609  5.1329  4.9800  4.6504  4.4693  4.3928  4.2511  4.0403  4.0349  3.9282
 120  0.657389  3.7919  4.2895  0.0872  6.5393  5.8118  5.1021  4.7427  5.1145  4.9618  4.6330  4.4523  4.3759  4.2343  4.0239  4.0186  3.9120
 121  0.658115  3.7921  4.2841  0.0942  6.5158  5.7903  5.0828  4.7244  5.0959  4.9436  4.6154  4.4349  4.3587  4.2174  4.0071  4.0019  3.8956
 122  0.658840  3.7924  4.2784  0.1012  6.4926  5.7690  5.0636  4.7061  5.0773  4.9251  4.5976  4.4174  4.3413  4.2001  3.9902  3.9849  3.8787
 123  0.659560  3.7926  4.2727  0.1084  6.4695  5.7476  5.0441  4.6876  5.0584  4.9065  4.5795  4.3996  4.3235  4.1825  3.9729  3.9677  3.8616
 124  0.660278  3.7928  4.2668  0.1156  6.4461  5.7260  5.0245  4.6689  5.0392  4.8877  4.5613  4.3816  4.3055  4.1647  3.9554  3.9502  3.8442
 125  0.660993  3.7930  4.2608  0.1228  6.4231  5.7046  5.0049  4.6502  5.0201  4.8687  4.5429  4.3634  4.2875  4.1468  3.9376  3.9323  3.8266
 126  0.661706  3.7932  4.2547  0.1302  6.3996  5.6828  4.9850  4.6313  5.0006  4.8494  4.5242  4.3449  4.2691  4.1286  3.9197  3.9145  3.8089
 127  0.662418  3.7934  4.2485  0.1376  6.3768  5.6614  4.9654  4.6124  4.9811  4.8302  4.5054  4.3264  4.2507  4.1102  3.9016  3.8964  3.7909
 128  0.663126  3.7936  4.2422  0.1452  6.3540  5.6401  4.9456  4.5935  4.9615  4.8109  4.4866  4.3076  4.2320  4.0917  3.8833  3.8780  3.7727
 129  0.663831  3.7937  4.2356  0.1528  6.3315  5.6188  4.9259  4.5745  4.9418  4.7913  4.4674  4.2887  4.2131  4.0729  3.8647  3.8595  3.7542
 130  0.664533  3.7939  4.2290  0.1604  6.3091  5.5977  4.9061  4.5554  4.9219  4.7716  4.4482  4.2696  4.1940  4.0540  3.8460  3.8408  3.7356
 131  0.665231  3.7940  4.2221  0.1682  6.2874  5.5768  4.8864  4.5364  4.9020  4.7518  4.4287  4.2503  4.1747  4.0348  3.8269  3.8217  3.7166
 132  0.665923  3.7940  4.2150  0.1759  6.2662  5.5563  4.8668  4.5173  4.8821  4.7319  4.4091  4.2308  4.1553  4.0154  3.8076  3.8024  3.6973
 133  0.666609  3.7941  4.2077  0.1839  6.2455  5.5360  4.8473  4.4982  4.8619  4.7119  4.3893  4.2111  4.1355  3.9957  3.7879  3.7827  3.6777
 134  0.667290  3.7941  4.2002  0.1919  6.2252  5.5160  4.8278  4.4791  4.8418  4.6918  4.3693  4.1911  4.1156  3.9758  3.7681  3.7629  3.6578
 135  0.667965  3.7940  4.1925  0.1999  6.2053  5.4961  4.8084  4.4599  4.8215  4.6716  4.3492  4.1709  4.0954  3.9556  3.7479  3.7427  3.6376
 136  0.668632  3.7940  4.1846  0.2080  6.1858  5.4766  4.7891  4.4407  4.8011  4.6512  4.3288  4.1506  4.0750  3.9352  3.7274  3.7222  3.6170
 137  0.669292  3.7939  4.1764  0.2163  6.1670  5.4575  4.7699  4.4216  4.7807  4.6308  4.3083  4.1299  4.0544  3.9146  3.7067  3.7016  3.5962
 138  0.669945  3.7938  4.1681  0.2246  6.1488  5.4387  4.7507  4.4023  4.7602  4.6102  4.2876  4.1092  4.0336  3.8937  3.6857  3.6806  3.5750
 139  0.670590  3.7936  4.1594  0.2329  6.1313  5.4202  4.7318  4.3833  4.7397  4.5896  4.2667  4.0882  4.0126  3.8725  3.6644  3.6592  3.5535
 140  0.671227  3.7934  4.1504  0.2414  6.1146  5.4024  4.7130  4.3641  4.7192  4.5689  4.2457  4.0669  3.9913  3.8512  3.6428  3.6376  3.5317
 141  0.671854  3.7931  4.1412  0.2499  6.0989  5.3851  4.6945  4.3452  4.6987  4.5481  4.2245  4.0456  3.9698  3.8295  3.6209  3.6156  3.5094
 142  0.672471  3.7928  4.1317  0.2585  6.0839  5.3682  4.6762  4.3264  4.6781  4.5274  4.2031  4.0239  3.9482  3.8076  3.5987  3.5934  3.4869
 143  0.673079  3.7924  4.1219  0.2672  6.0702  5.3522  4.6582  4.3077  4.6577  4.5066  4.1817  4.0022  3.9263  3.7855  3.5762  3.5707  3.4640
 144  0.673676  3.7920  4.1117  0.2760  6.0577  5.3369  4.6406  4.2891  4.6372  4.4859  4.1601  3.9802  3.9042  3.7630  3.5533  3.5478  3.4407
 145  0.674262  3.7915  4.1014  0.2848  6.0461  5.3221  4.6233  4.2707  4.6169  4.4651  4.1384  3.9580  3.8818  3.7404  3.5301  3.5247  3.4171
 146  0.674837  3.7909  4.0905  0.2938  6.0367  5.3090  4.6068  4.2529  4.5968  4.4444  4.1166  3.9357  3.8593  3.7175  3.5065  3.5011  3.3930
 147  0.675400  3.7903  4.0793  0.3028  6.0284  5.2964  4.5906  4.2352  4.5767  4.4237  4.0947  3.9132  3.8366  3.6943  3.4828  3.4772  3.3686
 148  0.675951  3.7895  4.0678  0.3117  6.0222  5.2854  4.5751  4.2179  4.5568  4.4032  4.0726  3.8905  3.8137  3.6709  3.4586  3.4530  3.3438
 149  0.676491  3.7888  4.0560  0.3208  6.0174  5.2756  4.5604  4.2011  4.5369  4.3826  4.0504  3.8676  3.7905  3.6473  3.4341  3.4285  3.3187
 150  0.677016  3.7879  4.0439  0.3299  6.0144  5.2671  4.5463  4.1846  4.5174  4.3620  4.0281  3.8445  3.7672  3.6234  3.4093  3.4036  3.2931
 151  0.677530  3.7870  4.0312  0.3391  6.0145  5.2607  4.5331  4.1688  4.4982  4.3418  4.0058  3.8214  3.7436  3.5992  3.3842  3.3784  3.2670
 152  0.678029  3.7859  4.0179  0.3483  6.0177  5.2564  4.5212  4.1537  4.4794  4.3219  3.9835  3.7981  3.7200  3.5748  3.3585  3.3527  3.2403
 153  0.678516  3.7846  4.0039  0.3576  6.0245  5.2548  4.5107  4.1395  4.4612  4.3023  3.9612  3.7747  3.6962  3.5501  3.3326  3.3265  3.2132
 154  0.678988  3.7832  3.9894  0.3668  6.0355  5.2561  4.5018  4.1265  4.4436  4.2832  3.9391  3.7512  3.6723  3.5253  3.3061  3.3001  3.1856
 155  0.679447  3.7817  3.9740  0.3760  6.0512  5.2608  4.4946  4.1146  4.4269  4.2647  3.9172  3.7278  3.6483  3.5002  3.2794  3.2732  3.1572
 156  0.679893  3.7799  3.9583  0.3854  6.0698  5.2674  4.4888  4.1036  4.4104  4.2465  3.8952  3.7043  3.6241  3.4750  3.2523  3.2459  3.1285
 157  0.680326  3.7781  3.9418  0.3947  6.0929  5.2773  4.4846  4.0940  4.3948  4.2288  3.8734  3.6808  3.6000  3.4496  3.2249  3.2184  3.0995
 158  0.680744  3.7761  3.9248  0.4041  6.1218  5.2910  4.4832  4.0862  4.3801  4.2117  3.8517  3.6572  3.5758  3.4240  3.1971  3.1904  3.0699
 159  0.681150  3.7740  3.9074  0.4133  6.1551  5.3078  4.4837  4.0800  4.3661  4.1952  3.8302  3.6337  3.5515  3.3983  3.1691  3.1623  3.0399
 160  0.681542  3.7718  3.8897  0.4226  6.1920  5.3272  4.4858  4.0750  4.3527  4.1790  3.8088  3.6102  3.5272  3.3726  3.1410  3.1340  3.0098
 161  0.681920  3.7697  3.8718  0.4319  6.2306  5.3470  4.4884  4.0707  4.3397  4.1632  3.7877  3.5870  3.5033  3.3470  3.1131  3.1059  2.9798
 162  0.682307  3.7671  3.8524  0.4415  6.2783  5.3721  4.4942  4.0685  4.3276  4.1479  3.7663  3.5632  3.4786  3.3208  3.0840  3.0765  2.9483
 163  0.682691  3.7646  3.8325  0.4516  6.3279  5.3973  4.4999  4.0665  4.3148  4.1318  3.7440  3.5385  3.4531  3.2934  3.0539  3.0463  2.9157
 164  0.683070  3.7620  3.8120  0.4620  6.3799  5.4231  4.5059  4.0646  4.3014  4.1151  3.7208  3.5129  3.4265  3.2651  3.0226  3.0147  2.8820
 165  0.683443  3.7595  3.7909  0.4732  6.4344  5.4486  4.5115  4.0625  4.2871  4.0973  3.6964  3.4860  3.3988  3.2356  2.9901  2.9821  2.8469
 166  0.683807  3.7568  3.7687  0.4849  6.4934  5.4759  4.5177  4.0607  4.2720  4.0785  3.6707  3.4576  3.3694  3.2043  2.9558  2.9475  2.8099
 167  0.684162  3.7541  3.7456  0.4976  6.5551  5.5034  4.5237  4.0584  4.2556  4.0581  3.6432  3.4272  3.3381  3.1710  2.9192  2.9106  2.7705
 168  0.684502  3.7515  3.7218  0.5112  6.6147  5.5283  4.5273  4.0539  4.2367  4.0353  3.6133  3.3946  3.3045  3.1355  2.8805  2.8717  2.7291
 169  0.684828  3.7491  3.6978  0.5257  6.6658  5.5468  4.5259  4.0453  4.2143  4.0093  3.5810  3.3597  3.2687  3.0980  2.8401  2.8311  2.6862
 170  0.685137  3.7469  3.6738  0.5411  6.7088  5.5593  4.5199  4.0325  4.1887  3.9804  3.5462  3.3228  3.2310  3.0586  2.7981  2.7889  2.6419
 171  0.685432  3.7450  3.6499  0.5572  6.7426  5.5653  4.5091  4.0157  4.1599  3.9487  3.5094  3.2839  3.1914  3.0178  2.7549  2.7454  2.5965
 172  0.685712  3.7432  3.6264  0.5740  6.7666  5.5645  4.4934  3.9948  4.1282  3.9145  3.4706  3.2435  3.1504  2.9755  2.7106  2.7010  2.5504
 173  0.685980  3.7416  3.6031  0.5912  6.7848  5.5588  4.4741  3.9709  4.0941  3.8782  3.4304  3.2018  3.1082  2.9322  2.6655  2.6558  2.5036
 174  0.686238  3.7403  3.5802  0.6087  6.7956  5.5481  4.4514  3.9442  4.0581  3.8402  3.3890  3.1590  3.0650  2.8881  2.6198  2.6100  2.4565
 175  0.686488  3.7391  3.5578  0.6266  6.7988  5.5324  4.4253  3.9147  4.0204  3.8007  3.3465  3.1155  3.0211  2.8434  2.5738  2.5638  2.4091
 176  0.686729  3.7380  3.5356  0.6447  6.7966  5.5131  4.3967  3.8832  3.9813  3.7602  3.3034  3.0713  2.9766  2.7982  2.5273  2.5172  2.3615
 177  0.686965  3.7371  3.5137  0.6629  6.7892  5.4906  4.3658  3.8500  3.9412  3.7186  3.2595  3.0267  2.9316  2.7527  2.4806  2.4704  2.3137
 178  0.687196  3.7362  3.4920  0.6814  6.7792  5.4663  4.3338  3.8156  3.9004  3.6766  3.2154  2.9816  2.8864  2.7068  2.4338  2.4235  2.2659
 179  0.687423  3.7354  3.4704  0.6998  6.7669  5.4405  4.3009  3.7805  3.8592  3.6341  3.1709  2.9365  2.8410  2.6608  2.3868  2.3765  2.2180
 180  0.687646  3.7346  3.4490  0.7183  6.7520  5.4131  4.2667  3.7444  3.8173  3.5913  3.1262  2.8910  2.7951  2.6146  2.3397  2.3292  2.1700
 181  0.687865  3.7339  3.4276  0.7370  6.7356  5.3845  4.2318  3.7077  3.7752  3.5480  3.0811  2.8452  2.7492  2.5681  2.2923  2.2818  2.1218
 182  0.688027  3.7334  3.4115  0.7511  6.7219  5.3624  4.2051  3.6797  3.7432  3.5152  3.0472  2.8107  2.7145  2.5330  2.2566  2.2460  2.0855
 183  0.688189  3.7329  3.3954  0.7653  6.7071  5.3394  4.1776  3.6510  3.7107  3.4819  3.0126  2.7757  2.6793  2.4975  2.2205  2.2099  2.0488
 184  0.688350  3.7324  3.3791  0.7798  6.6908  5.3153  4.1493  3.6215  3.6775  3.4480  2.9775  2.7401  2.6436  2.4614  2.1838  2.1732  2.0115
 185  0.688510  3.7319  3.3626  0.7945  6.6745  5.2910  4.1207  3.5915  3.6438  3.4137  2.9420  2.7042  2.6074  2.4249  2.1466  2.1360  1.9738
 186  0.688671  3.7314  3.3459  0.8094  6.6575  5.2660  4.0913  3.5610  3.6095  3.3787  2.9058  2.6674  2.5707  2.3877  2.1088  2.0981  1.9354
 187  0.688831  3.7309  3.3289  0.8246  6.6398  5.2402  4.0612  3.5299  3.5745  3.3430  2.8690  2.6301  2.5332  2.3499  2.0704  2.0596  1.8965
 188  0.688990  3.7305  3.3116  0.8402  6.6202  5.2130  4.0301  3.4976  3.5385  3.3063  2.8312  2.5919  2.4948  2.3112  2.0311  2.0203  1.8566
 189  0.689147  3.7300  3.2939  0.8561  6.6007  5.1852  3.9981  3.4645  3.5017  3.2687  2.7924  2.5527  2.4554  2.2715  1.9907  1.9799  1.8157
 190  0.689303  3.7296  3.2755  0.8727  6.5801  5.1562  3.9649  3.4301  3.4634  3.2298  2.7522  2.5118  2.4145  2.2302  1.9489  1.9380  1.7732
 191  0.689456  3.7291  3.2566  0.8896  6.5591  5.1266  3.9307  3.3947  3.4241  3.1896  2.7110  2.4700  2.3725  2.1878  1.9059  1.8949  1.7296
 192  0.689608  3.7285  3.2373  0.9071  6.5362  5.0951  3.8951  3.3581  3.3834  3.1483  2.6684  2.4270  2.3293  2.1442  1.8617  1.8506  1.6848
 193  0.689758  3.7280  3.2172  0.9252  6.5138  5.0633  3.8587  3.3205  3.3416  3.1057  2.6244  2.3826  2.2846  2.0993  1.8160  1.8048  1.6385
 194  0.689906  3.7275  3.1964  0.9440  6.4900  5.0301  3.8208  3.2813  3.2980  3.0614  2.5788  2.3363  2.2383  2.0525  1.7685  1.7574  1.5903
 195  0.690050  3.7270  3.1748  0.9634  6.4648  4.9953  3.7813  3.2406  3.2529  3.0155  2.5314  2.2885  2.1902  2.0039  1.7193  1.7080  1.5404
 196  0.690191  3.7264  3.1525  0.9837  6.4393  4.9595  3.7406  3.1986  3.2063  2.9680  2.4825  2.2389  2.1405  1.9538  1.6683  1.6570  1.4888
 197  0.690329  3.7258  3.1293  1.0045  6.4133  4.9229  3.6987  3.1554  3.1582  2.9190  2.4320  2.1877  2.0891  1.9020  1.6157  1.6044  1.4354
 198  0.690464  3.7252  3.1055  1.0259  6.3848  4.8844  3.6556  3.1109  3.1090  2.8688  2.3802  2.1352  2.0364  1.8488  1.5617  1.5502  1.3806
 199  0.690595  3.7246  3.0811  1.0479  6.3534  4.8437  3.6109  3.0648  3.0583  2.8172  2.3268  2.0813  1.9823  1.7941  1.5061  1.4946  1.3243
 200  0.690724  3.7239  3.0560  1.0703  6.3218  4.8022  3.5651  3.0177  3.0063  2.7644  2.2723  2.0260  1.9267  1.7380  1.4492  1.4376  1.2666
 201  0.690850  3.7232  3.0302  1.0934  6.2903  4.7603  3.5185  2.9698  2.9533  2.7103  2.2165  1.9694  1.8699  1.6808  1.3910  1.3793  1.2074
 202  0.690971  3.7225  3.0037  1.1171  6.2596  4.7183  3.4717  2.9212  2.8993  2.6552  2.1595  1.9116  1.8119  1.6222  1.3315  1.3197  1.1470
 203  0.691089  3.7217  2.9766  1.1411  6.2297  4.6762  3.4243  2.8721  2.8445  2.5993  2.1014  1.8527  1.7528  1.5624  1.2706  1.2588  1.0852
 204  0.691205  3.7208  2.9487  1.1657  6.2012  4.6345  3.3767  2.8225  2.7887  2.5423  2.0423  1.7927  1.6925  1.5015  1.2086  1.1966  1.0221
 205  0.691316  3.7199  2.9201  1.1908  6.1737  4.5931  3.3288  2.7725  2.7322  2.4845  1.9822  1.7316  1.6311  1.4395  1.1454  1.1334  0.9578
 206  0.691423  3.7190  2.8910  1.2163  6.1469  4.5516  3.2804  2.7219  2.6748  2.4257  1.9209  1.6695  1.5688  1.3764  1.0810  1.0689  0.8923
 207  0.691527  3.7181  2.8612  1.2422  6.1214  4.5105  3.2318  2.6709  2.6167  2.3662  1.8588  1.6064  1.5052  1.3122  1.0156  1.0034  0.8256
 208  0.691628  3.7170  2.8310  1.2686  6.0972  4.4699  3.1830  2.6195  2.5578  2.3056  1.7958  1.5423  1.4409  1.2471  0.9492  0.9368  0.7579
 209  0.691725  3.7160  2.8001  1.2953  6.0750  4.4298  3.1343  2.5679  2.4983  2.2447  1.7320  1.4774  1.3757  1.1811  0.8818  0.8693  0.6891
 210  0.691817  3.7150  2.7688  1.3225  6.0546  4.3905  3.0855  2.5162  2.4382  2.1829  1.6673  1.4116  1.3095  1.1142  0.8133  0.8007  0.6194
 211  0.691906  3.7138  2.7369  1.3500  6.0367  4.3526  3.0369  2.4645  2.3775  2.1205  1.6020  1.3450  1.2427  1.0464  0.7441  0.7314  0.5487
 212  0.691991  3.7127  2.7046  1.3779  6.0214  4.3160  2.9885  2.4128  2.3165  2.0576  1.5359  1.2778  1.1750  0.9779  0.6740  0.6611  0.4772
 213  0.692072  3.7115  2.6719  1.4060  6.0088  4.2808  2.9405  2.3613  2.2552  1.9943  1.4692  1.2098  1.1066  0.9087  0.6032  0.5902  0.4048
 214  0.692150  3.7103  2.6388  1.4344  6.0068  4.2508  2.8942  2.3107  2.1935  1.9305  1.4019  1.1412  1.0376  0.8387  0.5316  0.5184  0.3317
 215  0.692224  3.7091  2.6053  1.4631  6.0172  4.2268  2.8500  2.2617  2.1318  1.8664  1.3341  1.0720  0.9678  0.7680  0.4592  0.4459  0.2577
 216  0.692296  3.7079  2.5713  1.4920  6.0313  4.2051  2.8064  2.2131  2.0699  1.8020  1.2657  1.0021  0.8976  0.6967  0.3861  0.3727  0.1831
 217  0.692306  3.7077  2.5659  1.4967  6.0336  4.2019  2.7996  2.2054  2.0600  1.7917  1.2548  0.9909  0.8863  0.6853  0.3744  0.3610  0.1711
 218  0.692318  3.7074  2.5605  1.5013  6.0360  4.1988  2.7928  2.1978  2.0502  1.7815  1.2439  0.9798  0.8751  0.6739  0.3627  0.3493  0.1592
 219  0.692328  3.7072  2.5550  1.5059  6.0383  4.1957  2.7860  2.1900  2.0402  1.7711  1.2329  0.9685  0.8637  0.6624  0.3509  0.3374  0.1471
 220  0.692338  3.7071  2.5494  1.5106  6.0411  4.1929  2.7793  2.1825  2.0304  1.7608  1.2219  0.9572  0.8523  0.6509  0.3391  0.3256  0.1350
 221  0.692349  3.7068  2.5439  1.5153  6.0437  4.1899  2.7724  2.1748  2.0204  1.7504  1.2108  0.9459  0.8409  0.6392  0.3272  0.3137  0.1228
 222  0.692360  3.7066  2.5383  1.5200  6.0464  4.1871  2.7656  2.1672  2.0104  1.7399  1.1997  0.9345  0.8294  0.6276  0.3151  0.3016  0.1106
 223  0.692371  3.7064  2.5326  1.5248  6.0497  4.1845  2.7590  2.1596  2.0004  1.7295  1.1885  0.9231  0.8178  0.6159  0.3032  0.2896  0.0983
 224  0.692381  3.7062  2.5270  1.5296  6.0527  4.1818  2.7522  2.1520  1.9904  1.7190  1.1772  0.9116  0.8063  0.6041  0.2910  0.2774  0.0858
 225  0.692391  3.7059  2.5213  1.5345  6.0561  4.1795  2.7455  2.1443  1.9803  1.7084  1.1660  0.9000  0.7946  0.5922  0.2788  0.2652  0.0734
 226  0.692402  3.7057  2.5155  1.5393  6.0594  4.1769  2.7388  2.1366  1.9702  1.6978  1.1546  0.8884  0.7829  0.5803  0.2666  0.2530  0.0609
 227  0.692496  3.7035  2.4593  1.5866  6.0960  4.1594  2.6759  2.0643  1.8724  1.5951  1.0444  0.7752  0.6688  0.4643  0.1473  0.1334 -0.0613
 228  0.692584  3.7010  2.4001  1.6359  6.1398  4.1525  2.6155  1.9935  1.7726  1.4898  0.9304  0.6578  0.5503  0.3437  0.0230  0.0088 -0.1889
 229  0.692663  3.6986  2.3436  1.6827  6.1926  4.1499  2.5603  1.9278  1.6786  1.3902  0.8221  0.5464  0.4378  0.2290 -0.0955 -0.1099 -0.3103
 230  0.692733  3.6964  2.2926  1.7250  6.2450  4.1488  2.5109  1.8686  1.5939  1.3004  0.7244  0.4456  0.3360  0.1254 -0.2024 -0.2171 -0.4201
 231  0.692798  3.6943  2.2427  1.7663  6.2871  4.1464  2.4621  1.8103  1.5112  1.2128  0.6291  0.3474  0.2368  0.0242 -0.3069 -0.3217 -0.5273
 232  0.692859  3.6924  2.1992  1.8024  6.3104  4.1391  2.4173  1.7577  1.4389  1.1365  0.5460  0.2619  0.1505 -0.0638 -0.3977 -0.4129 -0.6206
 233  0.692915  3.6912  2.1692  1.8279  6.3214  4.1185  2.3793  1.7146  1.3853  1.0804  0.4860  0.2003  0.0884 -0.1268 -0.4624 -0.4777 -0.6867
 234  0.692971  3.6900  2.1369  1.8550  6.3367  4.1029  2.3412  1.6710  1.3291  1.0213  0.4223  0.1350  0.0226 -0.1938 -0.5313 -0.5467 -0.7572
 235  0.693024  3.6875  2.0834  1.8989  6.3664  4.1132  2.2945  1.6138  1.2442  0.9307  0.3228  0.0320 -0.0814 -0.3001 -0.6414 -0.6571 -0.8706
 236  0.693072  3.6849  2.0283  1.9437  6.3933  4.1335  2.2507  1.5589  1.1594  0.8397  0.2223 -0.0723 -0.1869 -0.4080 -0.7535 -0.7695 -0.9862
 237  0.693116  3.6824  1.9755  1.9864  6.4163  4.1625  2.2130  1.5103  1.0801  0.7545  0.1273 -0.1710 -0.2866 -0.5103 -0.8599 -0.8762 -1.0962
 238  0.693156  3.6801  1.9292  2.0236  6.4329  4.1989  2.1844  1.4717  1.0128  0.6815  0.0457 -0.2560 -0.3728 -0.5987 -0.9521 -0.9687 -1.1916
 239  0.693193  3.6784  1.8946  2.0514  6.4382  4.2384  2.1667  1.4462  0.9637  0.6279 -0.0146 -0.3191 -0.4366 -0.6643 -1.0205 -1.0374 -1.2627
 240  0.693229  3.6765  1.8568  2.0820  6.4393  4.2840  2.1467  1.4181  0.9092  0.5687 -0.0812 -0.3886 -0.5070 -0.7365 -1.0957 -1.1128 -1.3405
 241  0.693263  3.6739  1.8035  2.1244  6.4569  4.3384  2.1199  1.3802  0.8344  0.4870 -0.1736 -0.4852 -0.6050 -0.8372 -1.2008 -1.2183 -1.4496
 242  0.693294  3.6709  1.7466  2.1696  6.4736  4.3973  2.0937  1.3425  0.7563  0.4013 -0.2710 -0.5873 -0.7084 -0.9437 -1.3121 -1.3300 -1.5651
 243  0.693321  3.6681  1.6917  2.2132  6.4840  4.4561  2.0701  1.3084  0.6819  0.3193 -0.3649 -0.6856 -0.8081 -1.0463 -1.4194 -1.4377 -1.6767
 244  0.693346  3.6652  1.6362  2.2572  6.4897  4.5161  2.0484  1.2764  0.6080  0.2376 -0.4586 -0.7842 -0.9082 -1.1494 -1.5273 -1.5460 -1.7889
 245  0.693369  3.6623  1.5813  2.3004  6.4908  4.5772  2.0297  1.2483  0.5369  0.1585 -0.5504 -0.8807 -1.0062 -1.2506 -1.6332 -1.6523 -1.8992
 246  0.693390  3.6595  1.5286  2.3419  6.4878  4.6380  2.0159  1.2262  0.4710  0.0845 -0.6371 -0.9724 -1.0994 -1.3469 -1.7343 -1.7537 -2.0045
 247  0.693409  3.6566  1.4771  2.3820  6.4799  4.6964  2.0053  1.2084  0.4088  0.0139 -0.7204 -1.0609 -1.1893 -1.4399 -1.8320 -1.8519 -2.1067
 248  0.693426  3.6540  1.4276  2.4206  6.4684  4.7522  1.9974  1.1943  0.3506 -0.0524 -0.7996 -1.1451 -1.2751 -1.5289 -1.9256 -1.9459 -2.2044
 249  0.693441  3.6512  1.3784  2.4589  6.4556  4.8075  1.9924  1.1839  0.2950 -0.1166 -0.8770 -1.2279 -1.3595 -1.6164 -2.0179 -2.0386 -2.3012
 250  0.693455  3.6484  1.3297  2.4964  6.4412  4.8618  1.9902  1.1769  0.2421 -0.1781 -0.9521 -1.3086 -1.4416 -1.7020 -2.1085 -2.1295 -2.3962
 251  0.693468  3.6457  1.2826  2.5328  6.4249  4.9124  1.9896  1.1725  0.1924 -0.2365 -1.0241 -1.3860 -1.5207 -1.7842 -2.1954 -2.2170 -2.4876
 252  0.693481  3.6431  1.2361  2.5686  6.4067  4.9598  1.9902  1.1699  0.1445 -0.2930 -1.0945 -1.4618 -1.5981 -1.8649 -2.2810 -2.3030 -2.5777
 253  0.693492  3.6404  1.1900  2.6041  6.3870  5.0020  1.9920  1.1694  0.0987 -0.3477 -1.1636 -1.5365 -1.6746 -1.9446 -2.3654 -2.3877 -2.6666
 254  0.693503  3.6378  1.1454  2.6383  6.3662  5.0398  1.9948  1.1707  0.0558 -0.3996 -1.2296 -1.6082 -1.7479 -2.0211 -2.4465 -2.4693 -2.7522
 255  0.693512  3.6352  1.1014  2.6720  6.3442  5.0746  1.9983  1.1734  0.0148 -0.4494 -1.2939 -1.6781 -1.8196 -2.0959 -2.5259 -2.5492 -2.8362
 256  0.693521  3.6326  1.0579  2.7053  6.3218  5.1077  2.0033  1.1783 -0.0240 -0.4970 -1.3562 -1.7462 -1.8895 -2.1690 -2.6038 -2.6274 -2.9189
 257  0.693530  3.6302  1.0158  2.7374  6.2986  5.1374  2.0086  1.1839 -0.0602 -0.5419 -1.4157 -1.8114 -1.9565 -2.2390 -2.6787 -2.7027 -2.9984
 258  0.693537  3.6276  0.9740  2.7692  6.2743  5.1642  2.0137  1.1899 -0.0950 -0.5854 -1.4739 -1.8753 -2.0222 -2.3078 -2.7526 -2.7770 -3.0770
 259  0.693544  3.6252  0.9332  2.8003  6.2493  5.1880  2.0183  1.1955 -0.1281 -0.6273 -1.5305 -1.9375 -2.0862 -2.3747 -2.8247 -2.8495 -3.1539
 260  0.693551  3.6228  0.8930  2.8307  6.2243  5.2101  2.0234  1.2019 -0.1590 -0.6669 -1.5852 -1.9979 -2.1483 -2.4398 -2.8951 -2.9204 -3.2291
 261  0.693556  3.6203  0.8533  2.8607  6.1995  5.2307  2.0283  1.2084 -0.1880 -0.7049 -1.6389 -2.0572 -2.2096 -2.5038 -2.9643 -2.9899 -3.3029
 262  0.693562  3.6180  0.8148  2.8897  6.1742  5.2487  2.0324  1.2140 -0.2155 -0.7410 -1.6907 -2.1145 -2.2688 -2.5656 -3.0313 -3.0571 -3.3745
 263  0.693567  3.6156  0.7769  2.9183  6.1482  5.2642  2.0354  1.2190 -0.2420 -0.7764 -1.7421 -2.1714 -2.3277 -2.6266 -3.0973 -3.1235 -3.4450
 264  0.693572  3.6134  0.7398  2.9462  6.1217  5.2777  2.0379  1.2234 -0.2673 -0.8103 -1.7921 -2.2269 -2.3853 -2.6860 -3.1616 -3.1881 -3.5138
 265  0.693577  3.6111  0.7033  2.9737  6.0951  5.2897  2.0397  1.2275 -0.2911 -0.8428 -1.8407 -2.2807 -2.4411 -2.7438 -3.2248 -3.2514 -3.5814
 266  0.693581  3.6089  0.6676  3.0006  6.0678  5.2995  2.0403  1.2304 -0.3138 -0.8738 -1.8875 -2.3327 -2.4952 -2.7998 -3.2864 -3.3134 -3.6475
 267  0.693586  3.6067  0.6327  3.0270  6.0403  5.3075  2.0398  1.2325 -0.3355 -0.9036 -1.9329 -2.3832 -2.5476 -2.8540 -3.3467 -3.3739 -3.7123
 268  0.693590  3.6047  0.5984  3.0528  6.0128  5.3146  2.0388  1.2344 -0.3558 -0.9315 -1.9765 -2.4318 -2.5979 -2.9065 -3.4058 -3.4331 -3.7759
 269  0.693593  3.6025  0.5648  3.0781  5.9855  5.3207  2.0370  1.2356 -0.3737 -0.9572 -2.0177 -2.4778 -2.6459 -2.9567 -3.4634 -3.4910 -3.8382
 270  0.693597  3.6005  0.5316  3.1031  5.9580  5.3263  2.0345  1.2363 -0.3903 -0.9813 -2.0573 -2.5221 -2.6920 -3.0050 -3.5198 -3.5476 -3.8995
 271  0.693600  3.5985  0.4995  3.1273  5.9300  5.3303  2.0300  1.2349 -0.4073 -1.0055 -2.0969 -2.5660 -2.7376 -3.0525 -3.5754 -3.6033 -3.9595
 272  0.693604  3.5965  0.4675  3.1512  5.9029  5.3359  2.0268  1.2354 -0.4206 -1.0256 -2.1324 -2.6057 -2.7787 -3.0960 -3.6292 -3.6573 -4.0186
 273  0.693607  3.5946  0.4366  3.1744  5.8746  5.3388  2.0208  1.2331 -0.4351 -1.0464 -2.1673 -2.6441 -2.8183 -3.1383 -3.6824 -3.7107 -4.0765
 274  0.693609  3.5927  0.4062  3.1972  5.8468  5.3431  2.0147  1.2309 -0.4481 -1.0656 -2.2004 -2.6806 -2.8558 -3.1791 -3.7344 -3.7628 -4.1334
 275  0.693612  3.5908  0.3764  3.2195  5.8200  5.3498  2.0096  1.2296 -0.4586 -1.0822 -2.2309 -2.7145 -2.8906 -3.2174 -3.7851 -3.8136 -4.1889
 276  0.693615  3.5890  0.3475  3.2413  5.7926  5.3548  2.0028  1.2270 -0.4687 -1.0980 -2.2596 -2.7465 -2.9232 -3.2539 -3.8343 -3.8630 -4.2432
 277  0.693617  3.5873  0.3195  3.2623  5.7651  5.3590  1.9952  1.2234 -0.4784 -1.1129 -2.2866 -2.7764 -2.9536 -3.2884 -3.8821 -3.9109 -4.2959
 278  0.693620  3.5855  0.2922  3.2827  5.7388  5.3636  1.9870  1.2185 -0.4888 -1.1273 -2.3122 -2.8051 -2.9826 -3.3217 -3.9281 -3.9570 -4.3466
 279  0.693622  3.5840  0.2680  3.3008  5.7112  5.3573  1.9703  1.2024 -0.5098 -1.1493 -2.3419 -2.8370 -3.0146 -3.3567 -3.9716 -4.0005 -4.3932
