#NUMBER OF AGES= 1
#----------------------------------------------------       
#MIX-LEN  Y      Z          Zeff        [Fe/H] [a/Fe]
# 1.9380  0.3300 5.0381E-04 2.5644E-04  -1.76   0.40 
#----------------------------------------------------       
#**PHOTOMETRIC SYSTEM**: HST WFPC2 (Vega)                   
#----------------------------------------------------       
#AGE=11.000 EEPS=266
#EEP   M/Mo    LogTeff  LogG   LogL/Lo F218W   F255W   F300W   F336W   F439W   F450W   F555W   F606W   F622W   F675W   F791W   F814W   F850LP
  14  0.112218  3.5437  5.2743 -2.6579 20.5695 20.1341 16.6440 15.7913 14.6495 14.0570 12.6884 12.1452 11.9535 11.5706 10.7760 10.7378 10.3361
  15  0.124495  3.5528  5.2342 -2.5363 20.1819 19.4869 16.1535 15.2919 14.1526 13.6050 12.2924 11.7535 11.5621 11.1891 10.4673 10.4310 10.0439
  16  0.136394  3.5602  5.1992 -2.4320 19.8385 18.9420 15.7396 14.8752 13.7454 13.2300 11.9631 11.4292 11.2390 10.8726 10.2024 10.1675  9.7916
  17  0.147765  3.5659  5.1698 -2.3449 19.5472 18.5039 15.4051 14.5406 13.4227 12.9287 11.6968 11.1682 10.9793 10.6177  9.9818  9.9478  9.5800
  18  0.159342  3.5706  5.1440 -2.2674 19.2889 18.1306 15.1165 14.2531 13.1470 12.6684 11.4652 10.9419 10.7543 10.3967  9.7856  9.7524  9.3911
  19  0.171832  3.5749  5.1195 -2.1931 19.0357 17.7745 14.8431 13.9822 12.8888 12.4229 11.2459 10.7283 10.5424 10.1885  9.5977  9.5652  9.2096
  20  0.185247  3.5789  5.0964 -2.1215 18.7912 17.4315 14.5826 13.7252 12.6446 12.1898 11.0372 10.5255 10.3412  9.9909  9.4170  9.3851  9.0347
  21  0.199424  3.5826  5.0750 -2.0533 18.5465 17.0985 14.3347 13.4819 12.4153 11.9700 10.8403 10.3345 10.1519  9.8051  9.2454  9.2142  8.8684
  22  0.215930  3.5863  5.0536 -1.9825 18.2645 16.7341 14.0732 13.2274 12.1788 11.7425 10.6361 10.1370  9.9563  9.6134  9.0670  9.0363  8.6954
  23  0.232976  3.5897  5.0335 -1.9158 17.9581 16.3634 13.8208 12.9845 11.9580 11.5297 10.4451  9.9527  9.7741  9.4349  8.8994  8.8692  8.5326
  24  0.246290  3.5921  5.0215 -1.8700 17.7354 16.1008 13.6442 12.8151 11.8058 11.3827 10.3135  9.8261  9.6488  9.3124  8.7844  8.7545  8.4210
  25  0.254588  3.5936  5.0153 -1.8438 17.6054 15.9489 13.5422 12.7175 11.7184 11.2982 10.2380  9.7536  9.5772  9.2424  8.7185  8.6889  8.3572
  26  0.260248  3.5944  5.0120 -1.8275 17.5245 15.8548 13.4785 12.6565 11.6639 11.2456 10.1910  9.7084  9.5325  9.1988  8.6774  8.6480  8.3174
  27  0.264406  3.5951  5.0099 -1.8160 17.4695 15.7910 13.4335 12.6132 11.6252 11.2081 10.1576  9.6763  9.5008  9.1678  8.6482  8.6189  8.2891
  28  0.267454  3.5956  5.0079 -1.8070 17.4279 15.7429 13.3988 12.5798 11.5951 11.1791 10.1316  9.6515  9.4762  9.1439  8.6256  8.5963  8.2671
  29  0.269671  3.5959  5.0061 -1.8000 17.3945 15.7043 13.3711 12.5530 11.5713 11.1561 10.1112  9.6319  9.4570  9.1250  8.6078  8.5787  8.2499
  30  0.271403  3.5963  5.0044 -1.7941 17.3664 15.6718 13.3479 12.5308 11.5514 11.1367 10.0941  9.6156  9.4408  9.1093  8.5931  8.5638  8.2356
  31  0.273099  3.5966  5.0030 -1.7885 17.3389 15.6399 13.3252 12.5090 11.5321 11.1182 10.0778  9.6000  9.4255  9.0944  8.5790  8.5498  8.2220
  32  0.275016  3.5970  5.0012 -1.7821 17.3077 15.6041 13.2993 12.4839 11.5099 11.0967 10.0589  9.5820  9.4077  9.0771  8.5626  8.5335  8.2062
  33  0.277520  3.5975  4.9991 -1.7742 17.2709 15.5624 13.2683 12.4541 11.4834 11.0711 10.0361  9.5603  9.3863  9.0561  8.5429  8.5138  8.1871
  34  0.280822  3.5980  4.9966 -1.7644 17.2275 15.5137 13.2313 12.4182 11.4513 11.0399 10.0082  9.5335  9.3598  9.0303  8.5182  8.4893  8.1631
  35  0.285202  3.5986  4.9932 -1.7520 17.1748 15.4555 13.1857 12.3740 11.4116 11.0012  9.9732  9.4998  9.3265  8.9977  8.4870  8.4581  8.1327
  36  0.291167  3.5993  4.9883 -1.7354 17.1066 15.3811 13.1263 12.3163 11.3594 10.9503  9.9268  9.4551  9.2823  8.9544  8.4451  8.4164  8.0919
  37  0.298629  3.6000  4.9821 -1.7152 17.0115 15.2868 13.0510 12.2442 11.2977 10.8906  9.8737  9.4047  9.2327  8.9056  8.3947  8.3661  8.0417
  38  0.319790  3.6037  4.9580 -1.6467 16.7152 14.9660 12.7912 11.9914 11.0727 10.6718  9.6775  9.2168  9.0472  8.7247  8.2219  8.1938  7.8739
  39  0.348007  3.6112  4.9195 -1.5419 16.2432 14.4457 12.3690 11.5791 10.7088 10.3187  9.3662  8.9210  8.7558  8.4421  7.9568  7.9299  7.6194
  40  0.360374  3.6150  4.9010 -1.4929 16.0164 14.2044 12.1676 11.3817 10.5359 10.1512  9.2192  8.7822  8.6193  8.3103  7.8326  7.8063  7.5005
  41  0.372210  3.6191  4.8828 -1.4441 15.7896 13.9653 11.9641 11.1818 10.3614  9.9822  9.0714  8.6431  8.4826  8.1786  7.7089  7.6832  7.3825
  42  0.384684  3.6241  4.8638 -1.3909 15.5415 13.7033 11.7366 10.9572 10.1660  9.7933  8.9068  8.4890  8.3314  8.0337  7.5735  7.5486  7.2543
  43  0.396924  3.6297  4.8461 -1.3373 15.2853 13.4315 11.4983 10.7213  9.9629  9.5972  8.7374  8.3313  8.1769  7.8863  7.4374  7.4133  7.1264
  44  0.406871  3.6347  4.8321 -1.2921 15.0622 13.1930 11.2891 10.5135  9.7857  9.4265  8.5911  8.1960  8.0445  7.7610  7.3225  7.2992  7.0194
  45  0.415824  3.6400  4.8202 -1.2497 14.8400 12.9549 11.0820 10.3078  9.6138  9.2613  8.4508  8.0671  7.9188  7.6423  7.2149  7.1924  6.9198
  46  0.424121  3.6455  4.8098 -1.2091 14.6178 12.7173 10.8748 10.1030  9.4461  9.1004  8.3150  7.9430  7.7979  7.5287  7.1125  7.0908  6.8258
  47  0.432161  3.6510  4.8006 -1.1694 14.3904 12.4737 10.6619  9.8943  9.2788  8.9404  8.1804  7.8202  7.6786  7.4170  7.0122  6.9914  6.7342
  48  0.440085  3.6567  4.7920 -1.1302 14.1574 12.2250 10.4425  9.6821  9.1128  8.7819  8.0472  7.6989  7.5609  7.3070  6.9136  6.8937  6.6444
  49  0.448113  3.6626  4.7838 -1.0906 13.8900 11.9469 10.2149  9.4628  8.9472  8.6239  7.9144  7.5776  7.4434  7.1965  6.8143  6.7953  6.5538
  50  0.456305  3.6687  4.7759 -1.0505 13.5795 11.6351  9.9761  9.2338  8.7804  8.4648  7.7806  7.4549  7.3247  7.0846  6.7131  6.6949  6.4614
  51  0.464525  3.6752  4.7688 -1.0099 13.2391 11.3125  9.7257  8.9993  8.6132  8.3057  7.6465  7.3317  7.2057  6.9721  6.6111  6.5939  6.3685
  52  0.469106  3.6789  4.7650 -0.9871 13.0361 11.1279  9.5821  8.8667  8.5200  8.2175  7.5719  7.2631  7.1394  6.9094  6.5543  6.5374  6.3166
  53  0.473670  3.6825  4.7615 -0.9643 12.8262 10.9428  9.4379  8.7345  8.4280  8.1304  7.4982  7.1951  7.0737  6.8472  6.4977  6.4814  6.2652
  54  0.478214  3.6863  4.7581 -0.9417 12.6103 10.7580  9.2932  8.6026  8.3369  8.0443  7.4253  7.1277  7.0085  6.7854  6.4415  6.4256  6.2139
  55  0.482744  3.6900  4.7544 -0.9192 12.3972 10.5811  9.1539  8.4757  8.2485  7.9609  7.3543  7.0618  6.9445  6.7246  6.3860  6.3707  6.1633
  56  0.487250  3.6937  4.7507 -0.8969 12.1838 10.4075  9.0167  8.3508  8.1616  7.8792  7.2844  6.9967  6.8814  6.6645  6.3312  6.3163  6.1132
  57  0.491714  3.6973  4.7469 -0.8748 11.9738 10.2396  8.8830  8.2295  8.0770  7.7997  7.2163  6.9332  6.8197  6.6057  6.2774  6.2629  6.0638
  58  0.496111  3.7007  4.7429 -0.8530 11.7686 10.0774  8.7530  8.1118  7.9947  7.7225  7.1499  6.8712  6.7594  6.5483  6.2248  6.2107  6.0156
  59  0.500391  3.7041  4.7390 -0.8317 11.5715  9.9220  8.6276  7.9983  7.9151  7.6479  7.0858  6.8113  6.7010  6.4927  6.1737  6.1600  5.9688
  60  0.504524  3.7073  4.7349 -0.8113 11.3912  9.7796  8.5111  7.8929  7.8405  7.5779  7.0252  6.7544  6.6456  6.4397  6.1249  6.1116  5.9238
  61  0.508494  3.7105  4.7311 -0.7916 11.2142  9.6405  8.3976  7.7904  7.7681  7.5102  6.9668  6.6996  6.5921  6.3885  6.0778  6.0649  5.8804
  62  0.512322  3.7135  4.7272 -0.7725 11.0482  9.5103  8.2908  7.6941  7.6994  7.4459  6.9112  6.6473  6.5410  6.3396  6.0327  6.0200  5.8387
  63  0.516024  3.7164  4.7234 -0.7539 10.8859  9.3835  8.1872  7.6006  7.6326  7.3835  6.8572  6.5965  6.4914  6.2923  5.9890  5.9766  5.7983
  64  0.519605  3.7192  4.7195 -0.7359 10.7274  9.2604  8.0874  7.5111  7.5684  7.3236  6.8054  6.5477  6.4437  6.2467  5.9468  5.9348  5.7595
  65  0.523085  3.7219  4.7157 -0.7181 10.5697  9.1385  7.9898  7.4235  7.5057  7.2652  6.7549  6.5002  6.3973  6.2023  5.9058  5.8941  5.7215
  66  0.526487  3.7245  4.7117 -0.7009 10.4173  9.0208  7.8958  7.3393  7.4451  7.2087  6.7060  6.4541  6.3522  6.1591  5.8659  5.8544  5.6846
  67  0.529822  3.7271  4.7078 -0.6839 10.2687  8.9058  7.8041  7.2574  7.3859  7.1534  6.6580  6.4089  6.3081  6.1168  5.8267  5.8155  5.6482
  68  0.533106  3.7296  4.7037 -0.6671 10.1250  8.7943  7.7150  7.1777  7.3279  7.0994  6.6112  6.3647  6.2648  6.0754  5.7883  5.7773  5.6125
  69  0.536353  3.7321  4.6997 -0.6505  9.9851  8.6852  7.6274  7.0994  7.2709  7.0462  6.5650  6.3211  6.2222  6.0345  5.7504  5.7397  5.5774
  70  0.539586  3.7345  4.6953 -0.6339  9.8530  8.5811  7.5428  7.0237  7.2149  6.9939  6.5194  6.2780  6.1799  5.9941  5.7128  5.7023  5.5424
  71  0.542816  3.7369  4.6909 -0.6174  9.7238  8.4789  7.4597  6.9492  7.1595  6.9421  6.4741  6.2351  6.1379  5.9538  5.6753  5.6651  5.5074
  72  0.546046  3.7392  4.6863 -0.6009  9.5981  8.3790  7.3786  6.8766  7.1046  6.8907  6.4292  6.1926  6.0963  5.9138  5.6379  5.6280  5.4726
  73  0.549278  3.7415  4.6815 -0.5844  9.4751  8.2808  7.2992  6.8053  7.0503  6.8397  6.3844  6.1501  6.0546  5.8737  5.6007  5.5909  5.4377
  74  0.552514  3.7438  4.6766 -0.5679  9.3545  8.1841  7.2209  6.7351  6.9962  6.7889  6.3399  6.1079  6.0131  5.8339  5.5635  5.5539  5.4029
  75  0.555749  3.7460  4.6715 -0.5514  9.2370  8.0894  7.1443  6.6663  6.9427  6.7386  6.2955  6.0658  5.9719  5.7943  5.5264  5.5171  5.3682
  76  0.558962  3.7481  4.6663 -0.5350  9.1223  7.9967  7.0688  6.5985  6.8897  6.6886  6.2515  6.0241  5.9311  5.7551  5.4899  5.4807  5.3338
  77  0.562152  3.7503  4.6609 -0.5187  9.0106  7.9063  6.9950  6.5322  6.8374  6.6393  6.2080  5.9829  5.8906  5.7163  5.4537  5.4447  5.2998
  78  0.565307  3.7523  4.6554 -0.5025  8.9016  7.8178  6.9230  6.4673  6.7859  6.5907  6.1650  5.9422  5.8507  5.6779  5.4178  5.4090  5.2660
  79  0.568430  3.7543  4.6499 -0.4865  8.7957  7.7316  6.8526  6.4041  6.7353  6.5429  6.1226  5.9018  5.8112  5.6399  5.3822  5.3735  5.2325
  80  0.571516  3.7563  4.6442 -0.4706  8.6937  7.6485  6.7850  6.3433  6.6861  6.4962  6.0809  5.8621  5.7721  5.6022  5.3467  5.3383  5.1990
  81  0.574557  3.7582  4.6384 -0.4550  8.5943  7.5672  6.7190  6.2840  6.6376  6.4502  6.0397  5.8228  5.7335  5.5649  5.3115  5.3034  5.1658
  82  0.578903  3.7609  4.6299 -0.4325  8.4545  7.4527  6.6266  6.2009  6.5687  6.3848  5.9810  5.7666  5.6782  5.5116  5.2612  5.2533  5.1182
  83  0.583241  3.7635  4.6213 -0.4100  8.3168  7.3396  6.5355  6.1191  6.4998  6.3193  5.9221  5.7104  5.6229  5.4582  5.2109  5.2031  5.0704
  84  0.587553  3.7661  4.6124 -0.3874  8.1826  7.2289  6.4463  6.0390  6.4315  6.2541  5.8634  5.6542  5.5677  5.4048  5.1604  5.1529  5.0226
  85  0.591821  3.7686  4.6032 -0.3649  8.0514  7.1205  6.3586  5.9604  6.3637  6.1894  5.8049  5.5983  5.5127  5.3516  5.1101  5.1029  4.9748
  86  0.596026  3.7713  4.5940 -0.3425  7.9232  7.0141  6.2724  5.8833  6.2966  6.1252  5.7468  5.5426  5.4580  5.2986  5.0601  5.0530  4.9272
  87  0.600170  3.7737  4.5847 -0.3201  7.7980  6.9101  6.1880  5.8077  6.2302  6.0616  5.6891  5.4872  5.4035  5.2460  5.0103  5.0034  4.8798
  88  0.604239  3.7762  4.5753 -0.2979  7.6760  6.8083  6.1053  5.7336  6.1643  5.9984  5.6317  5.4324  5.3496  5.1938  4.9608  4.9542  4.8328
  89  0.608236  3.7786  4.5657 -0.2758  7.5569  6.7086  6.0243  5.6607  6.0990  5.9358  5.5748  5.3779  5.2959  5.1419  4.9118  4.9054  4.7860
  90  0.612158  3.7810  4.5561 -0.2538  7.4406  6.6110  5.9451  5.5893  6.0344  5.8737  5.5181  5.3237  5.2426  5.0904  4.8630  4.8568  4.7396
  91  0.616002  3.7834  4.5465 -0.2320  7.3272  6.5156  5.8680  5.5193  5.9703  5.8121  5.4618  5.2698  5.1896  5.0392  4.8144  4.8084  4.6932
  92  0.619762  3.7857  4.5368 -0.2102  7.2167  6.4224  5.7934  5.4506  5.9068  5.7510  5.4057  5.2163  5.1370  4.9882  4.7662  4.7603  4.6471
  93  0.623440  3.7880  4.5268 -0.1886  7.1089  6.3314  5.7203  5.3835  5.8440  5.6904  5.3499  5.1630  5.0846  4.9375  4.7180  4.7124  4.6012
  94  0.627031  3.7903  4.5169 -0.1671  7.0043  6.2427  5.6484  5.3179  5.7817  5.6304  5.2946  5.1099  5.0324  4.8868  4.6700  4.6645  4.5553
  95  0.630539  3.7925  4.5067 -0.1457  6.9031  6.1567  5.5775  5.2541  5.7204  5.5710  5.2397  5.0572  4.9804  4.8363  4.6219  4.6166  4.5093
  96  0.633962  3.7946  4.4963 -0.1244  6.8046  6.0727  5.5072  5.1918  5.6597  5.5122  5.1854  5.0046  4.9286  4.7860  4.5739  4.5688  4.4632
  97  0.637303  3.7967  4.4856 -0.1032  6.7067  5.9892  5.4368  5.1297  5.5992  5.4537  5.1316  4.9528  4.8774  4.7365  4.5267  4.5217  4.4179
  98  0.640563  3.7987  4.4747 -0.0821  6.6101  5.9066  5.3669  5.0679  5.5388  5.3954  5.0780  4.9012  4.8266  4.6872  4.4799  4.4750  4.3729
  99  0.643742  3.8006  4.4635 -0.0611  6.5154  5.8255  5.2985  5.0067  5.4787  5.3372  5.0246  4.8498  4.7761  4.6383  4.4332  4.4286  4.3280
 100  0.646844  3.8025  4.4522 -0.0401  6.4240  5.7467  5.2322  4.9466  5.4190  5.2795  4.9711  4.7984  4.7254  4.5892  4.3865  4.3819  4.2830
 101  0.649867  3.8042  4.4405 -0.0192  6.3356  5.6704  5.1678  4.8879  5.3599  5.2221  4.9178  4.7470  4.6748  4.5399  4.3394  4.3349  4.2376
 102  0.652811  3.8060  4.4286  0.0016  6.2499  5.5961  5.1047  4.8303  5.3014  5.1652  4.8647  4.6957  4.6242  4.4906  4.2922  4.2880  4.1921
 103  0.655674  3.8077  4.4165  0.0223  6.1670  5.5239  5.0433  4.7741  5.2435  5.1089  4.8117  4.6445  4.5737  4.4414  4.2449  4.2408  4.1463
 104  0.658457  3.8093  4.4041  0.0428  6.0862  5.4533  4.9830  4.7190  5.1862  5.0530  4.7592  4.5936  4.5233  4.3923  4.1977  4.1936  4.1005
 105  0.661164  3.8108  4.3915  0.0634  6.0075  5.3843  4.9239  4.6649  5.1295  4.9977  4.7070  4.5429  4.4733  4.3433  4.1505  4.1466  4.0547
 106  0.663796  3.8123  4.3788  0.0837  5.9309  5.3170  4.8659  4.6117  5.0733  4.9428  4.6551  4.4925  4.4234  4.2946  4.1035  4.0997  4.0090
 107  0.666358  3.8136  4.3657  0.1039  5.8564  5.2512  4.8091  4.5594  5.0177  4.8885  4.6036  4.4424  4.3738  4.2460  4.0566  4.0528  3.9633
 108  0.668857  3.8149  4.3524  0.1240  5.7837  5.1869  4.7532  4.5079  4.9626  4.8346  4.5524  4.3925  4.3245  4.1977  4.0099  4.0062  3.9177
 109  0.671295  3.8162  4.3390  0.1439  5.7132  5.1242  4.6983  4.4570  4.9080  4.7812  4.5015  4.3429  4.2755  4.1496  3.9633  3.9596  3.8721
 110  0.673681  3.8173  4.3254  0.1638  5.6446  5.0630  4.6444  4.4069  4.8540  4.7282  4.4510  4.2936  4.2267  4.1017  3.9168  3.9132  3.8267
 111  0.676010  3.8184  4.3116  0.1834  5.5779  5.0033  4.5914  4.3576  4.8005  4.6757  4.4008  4.2446  4.1781  4.0541  3.8705  3.8670  3.7813
 112  0.676757  3.8187  4.3070  0.1898  5.5560  4.9836  4.5741  4.3414  4.7829  4.6585  4.3844  4.2286  4.1622  4.0385  3.8554  3.8518  3.7664
 113  0.677501  3.8192  4.3025  0.1963  5.5335  4.9635  4.5564  4.3250  4.7650  4.6410  4.3677  4.2124  4.1461  4.0227  3.8400  3.8366  3.7514
 114  0.678243  3.8196  4.2980  0.2029  5.5108  4.9433  4.5386  4.3085  4.7470  4.6234  4.3510  4.1960  4.1299  4.0068  3.8246  3.8213  3.7364
 115  0.678981  3.8200  4.2936  0.2096  5.4873  4.9225  4.5204  4.2917  4.7286  4.6053  4.3339  4.1794  4.1135  3.9907  3.8091  3.8057  3.7212
 116  0.679717  3.8204  4.2891  0.2163  5.4638  4.9017  4.5022  4.2749  4.7102  4.5873  4.3167  4.1627  4.0969  3.9746  3.7934  3.7901  3.7060
 117  0.680450  3.8209  4.2846  0.2231  5.4401  4.8806  4.4838  4.2578  4.6915  4.5690  4.2993  4.1457  4.0802  3.9581  3.7776  3.7743  3.6905
 118  0.681179  3.8213  4.2799  0.2300  5.4165  4.8597  4.4653  4.2407  4.6726  4.5505  4.2818  4.1286  4.0633  3.9416  3.7616  3.7583  3.6748
 119  0.681905  3.8217  4.2751  0.2369  5.3927  4.8384  4.4467  4.2234  4.6535  4.5318  4.2640  4.1113  4.0461  3.9248  3.7454  3.7420  3.6589
 120  0.682627  3.8221  4.2701  0.2440  5.3695  4.8177  4.4281  4.2061  4.6345  4.5132  4.2460  4.0938  4.0288  3.9077  3.7288  3.7256  3.6427
 121  0.683345  3.8225  4.2648  0.2510  5.3466  4.7971  4.4096  4.1888  4.6152  4.4943  4.2279  4.0761  4.0112  3.8904  3.7120  3.7087  3.6262
 122  0.684058  3.8228  4.2593  0.2582  5.3240  4.7764  4.3910  4.1711  4.5960  4.4752  4.2096  4.0581  3.9933  3.8729  3.6948  3.6915  3.6093
 123  0.684767  3.8231  4.2535  0.2655  5.3017  4.7560  4.3723  4.1535  4.5765  4.4560  4.1910  4.0399  3.9752  3.8550  3.6773  3.6741  3.5919
 124  0.685470  3.8233  4.2476  0.2729  5.2795  4.7356  4.3536  4.1357  4.5569  4.4367  4.1723  4.0214  3.9569  3.8369  3.6595  3.6563  3.5744
 125  0.686168  3.8235  4.2415  0.2804  5.2573  4.7152  4.3347  4.1177  4.5371  4.4171  4.1533  4.0028  3.9384  3.8186  3.6415  3.6383  3.5565
 126  0.686863  3.8237  4.2353  0.2879  5.2353  4.6947  4.3158  4.0996  4.5172  4.3975  4.1342  3.9839  3.9197  3.8000  3.6233  3.6201  3.5385
 127  0.687553  3.8239  4.2290  0.2955  5.2133  4.6743  4.2969  4.0815  4.4971  4.3778  4.1149  3.9649  3.9007  3.7813  3.6049  3.6017  3.5203
 128  0.688238  3.8241  4.2226  0.3031  5.1914  4.6539  4.2778  4.0632  4.4770  4.3578  4.0955  3.9457  3.8816  3.7625  3.5863  3.5831  3.5018
 129  0.688919  3.8243  4.2159  0.3108  5.1696  4.6336  4.2586  4.0447  4.4568  4.3377  4.0759  3.9263  3.8624  3.7433  3.5674  3.5642  3.4830
 130  0.689596  3.8244  4.2091  0.3186  5.1480  4.6133  4.2395  4.0262  4.4364  4.3175  4.0562  3.9067  3.8429  3.7239  3.5484  3.5452  3.4641
 131  0.690266  3.8246  4.2022  0.3265  5.1265  4.5930  4.2202  4.0076  4.4158  4.2971  4.0362  3.8870  3.8232  3.7044  3.5290  3.5258  3.4448
 132  0.690929  3.8247  4.1950  0.3344  5.1054  4.5729  4.2010  3.9889  4.3952  4.2767  4.0160  3.8670  3.8033  3.6846  3.5094  3.5062  3.4251
 133  0.691586  3.8247  4.1874  0.3425  5.0849  4.5531  4.1818  3.9700  4.3745  4.2562  3.9957  3.8467  3.7830  3.6645  3.4893  3.4861  3.4052
 134  0.692236  3.8247  4.1797  0.3506  5.0647  4.5334  4.1625  3.9510  4.3537  4.2354  3.9752  3.8263  3.7626  3.6441  3.4690  3.4658  3.3848
 135  0.692879  3.8246  4.1718  0.3588  5.0447  4.5138  4.1432  3.9319  4.3329  4.2146  3.9545  3.8056  3.7420  3.6235  3.4484  3.4452  3.3641
 136  0.693514  3.8246  4.1636  0.3671  5.0250  4.4945  4.1238  3.9127  4.3118  4.1936  3.9335  3.7848  3.7211  3.6025  3.4275  3.4243  3.3431
 137  0.694142  3.8245  4.1552  0.3754  5.0058  4.4753  4.1044  3.8933  4.2908  4.1725  3.9124  3.7637  3.7000  3.5814  3.4063  3.4030  3.3218
 138  0.694761  3.8243  4.1464  0.3839  4.9869  4.4562  4.0852  3.8739  4.2697  4.1514  3.8912  3.7423  3.6786  3.5600  3.3847  3.3815  3.3001
 139  0.695371  3.8241  4.1374  0.3924  4.9685  4.4374  4.0658  3.8543  4.2485  4.1301  3.8697  3.7207  3.6570  3.5383  3.3629  3.3597  3.2780
 140  0.695972  3.8238  4.1282  0.4011  4.9507  4.4190  4.0465  3.8346  4.2273  4.1088  3.8481  3.6990  3.6351  3.5163  3.3407  3.3374  3.2555
 141  0.696564  3.8235  4.1187  0.4098  4.9333  4.4007  4.0271  3.8148  4.2059  4.0873  3.8263  3.6769  3.6130  3.4940  3.3182  3.3148  3.2327
 142  0.697146  3.8232  4.1088  0.4186  4.9167  4.3828  4.0079  3.7950  4.1845  4.0658  3.8043  3.6547  3.5907  3.4715  3.2953  3.2920  3.2094
 143  0.697716  3.8227  4.0986  0.4274  4.9008  4.3654  3.9887  3.7750  4.1633  4.0442  3.7822  3.6323  3.5681  3.4486  3.2720  3.2687  3.1858
 144  0.698276  3.8223  4.0881  0.4364  4.8856  4.3484  3.9698  3.7551  4.1419  4.0226  3.7599  3.6096  3.5453  3.4255  3.2484  3.2450  3.1617
 145  0.698824  3.8217  4.0772  0.4454  4.8714  4.3318  3.9509  3.7350  4.1207  4.0010  3.7375  3.5867  3.5222  3.4021  3.2244  3.2209  3.1372
 146  0.699360  3.8211  4.0659  0.4545  4.8581  4.3160  3.9322  3.7150  4.0995  3.9793  3.7149  3.5635  3.4989  3.3783  3.2000  3.1965  3.1122
 147  0.699884  3.8204  4.0542  0.4637  4.8456  4.3004  3.9136  3.6950  4.0784  3.9578  3.6922  3.5403  3.4754  3.3544  3.1753  3.1717  3.0869
 148  0.700394  3.8196  4.0422  0.4729  4.8341  4.2855  3.8952  3.6749  4.0573  3.9362  3.6694  3.5168  3.4517  3.3301  3.1502  3.1466  3.0610
 149  0.700892  3.8187  4.0297  0.4822  4.8240  4.2715  3.8772  3.6548  4.0365  3.9148  3.6466  3.4932  3.4278  3.3056  3.1247  3.1210  3.0347
 150  0.701376  3.8177  4.0167  0.4916  4.8153  4.2582  3.8594  3.6349  4.0158  3.8933  3.6235  3.4693  3.4036  3.2808  3.0988  3.0951  3.0080
 151  0.701847  3.8167  4.0033  0.5010  4.8086  4.2462  3.8422  3.6151  3.9953  3.8721  3.6005  3.4453  3.3792  3.2555  3.0724  3.0686  2.9805
 152  0.702302  3.8155  3.9893  0.5104  4.8042  4.2356  3.8256  3.5953  3.9752  3.8511  3.5774  3.4211  3.3545  3.2300  3.0456  3.0417  2.9526
 153  0.702743  3.8141  3.9748  0.5200  4.8032  4.2270  3.8098  3.5759  3.9557  3.8304  3.5541  3.3965  3.3295  3.2040  3.0181  3.0141  2.9240
 154  0.703170  3.8127  3.9597  0.5296  4.8054  4.2204  3.7949  3.5567  3.9365  3.8100  3.5309  3.3717  3.3040  3.1776  2.9899  2.9858  2.8945
 155  0.703582  3.8112  3.9442  0.5391  4.8092  4.2148  3.7806  3.5378  3.9176  3.7898  3.5076  3.3469  3.2786  3.1508  2.9614  2.9572  2.8646
 156  0.703980  3.8094  3.9280  0.5488  4.8152  4.2108  3.7671  3.5194  3.8992  3.7699  3.4845  3.3220  3.2531  3.1240  2.9326  2.9283  2.8343
 157  0.704363  3.8076  3.9112  0.5584  4.8220  4.2073  3.7541  3.5016  3.8812  3.7503  3.4616  3.2973  3.2277  3.0973  2.9038  2.8994  2.8038
 158  0.704730  3.8054  3.8930  0.5680  4.8334  4.2075  3.7432  3.4854  3.8643  3.7318  3.4391  3.2730  3.2025  3.0707  2.8747  2.8701  2.7727
 159  0.705080  3.8027  3.8733  0.5774  4.8535  4.2141  3.7359  3.4714  3.8492  3.7148  3.4175  3.2489  3.1776  3.0440  2.8451  2.8403  2.7407
 160  0.705417  3.7998  3.8523  0.5869  4.8813  4.2261  3.7314  3.4594  3.8356  3.6989  3.3963  3.2251  3.1528  3.0171  2.8150  2.8100  2.7079
 161  0.705739  3.7966  3.8302  0.5963  4.9175  4.2434  3.7298  3.4493  3.8237  3.6842  3.3757  3.2015  3.1281  2.9902  2.7845  2.7792  2.6744
 162  0.706023  3.7934  3.8091  0.6047  4.9586  4.2648  3.7316  3.4424  3.8143  3.6720  3.3572  3.1801  3.1056  2.9653  2.7560  2.7505  2.6430
 163  0.706305  3.7905  3.7888  0.6134  4.9961  4.2833  3.7323  3.4346  3.8037  3.6589  3.3381  3.1582  3.0827  2.9403  2.7276  2.7219  2.6118
 164  0.706585  3.7877  3.7692  0.6223  5.0287  4.2986  3.7310  3.4256  3.7919  3.6445  3.3183  3.1358  3.0594  2.9150  2.6993  2.6934  2.5810
 165  0.706862  3.7851  3.7495  0.6314  5.0619  4.3142  3.7296  3.4166  3.7797  3.6298  3.2983  3.1132  3.0358  2.8896  2.6708  2.6646  2.5500
 166  0.707135  3.7820  3.7284  0.6404  5.1062  4.3372  3.7322  3.4101  3.7693  3.6164  3.2783  3.0903  3.0118  2.8633  2.6410  2.6346  2.5172
 167  0.707403  3.7781  3.7039  0.6495  5.1739  4.3757  3.7434  3.4088  3.7633  3.6062  3.2594  3.0672  2.9872  2.8357  2.6086  2.6019  2.4810
 168  0.707669  3.7741  3.6787  0.6588  5.2413  4.4143  3.7552  3.4087  3.7567  3.5957  3.2404  3.0443  2.9628  2.8084  2.5766  2.5696  2.4451
 169  0.707933  3.7703  3.6540  0.6684  5.3053  4.4507  3.7663  3.4089  3.7491  3.5842  3.2207  3.0208  2.9379  2.7807  2.5446  2.5373  2.4093
 170  0.708193  3.7671  3.6317  0.6784  5.3583  4.4795  3.7731  3.4063  3.7384  3.5700  3.1993  2.9962  2.9122  2.7526  2.5127  2.5051  2.3742
 171  0.708448  3.7646  3.6111  0.6889  5.3993  4.4997  3.7747  3.3999  3.7241  3.5528  3.1762  2.9704  2.8854  2.7240  2.4810  2.4731  2.3399
 172  0.708693  3.7623  3.5911  0.6999  5.4339  4.5151  3.7728  3.3910  3.7073  3.5334  3.1515  2.9435  2.8578  2.6946  2.4490  2.4409  2.3055
 173  0.708929  3.7601  3.5712  0.7113  5.4644  4.5273  3.7686  3.3802  3.6888  3.5125  3.1256  2.9155  2.8291  2.6643  2.4162  2.4079  2.2705
 174  0.709154  3.7581  3.5513  0.7233  5.4902  4.5359  3.7619  3.3674  3.6685  3.4898  3.0985  2.8864  2.7993  2.6331  2.3826  2.3742  2.2349
 175  0.709369  3.7563  3.5317  0.7356  5.5110  4.5407  3.7527  3.3525  3.6464  3.4655  3.0700  2.8562  2.7685  2.6011  2.3485  2.3398  2.1989
 176  0.709574  3.7546  3.5125  0.7483  5.5267  4.5418  3.7410  3.3358  3.6227  3.4399  3.0406  2.8253  2.7370  2.5684  2.3139  2.3050  2.1625
 177  0.709770  3.7531  3.4937  0.7613  5.5378  4.5395  3.7272  3.3175  3.5977  3.4130  3.0103  2.7935  2.7047  2.5350  2.2788  2.2699  2.1259
 178  0.709959  3.7517  3.4749  0.7745  5.5455  4.5347  3.7117  3.2978  3.5715  3.3851  2.9792  2.7611  2.6718  2.5012  2.2433  2.2342  2.0889
 179  0.710141  3.7505  3.4567  0.7879  5.5481  4.5261  3.6938  3.2762  3.5440  3.3561  2.9474  2.7281  2.6384  2.4669  2.2076  2.1985  2.0520
 180  0.710317  3.7493  3.4386  0.8015  5.5492  4.5164  3.6751  3.2540  3.5161  3.3268  2.9153  2.6949  2.6048  2.4326  2.1720  2.1627  2.0150
 181  0.710487  3.7483  3.4208  0.8151  5.5469  4.5043  3.6547  3.2306  3.4872  3.2966  2.8827  2.6613  2.5709  2.3979  2.1359  2.1266  1.9779
 182  0.710653  3.7473  3.4035  0.8288  5.5421  4.4904  3.6334  3.2065  3.4580  3.2662  2.8501  2.6277  2.5370  2.3633  2.1003  2.0908  1.9413
 183  0.710819  3.7464  3.3861  0.8427  5.5352  4.4747  3.6108  3.1814  3.4279  3.2349  2.8168  2.5935  2.5025  2.3281  2.0641  2.0545  1.9041
 184  0.710984  3.7456  3.3688  0.8568  5.5257  4.4572  3.5868  3.1550  3.3968  3.2028  2.7826  2.5585  2.4673  2.2923  2.0272  2.0176  1.8664
 185  0.711147  3.7448  3.3514  0.8711  5.5160  4.4393  3.5626  3.1285  3.3655  3.1703  2.7482  2.5232  2.4317  2.2561  1.9901  1.9804  1.8284
 186  0.711309  3.7440  3.3339  0.8857  5.5042  4.4199  3.5373  3.1009  3.3332  3.1371  2.7130  2.4873  2.3955  2.2193  1.9523  1.9426  1.7898
 187  0.711471  3.7434  3.3165  0.9004  5.4901  4.3988  3.5107  3.0723  3.3002  3.1031  2.6773  2.4508  2.3588  2.1821  1.9143  1.9044  1.7509
 188  0.711633  3.7427  3.2991  0.9153  5.4757  4.3773  3.4837  3.0434  3.2668  3.0688  2.6413  2.4141  2.3218  2.1446  1.8758  1.8660  1.7118
 189  0.711793  3.7420  3.2814  0.9305  5.4598  4.3546  3.4558  3.0135  3.2325  3.0337  2.6046  2.3767  2.2841  2.1064  1.8369  1.8269  1.6721
 190  0.711952  3.7414  3.2637  0.9459  5.4428  4.3310  3.4270  2.9829  3.1976  2.9980  2.5672  2.3387  2.2459  2.0678  1.7975  1.7874  1.6319
 191  0.712110  3.7408  3.2457  0.9614  5.4256  4.3070  3.3978  2.9520  3.1622  2.9617  2.5294  2.3003  2.2073  2.0286  1.7576  1.7475  1.5913
 192  0.712268  3.7402  3.2276  0.9771  5.4073  4.2820  3.3679  2.9203  3.1262  2.9249  2.4912  2.2613  2.1682  1.9890  1.7172  1.7071  1.5503
 193  0.712425  3.7396  3.2095  0.9931  5.3878  4.2561  3.3371  2.8879  3.0896  2.8875  2.4523  2.2220  2.1286  1.9490  1.6765  1.6663  1.5089
 194  0.712580  3.7390  3.1911  1.0092  5.3677  4.2295  3.3057  2.8548  3.0522  2.8494  2.4128  2.1819  2.0883  1.9083  1.6351  1.6248  1.4669
 195  0.712733  3.7384  3.1723  1.0258  5.3470  4.2022  3.2735  2.8208  3.0140  2.8103  2.3724  2.1408  2.0470  1.8667  1.5928  1.5823  1.4239
 196  0.712884  3.7379  3.1532  1.0429  5.3250  4.1737  3.2400  2.7858  2.9745  2.7701  2.3309  2.0988  2.0049  1.8240  1.5494  1.5390  1.3799
 197  0.713032  3.7374  3.1336  1.0602  5.3020  4.1441  3.2055  2.7497  2.9340  2.7288  2.2883  2.0557  1.9616  1.7803  1.5051  1.4946  1.3349
 198  0.713178  3.7368  3.1135  1.0781  5.2797  4.1146  3.1707  2.7131  2.8928  2.6868  2.2448  2.0116  1.9173  1.7357  1.4597  1.4492  1.2888
 199  0.713322  3.7362  3.0932  1.0962  5.2556  4.0836  3.1347  2.6754  2.8507  2.6439  2.2006  1.9669  1.8725  1.6904  1.4138  1.4031  1.2423
 200  0.713462  3.7356  3.0723  1.1148  5.2308  4.0517  3.0975  2.6365  2.8071  2.5996  2.1550  1.9206  1.8261  1.6436  1.3663  1.3556  1.1941
 201  0.713599  3.7350  3.0507  1.1341  5.2060  4.0192  3.0593  2.5966  2.7623  2.5540  2.1080  1.8731  1.7782  1.5953  1.3173  1.3065  1.1445
 202  0.713731  3.7344  3.0287  1.1539  5.1808  3.9860  3.0203  2.5557  2.7164  2.5072  2.0597  1.8243  1.7293  1.5460  1.2672  1.2565  1.0936
 203  0.713860  3.7338  3.0061  1.1740  5.1554  3.9522  2.9803  2.5138  2.6694  2.4593  2.0105  1.7743  1.6792  1.4955  1.2159  1.2051  1.0417
 204  0.713986  3.7331  2.9828  1.1946  5.1312  3.9188  2.9403  2.4717  2.6217  2.4107  1.9602  1.7236  1.6282  1.4440  1.1637  1.1528  0.9886
 205  0.714108  3.7324  2.9591  1.2156  5.1079  3.8857  2.9000  2.4292  2.5733  2.3614  1.9092  1.6719  1.5763  1.3917  1.1105  1.0995  0.9347
 206  0.714227  3.7317  2.9350  1.2369  5.0844  3.8521  2.8590  2.3859  2.5242  2.3112  1.8574  1.6194  1.5236  1.3384  1.0563  1.0453  0.8797
 207  0.714341  3.7309  2.9104  1.2585  5.0615  3.8186  2.8177  2.3423  2.4743  2.2604  1.8047  1.5660  1.4700  1.2842  1.0014  0.9902  0.8237
 208  0.714453  3.7302  2.8854  1.2806  5.0386  3.7846  2.7758  2.2980  2.4238  2.2086  1.7512  1.5118  1.4155  1.2293  0.9455  0.9342  0.7670
 209  0.714561  3.7294  2.8600  1.3029  5.0166  3.7510  2.7338  2.2535  2.3727  2.1564  1.6971  1.4568  1.3603  1.1736  0.8887  0.8775  0.7095
 210  0.714667  3.7286  2.8344  1.3254  4.9948  3.7172  2.6915  2.2085  2.3211  2.1036  1.6421  1.4012  1.3044  1.1171  0.8313  0.8199  0.6511
 211  0.714768  3.7278  2.8082  1.3483  4.9744  3.6839  2.6492  2.1634  2.2689  2.0502  1.5867  1.3449  1.2479  1.0599  0.7731  0.7616  0.5919
 212  0.714866  3.7269  2.7818  1.3715  4.9543  3.6506  2.6066  2.1179  2.2164  1.9963  1.5305  1.2879  1.1906  1.0020  0.7142  0.7026  0.5320
 213  0.714961  3.7261  2.7551  1.3949  4.9351  3.6176  2.5638  2.0722  2.1634  1.9419  1.4739  1.2303  1.1327  0.9435  0.6546  0.6429  0.4714
 214  0.715052  3.7252  2.7280  1.4185  4.9162  3.5847  2.5209  2.0263  2.1100  1.8870  1.4166  1.1721  1.0742  0.8844  0.5944  0.5826  0.4101
 215  0.715140  3.7244  2.7007  1.4424  4.8981  3.5519  2.4779  1.9801  2.0561  1.8318  1.3588  1.1133  1.0152  0.8246  0.5335  0.5217  0.3482
 216  0.715225  3.7234  2.6730  1.4665  4.8790  3.5187  2.4346  1.9337  2.0020  1.7762  1.3006  1.0541  0.9557  0.7645  0.4722  0.4602  0.2858
 217  0.715239  3.7233  2.6682  1.4708  4.8755  3.5128  2.4269  1.9254  1.9924  1.7663  1.2903  1.0437  0.9451  0.7538  0.4613  0.4493  0.2747
 218  0.715254  3.7231  2.6632  1.4751  4.8726  3.5071  2.4194  1.9172  1.9828  1.7564  1.2799  1.0331  0.9344  0.7430  0.4503  0.4383  0.2636
 219  0.715268  3.7230  2.6582  1.4794  4.8691  3.5012  2.4116  1.9089  1.9731  1.7464  1.2695  1.0225  0.9238  0.7322  0.4393  0.4273  0.2524
 220  0.715283  3.7228  2.6533  1.4837  4.8657  3.4952  2.4038  1.9006  1.9634  1.7365  1.2590  1.0118  0.9131  0.7215  0.4283  0.4163  0.2412
 221  0.715297  3.7227  2.6483  1.4881  4.8625  3.4894  2.3961  1.8923  1.9536  1.7265  1.2486  1.0012  0.9024  0.7105  0.4172  0.4052  0.2299
 222  0.715311  3.7225  2.6433  1.4925  4.8593  3.4835  2.3883  1.8839  1.9438  1.7164  1.2380  0.9904  0.8916  0.6996  0.4060  0.3940  0.2186
 223  0.715325  3.7223  2.6383  1.4968  4.8563  3.4777  2.3806  1.8756  1.9341  1.7063  1.2274  0.9797  0.8808  0.6886  0.3949  0.3828  0.2072
 224  0.715339  3.7221  2.6332  1.5013  4.8532  3.4719  2.3728  1.8672  1.9242  1.6962  1.2168  0.9689  0.8699  0.6777  0.3837  0.3715  0.1958
 225  0.715353  3.7220  2.6281  1.5057  4.8500  3.4660  2.3650  1.8587  1.9143  1.6860  1.2061  0.9580  0.8590  0.6667  0.3724  0.3603  0.1843
 226  0.715367  3.7218  2.6230  1.5101  4.8467  3.4600  2.3571  1.8502  1.9044  1.6758  1.1954  0.9471  0.8480  0.6555  0.3611  0.3490  0.1728
 227  0.715495  3.7202  2.5745  1.5523  4.8171  3.4040  2.2826  1.7699  1.8101  1.5788  1.0937  0.8436  0.7439  0.5502  0.2536  0.2413  0.0634
 228  0.715618  3.7185  2.5237  1.5963  4.7899  3.3478  2.2063  1.6874  1.7125  1.4782  0.9880  0.7359  0.6356  0.4405  0.1416  0.1291 -0.0507
 229  0.715728  3.7168  2.4738  1.6394  4.7692  3.2965  2.1340  1.6086  1.6180  1.3806  0.8850  0.6308  0.5300  0.3334  0.0321  0.0194 -0.1623
 230  0.715828  3.7149  2.4238  1.6820  4.7552  3.2496  2.0645  1.5323  1.5254  1.2846  0.7833  0.5269  0.4254  0.2273 -0.0765 -0.0894 -0.2731
 231  0.715919  3.7131  2.3747  1.7238  4.7459  3.2064  1.9980  1.4588  1.4352  1.1910  0.6839  0.4254  0.3231  0.1235 -0.1828 -0.1959 -0.3818
 232  0.716007  3.7111  2.3225  1.7681  4.7422  3.1648  1.9298  1.3829  1.3405  1.0925  0.5789  0.3179  0.2149  0.0137 -0.2955 -0.3088 -0.4969
 233  0.716084  3.7092  2.2728  1.8102  4.7454  3.1303  1.8677  1.3131  1.2517  0.9998  0.4797  0.2164  0.1126 -0.0903 -0.4023 -0.4159 -0.6062
 234  0.716155  3.7070  2.2199  1.8547  4.7536  3.0998  1.8047  1.2418  1.1590  0.9027  0.3754  0.1093  0.0047 -0.2000 -0.5151 -0.5290 -0.7217
 235  0.716221  3.7050  2.1684  1.8980  4.7642  3.0705  1.7439  1.1727  1.0687  0.8081  0.2736  0.0050 -0.1005 -0.3071 -0.6251 -0.6392 -0.8345
 236  0.716280  3.7031  2.1214  1.9376  4.7764  3.0432  1.6887  1.1099  0.9866  0.7220  0.1809 -0.0902 -0.1964 -0.4046 -0.7255 -0.7398 -0.9372
 237  0.716334  3.7013  2.0758  1.9760  4.7905  3.0182  1.6360  1.0498  0.9072  0.6386  0.0909 -0.1825 -0.2895 -0.4994 -0.8229 -0.8375 -1.0371
 238  0.716385  3.6995  2.0309  2.0136  4.8080  2.9963  1.5858  0.9921  0.8299  0.5572  0.0030 -0.2729 -0.3806 -0.5921 -0.9184 -0.9331 -1.1349
 239  0.716431  3.6979  1.9918  2.0466  4.8247  2.9776  1.5424  0.9420  0.7624  0.4863 -0.0738 -0.3518 -0.4602 -0.6730 -1.0017 -1.0166 -1.2203
 240  0.716475  3.6971  1.9656  2.0691  4.8295  2.9573  1.5084  0.9039  0.7141  0.4358 -0.1276 -0.4068 -0.5155 -0.7292 -1.0592 -1.0742 -1.2789
 241  0.716518  3.6958  1.9332  2.0967  4.8431  2.9395  1.4710  0.8609  0.6571  0.3759 -0.1923 -0.4732 -0.5825 -0.7973 -1.1292 -1.1444 -1.3504
 242  0.716559  3.6937  1.8858  2.1357  4.8769  2.9305  1.4268  0.8082  0.5806  0.2944 -0.2819 -0.5658 -0.6759 -0.8928 -1.2279 -1.2434 -1.4521
 243  0.716596  3.6915  1.8369  2.1758  4.9137  2.9262  1.3839  0.7567  0.5036  0.2119 -0.3729 -0.6600 -0.7712 -0.9901 -1.3288 -1.3446 -1.5562
 244  0.716630  3.6894  1.7912  2.2132  4.9475  2.9247  1.3453  0.7100  0.4324  0.1356 -0.4576 -0.7478 -0.8599 -1.0809 -1.4230 -1.4390 -1.6533
 245  0.716662  3.6875  1.7495  2.2473  4.9766  2.9260  1.3118  0.6690  0.3684  0.0666 -0.5342 -0.8273 -0.9403 -1.1632 -1.5084 -1.5247 -1.7415
 246  0.716692  3.6862  1.7199  2.2717  4.9910  2.9254  1.2873  0.6395  0.3226  0.0173 -0.5889 -0.8841 -0.9977 -1.2219 -1.5695 -1.5859 -1.8045
 247  0.716721  3.6847  1.6860  2.2994  5.0089  2.9281  1.2612  0.6076  0.2713 -0.0381 -0.6509 -0.9485 -1.0629 -1.2887 -1.6389 -1.6556 -1.8762
 248  0.716749  3.6826  1.6399  2.3373  5.0342  2.9335  1.2258  0.5639  0.2011 -0.1140 -0.7358 -1.0370 -1.1524 -1.3804 -1.7343 -1.7512 -1.9746
 249  0.716774  3.6804  1.5914  2.3769  5.0634  2.9441  1.1921  0.5211  0.1293 -0.1922 -0.8242 -1.1291 -1.2457 -1.4762 -1.8339 -1.8511 -2.0774
 250  0.716796  3.6782  1.5439  2.4155  5.0930  2.9599  1.1624  0.4822  0.0606 -0.2674 -0.9098 -1.2185 -1.3363 -1.5693 -1.9310 -1.9485 -2.1778
 251  0.716817  3.6759  1.4960  2.4543  5.1230  2.9792  1.1344  0.4451 -0.0074 -0.3422 -0.9952 -1.3079 -1.4269 -1.6624 -2.0281 -2.0459 -2.2782
 252  0.716837  3.6737  1.4494  2.4920  5.1516  3.0012  1.1090  0.4108 -0.0729 -0.4144 -1.0780 -1.3946 -1.5147 -1.7527 -2.1224 -2.1405 -2.3759
 253  0.716854  3.6715  1.4044  2.5281  5.1819  3.0287  1.0885  0.3817 -0.1336 -0.4820 -1.1562 -1.4768 -1.5981 -1.8386 -2.2124 -2.2308 -2.4692
 254  0.716870  3.6692  1.3606  2.5632  5.2121  3.0598  1.0711  0.3560 -0.1913 -0.5467 -1.2316 -1.5562 -1.6787 -1.9218 -2.2996 -2.3184 -2.5598
 255  0.716886  3.6670  1.3172  2.5979  5.2414  3.0936  1.0559  0.3328 -0.2471 -0.6096 -1.3054 -1.6340 -1.7578 -2.0034 -2.3855 -2.4046 -2.6490
 256  0.716899  3.6649  1.2747  2.6317  5.2697  3.1291  1.0427  0.3121 -0.3009 -0.6705 -1.3769 -1.7097 -1.8346 -2.0829 -2.4691 -2.4885 -2.7361
 257  0.716912  3.6628  1.2332  2.6648  5.2973  3.1669  1.0318  0.2940 -0.3523 -0.7289 -1.4462 -1.7832 -1.9092 -2.1602 -2.5506 -2.5702 -2.8210
 258  0.716924  3.6606  1.1923  2.6972  5.3247  3.2067  1.0232  0.2785 -0.4014 -0.7853 -1.5134 -1.8546 -1.9819 -2.2354 -2.6300 -2.6500 -2.9040
 259  0.716935  3.6586  1.1523  2.7289  5.3517  3.2481  1.0164  0.2651 -0.4486 -0.8398 -1.5789 -1.9242 -2.0526 -2.3089 -2.7077 -2.7280 -2.9852
 260  0.716946  3.6565  1.1128  2.7602  5.3781  3.2915  1.0114  0.2538 -0.4939 -0.8926 -1.6428 -1.9924 -2.1221 -2.3811 -2.7840 -2.8047 -3.0650
 261  0.716955  3.6544  1.0738  2.7909  5.4041  3.3375  1.0093  0.2456 -0.5365 -0.9429 -1.7046 -2.0587 -2.1895 -2.4514 -2.8586 -2.8796 -3.1431
 262  0.716964  3.6523  1.0355  2.8209  5.4287  3.3852  1.0091  0.2399 -0.5768 -0.9911 -1.7645 -2.1232 -2.2553 -2.5200 -2.9315 -2.9528 -3.2196
 263  0.716972  3.6503  0.9979  2.8503  5.4504  3.4336  1.0106  0.2360 -0.6149 -1.0374 -1.8226 -2.1858 -2.3193 -2.5868 -3.0026 -3.0242 -3.2943
 264  0.716980  3.6483  0.9609  2.8792  5.4699  3.4832  1.0135  0.2338 -0.6514 -1.0820 -1.8792 -2.2472 -2.3818 -2.6523 -3.0724 -3.0945 -3.3677
 265  0.716987  3.6463  0.9246  2.9073  5.4872  3.5337  1.0180  0.2338 -0.6855 -1.1243 -1.9337 -2.3064 -2.4425 -2.7158 -3.1403 -3.1627 -3.4391
 266  0.716994  3.6442  0.8888  2.9350  5.5035  3.5871  1.0249  0.2363 -0.7172 -1.1645 -1.9865 -2.3641 -2.5015 -2.7778 -3.2066 -3.2294 -3.5092
 267  0.717000  3.6422  0.8536  2.9622  5.5170  3.6415  1.0335  0.2408 -0.7469 -1.2029 -2.0376 -2.4203 -2.5590 -2.8384 -3.2716 -3.2947 -3.5778
 268  0.717007  3.6402  0.8188  2.9889  5.5265  3.6964  1.0429  0.2464 -0.7752 -1.2398 -2.0875 -2.4753 -2.6153 -2.8978 -3.3354 -3.3589 -3.6453
 269  0.717012  3.6382  0.7849  3.0149  5.5324  3.7505  1.0530  0.2533 -0.8017 -1.2751 -2.1356 -2.5285 -2.6698 -2.9554 -3.3973 -3.4211 -3.7109
 270  0.717018  3.6363  0.7513  3.0408  5.5347  3.8041  1.0635  0.2608 -0.8273 -1.3095 -2.1830 -2.5809 -2.7237 -3.0124 -3.4585 -3.4827 -3.7757
 271  0.717023  3.6344  0.7187  3.0659  5.5334  3.8560  1.0738  0.2686 -0.8514 -1.3423 -2.2286 -2.6318 -2.7759 -3.0676 -3.5178 -3.5424 -3.8386
 272  0.717028  3.6325  0.6864  3.0906  5.5294  3.9077  1.0847  0.2772 -0.8742 -1.3739 -2.2731 -2.6815 -2.8269 -3.1217 -3.5761 -3.6011 -3.9006
 273  0.717032  3.6307  0.6549  3.1149  5.5225  3.9577  1.0951  0.2858 -0.8958 -1.4043 -2.3164 -2.7299 -2.8766 -3.1745 -3.6330 -3.6583 -3.9609
 274  0.717036  3.6290  0.6243  3.1385  5.5127  4.0050  1.1045  0.2934 -0.9169 -1.4341 -2.3587 -2.7773 -2.9253 -3.2263 -3.6885 -3.7142 -4.0198
 275  0.717041  3.6272  0.5940  3.1617  5.5013  4.0519  1.1143  0.3018 -0.9365 -1.4623 -2.3997 -2.8235 -2.9728 -3.2768 -3.7428 -3.7688 -4.0776
 276  0.717045  3.6255  0.5644  3.1845  5.4882  4.0992  1.1243  0.3107 -0.9538 -1.4885 -2.4390 -2.8681 -3.0187 -3.3258 -3.7958 -3.8222 -4.1340
 277  0.717049  3.6238  0.5358  3.2065  5.4740  4.1449  1.1342  0.3196 -0.9697 -1.5131 -2.4764 -2.9109 -3.0628 -3.3730 -3.8467 -3.8735 -4.1884
 278  0.717052  3.6223  0.5082  3.2278  5.4581  4.1875  1.1428  0.3274 -0.9851 -1.5370 -2.5130 -2.9525 -3.1057 -3.4187 -3.8961 -3.9232 -4.2411
 279  0.717055  3.6209  0.4833  3.2472  5.4419  4.2247  1.1497  0.3337 -0.9992 -1.5587 -2.5461 -2.9903 -3.1446 -3.4603 -3.9409 -3.9683 -4.2888
