#NUMBER OF AGES= 1
#----------------------------------------------------       
#MIX-LEN  Y      Z          Zeff        [Fe/H] [a/Fe]
# 1.9380  0.3300 5.0381E-04 2.5644E-04  -1.76   0.40 
#----------------------------------------------------       
#**PHOTOMETRIC SYSTEM**: HST WFPC2 (Vega)                   
#----------------------------------------------------       
#AGE=11.200 EEPS=266
#EEP   M/Mo    LogTeff  LogG   LogL/Lo F218W   F255W   F300W   F336W   F439W   F450W   F555W   F606W   F622W   F675W   F791W   F814W   F850LP
  14  0.111227  3.5429  5.2776 -2.6682 20.6017 20.1890 16.6858 15.8341 14.6927 14.0959 12.7226 12.1791 11.9873 11.6035 10.8021 10.7638 10.3608
  15  0.123429  3.5521  5.2374 -2.5462 20.2138 19.5393 16.1931 15.3320 14.1922 13.6412 12.3242 11.7848 11.5934 11.2197 10.4923 10.4559 10.0677
  16  0.135255  3.5596  5.2021 -2.4412 19.8690 18.9894 15.7756 14.9113 13.7805 13.2624 11.9917 11.4573 11.2669 10.9000 10.2256 10.1906  9.8138
  17  0.146520  3.5653  5.1725 -2.3535 19.5758 18.5463 15.4377 14.5731 13.4540 12.9581 11.7229 11.1937 11.0047 10.6426 10.0036  9.9695  9.6009
  18  0.157905  3.5701  5.1466 -2.2761 19.3181 18.1724 15.1487 14.2852 13.1776 12.6974 11.4910 10.9671 10.7794 10.4213  9.8076  9.7743  9.4123
  19  0.170215  3.5744  5.1221 -2.2018 19.0658 17.8166 14.8751 14.0139 12.9189 12.4516 11.2715 10.7532 10.5672 10.2127  9.6197  9.5871  9.2309
  20  0.183518  3.5784  5.0988 -2.1299 18.8202 17.4720 14.6131 13.7552 12.6730 12.2170 11.0615 10.5491 10.3646 10.0139  9.4381  9.4061  9.0551
  21  0.197616  3.5821  5.0772 -2.0612 18.5755 17.1377 14.3635 13.5101 12.4417 11.9954 10.8630 10.3565 10.1737  9.8265  9.2652  9.2339  8.8876
  22  0.213852  3.5859  5.0558 -1.9907 18.2999 16.7785 14.1039 13.2570 12.2060 11.7687 10.6596 10.1597  9.9788  9.6354  9.0875  9.0568  8.7153
  23  0.231160  3.5894  5.0351 -1.9222 17.9881 16.3992 13.8451 13.0079 11.9792 11.5501 10.4633  9.9703  9.7915  9.4519  8.9154  8.8852  8.5481
  24  0.245050  3.5919  5.0223 -1.8738 17.7541 16.1228 13.6590 12.8293 11.8185 11.3949 10.3245  9.8366  9.6592  9.3226  8.7939  8.7641  8.4302
  25  0.253844  3.5935  5.0156 -1.8458 17.6152 15.9603 13.5499 12.7249 11.7250 11.3046 10.2437  9.7591  9.5826  9.2477  8.7235  8.6939  8.3620
  26  0.259720  3.5944  5.0121 -1.8288 17.5307 15.8620 13.4834 12.6612 11.6681 11.2497 10.1946  9.7119  9.5360  9.2022  8.6806  8.6512  8.3205
  27  0.264028  3.5951  5.0100 -1.8168 17.4734 15.7955 13.4367 12.6164 11.6280 11.2109 10.1600  9.6787  9.5032  9.1701  8.6504  8.6211  8.2912
  28  0.267180  3.5956  5.0079 -1.8076 17.4306 15.7460 13.4010 12.5820 11.5971 11.1810 10.1334  9.6532  9.4778  9.1455  8.6271  8.5978  8.2686
  29  0.269465  3.5959  5.0061 -1.8004 17.3965 15.7065 13.3727 12.5546 11.5728 11.1575 10.1125  9.6331  9.4582  9.1262  8.6090  8.5798  8.2510
  30  0.271231  3.5963  5.0044 -1.7944 17.3679 15.6736 13.3492 12.5320 11.5526 11.1379 10.0951  9.6166  9.4418  9.1103  8.5940  8.5647  8.2365
  31  0.272916  3.5966  5.0030 -1.7889 17.3405 15.6417 13.3266 12.5104 11.5334 11.1194 10.0789  9.6011  9.4265  9.0954  8.5800  8.5508  8.2230
  32  0.274794  3.5970  5.0013 -1.7825 17.3097 15.6063 13.3010 12.4856 11.5115 11.0982 10.0603  9.5833  9.4090  9.0784  8.5638  8.5347  8.2074
  33  0.277228  3.5975  4.9992 -1.7748 17.2735 15.5652 13.2705 12.4563 11.4854 11.0731 10.0379  9.5621  9.3880  9.0578  8.5445  8.5155  8.1887
  34  0.280426  3.5980  4.9968 -1.7653 17.2309 15.5175 13.2343 12.4212 11.4541 11.0426 10.0107  9.5359  9.3622  9.0327  8.5205  8.4916  8.1654
  35  0.284652  3.5986  4.9935 -1.7533 17.1797 15.4608 13.1901 12.3782 11.4155 11.0050  9.9768  9.5032  9.3299  9.0011  8.4903  8.4614  8.1359
  36  0.290393  3.5993  4.9888 -1.7373 17.1141 15.3891 13.1329 12.3227 11.3652 10.9560  9.9321  9.4602  9.2873  8.9593  8.4499  8.4212  8.0966
  37  0.297752  3.6000  4.9826 -1.7171 17.0224 15.2959 13.0584 12.2511 11.3031 10.8957  9.8781  9.4087  9.2366  8.9095  8.3995  8.3709  8.0466
  38  0.314910  3.6029  4.9635 -1.6624 16.7814 15.0386 12.8502 12.0490 11.1244 10.7221  9.7227  9.2601  9.0900  8.7665  8.2615  8.2334  7.9123
  39  0.343396  3.6099  4.9256 -1.5589 16.3212 14.5310 12.4388 11.6473 10.7687 10.3768  9.4172  8.9693  8.8033  8.4881  7.9999  7.9728  7.6607
  40  0.357546  3.6142  4.9048 -1.5035 16.0660 14.2571 12.2117 11.4250 10.5737 10.1878  9.2513  8.8124  8.6490  8.3389  7.8596  7.8331  7.5263
  41  0.368968  3.6180  4.8871 -1.4567 15.8490 14.0280 12.0174 11.2342 10.4070 10.0264  9.1099  8.6793  8.5181  8.2128  7.7409  7.7150  7.4130
  42  0.381195  3.6227  4.8683 -1.4049 15.6081 13.7737 11.7977 11.0175 10.2182  9.8437  8.9506  8.5299  8.3715  8.0721  7.6092  7.5841  7.2880
  43  0.393454  3.6281  4.8503 -1.3515 15.3551 13.5056 11.5630 10.7853 10.0176  9.6500  8.7828  8.3734  8.2181  7.9255  7.4734  7.4491  7.1602
  44  0.404147  3.6334  4.8351 -1.3035 15.1203 13.2552 11.3433 10.5673  9.8314  9.4704  8.6285  8.2305  8.0782  7.7928  7.3515  7.3280  7.0463
  45  0.413212  3.6385  4.8228 -1.2609 14.9011 13.0203 11.1386 10.3639  9.6603  9.3059  8.4884  8.1016  7.9524  7.6739  7.2435  7.2208  6.9462
  46  0.421576  3.6439  4.8120 -1.2203 14.6812 12.7850 10.9335 10.1610  9.4931  9.1455  8.3528  7.9774  7.8314  7.5601  7.1407  7.1188  6.8516
  47  0.429627  3.6494  4.8026 -1.1805 14.4562 12.5442 10.7233  9.9543  9.3265  8.9860  8.2185  7.8548  7.7123  7.4484  7.0402  7.0192  6.7597
  48  0.437513  3.6550  4.7938 -1.1414 14.2266 12.2987 10.5069  9.7443  9.1610  8.8279  8.0857  7.7339  7.5948  7.3386  6.9418  6.9217  6.6700
  49  0.445457  3.6608  4.7855 -1.1020 13.9714 12.0312 10.2827  9.5281  8.9960  8.6704  7.9533  7.6130  7.4776  7.2287  6.8431  6.8239  6.5800
  50  0.453543  3.6668  4.7775 -1.0623 13.6749 11.7304 10.0483  9.3029  8.8303  8.5123  7.8204  7.4913  7.3598  7.1177  6.7429  6.7245  6.4885
  51  0.461686  3.6732  4.7702 -1.0221 13.3457 11.4127  9.8031  9.0715  8.6642  8.3541  7.6871  7.3689  7.2416  7.0060  6.6417  6.6242  6.3963
  52  0.466264  3.6768  4.7663 -0.9993 13.1474 11.2293  9.6607  8.9393  8.5707  8.2655  7.6122  7.3001  7.1751  6.9431  6.5848  6.5676  6.3443
  53  0.470821  3.6805  4.7627 -0.9765 12.9417 11.0448  9.5171  8.8071  8.4782  8.1778  7.5381  7.2318  7.1091  6.8807  6.5280  6.5114  6.2926
  54  0.475358  3.6842  4.7592 -0.9538 12.7285 10.8594  9.3723  8.6746  8.3864  8.0910  7.4647  7.1640  7.0436  6.8186  6.4716  6.4554  6.2412
  55  0.479881  3.6879  4.7555 -0.9313 12.5164 10.6803  9.2316  8.5463  8.2971  8.0067  7.3930  7.0976  6.9792  6.7574  6.4158  6.4002  6.1903
  56  0.484386  3.6916  4.7518 -0.9089 12.3024 10.5039  9.0926  8.4197  8.2091  7.9238  7.3223  7.0319  6.9155  6.6969  6.3606  6.3454  6.1399
  57  0.488855  3.6953  4.7481 -0.8866 12.0912 10.3333  8.9572  8.2967  8.1234  7.8432  7.2533  6.9676  6.8531  6.6375  6.3063  6.2915  6.0901
  58  0.493269  3.6987  4.7441 -0.8646 11.8835 10.1679  8.8252  8.1770  8.0398  7.7647  7.1859  6.9047  6.7920  6.5792  6.2530  6.2386  6.0413
  59  0.497591  3.7022  4.7402 -0.8431 11.6815 10.0083  8.6969  8.0609  7.9585  7.6885  7.1205  6.8436  6.7324  6.5225  6.2010  6.1871  5.9937
  60  0.501782  3.7055  4.7361 -0.8223 11.4945  9.8607  8.5769  7.9523  7.8819  7.6166  7.0584  6.7854  6.6758  6.4684  6.1512  6.1376  5.9478
  61  0.505818  3.7087  4.7323 -0.8022 11.3124  9.7174  8.4602  7.8468  7.8076  7.5470  6.9984  6.7292  6.6209  6.4160  6.1030  6.0899  5.9035
  62  0.509710  3.7117  4.7283 -0.7827 11.1428  9.5841  8.3510  7.7482  7.7374  7.4813  6.9415  6.6757  6.5687  6.3660  6.0569  6.0440  5.8609
  63  0.513464  3.7147  4.7244 -0.7639 10.9774  9.4547  8.2451  7.6527  7.6693  7.4176  6.8864  6.6239  6.5181  6.3177  6.0123  5.9998  5.8197
  64  0.517085  3.7175  4.7205 -0.7456 10.8178  9.3302  8.1438  7.5616  7.6040  7.3567  6.8338  6.5743  6.4696  6.2714  5.9694  5.9572  5.7802
  65  0.520593  3.7203  4.7167 -0.7277 10.6600  9.2078  8.0450  7.4729  7.5405  7.2975  6.7825  6.5261  6.4225  6.2263  5.9278  5.9160  5.7417
  66  0.524011  3.7229  4.7127 -0.7103 10.5061  9.0889  7.9498  7.3875  7.4791  7.2403  6.7330  6.4794  6.3769  6.1826  5.8875  5.8758  5.7044
  67  0.527349  3.7255  4.7088 -0.6932 10.3558  8.9726  7.8570  7.3045  7.4193  7.1844  6.6846  6.4338  6.3324  6.1400  5.8480  5.8366  5.6678
  68  0.530623  3.7281  4.7048 -0.6764 10.2106  8.8601  7.7672  7.2241  7.3610  7.1301  6.6375  6.3893  6.2889  6.0984  5.8094  5.7983  5.6319
  69  0.533848  3.7306  4.7008 -0.6598 10.0690  8.7501  7.6790  7.1453  7.3037  7.0767  6.5911  6.3457  6.2461  6.0573  5.7714  5.7606  5.5967
  70  0.537046  3.7330  4.6965 -0.6433  9.9346  8.6447  7.5938  7.0691  7.2477  7.0243  6.5456  6.3026  6.2039  6.0170  5.7339  5.7233  5.5618
  71  0.540230  3.7354  4.6922 -0.6269  9.8034  8.5414  7.5101  6.9941  7.1923  6.9725  6.5004  6.2599  6.1621  5.9768  5.6966  5.6862  5.5271
  72  0.543404  3.7377  4.6877 -0.6105  9.6772  8.4413  7.4288  6.9213  7.1376  6.9214  6.4558  6.2176  6.1207  5.9371  5.6595  5.6494  5.4926
  73  0.546576  3.7400  4.6831 -0.5942  9.5535  8.3429  7.3490  6.8498  7.0835  6.8707  6.4112  6.1754  6.0794  5.8974  5.6226  5.6127  5.4580
  74  0.549750  3.7423  4.6783 -0.5779  9.4327  8.2463  7.2708  6.7796  7.0298  6.8203  6.3671  6.1335  6.0382  5.8579  5.5857  5.5760  5.4235
  75  0.552923  3.7444  4.6733 -0.5615  9.3148  8.1515  7.1941  6.7108  6.9766  6.7703  6.3231  6.0918  5.9973  5.8187  5.5490  5.5395  5.3891
  76  0.556084  3.7466  4.6682 -0.5453  9.1997  8.0587  7.1187  6.6431  6.9239  6.7206  6.2794  6.0503  5.9567  5.7796  5.5126  5.5033  5.3549
  77  0.559232  3.7488  4.6630 -0.5291  9.0874  7.9679  7.0447  6.5766  6.8717  6.6715  6.2360  6.0093  5.9164  5.7409  5.4765  5.4673  5.3210
  78  0.562349  3.7508  4.6576 -0.5130  8.9774  7.8788  6.9722  6.5113  6.8202  6.6229  6.1931  5.9686  5.8766  5.7027  5.4407  5.4318  5.2874
  79  0.565436  3.7528  4.6521 -0.4970  8.8705  7.7920  6.9014  6.4477  6.7695  6.5750  6.1507  5.9284  5.8372  5.6647  5.4052  5.3965  5.2541
  80  0.568492  3.7548  4.6465 -0.4812  8.7675  7.7081  6.8330  6.3863  6.7200  6.5281  6.1090  5.8887  5.7981  5.6272  5.3699  5.3614  5.2208
  81  0.571505  3.7567  4.6408 -0.4656  8.6671  7.6261  6.7663  6.3262  6.6713  6.4820  6.0678  5.8494  5.7596  5.5899  5.3349  5.3266  5.1877
  82  0.575817  3.7594  4.6324 -0.4431  8.5259  7.5106  6.6728  6.2422  6.6021  6.4164  6.0090  5.7932  5.7043  5.5366  5.2847  5.2766  5.1402
  83  0.580131  3.7621  4.6239 -0.4206  8.3868  7.3965  6.5807  6.1594  6.5330  6.3507  5.9500  5.7369  5.6489  5.4832  5.2342  5.2263  5.0924
  84  0.584429  3.7647  4.6149 -0.3979  8.2510  7.2847  6.4906  6.0784  6.4644  6.2853  5.8911  5.6805  5.5935  5.4296  5.1836  5.1759  5.0443
  85  0.588694  3.7672  4.6057 -0.3753  8.1182  7.1750  6.4019  5.9989  6.3961  6.2201  5.8323  5.6243  5.5382  5.3761  5.1330  5.1257  4.9963
  86  0.592905  3.7699  4.5964 -0.3528  7.9883  7.0673  6.3148  5.9208  6.3284  6.1554  5.7737  5.5682  5.4831  5.3227  5.0826  5.0754  4.9484
  87  0.597057  3.7723  4.5871 -0.3303  7.8613  6.9619  6.2292  5.8442  6.2614  6.0913  5.7156  5.5124  5.4282  5.2697  5.0325  5.0255  4.9006
  88  0.601134  3.7748  4.5776 -0.3079  7.7376  6.8589  6.1455  5.7691  6.1950  6.0276  5.6578  5.4572  5.3738  5.2171  4.9826  4.9758  4.8532
  89  0.605140  3.7772  4.5679 -0.2856  7.6169  6.7580  6.0635  5.6954  6.1292  5.9646  5.6004  5.4022  5.3197  5.1647  4.9331  4.9266  4.8060
  90  0.609065  3.7796  4.5582 -0.2636  7.4992  6.6592  5.9832  5.6231  6.0642  5.9020  5.5434  5.3476  5.2660  5.1128  4.8839  4.8776  4.7592
  91  0.612911  3.7820  4.5485 -0.2416  7.3842  6.5626  5.9049  5.5522  5.9996  5.8400  5.4867  5.2934  5.2127  5.0613  4.8350  4.8289  4.7125
  92  0.616673  3.7844  4.5387 -0.2197  7.2723  6.4682  5.8289  5.4828  5.9357  5.7785  5.4304  5.2395  5.1597  5.0100  4.7864  4.7804  4.6661
  93  0.620350  3.7867  4.5286 -0.1980  7.1632  6.3762  5.7549  5.4149  5.8724  5.7175  5.3743  5.1859  5.1070  4.9589  4.7379  4.7322  4.6198
  94  0.623939  3.7890  4.5186 -0.1763  7.0571  6.2863  5.6822  5.3483  5.8097  5.6571  5.3186  5.1325  5.0546  4.9080  4.6897  4.6841  4.5738
  95  0.627442  3.7911  4.5084 -0.1548  6.9544  6.1991  5.6109  5.2836  5.7479  5.5973  5.2634  5.0796  5.0024  4.8573  4.6415  4.6361  4.5276
  96  0.630857  3.7933  4.4979 -0.1334  6.8547  6.1142  5.5404  5.2204  5.6868  5.5382  5.2087  5.0268  4.9504  4.8069  4.5933  4.5881  4.4814
  97  0.634187  3.7954  4.4872 -0.1122  6.7567  6.0306  5.4702  5.1581  5.6262  5.4795  5.1546  4.9746  4.8988  4.7569  4.5457  4.5406  4.4357
  98  0.637433  3.7974  4.4763 -0.0910  6.6600  5.9479  5.4003  5.0963  5.5658  5.4211  5.1008  4.9227  4.8477  4.7073  4.4985  4.4935  4.3903
  99  0.640596  3.7993  4.4651 -0.0700  6.5650  5.8664  5.3315  5.0350  5.5056  5.3629  5.0473  4.8712  4.7970  4.6582  4.4516  4.4468  4.3452
 100  0.643679  3.8012  4.4538 -0.0489  6.4727  5.7871  5.2644  4.9747  5.4460  5.3051  4.9939  4.8198  4.7463  4.6090  4.4047  4.4001  4.3001
 101  0.646682  3.8030  4.4421 -0.0280  6.3831  5.7097  5.1991  4.9153  5.3867  5.2477  4.9406  4.7684  4.6957  4.5599  4.3578  4.3533  4.2549
 102  0.649606  3.8047  4.4302 -0.0072  6.2965  5.6348  5.1355  4.8573  5.3280  5.1907  4.8875  4.7172  4.6452  4.5106  4.3107  4.3064  4.2094
 103  0.652450  3.8064  4.4181  0.0135  6.2128  5.5619  5.0735  4.8006  5.2700  5.1343  4.8345  4.6660  4.5947  4.4614  4.2635  4.2593  4.1637
 104  0.655216  3.8080  4.4057  0.0340  6.1313  5.4907  5.0128  4.7450  5.2125  5.0782  4.7819  4.6151  4.5443  4.4123  4.2163  4.2122  4.1179
 105  0.657907  3.8096  4.3931  0.0546  6.0520  5.4213  4.9533  4.6905  5.1557  5.0228  4.7296  4.5643  4.4942  4.3633  4.1691  4.1651  4.0721
 106  0.660523  3.8111  4.3803  0.0749  5.9749  5.3535  4.8949  4.6369  5.0994  4.9678  4.6777  4.5139  4.4443  4.3146  4.1221  4.1181  4.0264
 107  0.663069  3.8124  4.3673  0.0952  5.8997  5.2872  4.8377  4.5842  5.0436  4.9134  4.6261  4.4637  4.3946  4.2659  4.0751  4.0712  3.9807
 108  0.665552  3.8137  4.3540  0.1153  5.8264  5.2224  4.7814  4.5324  4.9884  4.8593  4.5748  4.4137  4.3452  4.2175  4.0283  4.0245  3.9350
 109  0.667975  3.8150  4.3406  0.1353  5.7552  5.1592  4.7261  4.4812  4.9337  4.8058  4.5238  4.3640  4.2961  4.1694  3.9816  3.9779  3.8894
 110  0.670345  3.8161  4.3269  0.1552  5.6858  5.0974  4.6718  4.4308  4.8795  4.7527  4.4732  4.3146  4.2472  4.1214  3.9350  3.9314  3.8439
 111  0.672661  3.8172  4.3131  0.1749  5.6185  5.0371  4.6184  4.3812  4.8259  4.7001  4.4228  4.2655  4.1985  4.0736  3.8886  3.8850  3.7983
 112  0.673404  3.8175  4.3085  0.1813  5.5964  5.0173  4.6010  4.3649  4.8082  4.6828  4.4064  4.2494  4.1826  4.0580  3.8735  3.8698  3.7834
 113  0.674145  3.8180  4.3040  0.1879  5.5737  4.9971  4.5832  4.3484  4.7903  4.6652  4.3897  4.2332  4.1664  4.0421  3.8580  3.8546  3.7684
 114  0.674883  3.8184  4.2994  0.1945  5.5509  4.9767  4.5653  4.3318  4.7722  4.6476  4.3729  4.2167  4.1502  4.0262  3.8426  3.8392  3.7533
 115  0.675617  3.8188  4.2950  0.2012  5.5271  4.9557  4.5470  4.3149  4.7538  4.6295  4.3557  4.2000  4.1337  4.0100  3.8270  3.8235  3.7380
 116  0.676350  3.8192  4.2905  0.2079  5.5034  4.9347  4.5286  4.2979  4.7352  4.6114  4.3385  4.1833  4.1171  3.9938  3.8113  3.8079  3.7228
 117  0.677079  3.8197  4.2859  0.2147  5.4794  4.9134  4.5100  4.2807  4.7165  4.5930  4.3210  4.1663  4.1003  3.9773  3.7954  3.7920  3.7072
 118  0.677805  3.8201  4.2813  0.2216  5.4555  4.8922  4.4913  4.2634  4.6975  4.5744  4.3034  4.1491  4.0833  3.9607  3.7794  3.7759  3.6915
 119  0.678527  3.8205  4.2765  0.2286  5.4315  4.8708  4.4726  4.2460  4.6783  4.5556  4.2856  4.1317  4.0661  3.9439  3.7630  3.7596  3.6755
 120  0.679246  3.8209  4.2715  0.2357  5.4079  4.8498  4.4539  4.2285  4.6592  4.5369  4.2675  4.1142  4.0487  3.9267  3.7464  3.7431  3.6593
 121  0.679961  3.8213  4.2662  0.2428  5.3848  4.8289  4.4352  4.2110  4.6398  4.5179  4.2493  4.0963  4.0310  3.9094  3.7296  3.7262  3.6427
 122  0.680670  3.8216  4.2607  0.2500  5.3619  4.8081  4.4164  4.1933  4.6205  4.4987  4.2309  4.0783  4.0131  3.8918  3.7123  3.7089  3.6257
 123  0.681375  3.8219  4.2549  0.2573  5.3394  4.7875  4.3975  4.1755  4.6009  4.4795  4.2123  4.0600  3.9949  3.8738  3.6947  3.6914  3.6083
 124  0.682074  3.8221  4.2490  0.2648  5.3171  4.7669  4.3787  4.1576  4.5812  4.4601  4.1935  4.0414  3.9765  3.8556  3.6769  3.6736  3.5907
 125  0.682768  3.8223  4.2429  0.2723  5.2947  4.7463  4.3597  4.1394  4.5613  4.4404  4.1744  4.0227  3.9579  3.8372  3.6588  3.6555  3.5728
 126  0.683459  3.8226  4.2366  0.2798  5.2725  4.7257  4.3406  4.1212  4.5413  4.4207  4.1552  4.0037  3.9391  3.8185  3.6405  3.6372  3.5547
 127  0.684145  3.8228  4.2303  0.2875  5.2503  4.7051  4.3215  4.1029  4.5211  4.4008  4.1358  3.9846  3.9200  3.7997  3.6219  3.6187  3.5363
 128  0.684826  3.8230  4.2238  0.2951  5.2282  4.6845  4.3023  4.0845  4.5009  4.3807  4.1163  3.9653  3.9008  3.7808  3.6033  3.6000  3.5178
 129  0.685503  3.8232  4.2171  0.3029  5.2062  4.6640  4.2830  4.0659  4.4806  4.3605  4.0966  3.9459  3.8815  3.7615  3.5843  3.5810  3.4989
 130  0.686176  3.8233  4.2103  0.3107  5.1843  4.6435  4.2637  4.0472  4.4601  4.3402  4.0768  3.9262  3.8619  3.7421  3.5652  3.5619  3.4799
 131  0.686841  3.8235  4.2034  0.3187  5.1626  4.6230  4.2442  4.0285  4.4394  4.3197  4.0567  3.9064  3.8421  3.7225  3.5457  3.5424  3.4605
 132  0.687500  3.8236  4.1961  0.3266  5.1414  4.6027  4.2249  4.0096  4.4187  4.2992  4.0364  3.8863  3.8221  3.7025  3.5260  3.5227  3.4407
 133  0.688153  3.8236  4.1886  0.3347  5.1206  4.5828  4.2056  3.9906  4.3979  4.2786  4.0160  3.8659  3.8018  3.6824  3.5058  3.5026  3.4208
 134  0.688798  3.8236  4.1808  0.3428  5.1002  4.5629  4.1861  3.9715  4.3769  4.2577  3.9954  3.8454  3.7812  3.6619  3.4854  3.4822  3.4003
 135  0.689437  3.8235  4.1728  0.3511  5.0801  4.5432  4.1667  3.9523  4.3560  4.2368  3.9746  3.8246  3.7606  3.6412  3.4648  3.4615  3.3795
 136  0.690067  3.8235  4.1646  0.3594  5.0603  4.5237  4.1472  3.9330  4.3349  4.2158  3.9535  3.8036  3.7395  3.6201  3.4437  3.4405  3.3584
 137  0.690691  3.8234  4.1562  0.3678  5.0409  4.5044  4.1277  3.9135  4.3138  4.1945  3.9324  3.7825  3.7184  3.5989  3.4225  3.4191  3.3370
 138  0.691305  3.8232  4.1474  0.3763  5.0219  4.4852  4.1083  3.8940  4.2925  4.1733  3.9110  3.7610  3.6968  3.5774  3.4008  3.3975  3.3152
 139  0.691910  3.8230  4.1384  0.3849  5.0034  4.4663  4.0888  3.8743  4.2713  4.1519  3.8894  3.7393  3.6752  3.5556  3.3789  3.3756  3.2930
 140  0.692506  3.8227  4.1291  0.3936  4.9855  4.4478  4.0694  3.8545  4.2499  4.1305  3.8677  3.7175  3.6532  3.5335  3.3566  3.3532  3.2705
 141  0.693094  3.8224  4.1196  0.4023  4.9679  4.4293  4.0499  3.8346  4.2285  4.1089  3.8458  3.6953  3.6310  3.5112  3.3340  3.3306  3.2476
 142  0.693670  3.8221  4.1097  0.4112  4.9511  4.4113  4.0306  3.8147  4.2070  4.0873  3.8237  3.6730  3.6086  3.4885  3.3110  3.3077  3.2242
 143  0.694236  3.8216  4.0995  0.4200  4.9350  4.3937  4.0113  3.7946  4.1857  4.0656  3.8016  3.6505  3.5859  3.4656  3.2877  3.2843  3.2005
 144  0.694790  3.8212  4.0889  0.4290  4.9197  4.3766  3.9923  3.7746  4.1642  4.0439  3.7791  3.6278  3.5630  3.4424  3.2640  3.2605  3.1763
 145  0.695334  3.8206  4.0780  0.4381  4.9053  4.3598  3.9733  3.7545  4.1429  4.0222  3.7567  3.6048  3.5399  3.4189  3.2399  3.2364  3.1518
 146  0.695864  3.8200  4.0667  0.4472  4.8919  4.3439  3.9545  3.7344  4.1215  4.0005  3.7340  3.5815  3.5165  3.3951  3.2155  3.2119  3.1268
 147  0.696383  3.8193  4.0549  0.4565  4.8794  4.3284  3.9359  3.7143  4.1004  3.9788  3.7112  3.5582  3.4929  3.3710  3.1907  3.1870  3.1013
 148  0.696888  3.8185  4.0429  0.4657  4.8680  4.3135  3.9175  3.6941  4.0792  3.9572  3.6883  3.5346  3.4691  3.3467  3.1654  3.1618  3.0753
 149  0.697381  3.8176  4.0303  0.4750  4.8581  4.2995  3.8994  3.6740  4.0583  3.9356  3.6654  3.5109  3.4451  3.3220  3.1398  3.1361  3.0489
 150  0.697860  3.8166  4.0173  0.4845  4.8497  4.2864  3.8817  3.6541  4.0376  3.9141  3.6422  3.4869  3.4208  3.2971  3.1138  3.1100  3.0220
 151  0.698325  3.8156  4.0039  0.4939  4.8440  4.2750  3.8647  3.6343  4.0171  3.8929  3.6191  3.4627  3.3961  3.2716  3.0872  3.0833  2.9944
 152  0.698775  3.8144  3.9898  0.5034  4.8406  4.2649  3.8483  3.6145  3.9970  3.8719  3.5958  3.4383  3.3713  3.2459  3.0601  3.0561  2.9662
 153  0.699211  3.8130  3.9753  0.5130  4.8399  4.2565  3.8326  3.5951  3.9774  3.8511  3.5724  3.4136  3.3461  3.2197  3.0325  3.0284  2.9374
 154  0.699633  3.8116  3.9602  0.5226  4.8420  4.2498  3.8177  3.5760  3.9581  3.8306  3.5491  3.3888  3.3206  3.1933  3.0043  3.0001  2.9079
 155  0.700040  3.8101  3.9446  0.5322  4.8458  4.2443  3.8035  3.5572  3.9392  3.8103  3.5258  3.3639  3.2952  3.1665  2.9758  2.9715  2.8780
 156  0.700433  3.8083  3.9283  0.5419  4.8505  4.2396  3.7897  3.5389  3.9206  3.7903  3.5027  3.3391  3.2697  3.1398  2.9471  2.9427  2.8479
 157  0.700812  3.8065  3.9115  0.5516  4.8568  4.2359  3.7767  3.5212  3.9024  3.7706  3.4798  3.3144  3.2444  3.1132  2.9184  2.9139  2.8174
 158  0.701174  3.8043  3.8932  0.5611  4.8686  4.2365  3.7660  3.5052  3.8855  3.7520  3.4573  3.2901  3.2192  3.0866  2.8893  2.8846  2.7863
 159  0.701520  3.8016  3.8734  0.5706  4.8896  4.2437  3.7590  3.4914  3.8704  3.7350  3.4356  3.2659  3.1942  3.0598  2.8596  2.8547  2.7542
 160  0.701853  3.7987  3.8523  0.5801  4.9189  4.2565  3.7550  3.4797  3.8570  3.7192  3.4143  3.2421  3.1694  3.0328  2.8294  2.8243  2.7212
 161  0.702171  3.7954  3.8302  0.5895  4.9564  4.2748  3.7539  3.4701  3.8451  3.7046  3.3937  3.2184  3.1446  3.0058  2.7987  2.7934  2.6876
 162  0.702453  3.7922  3.8087  0.5980  4.9996  4.2976  3.7567  3.4638  3.8360  3.6926  3.3752  3.1968  3.1219  2.9807  2.7700  2.7644  2.6558
 163  0.702732  3.7893  3.7882  0.6068  5.0383  4.3169  3.7578  3.4563  3.8254  3.6794  3.3559  3.1748  3.0988  2.9555  2.7414  2.7356  2.6244
 164  0.703010  3.7865  3.7686  0.6157  5.0713  4.3324  3.7566  3.4474  3.8134  3.6648  3.3360  3.1523  3.0754  2.9301  2.7130  2.7070  2.5935
 165  0.703285  3.7839  3.7491  0.6249  5.1044  4.3479  3.7550  3.4382  3.8009  3.6498  3.3157  3.1294  3.0515  2.9044  2.6842  2.6780  2.5623
 166  0.703557  3.7809  3.7282  0.6341  5.1476  4.3701  3.7571  3.4313  3.7900  3.6359  3.2953  3.1061  3.0272  2.8778  2.6542  2.6477  2.5294
 167  0.703823  3.7771  3.7040  0.6433  5.2122  4.4065  3.7672  3.4294  3.7831  3.6250  3.2760  3.0828  3.0024  2.8502  2.6219  2.6151  2.4934
 168  0.704086  3.7732  3.6789  0.6528  5.2773  4.4436  3.7782  3.4289  3.7758  3.6139  3.2566  3.0596  2.9778  2.8227  2.5899  2.5828  2.4575
 169  0.704347  3.7695  3.6544  0.6625  5.3411  4.4797  3.7891  3.4291  3.7678  3.6020  3.2365  3.0357  2.9525  2.7946  2.5575  2.5501  2.4213
 170  0.704604  3.7664  3.6321  0.6727  5.3929  4.5075  3.7953  3.4259  3.7564  3.5872  3.2145  3.0106  2.9263  2.7661  2.5253  2.5176  2.3860
 171  0.704856  3.7639  3.6116  0.6834  5.4321  4.5263  3.7958  3.4187  3.7413  3.5692  3.1908  2.9843  2.8991  2.7371  2.4932  2.4853  2.3515
 172  0.705097  3.7617  3.5917  0.6946  5.4641  4.5399  3.7926  3.4088  3.7237  3.5490  3.1655  2.9569  2.8710  2.7073  2.4609  2.4528  2.3168
 173  0.705330  3.7596  3.5719  0.7063  5.4922  4.5503  3.7872  3.3970  3.7042  3.5272  3.1390  2.9284  2.8417  2.6766  2.4278  2.4195  2.2816
 174  0.705552  3.7576  3.5521  0.7184  5.5162  4.5575  3.7796  3.3834  3.6832  3.5038  3.1113  2.8988  2.8115  2.6449  2.3938  2.3854  2.2457
 175  0.705764  3.7559  3.5324  0.7309  5.5356  4.5612  3.7695  3.3679  3.6604  3.4789  3.0823  2.8681  2.7802  2.6125  2.3593  2.3506  2.2093
 176  0.705966  3.7542  3.5132  0.7438  5.5497  4.5611  3.7570  3.3505  3.6361  3.4527  3.0524  2.8367  2.7482  2.5794  2.3243  2.3155  2.1726
 177  0.706160  3.7527  3.4943  0.7569  5.5595  4.5578  3.7425  3.3315  3.6105  3.4253  3.0217  2.8045  2.7155  2.5456  2.2889  2.2800  2.1356
 178  0.706347  3.7514  3.4755  0.7703  5.5661  4.5521  3.7263  3.3112  3.5838  3.3969  2.9901  2.7717  2.6822  2.5114  2.2531  2.2440  2.0983
 179  0.706527  3.7502  3.4572  0.7839  5.5678  4.5427  3.7078  3.2891  3.5558  3.3674  2.9579  2.7383  2.6485  2.4767  2.2170  2.2079  2.0611
 180  0.706702  3.7490  3.4390  0.7977  5.5680  4.5323  3.6885  3.2664  3.5274  3.3376  2.9254  2.7047  2.6145  2.4420  2.1810  2.1717  2.0238
 181  0.706871  3.7480  3.4211  0.8114  5.5649  4.5195  3.6676  3.2425  3.4980  3.3070  2.8924  2.6707  2.5802  2.4069  2.1447  2.1353  1.9863
 182  0.707035  3.7470  3.4039  0.8252  5.5595  4.5052  3.6460  3.2182  3.4686  3.2764  2.8596  2.6369  2.5462  2.3723  2.1089  2.0994  1.9497
 183  0.707199  3.7462  3.3865  0.8391  5.5521  4.4891  3.6231  3.1928  3.4384  3.2450  2.8262  2.6027  2.5116  2.3370  2.0727  2.0631  1.9124
 184  0.707362  3.7454  3.3692  0.8532  5.5422  4.4713  3.5989  3.1663  3.4072  3.2128  2.7920  2.5676  2.4763  2.3011  2.0358  2.0261  1.8747
 185  0.707523  3.7446  3.3518  0.8675  5.5320  4.4531  3.5745  3.1396  3.3757  3.1802  2.7575  2.5322  2.4407  2.2649  1.9986  1.9889  1.8366
 186  0.707683  3.7438  3.3344  0.8821  5.5199  4.4335  3.5491  3.1119  3.3434  3.1469  2.7222  2.4963  2.4044  2.2281  1.9608  1.9511  1.7980
 187  0.707843  3.7432  3.3170  0.8968  5.5055  4.4122  3.5223  3.0832  3.3103  3.1129  2.6865  2.4598  2.3677  2.1908  1.9227  1.9129  1.7592
 188  0.708003  3.7425  3.2996  0.9117  5.4908  4.3905  3.4952  3.0542  3.2768  3.0785  2.6505  2.4231  2.3307  2.1533  1.8843  1.8745  1.7201
 189  0.708161  3.7418  3.2820  0.9269  5.4747  4.3676  3.4672  3.0243  3.2425  3.0434  2.6138  2.3856  2.2930  2.1152  1.8454  1.8354  1.6804
 190  0.708318  3.7412  3.2643  0.9423  5.4575  4.3438  3.4383  2.9936  3.2075  3.0076  2.5764  2.3476  2.2548  2.0765  1.8060  1.7959  1.6402
 191  0.708474  3.7406  3.2463  0.9579  5.4400  4.3196  3.4090  2.9626  3.1721  2.9713  2.5385  2.3092  2.2161  2.0373  1.7661  1.7560  1.5996
 192  0.708630  3.7400  3.2282  0.9736  5.4216  4.2945  3.3790  2.9308  3.1360  2.9345  2.5003  2.2702  2.1770  1.9977  1.7257  1.7155  1.5586
 193  0.708785  3.7394  3.2101  0.9895  5.4018  4.2685  3.3481  2.8983  3.0994  2.8970  2.4614  2.2308  2.1374  1.9577  1.6850  1.6747  1.5172
 194  0.708938  3.7389  3.1917  1.0057  5.3815  4.2417  3.3166  2.8651  3.0619  2.8588  2.4218  2.1907  2.0971  1.9169  1.6435  1.6332  1.4752
 195  0.709089  3.7383  3.1729  1.0224  5.3607  4.2142  3.2842  2.8310  3.0236  2.8196  2.3813  2.1496  2.0557  1.8752  1.6011  1.5907  1.4321
 196  0.709238  3.7377  3.1538  1.0395  5.3385  4.1856  3.2506  2.7959  2.9840  2.7793  2.3397  2.1074  2.0135  1.8325  1.5577  1.5473  1.3880
 197  0.709385  3.7372  3.1342  1.0568  5.3154  4.1558  3.2160  2.7596  2.9434  2.7379  2.2970  2.0642  1.9701  1.7887  1.5133  1.5028  1.3429
 198  0.709529  3.7366  3.1140  1.0748  5.2929  4.1262  3.1810  2.7229  2.9020  2.6958  2.2534  2.0200  1.9257  1.7440  1.4678  1.4573  1.2968
 199  0.709671  3.7360  3.0937  1.0929  5.2686  4.0950  3.1449  2.6851  2.8598  2.6527  2.2091  1.9752  1.8807  1.6986  1.4218  1.4111  1.2501
 200  0.709810  3.7355  3.0727  1.1116  5.2437  4.0630  3.1075  2.6461  2.8161  2.6083  2.1633  1.9288  1.8342  1.6516  1.3741  1.3634  1.2018
 201  0.709944  3.7348  3.0511  1.1309  5.2189  4.0304  3.0692  2.6060  2.7711  2.5626  2.1161  1.8811  1.7862  1.6032  1.3250  1.3142  1.1520
 202  0.710075  3.7342  3.0290  1.1508  5.1935  3.9970  3.0300  2.5649  2.7250  2.5156  2.0677  1.8321  1.7371  1.5537  1.2748  1.2640  1.1010
 203  0.710202  3.7336  3.0063  1.1710  5.1679  3.9631  2.9899  2.5229  2.6779  2.4676  2.0183  1.7820  1.6869  1.5031  1.2233  1.2125  1.0490
 204  0.710326  3.7330  2.9830  1.1916  5.1436  3.9296  2.9497  2.4807  2.6301  2.4188  1.9680  1.7312  1.6358  1.4515  1.1710  1.1600  0.9958
 205  0.710446  3.7322  2.9593  1.2127  5.1202  3.8963  2.9093  2.4380  2.5815  2.3694  1.9168  1.6793  1.5837  1.3990  1.1176  1.1066  0.9417
 206  0.710563  3.7316  2.9351  1.2340  5.0966  3.8626  2.8682  2.3946  2.5323  2.3190  1.8648  1.6267  1.5308  1.3456  1.0633  1.0523  0.8865
 207  0.710676  3.7308  2.9104  1.2557  5.0736  3.8289  2.8267  2.3509  2.4823  2.2681  1.8120  1.5732  1.4771  1.2912  1.0082  0.9970  0.8304
 208  0.710787  3.7300  2.8854  1.2778  5.0506  3.7948  2.7847  2.3064  2.4316  2.2162  1.7584  1.5188  1.4225  1.2362  0.9522  0.9409  0.7736
 209  0.710894  3.7292  2.8599  1.3002  5.0286  3.7611  2.7426  2.2618  2.3803  2.1638  1.7041  1.4637  1.3671  1.1803  0.8953  0.8840  0.7159
 210  0.710998  3.7284  2.8342  1.3228  5.0067  3.7272  2.7002  2.2167  2.3286  2.1108  1.6490  1.4079  1.3110  1.1236  0.8377  0.8263  0.6573
 211  0.711097  3.7277  2.8080  1.3457  4.9862  3.6939  2.6577  2.1714  2.2763  2.0573  1.5934  1.3514  1.2543  1.0663  0.7793  0.7678  0.5979
 212  0.711194  3.7268  2.7815  1.3690  4.9661  3.6604  2.6150  2.1259  2.2236  2.0033  1.5371  1.2943  1.1969  1.0082  0.7202  0.7086  0.5379
 213  0.711287  3.7259  2.7547  1.3925  4.9468  3.6273  2.5721  2.0800  2.1704  1.9487  1.4802  1.2365  1.1388  0.9495  0.6604  0.6487  0.4771
 214  0.711377  3.7251  2.7275  1.4162  4.9278  3.5943  2.5291  2.0339  2.1168  1.8936  1.4228  1.1781  1.0802  0.8903  0.6001  0.5883  0.4156
 215  0.711464  3.7242  2.7002  1.4402  4.9095  3.5613  2.4859  1.9876  2.0628  1.8383  1.3648  1.1192  1.0210  0.8303  0.5390  0.5272  0.3536
 216  0.711548  3.7233  2.6724  1.4643  4.8902  3.5279  2.4425  1.9410  2.0086  1.7825  1.3065  1.0598  0.9613  0.7700  0.4775  0.4655  0.2910
 217  0.711561  3.7231  2.6676  1.4686  4.8868  3.5220  2.4347  1.9327  1.9989  1.7726  1.2961  1.0493  0.9507  0.7593  0.4666  0.4545  0.2799
 218  0.711576  3.7229  2.6626  1.4729  4.8838  3.5163  2.4272  1.9245  1.9893  1.7626  1.2857  1.0387  0.9400  0.7484  0.4555  0.4435  0.2686
 219  0.711590  3.7228  2.6575  1.4773  4.8803  3.5104  2.4194  1.9161  1.9795  1.7526  1.2752  1.0281  0.9293  0.7376  0.4445  0.4325  0.2574
 220  0.711605  3.7226  2.6526  1.4816  4.8769  3.5044  2.4116  1.9078  1.9698  1.7426  1.2647  1.0173  0.9186  0.7268  0.4335  0.4214  0.2462
 221  0.711619  3.7225  2.6476  1.4860  4.8737  3.4985  2.4038  1.8995  1.9600  1.7326  1.2542  1.0066  0.9078  0.7158  0.4223  0.4103  0.2349
 222  0.711633  3.7223  2.6426  1.4904  4.8705  3.4926  2.3960  1.8911  1.9501  1.7224  1.2436  0.9958  0.8970  0.7049  0.4111  0.3990  0.2235
 223  0.711647  3.7222  2.6375  1.4948  4.8675  3.4868  2.3882  1.8827  1.9404  1.7123  1.2330  0.9851  0.8861  0.6938  0.3999  0.3878  0.2120
 224  0.711660  3.7220  2.6324  1.4992  4.8644  3.4810  2.3804  1.8743  1.9304  1.7022  1.2223  0.9742  0.8752  0.6829  0.3887  0.3765  0.2006
 225  0.711674  3.7218  2.6273  1.5037  4.8612  3.4750  2.3726  1.8658  1.9205  1.6919  1.2116  0.9633  0.8642  0.6718  0.3773  0.3652  0.1890
 226  0.711688  3.7216  2.6222  1.5081  4.8579  3.4690  2.3646  1.8572  1.9106  1.6817  1.2008  0.9523  0.8532  0.6606  0.3660  0.3538  0.1775
 227  0.711814  3.7200  2.5736  1.5503  4.8282  3.4129  2.2900  1.7768  1.8161  1.5846  1.0990  0.8487  0.7490  0.5551  0.2583  0.2460  0.0680
 228  0.711934  3.7184  2.5227  1.5945  4.8009  3.3566  2.2135  1.6941  1.7183  1.4837  0.9930  0.7407  0.6404  0.4452  0.1461  0.1335 -0.0464
 229  0.712042  3.7166  2.4728  1.6376  4.7803  3.3053  2.1412  1.6153  1.6238  1.3861  0.8900  0.6357  0.5348  0.3381  0.0366  0.0238 -0.1580
 230  0.712141  3.7147  2.4226  1.6804  4.7665  3.2583  2.0715  1.5387  1.5308  1.2897  0.7879  0.5313  0.4297  0.2315 -0.0725 -0.0854 -0.2693
 231  0.712230  3.7129  2.3735  1.7222  4.7573  3.2152  2.0050  1.4652  1.4406  1.1960  0.6884  0.4297  0.3274  0.1277 -0.1789 -0.1920 -0.3780
 232  0.712317  3.7109  2.3213  1.7665  4.7540  3.1738  1.9370  1.3895  1.3460  1.0976  0.5835  0.3223  0.2193  0.0179 -0.2915 -0.3048 -0.4931
 233  0.712391  3.7090  2.2714  1.8086  4.7573  3.1394  1.8747  1.3196  1.2570  1.0048  0.4841  0.2206  0.1167 -0.0863 -0.3985 -0.4121 -0.6026
 234  0.712461  3.7069  2.2184  1.8533  4.7657  3.1090  1.8117  1.2482  1.1640  0.9074  0.3795  0.1132  0.0085 -0.1964 -0.5117 -0.5256 -0.7185
 235  0.712527  3.7048  2.1670  1.8966  4.7762  3.0795  1.7509  1.1791  1.0738  0.8129  0.2778  0.0090 -0.0965 -0.3033 -0.6215 -0.6356 -0.8311
 236  0.712584  3.7029  2.1201  1.9360  4.7884  3.0522  1.6958  1.1165  0.9920  0.7270  0.1854 -0.0859 -0.1922 -0.4005 -0.7217 -0.7360 -0.9336
 237  0.712637  3.7011  2.0744  1.9745  4.8026  3.0272  1.6431  1.0563  0.9124  0.6435  0.0953 -0.1784 -0.2855 -0.4955 -0.8192 -0.8338 -1.0336
 238  0.712687  3.6993  2.0295  2.0121  4.8202  3.0054  1.5930  0.9986  0.8351  0.5621  0.0074 -0.2687 -0.3765 -0.5881 -0.9147 -0.9294 -1.1314
 239  0.712732  3.6978  1.9908  2.0448  4.8365  2.9866  1.5498  0.9488  0.7682  0.4917 -0.0688 -0.3470 -0.4554 -0.6684 -0.9973 -1.0122 -1.2160
 240  0.712775  3.6970  1.9653  2.0667  4.8407  2.9662  1.5163  0.9114  0.7209  0.4424 -0.1214 -0.4007 -0.5095 -0.7232 -1.0534 -1.0684 -1.2732
 241  0.712818  3.6956  1.9314  2.0955  4.8559  2.9488  1.4778  0.8671  0.6617  0.3801 -0.1888 -0.4700 -0.5793 -0.7943 -1.1264 -1.1416 -1.3479
 242  0.712857  3.6935  1.8835  2.1349  4.8901  2.9402  1.4334  0.8142  0.5846  0.2979 -0.2791 -0.5633 -0.6735 -0.8905 -1.2260 -1.2415 -1.4505
 243  0.712894  3.6913  1.8347  2.1749  4.9267  2.9360  1.3907  0.7628  0.5078  0.2156 -0.3699 -0.6573 -0.7686 -0.9877 -1.3267 -1.3425 -1.5544
 244  0.712927  3.6892  1.7892  2.2122  4.9599  2.9345  1.3523  0.7164  0.4370  0.1397 -0.4542 -0.7446 -0.8568 -1.0779 -1.4204 -1.4364 -1.6509
 245  0.712959  3.6873  1.7480  2.2459  4.9880  2.9356  1.3190  0.6758  0.3736  0.0715 -0.5299 -0.8233 -0.9363 -1.1594 -1.5048 -1.5211 -1.7382
 246  0.712988  3.6861  1.7188  2.2699  5.0017  2.9350  1.2949  0.6467  0.3285  0.0229 -0.5839 -0.8793 -0.9929 -1.2172 -1.5651 -1.5815 -1.8003
 247  0.713016  3.6845  1.6842  2.2982  5.0197  2.9376  1.2682  0.6140  0.2760 -0.0338 -0.6472 -0.9451 -1.0595 -1.2855 -1.6360 -1.6526 -1.8735
 248  0.713044  3.6824  1.6371  2.3369  5.0464  2.9439  1.2325  0.5697  0.2046 -0.1111 -0.7338 -1.0354 -1.1509 -1.3791 -1.7333 -1.7503 -1.9740
 249  0.713068  3.6802  1.5887  2.3765  5.0755  2.9547  1.1989  0.5271  0.1329 -0.1892 -0.8222 -1.1274 -1.2441 -1.4748 -1.8329 -1.8501 -2.0768
 250  0.713090  3.6780  1.5411  2.4151  5.1051  2.9709  1.1693  0.4884  0.0642 -0.2644 -0.9078 -1.2168 -1.3347 -1.5679 -1.9300 -1.9476 -2.1772
 251  0.713111  3.6757  1.4932  2.4539  5.1350  2.9903  1.1414  0.4513 -0.0038 -0.3392 -0.9932 -1.3063 -1.4254 -1.6611 -2.0272 -2.0450 -2.2776
 252  0.713129  3.6735  1.4467  2.4916  5.1635  3.0126  1.1162  0.4172 -0.0692 -0.4113 -1.0758 -1.3928 -1.5131 -1.7513 -2.1214 -2.1395 -2.3752
 253  0.713146  3.6713  1.4018  2.5276  5.1937  3.0403  1.0960  0.3884 -0.1296 -0.4786 -1.1538 -1.4748 -1.5962 -1.8370 -2.2111 -2.2296 -2.4683
 254  0.713162  3.6690  1.3580  2.5627  5.2238  3.0716  1.0787  0.3629 -0.1872 -0.5433 -1.2291 -1.5541 -1.6767 -1.9200 -2.2983 -2.3171 -2.5588
 255  0.713178  3.6668  1.3146  2.5974  5.2529  3.1055  1.0636  0.3398 -0.2430 -0.6061 -1.3029 -1.6319 -1.7558 -2.0016 -2.3841 -2.4032 -2.6480
 256  0.713191  3.6647  1.2721  2.6312  5.2810  3.1411  1.0505  0.3192 -0.2967 -0.6669 -1.3743 -1.7075 -1.8326 -2.0811 -2.4677 -2.4871 -2.7350
 257  0.713203  3.6626  1.2305  2.6643  5.3086  3.1791  1.0397  0.3012 -0.3480 -0.7253 -1.4436 -1.7810 -1.9071 -2.1584 -2.5492 -2.5688 -2.8199
 258  0.713215  3.6604  1.1897  2.6967  5.3359  3.2190  1.0312  0.2859 -0.3970 -0.7816 -1.5108 -1.8523 -1.9797 -2.2335 -2.6285 -2.6486 -2.9029
 259  0.713226  3.6584  1.1496  2.7285  5.3628  3.2606  1.0244  0.2726 -0.4442 -0.8361 -1.5763 -1.9220 -2.0505 -2.3071 -2.7063 -2.7266 -2.9841
 260  0.713236  3.6563  1.1102  2.7597  5.3891  3.3041  1.0196  0.2614 -0.4894 -0.8888 -1.6401 -1.9901 -2.1199 -2.3791 -2.7825 -2.8032 -3.0639
 261  0.713245  3.6542  1.0712  2.7904  5.4149  3.3503  1.0177  0.2534 -0.5319 -0.9390 -1.7018 -2.0563 -2.1873 -2.4494 -2.8570 -2.8781 -3.1419
 262  0.713254  3.6521  1.0328  2.8204  5.4392  3.3980  1.0175  0.2477 -0.5721 -0.9872 -1.7617 -2.1208 -2.2531 -2.5180 -2.9300 -2.9513 -3.2185
 263  0.713262  3.6501  0.9953  2.8498  5.4606  3.4465  1.0191  0.2440 -0.6101 -1.0334 -1.8197 -2.1834 -2.3170 -2.5848 -3.0010 -3.0227 -3.2931
 264  0.713270  3.6481  0.9582  2.8787  5.4799  3.4962  1.0220  0.2419 -0.6466 -1.0780 -1.8764 -2.2448 -2.3796 -2.6503 -3.0709 -3.0930 -3.3666
 265  0.713277  3.6461  0.9220  2.9069  5.4969  3.5468  1.0266  0.2420 -0.6806 -1.1202 -1.9308 -2.3040 -2.4402 -2.7138 -3.1387 -3.1612 -3.4379
 266  0.713284  3.6440  0.8861  2.9345  5.5129  3.6003  1.0337  0.2446 -0.7122 -1.1603 -1.9836 -2.3617 -2.4992 -2.7758 -3.2051 -3.2279 -3.5080
 267  0.713290  3.6420  0.8509  2.9617  5.5260  3.6548  1.0423  0.2492 -0.7418 -1.1987 -2.0346 -2.4178 -2.5567 -2.8364 -3.2700 -3.2932 -3.5766
 268  0.713296  3.6400  0.8161  2.9884  5.5351  3.7096  1.0517  0.2549 -0.7700 -1.2356 -2.0845 -2.4728 -2.6129 -2.8958 -3.3338 -3.3574 -3.6441
 269  0.713301  3.6380  0.7822  3.0145  5.5405  3.7636  1.0617  0.2617 -0.7965 -1.2708 -2.1326 -2.5260 -2.6675 -2.9534 -3.3957 -3.4196 -3.7097
 270  0.713307  3.6361  0.7486  3.0403  5.5424  3.8171  1.0722  0.2692 -0.8221 -1.3052 -2.1800 -2.5785 -2.7214 -3.0104 -3.4569 -3.4812 -3.7745
 271  0.713312  3.6342  0.7160  3.0654  5.5407  3.8688  1.0824  0.2770 -0.8462 -1.3379 -2.2256 -2.6293 -2.7735 -3.0655 -3.5162 -3.5408 -3.8374
 272  0.713316  3.6323  0.6838  3.0902  5.5364  3.9203  1.0933  0.2856 -0.8689 -1.3695 -2.2701 -2.6790 -2.8245 -3.1197 -3.5745 -3.5995 -3.8994
 273  0.713320  3.6305  0.6523  3.1144  5.5291  3.9702  1.1036  0.2941 -0.8906 -1.3999 -2.3134 -2.7274 -2.8743 -3.1725 -3.6314 -3.6568 -3.9597
 274  0.713324  3.6288  0.6217  3.1380  5.5189  4.0172  1.1128  0.3015 -0.9117 -1.4298 -2.3557 -2.7749 -2.9230 -3.2243 -3.6869 -3.7126 -4.0186
 275  0.713329  3.6270  0.5914  3.1613  5.5073  4.0642  1.1226  0.3100 -0.9311 -1.4579 -2.3966 -2.8210 -2.9704 -3.2748 -3.7412 -3.7672 -4.0764
 276  0.713333  3.6253  0.5618  3.1841  5.4940  4.1114  1.1326  0.3188 -0.9484 -1.4840 -2.4359 -2.8656 -3.0163 -3.3238 -3.7942 -3.8206 -4.1328
 277  0.713337  3.6236  0.5332  3.2061  5.4794  4.1568  1.1423  0.3276 -0.9643 -1.5087 -2.4734 -2.9085 -3.0605 -3.3710 -3.8451 -3.8720 -4.1872
 278  0.713340  3.6221  0.5056  3.2274  5.4633  4.1992  1.1507  0.3352 -0.9798 -1.5326 -2.5100 -2.9501 -3.1035 -3.4168 -3.8946 -3.9218 -4.2400
 279  0.713343  3.6207  0.4804  3.2470  5.4468  4.2366  1.1576  0.3416 -0.9940 -1.5545 -2.5434 -2.9883 -3.1427 -3.4588 -3.9399 -3.9673 -4.2882
