#NUMBER OF AGES= 1
#----------------------------------------------------       
#MIX-LEN  Y      Z          Zeff        [Fe/H] [a/Fe]
# 1.9380  0.3300 5.0381E-04 2.5644E-04  -1.76   0.40 
#----------------------------------------------------       
#**PHOTOMETRIC SYSTEM**: HST WFPC2 (Vega)                   
#----------------------------------------------------       
#AGE=13.000 EEPS=265
#EEP   M/Mo    LogTeff  LogG   LogL/Lo F218W   F255W   F300W   F336W   F439W   F450W   F555W   F606W   F622W   F675W   F791W   F814W   F850LP
  15  0.114831  3.5459  5.2642 -2.6292 20.4795 19.9820 16.5281 15.6728 14.5305 13.9493 12.5941 12.0517 11.8599 11.4796 10.7032 10.6655 10.2673
  16  0.126116  3.5540  5.2272 -2.5187 20.1247 19.3951 16.0832 15.2208 14.0825 13.5408 12.2361 11.6979 11.5067 11.1348 10.4224 10.3863 10.0012
  17  0.136697  3.5606  5.1955 -2.4258 19.8186 18.9123 15.7161 14.8514 13.7223 13.2085 11.9442 11.4106 11.2204 10.8543 10.1868 10.1519  9.7765
  18  0.146769  3.5657  5.1685 -2.3474 19.5563 18.5185 15.4152 14.5506 13.4321 12.9376 11.7047 11.1759 10.9869 10.6251  9.9882  9.9542  9.5861
  19  0.157313  3.5701  5.1441 -2.2752 19.3154 18.1696 15.1457 14.2820 13.1745 12.6945 11.4884 10.9645 10.7768 10.4187  9.8052  9.7720  9.4099
  20  0.169279  3.5743  5.1199 -2.2024 19.0683 17.8213 14.8778 14.0165 12.9212 12.4538 11.2735 10.7550 10.5689 10.2145  9.6211  9.5886  9.2322
  21  0.182758  3.5783  5.0962 -2.1291 18.8186 17.4714 14.6115 13.7536 12.6714 12.2154 11.0601 10.5476 10.3631 10.0123  9.4364  9.4045  9.0534
  22  0.197385  3.5822  5.0740 -2.0580 18.5650 17.1244 14.3528 13.4995 12.4318 11.9858 10.8543 10.3481 10.1654  9.8183  9.2574  9.2261  8.8799
  23  0.214485  3.5861  5.0516 -1.9841 18.2726 16.7450 14.0800 13.2339 12.1846 11.7482 10.6411 10.1418  9.9611  9.6180  9.0712  9.0403  8.6993
  24  0.232512  3.5898  5.0315 -1.9144 17.9507 16.3551 13.8155 12.9795 11.9536 11.5254 10.4413  9.9490  9.7704  9.4313  8.8960  8.8658  8.5292
  25  0.246356  3.5923  5.0192 -1.8670 17.7200 16.0831 13.6326 12.8042 11.7960 11.3733 10.3051  9.8180  9.6409  9.3046  8.7769  8.7472  8.4137
  26  0.254672  3.5937  5.0134 -1.8414 17.5918 15.9331 13.5320 12.7078 11.7099 11.2900 10.2308  9.7466  9.5703  9.2357  8.7122  8.6827  8.3511
  27  0.260426  3.5946  5.0106 -1.8252 17.5110 15.8390 13.4684 12.6468 11.6555 11.2375 10.1839  9.7017  9.5259  9.1924  8.6715  8.6420  8.3116
  28  0.264593  3.5953  5.0083 -1.8134 17.4563 15.7756 13.4228 12.6029 11.6161 11.1994 10.1500  9.6691  9.4937  9.1609  8.6418  8.6124  8.2829
  29  0.267552  3.5958  5.0065 -1.8047 17.4147 15.7275 13.3882 12.5697 11.5864 11.1707 10.1245  9.6447  9.4696  9.1373  8.6196  8.5904  8.2614
  30  0.269709  3.5961  5.0047 -1.7977 17.3818 15.6895 13.3610 12.5434 11.5630 11.1481 10.1044  9.6255  9.4507  9.1190  8.6023  8.5730  8.2446
  31  0.271448  3.5965  5.0033 -1.7921 17.3535 15.6565 13.3378 12.5211 11.5432 11.1291 10.0877  9.6097  9.4350  9.1038  8.5879  8.5588  8.2308
  32  0.273088  3.5969  5.0017 -1.7863 17.3246 15.6231 13.3140 12.4983 11.5231 11.1096 10.0707  9.5934  9.4190  9.0882  8.5734  8.5443  8.2168
  33  0.275047  3.5973  5.0000 -1.7798 17.2924 15.5861 13.2872 12.4725 11.5004 11.0876 10.0514  9.5751  9.4009  9.0706  8.5568  8.5278  8.2008
  34  0.277508  3.5978  4.9980 -1.7720 17.2560 15.5449 13.2565 12.4429 11.4741 11.0622 10.0288  9.5535  9.3797  9.0500  8.5373  8.5083  8.1819
  35  0.280664  3.5983  4.9955 -1.7625 17.2140 15.4980 13.2207 12.4082 11.4431 11.0322 10.0020  9.5278  9.3542  9.0251  8.5135  8.4847  8.1588
  36  0.284836  3.5988  4.9922 -1.7507 17.1645 15.4434 13.1778 12.3665 11.4056 10.9955  9.9688  9.4958  9.3226  8.9940  8.4838  8.4550  8.1299
  37  0.290683  3.5995  4.9876 -1.7347 17.0994 15.3725 13.1208 12.3111 11.3553 10.9464  9.9240  9.4524  9.2798  8.9520  8.4433  8.4146  8.0902
  38  0.299058  3.6006  4.9795 -1.7101 16.9977 15.2629 13.0324 12.2252 11.2782 10.8710  9.8554  9.3865  9.2145  8.8881  8.3816  8.3530  8.0300
  39  0.307606  3.6019  4.9699 -1.6832 16.8702 15.1324 12.9275 12.1242 11.1913 10.7869  9.7807  9.3157  9.1449  8.8201  8.3140  8.2856  7.9637
  40  0.322176  3.6045  4.9517 -1.6341 16.6570 14.9044 12.7420 11.9435 11.0309 10.6309  9.6410  9.1820  9.0130  8.6914  8.1904  8.1624  7.8435
  41  0.344503  3.6105  4.9200 -1.5497 16.2813 14.4878 12.4036 11.6129 10.7383 10.3470  9.3906  8.9439  8.7782  8.4636  7.9768  7.9497  7.6383
  42  0.354778  3.6135  4.9037 -1.5082 16.0926 14.2860 12.2350 11.4478 10.5930 10.2063  9.2668  8.8268  8.6631  8.3523  7.8717  7.8451  7.5375
  43  0.364506  3.6167  4.8878 -1.4678 15.9083 14.0913 12.0697 11.2854 10.4505 10.0681  9.1455  8.7124  8.5505  8.2437  7.7693  7.7431  7.4395
  44  0.375517  3.6208  4.8701 -1.4209 15.6936 13.8643 11.8744 11.0931 10.2821  9.9051  9.0030  8.5783  8.4188  8.1169  7.6503  7.6249  7.3262
  45  0.387389  3.6258  4.8520 -1.3692 15.4526 13.6092 11.6515 10.8726 10.0906  9.7200  8.8419  8.4278  8.2712  7.9756  7.5189  7.4941  7.2021
  46  0.398495  3.6311  4.8358 -1.3194 15.2119 13.3534 11.4270 10.6502  9.8999  9.5360  8.6833  8.2804  8.1269  7.8383  7.3922  7.3684  7.0835
  47  0.407279  3.6359  4.8230 -1.2782 15.0070 13.1335 11.2344 10.4587  9.7371  9.3792  8.5492  8.1567  8.0059  7.7238  7.2878  7.2647  6.9864
  48  0.415324  3.6408  4.8120 -1.2391 14.8004 12.9121 11.0416 10.2673  9.5777  9.2262  8.4194  8.0375  7.8897  7.6143  7.1885  7.1661  6.8946
  49  0.423017  3.6460  4.8022 -1.2006 14.5883 12.6852 10.8439 10.0721  9.4184  9.0735  8.2905  7.9197  7.7750  7.5066  7.0913  7.0698  6.8055
  50  0.430498  3.6513  4.7932 -1.1628 14.3706 12.4521 10.6403  9.8729  9.2592  8.9211  8.1624  7.8028  7.6614  7.4002  6.9959  6.9752  6.7182
  51  0.437907  3.6568  4.7848 -1.1251 14.1464 12.2130 10.4297  9.6693  9.1001  8.7692  8.0347  7.6865  7.5485  7.2945  6.9013  6.8814  6.6320
  52  0.442412  3.6601  4.7798 -1.1022 13.9977 12.0567 10.2986  9.5428  9.0036  8.6772  7.9573  7.6159  7.4801  7.2305  6.8438  6.8244  6.5796
  53  0.446882  3.6635  4.7751 -1.0795 13.8348 11.8884 10.1664  9.4152  8.9089  8.5867  7.8814  7.5464  7.4128  7.1671  6.7867  6.7678  6.5275
  54  0.451320  3.6670  4.7707 -1.0570 13.6595 11.7108 10.0311  9.2853  8.8144  8.4965  7.8057  7.4771  7.3459  7.1040  6.7297  6.7113  6.4755
  55  0.455752  3.6704  4.7662 -1.0345 13.4799 11.5350  9.8960  9.1572  8.7220  8.4085  7.7314  7.4089  7.2800  7.0417  6.6732  6.6553  6.4240
  56  0.460173  3.6740  4.7621 -1.0120 13.2901 11.3558  9.7568  9.0272  8.6293  8.3203  7.6571  7.3405  7.2140  6.9793  6.6166  6.5991  6.3723
  57  0.464578  3.6775  4.7580 -0.9895 13.0940 11.1760  9.6169  8.8976  8.5377  8.2334  7.5835  7.2728  7.1484  6.9173  6.5602  6.5432  6.3209
  58  0.468976  3.6812  4.7541 -0.9668 12.8883 10.9932  9.4744  8.7667  8.4463  8.1467  7.5102  7.2051  7.0830  6.8553  6.5038  6.4873  6.2694
  59  0.473366  3.6849  4.7503 -0.9442 12.6774 10.8109  9.3318  8.6365  8.3559  8.0612  7.4375  7.1380  7.0181  6.7936  6.4476  6.4316  6.2182
  60  0.477727  3.6885  4.7463 -0.9218 12.4664 10.6342  9.1928  8.5097  8.2677  7.9779  7.3665  7.0721  6.9542  6.7330  6.3923  6.3767  6.1675
  61  0.482050  3.6922  4.7425 -0.8994 12.2532 10.4596  9.0551  8.3844  8.1805  7.8958  7.2965  7.0069  6.8909  6.6728  6.3374  6.3222  6.1173
  62  0.486337  3.6957  4.7384 -0.8774 12.0452 10.2921  8.9220  8.2636  8.0961  7.8165  7.2284  6.9433  6.8292  6.6138  6.2834  6.2687  6.0678
  63  0.490563  3.6992  4.7343 -0.8556 11.8391 10.1286  8.7914  8.1451  8.0133  7.7387  7.1616  6.8810  6.7685  6.5561  6.2304  6.2162  6.0193
  64  0.494694  3.7025  4.7300 -0.8342 11.6415  9.9732  8.6663  8.0319  7.9338  7.6641  7.0973  6.8208  6.7099  6.5002  6.1791  6.1652  5.9722
  65  0.498690  3.7058  4.7259 -0.8136 11.4544  9.8255  8.5462  7.9232  7.8571  7.5923  7.0354  6.7628  6.6534  6.4463  6.1295  6.1160  5.9265
  66  0.502535  3.7089  4.7216 -0.7937 11.2801  9.6880  8.4337  7.8215  7.7849  7.5246  6.9767  6.7077  6.5996  6.3948  6.0820  6.0689  5.8827
  67  0.506209  3.7118  4.7174 -0.7746 11.1130  9.5568  8.3263  7.7244  7.7158  7.4599  6.9207  6.6550  6.5481  6.3456  6.0365  6.0237  5.8407
  68  0.509709  3.7146  4.7133 -0.7562 10.9552  9.4331  8.2248  7.6329  7.6502  7.3986  6.8674  6.6049  6.4991  6.2987  5.9932  5.9807  5.8007
  69  0.513059  3.7174  4.7095 -0.7384 10.8014  9.3130  8.1265  7.5444  7.5867  7.3392  6.8161  6.5566  6.4519  6.2536  5.9515  5.9393  5.7621
  70  0.516285  3.7200  4.7055 -0.7213 10.6531  9.1977  8.0331  7.4604  7.5262  7.2827  6.7671  6.5104  6.4068  6.2103  5.9115  5.8996  5.7250
  71  0.519397  3.7226  4.7016 -0.7045 10.5051  9.0832  7.9413  7.3782  7.4670  7.2276  6.7194  6.4654  6.3628  6.1683  5.8726  5.8610  5.6891
  72  0.522404  3.7250  4.6975 -0.6883 10.3649  8.9749  7.8547  7.3005  7.4106  7.1750  6.6737  6.4223  6.3206  6.1278  5.8350  5.8236  5.6542
  73  0.525327  3.7274  4.6936 -0.6723 10.2260  8.8674  7.7689  7.2237  7.3551  7.1232  6.6288  6.3799  6.2792  6.0882  5.7983  5.7872  5.6202
  74  0.528175  3.7297  4.6894 -0.6568 10.0951  8.7658  7.6875  7.1508  7.3018  7.0734  6.5854  6.3390  6.2392  6.0498  5.7626  5.7517  5.5870
  75  0.530966  3.7319  4.6854 -0.6414  9.9661  8.6651  7.6067  7.0787  7.2491  7.0242  6.5427  6.2986  6.1997  6.0119  5.7275  5.7168  5.5543
  76  0.533709  3.7341  4.6811 -0.6262  9.8457  8.5705  7.5299  7.0099  7.1982  6.9767  6.5011  6.2593  6.1611  5.9749  5.6931  5.6826  5.5221
  77  0.536420  3.7362  4.6769 -0.6112  9.7278  8.4774  7.4541  6.9420  7.1476  6.9294  6.4598  6.2202  6.1228  5.9381  5.6589  5.6486  5.4903
  78  0.539103  3.7383  4.6725 -0.5962  9.6146  8.3874  7.3810  6.8764  7.0982  6.8830  6.4192  6.1817  6.0851  5.9019  5.6251  5.6150  5.4587
  79  0.541770  3.7403  4.6679 -0.5814  9.5041  8.2992  7.3096  6.8123  7.0494  6.8372  6.3790  6.1435  6.0476  5.8660  5.5915  5.5816  5.4273
  80  0.544435  3.7423  4.6632 -0.5666  9.3965  8.2129  7.2396  6.7495  7.0009  6.7917  6.3389  6.1055  6.0103  5.8301  5.5579  5.5482  5.3958
  81  0.547088  3.7443  4.6584 -0.5518  9.2914  8.1284  7.1711  6.6878  6.9530  6.7466  6.2992  6.0678  5.9733  5.7944  5.5246  5.5151  5.3645
  82  0.550917  3.7471  4.6513 -0.5305  9.1422  8.0079  7.0731  6.5998  6.8842  6.6817  6.2420  6.0135  5.9201  5.7433  5.4768  5.4676  5.3196
  83  0.554838  3.7499  4.6438 -0.5086  8.9923  7.8865  6.9741  6.5109  6.8139  6.6154  6.1835  5.9581  5.8657  5.6911  5.4281  5.4191  5.2738
  84  0.558819  3.7526  4.6355 -0.4863  8.8458  7.7673  6.8765  6.4230  6.7436  6.5489  6.1244  5.9019  5.8107  5.6382  5.3784  5.3697  5.2270
  85  0.562838  3.7554  4.6269 -0.4638  8.7011  7.6491  6.7800  6.3359  6.6731  6.4822  6.0648  5.8452  5.7549  5.5843  5.3278  5.3193  5.1792
  86  0.566884  3.7581  4.6179 -0.4409  8.5588  7.5326  6.6851  6.2505  6.6029  6.4155  6.0050  5.7879  5.6986  5.5300  5.2764  5.2682  5.1305
  87  0.570941  3.7607  4.6084 -0.4179  8.4186  7.4174  6.5916  6.1662  6.5326  6.3486  5.9447  5.7302  5.6418  5.4750  5.2245  5.2165  5.0812
  88  0.574992  3.7632  4.5986 -0.3946  8.2816  7.3042  6.4998  6.0834  6.4625  6.2816  5.8842  5.6723  5.5848  5.4199  5.1723  5.1646  5.0316
  89  0.579019  3.7658  4.5885 -0.3713  8.1473  7.1929  6.4094  6.0021  6.3925  6.2148  5.8236  5.6142  5.5277  5.3645  5.1198  5.1123  4.9816
  90  0.583000  3.7683  4.5781 -0.3480  8.0159  7.0837  6.3207  5.9221  6.3229  6.1483  5.7631  5.5563  5.4706  5.3092  5.0674  5.0601  4.9316
  91  0.586920  3.7708  4.5675 -0.3247  7.8870  6.9763  6.2331  5.8434  6.2538  6.0820  5.7029  5.4984  5.4136  5.2541  5.0150  5.0079  4.8816
  92  0.590756  3.7731  4.5569 -0.3015  7.7619  6.8716  6.1474  5.7664  6.1855  6.0164  5.6430  5.4410  5.3570  5.1991  4.9629  4.9559  4.8318
  93  0.594493  3.7755  4.5460 -0.2785  7.6401  6.7695  6.0637  5.6910  6.1179  5.9515  5.5837  5.3839  5.3008  5.1447  4.9111  4.9044  4.7823
  94  0.598124  3.7778  4.5350 -0.2556  7.5212  6.6694  5.9817  5.6170  6.0511  5.8873  5.5249  5.3274  5.2452  5.0908  4.8598  4.8533  4.7333
  95  0.601649  3.7801  4.5240 -0.2329  7.4062  6.5722  5.9020  5.5447  5.9852  5.8238  5.4667  5.2715  5.1901  5.0373  4.8089  4.8027  4.6845
  96  0.605059  3.7823  4.5128 -0.2105  7.2944  6.4776  5.8245  5.4743  5.9202  5.7612  5.4090  5.2161  5.1355  4.9843  4.7585  4.7523  4.6362
  97  0.608367  3.7844  4.5016 -0.1883  7.1860  6.3856  5.7495  5.4055  5.8560  5.6992  5.3517  5.1611  5.0814  4.9317  4.7084  4.7024  4.5881
  98  0.611569  3.7866  4.4903 -0.1662  7.0806  6.2959  5.6765  5.3380  5.7925  5.6379  5.2950  5.1067  5.0278  4.8796  4.6588  4.6529  4.5405
  99  0.614669  3.7886  4.4785 -0.1443  6.9797  6.2096  5.6056  5.2725  5.7301  5.5774  5.2389  5.0527  4.9747  4.8279  4.6094  4.6037  4.4929
 100  0.617665  3.7905  4.4668 -0.1227  6.8822  6.1258  5.5363  5.2087  5.6687  5.5178  5.1834  4.9992  4.9219  4.7766  4.5602  4.5547  4.4456
 101  0.620564  3.7924  4.4549 -0.1012  6.7877  6.0445  5.4682  5.1467  5.6081  5.4590  5.1285  4.9462  4.8695  4.7255  4.5112  4.5060  4.3985
 102  0.623367  3.7941  4.4428 -0.0800  6.6961  5.9654  5.4010  5.0862  5.5484  5.4011  5.0744  4.8936  4.8176  4.6749  4.4626  4.4574  4.3515
 103  0.626078  3.7959  4.4305 -0.0589  6.6062  5.8875  5.3343  5.0265  5.4893  5.3437  5.0209  4.8417  4.7663  4.6250  4.4147  4.4096  4.3051
 104  0.628701  3.7975  4.4180 -0.0380  6.5181  5.8111  5.2687  4.9675  5.4309  5.2868  4.9679  4.7904  4.7156  4.5756  4.3673  4.3623  4.2592
 105  0.631241  3.7991  4.4054 -0.0173  6.4327  5.7368  5.2044  4.9096  5.3731  5.2306  4.9155  4.7395  4.6653  4.5266  4.3201  4.3152  4.2134
 106  0.633702  3.8006  4.3924  0.0032  6.3495  5.6641  5.1417  4.8525  5.3157  5.1748  4.8633  4.6890  4.6154  4.4778  4.2732  4.2685  4.1679
 107  0.636092  3.8020  4.3793  0.0236  6.2695  5.5940  5.0810  4.7966  5.2591  5.1196  4.8114  4.6386  4.5656  4.4292  4.2263  4.2217  4.1223
 108  0.638415  3.8034  4.3660  0.0438  6.1924  5.5259  5.0219  4.7420  5.2032  5.0650  4.7598  4.5884  4.5160  4.3806  4.1794  4.1749  4.0766
 109  0.640680  3.8046  4.3525  0.0640  6.1173  5.4595  4.9641  4.6882  5.1477  5.0109  4.7084  4.5385  4.4666  4.3322  4.1326  4.1281  4.0310
 110  0.642893  3.8058  4.3388  0.0840  6.0444  5.3946  4.9073  4.6353  5.0929  4.9572  4.6575  4.4887  4.4174  4.2840  4.0858  4.0814  3.9853
 111  0.645063  3.8070  4.3249  0.1039  5.9735  5.3314  4.8515  4.5833  5.0386  4.9040  4.6067  4.4392  4.3683  4.2359  4.0390  4.0348  3.9395
 112  0.645766  3.8073  4.3203  0.1104  5.9506  5.3109  4.8335  4.5664  5.0209  4.8866  4.5902  4.4231  4.3523  4.2201  4.0237  4.0195  3.9246
 113  0.646467  3.8077  4.3156  0.1170  5.9274  5.2901  4.8152  4.5493  5.0030  4.8691  4.5734  4.4067  4.3361  4.2041  4.0082  4.0040  3.9094
 114  0.647166  3.8081  4.3109  0.1236  5.9039  5.2691  4.7967  4.5322  4.9850  4.8514  4.5565  4.3902  4.3197  4.1881  3.9926  3.9884  3.8941
 115  0.647861  3.8085  4.3063  0.1305  5.8788  5.2470  4.7775  4.5144  4.9662  4.8330  4.5391  4.3733  4.3030  4.1716  3.9767  3.9726  3.8786
 116  0.648555  3.8089  4.3016  0.1373  5.8539  5.2248  4.7583  4.4967  4.9475  4.8147  4.5218  4.3564  4.2863  4.1553  3.9608  3.9567  3.8631
 117  0.649247  3.8094  4.2971  0.1442  5.8278  5.2020  4.7386  4.4786  4.9283  4.7960  4.5040  4.3392  4.2692  4.1386  3.9448  3.9406  3.8474
 118  0.649937  3.8099  4.2925  0.1512  5.8015  5.1789  4.7187  4.4603  4.9089  4.7771  4.4862  4.3218  4.2521  4.1218  3.9285  3.9244  3.8316
 119  0.650624  3.8103  4.2877  0.1583  5.7751  5.1557  4.6986  4.4420  4.8893  4.7579  4.4680  4.3042  4.2346  4.1048  3.9121  3.9080  3.8156
 120  0.651309  3.8108  4.2828  0.1655  5.7488  5.1326  4.6786  4.4235  4.8696  4.7386  4.4497  4.2864  4.2170  4.0875  3.8954  3.8914  3.7993
 121  0.651989  3.8112  4.2776  0.1727  5.7231  5.1098  4.6586  4.4050  4.8497  4.7192  4.4312  4.2683  4.1991  4.0700  3.8784  3.8744  3.7827
 122  0.652667  3.8116  4.2723  0.1801  5.6977  5.0872  4.6386  4.3863  4.8297  4.6996  4.4125  4.2500  4.1810  4.0521  3.8610  3.8570  3.7656
 123  0.653339  3.8119  4.2666  0.1876  5.6730  5.0649  4.6186  4.3677  4.8096  4.6798  4.3935  4.2313  4.1625  4.0340  3.8432  3.8392  3.7482
 124  0.654005  3.8122  4.2606  0.1952  5.6489  5.0428  4.5987  4.3488  4.7894  4.6599  4.3742  4.2124  4.1437  4.0154  3.8250  3.8211  3.7302
 125  0.654666  3.8125  4.2543  0.2029  5.6249  5.0209  4.5786  4.3298  4.7689  4.6397  4.3547  4.1932  4.1246  3.9964  3.8064  3.8025  3.7118
 126  0.655322  3.8127  4.2480  0.2107  5.6010  4.9988  4.5585  4.3106  4.7483  4.6193  4.3349  4.1737  4.1051  3.9772  3.7876  3.7837  3.6932
 127  0.655975  3.8130  4.2414  0.2186  5.5772  4.9768  4.5382  4.2913  4.7275  4.5988  4.3149  4.1540  4.0856  3.9579  3.7685  3.7646  3.6743
 128  0.656622  3.8132  4.2348  0.2266  5.5532  4.9548  4.5178  4.2718  4.7065  4.5780  4.2947  4.1341  4.0658  3.9383  3.7492  3.7453  3.6552
 129  0.657266  3.8134  4.2280  0.2346  5.5297  4.9328  4.4974  4.2523  4.6855  4.5572  4.2744  4.1140  4.0458  3.9185  3.7297  3.7259  3.6358
 130  0.657906  3.8136  4.2210  0.2426  5.5062  4.9109  4.4770  4.2327  4.6642  4.5362  4.2539  4.0938  4.0257  3.8985  3.7100  3.7061  3.6162
 131  0.658540  3.8137  4.2138  0.2509  5.4830  4.8891  4.4565  4.2130  4.6429  4.5151  4.2332  4.0733  4.0052  3.8783  3.6900  3.6861  3.5963
 132  0.659168  3.8138  4.2065  0.2591  5.4600  4.8674  4.4360  4.1931  4.6215  4.4938  4.2124  4.0526  3.9846  3.8577  3.6696  3.6658  3.5761
 133  0.659790  3.8139  4.1989  0.2675  5.4375  4.8459  4.4155  4.1731  4.5998  4.4724  4.1913  4.0316  3.9637  3.8369  3.6490  3.6452  3.5555
 134  0.660404  3.8139  4.1910  0.2759  5.4156  4.8248  4.3951  4.1532  4.5782  4.4509  4.1700  4.0104  3.9425  3.8159  3.6280  3.6241  3.5345
 135  0.661012  3.8139  4.1828  0.2844  5.3942  4.8040  4.3746  4.1330  4.5565  4.4292  4.1485  3.9890  3.9211  3.7945  3.6067  3.6028  3.5131
 136  0.661612  3.8139  4.1744  0.2931  5.3732  4.7833  4.3542  4.1128  4.5346  4.4074  4.1267  3.9673  3.8994  3.7728  3.5850  3.5811  3.4913
 137  0.662204  3.8138  4.1658  0.3018  5.3526  4.7627  4.3337  4.0923  4.5127  4.3854  4.1048  3.9453  3.8775  3.7508  3.5630  3.5591  3.4693
 138  0.662789  3.8137  4.1569  0.3106  5.3326  4.7426  4.3134  4.0719  4.4907  4.3633  4.0826  3.9231  3.8552  3.7285  3.5407  3.5367  3.4468
 139  0.663364  3.8135  4.1477  0.3195  5.3131  4.7227  4.2930  4.0514  4.4685  4.3412  4.0603  3.9007  3.8328  3.7060  3.5180  3.5140  3.4239
 140  0.663930  3.8133  4.1383  0.3285  5.2943  4.7032  4.2727  4.0308  4.4463  4.3189  4.0378  3.8780  3.8101  3.6831  3.4949  3.4910  3.4006
 141  0.664486  3.8131  4.1285  0.3375  5.2762  4.6840  4.2525  4.0101  4.4241  4.2965  4.0150  3.8550  3.7870  3.6599  3.4714  3.4675  3.3769
 142  0.665032  3.8127  4.1184  0.3467  5.2589  4.6654  4.2324  3.9893  4.4019  4.2741  3.9921  3.8318  3.7637  3.6364  3.4476  3.4437  3.3528
 143  0.665567  3.8123  4.1080  0.3559  5.2425  4.6471  4.2125  3.9684  4.3796  4.2515  3.9689  3.8084  3.7401  3.6126  3.4234  3.4194  3.3282
 144  0.666091  3.8119  4.0972  0.3653  5.2271  4.6296  4.1927  3.9477  4.3574  4.2290  3.9457  3.7847  3.7162  3.5884  3.3988  3.3947  3.3032
 145  0.666604  3.8114  4.0860  0.3747  5.2129  4.6126  4.1732  3.9268  4.3352  4.2064  3.9221  3.7607  3.6921  3.5639  3.3738  3.3697  3.2776
 146  0.667103  3.8108  4.0745  0.3842  5.1999  4.5965  4.1539  3.9060  4.3131  4.1838  3.8985  3.7365  3.6678  3.5391  3.3483  3.3441  3.2516
 147  0.667592  3.8101  4.0626  0.3938  5.1883  4.5811  4.1350  3.8853  4.2911  4.1613  3.8748  3.7121  3.6430  3.5139  3.3224  3.3182  3.2251
 148  0.668066  3.8094  4.0502  0.4035  5.1781  4.5666  4.1165  3.8646  4.2692  4.1388  3.8508  3.6874  3.6181  3.4884  3.2960  3.2918  3.1980
 149  0.668528  3.8086  4.0374  0.4132  5.1692  4.5529  4.0982  3.8441  4.2474  4.1163  3.8269  3.6626  3.5929  3.4626  3.2694  3.2650  3.1706
 150  0.668976  3.8076  4.0242  0.4229  5.1616  4.5402  4.0805  3.8238  4.2259  4.0940  3.8027  3.6376  3.5677  3.4367  3.2423  3.2380  3.1427
 151  0.669411  3.8065  4.0103  0.4328  5.1554  4.5283  4.0631  3.8039  4.2045  4.0718  3.7787  3.6126  3.5422  3.4106  3.2150  3.2105  3.1144
 152  0.669830  3.8052  3.9956  0.4427  5.1520  4.5184  4.0468  3.7845  4.1837  4.0500  3.7548  3.5875  3.5167  3.3841  3.1873  3.1827  3.0854
 153  0.670236  3.8039  3.9804  0.4526  5.1507  4.5099  4.0313  3.7656  4.1633  4.0285  3.7309  3.5624  3.4911  3.3576  3.1592  3.1545  3.0561
 154  0.670628  3.8023  3.9646  0.4626  5.1518  4.5032  4.0166  3.7473  4.1432  4.0073  3.7070  3.5372  3.4654  3.3309  3.1308  3.1260  3.0262
 155  0.671005  3.8006  3.9478  0.4726  5.1567  4.4991  4.0034  3.7298  4.1238  3.9866  3.6832  3.5120  3.4396  3.3039  3.1019  3.0971  2.9958
 156  0.671369  3.7988  3.9308  0.4826  5.1641  4.4966  3.9907  3.7126  4.1048  3.9662  3.6596  3.4867  3.4137  3.2767  3.0728  3.0677  2.9650
 157  0.671719  3.7968  3.9130  0.4926  5.1755  4.4967  3.9795  3.6963  4.0864  3.9462  3.6361  3.4614  3.3878  3.2494  3.0433  3.0381  2.9336
 158  0.672056  3.7946  3.8945  0.5026  5.1910  4.4996  3.9698  3.6811  4.0688  3.9269  3.6128  3.4362  3.3618  3.2220  3.0134  3.0080  2.9016
 159  0.672378  3.7923  3.8754  0.5127  5.2107  4.5053  3.9619  3.6670  4.0520  3.9081  3.5897  3.4109  3.3358  3.1943  2.9832  2.9777  2.8693
 160  0.672687  3.7899  3.8558  0.5226  5.2346  4.5141  3.9559  3.6542  4.0360  3.8900  3.5668  3.3858  3.3098  3.1667  2.9528  2.9470  2.8365
 161  0.672983  3.7871  3.8349  0.5325  5.2667  4.5282  3.9531  3.6434  4.0218  3.8732  3.5444  3.3608  3.2839  3.1388  2.9218  2.9158  2.8029
 162  0.673251  3.7838  3.8131  0.5418  5.3118  4.5516  3.9559  3.6369  4.0111  3.8595  3.5242  3.3375  3.2594  3.1120  2.8914  2.8852  2.7695
 163  0.673517  3.7808  3.7916  0.5513  5.3569  4.5748  3.9584  3.6300  3.9997  3.8450  3.5032  3.3135  3.2343  3.0846  2.8605  2.8540  2.7356
 164  0.673780  3.7779  3.7705  0.5611  5.3991  4.5960  3.9596  3.6224  3.9872  3.8295  3.4815  3.2888  3.2085  3.0567  2.8292  2.8225  2.7015
 165  0.674041  3.7751  3.7494  0.5711  5.4364  4.6139  3.9592  3.6138  3.9733  3.8130  3.4591  3.2638  3.1826  3.0288  2.7981  2.7912  2.6677
 166  0.674299  3.7726  3.7289  0.5814  5.4696  4.6292  3.9573  3.6048  3.9580  3.7952  3.4361  3.2382  3.1561  3.0005  2.7668  2.7597  2.6339
 167  0.674552  3.7699  3.7079  0.5920  5.5080  4.6478  3.9578  3.5974  3.9434  3.7777  3.4125  3.2119  3.1289  2.9712  2.7344  2.7270  2.5987
 168  0.674801  3.7672  3.6864  0.6029  5.5493  4.6683  3.9591  3.5906  3.9287  3.7599  3.3883  3.1848  3.1008  2.9410  2.7008  2.6932  2.5625
 169  0.675044  3.7646  3.6647  0.6142  5.5898  4.6877  3.9594  3.5828  3.9127  3.7409  3.3631  3.1569  3.0718  2.9100  2.6668  2.6589  2.5257
 170  0.675281  3.7621  3.6434  0.6261  5.6240  4.7022  3.9564  3.5724  3.8942  3.7197  3.3364  3.1279  3.0419  2.8784  2.6323  2.6243  2.4889
 171  0.675509  3.7600  3.6225  0.6384  5.6515  4.7119  3.9498  3.5594  3.8733  3.6963  3.3082  3.0976  3.0110  2.8459  2.5974  2.5891  2.4516
 172  0.675731  3.7580  3.6019  0.6513  5.6738  4.7175  3.9406  3.5442  3.8504  3.6711  3.2786  3.0662  2.9788  2.8125  2.5616  2.5532  2.4139
 173  0.675943  3.7562  3.5814  0.6646  5.6921  4.7201  3.9292  3.5273  3.8258  3.6445  3.2478  3.0336  2.9457  2.7779  2.5251  2.5165  2.3755
 174  0.676146  3.7545  3.5611  0.6783  5.7061  4.7194  3.9156  3.5086  3.7999  3.6163  3.2159  3.0001  2.9116  2.7427  2.4878  2.4791  2.3364
 175  0.676341  3.7530  3.5409  0.6924  5.7153  4.7151  3.8997  3.4880  3.7722  3.5868  3.1828  2.9656  2.8766  2.7066  2.4500  2.4411  2.2970
 176  0.676529  3.7516  3.5211  0.7068  5.7202  4.7075  3.8814  3.4656  3.7431  3.5561  3.1490  2.9304  2.8409  2.6701  2.4118  2.4028  2.2574
 177  0.676712  3.7502  3.5015  0.7213  5.7211  4.6969  3.8611  3.4417  3.7128  3.5242  3.1143  2.8946  2.8047  2.6330  2.3733  2.3641  2.2175
 178  0.676888  3.7490  3.4820  0.7361  5.7201  4.6848  3.8399  3.4169  3.6819  3.4918  3.0791  2.8582  2.7680  2.5954  2.3343  2.3250  2.1773
 179  0.677059  3.7479  3.4627  0.7511  5.7158  4.6703  3.8169  3.3908  3.6500  3.4586  3.0433  2.8215  2.7309  2.5575  2.2952  2.2858  2.1370
 180  0.677227  3.7469  3.4438  0.7661  5.7094  4.6542  3.7931  3.3639  3.6176  3.4249  3.0073  2.7844  2.6935  2.5194  2.2559  2.2464  2.0966
 181  0.677391  3.7460  3.4249  0.7813  5.7005  4.6363  3.7680  3.3362  3.5845  3.3906  2.9709  2.7470  2.6558  2.4811  2.2164  2.2069  2.0561
 182  0.677539  3.7452  3.4079  0.7952  5.6910  4.6190  3.7444  3.3103  3.5539  3.3590  2.9373  2.7126  2.6211  2.4458  2.1802  2.1706  2.0191
 183  0.677687  3.7445  3.3908  0.8093  5.6802  4.6005  3.7200  3.2837  3.5227  3.3268  2.9032  2.6778  2.5860  2.4101  2.1436  2.1339  1.9816
 184  0.677834  3.7438  3.3738  0.8237  5.6673  4.5806  3.6946  3.2562  3.4908  3.2939  2.8685  2.6423  2.5503  2.3739  2.1065  2.0967  1.9437
 185  0.677981  3.7430  3.3567  0.8381  5.6540  4.5601  3.6686  3.2284  3.4585  3.2607  2.8336  2.6066  2.5144  2.3374  2.0691  2.0592  1.9055
 186  0.678127  3.7424  3.3396  0.8528  5.6389  4.5385  3.6418  3.1997  3.4254  3.2268  2.7980  2.5704  2.4780  2.3004  2.0314  2.0214  1.8670
 187  0.678273  3.7418  3.3224  0.8676  5.6223  4.5155  3.6140  3.1702  3.3918  3.1923  2.7621  2.5338  2.4411  2.2631  1.9933  1.9833  1.8283
 188  0.678418  3.7412  3.3052  0.8826  5.6057  4.4923  3.5860  3.1404  3.3578  3.1575  2.7257  2.4968  2.4039  2.2254  1.9549  1.9448  1.7892
 189  0.678562  3.7406  3.2877  0.8977  5.5877  4.4681  3.5571  3.1099  3.3231  3.1221  2.6888  2.4593  2.3661  2.1873  1.9159  1.9058  1.7496
 190  0.678705  3.7401  3.2702  0.9132  5.5688  4.4430  3.5274  3.0786  3.2878  3.0859  2.6513  2.4212  2.3279  2.1486  1.8766  1.8664  1.7097
 191  0.678847  3.7395  3.2524  0.9288  5.5496  4.4176  3.4973  3.0469  3.2519  3.0493  2.6133  2.3826  2.2891  2.1094  1.8366  1.8264  1.6691
 192  0.678989  3.7390  3.2346  0.9445  5.5294  4.3913  3.4664  3.0144  3.2154  3.0121  2.5748  2.3436  2.2499  2.0698  1.7964  1.7861  1.6281
 193  0.679130  3.7384  3.2165  0.9606  5.5081  4.3641  3.4348  2.9813  3.1783  2.9742  2.5356  2.3039  2.2101  2.0295  1.7555  1.7452  1.5867
 194  0.679268  3.7379  3.1979  0.9771  5.4864  4.3361  3.4023  2.9472  3.1400  2.9353  2.4954  2.2631  2.1691  1.9882  1.7135  1.7031  1.5441
 195  0.679405  3.7373  3.1789  0.9940  5.4642  4.3074  3.3688  2.9121  3.1007  2.8952  2.4540  2.2211  2.1270  1.9458  1.6704  1.6599  1.5003
 196  0.679539  3.7368  3.1596  1.0113  5.4401  4.2772  3.3340  2.8759  3.0603  2.8541  2.4118  2.1785  2.0841  1.9025  1.6265  1.6160  1.4559
 197  0.679672  3.7362  3.1398  1.0290  5.4160  4.2465  3.2986  2.8389  3.0190  2.8121  2.3684  2.1346  2.0402  1.8581  1.5815  1.5709  1.4102
 198  0.679802  3.7357  3.1194  1.0473  5.3919  4.2154  3.2623  2.8010  2.9764  2.7688  2.3239  2.0895  1.9948  1.8124  1.5350  1.5245  1.3631
 199  0.679929  3.7352  3.0986  1.0660  5.3665  4.1829  3.2247  2.7618  2.9328  2.7244  2.2781  2.0432  1.9485  1.7656  1.4877  1.4770  1.3151
 200  0.680053  3.7346  3.0771  1.0852  5.3410  4.1499  3.1861  2.7215  2.8877  2.6786  2.2310  1.9956  1.9006  1.7174  1.4387  1.4280  1.2655
 201  0.680173  3.7340  3.0549  1.1051  5.3152  4.1162  3.1467  2.6802  2.8415  2.6315  2.1825  1.9465  1.8513  1.6677  1.3884  1.3775  1.2144
 202  0.680290  3.7334  3.0323  1.1254  5.2885  4.0814  3.1061  2.6379  2.7941  2.5832  2.1329  1.8963  1.8010  1.6169  1.3369  1.3260  1.1623
 203  0.680404  3.7328  3.0091  1.1461  5.2620  4.0465  3.0649  2.5948  2.7458  2.5340  2.0822  1.8451  1.7495  1.5650  1.2842  1.2733  1.1089
 204  0.680515  3.7321  2.9855  1.1672  5.2362  4.0115  3.0233  2.5512  2.6967  2.4840  2.0307  1.7929  1.6972  1.5123  1.2307  1.2197  1.0546
 205  0.680623  3.7314  2.9611  1.1887  5.2118  3.9771  2.9817  2.5074  2.6470  2.4333  1.9783  1.7399  1.6439  1.4585  1.1760  1.1649  0.9991
 206  0.680727  3.7306  2.9364  1.2106  5.1873  3.9422  2.9394  2.4628  2.5964  2.3817  1.9250  1.6858  1.5897  1.4038  1.1205  1.1093  0.9427
 207  0.680828  3.7299  2.9112  1.2329  5.1632  3.9073  2.8968  2.4178  2.5451  2.3294  1.8709  1.6310  1.5346  1.3482  1.0640  1.0528  0.8854
 208  0.680927  3.7291  2.8857  1.2555  5.1395  3.8722  2.8537  2.3723  2.4932  2.2763  1.8159  1.5753  1.4787  1.2917  1.0067  0.9953  0.8271
 209  0.681022  3.7284  2.8596  1.2784  5.1170  3.8377  2.8106  2.3265  2.4407  2.2226  1.7602  1.5189  1.4220  1.2344  0.9484  0.9369  0.7679
 210  0.681114  3.7276  2.8332  1.3017  5.0944  3.8028  2.7669  2.2802  2.3875  2.1683  1.7038  1.4616  1.3646  1.1764  0.8893  0.8778  0.7079
 211  0.681203  3.7267  2.8064  1.3252  5.0731  3.7684  2.7233  2.2338  2.3340  2.1134  1.6467  1.4037  1.3062  1.1176  0.8294  0.8178  0.6470
 212  0.681289  3.7259  2.7793  1.3490  5.0524  3.7340  2.6794  2.1870  2.2799  2.0579  1.5890  1.3451  1.2474  1.0581  0.7689  0.7572  0.5855
 213  0.681371  3.7250  2.7517  1.3731  5.0323  3.6999  2.6354  2.1400  2.2254  2.0020  1.5307  1.2858  1.1879  0.9978  0.7076  0.6958  0.5232
 214  0.681451  3.7242  2.7240  1.3974  5.0126  3.6657  2.5912  2.0927  2.1704  1.9456  1.4718  1.2261  1.1277  0.9371  0.6456  0.6338  0.4602
 215  0.681527  3.7232  2.6959  1.4220  4.9919  3.6310  2.5466  2.0450  2.1150  1.8887  1.4124  1.1656  1.0670  0.8756  0.5831  0.5711  0.3966
 216  0.681601  3.7224  2.6675  1.4468  4.9720  3.5966  2.5020  1.9971  2.0593  1.8315  1.3525  1.1048  1.0058  0.8137  0.5200  0.5079  0.3324
 217  0.681612  3.7222  2.6626  1.4511  4.9686  3.5907  2.4943  1.9888  2.0497  1.8216  1.3421  1.0942  0.9952  0.8030  0.5090  0.4969  0.3213
 218  0.681625  3.7220  2.6576  1.4554  4.9656  3.5850  2.4866  1.9806  2.0400  1.8117  1.3317  1.0836  0.9845  0.7922  0.4980  0.4859  0.3101
 219  0.681637  3.7219  2.6527  1.4598  4.9621  3.5790  2.4788  1.9722  2.0303  1.8016  1.3213  1.0729  0.9738  0.7814  0.4869  0.4749  0.2988
 220  0.681649  3.7217  2.6476  1.4641  4.9588  3.5730  2.4711  1.9639  2.0205  1.7916  1.3107  1.0622  0.9631  0.7705  0.4759  0.4637  0.2875
 221  0.681661  3.7216  2.6426  1.4685  4.9555  3.5671  2.4632  1.9555  2.0107  1.7815  1.3002  1.0515  0.9523  0.7596  0.4648  0.4526  0.2762
 222  0.681673  3.7214  2.6376  1.4729  4.9522  3.5611  2.4554  1.9471  2.0009  1.7714  1.2896  1.0407  0.9414  0.7486  0.4536  0.4414  0.2648
 223  0.681686  3.7212  2.6325  1.4773  4.9492  3.5553  2.4476  1.9387  1.9910  1.7613  1.2789  1.0299  0.9305  0.7375  0.4423  0.4301  0.2534
 224  0.681698  3.7210  2.6274  1.4818  4.9460  3.5493  2.4397  1.9302  1.9811  1.7511  1.2683  1.0191  0.9197  0.7265  0.4311  0.4188  0.2419
 225  0.681709  3.7209  2.6223  1.4862  4.9426  3.5433  2.4318  1.9216  1.9711  1.7408  1.2575  1.0081  0.9087  0.7154  0.4197  0.4074  0.2304
 226  0.681721  3.7207  2.6172  1.4907  4.9392  3.5371  2.4238  1.9131  1.9611  1.7305  1.2467  0.9971  0.8976  0.7043  0.4084  0.3960  0.2188
 227  0.681835  3.7190  2.5656  1.5356  4.9071  3.4770  2.3441  1.8274  1.8606  1.6271  1.1384  0.8869  0.7868  0.5921  0.2940  0.2815  0.1024
 228  0.681938  3.7173  2.5143  1.5800  4.8812  3.4211  2.2677  1.7446  1.7623  1.5258  1.0318  0.7784  0.6776  0.4816  0.1810  0.1684 -0.0126
 229  0.682030  3.7156  2.4641  1.6232  4.8608  3.3695  2.1950  1.6655  1.6675  1.4278  0.9285  0.6730  0.5716  0.3741  0.0711  0.0583 -0.1247
 230  0.682117  3.7136  2.4125  1.6674  4.8470  3.3214  2.1234  1.5867  1.5717  1.3285  0.8232  0.5655  0.4635  0.2644 -0.0411 -0.0542 -0.2393
 231  0.682196  3.7117  2.3599  1.7123  4.8394  3.2766  2.0528  1.5086  1.4752  1.2283  0.7168  0.4566  0.3538  0.1531 -0.1551 -0.1684 -0.3557
 232  0.682269  3.7097  2.3073  1.7569  4.8387  3.2366  1.9850  1.4330  1.3802  1.1293  0.6112  0.3486  0.2450  0.0426 -0.2685 -0.2820 -0.4718
 233  0.682334  3.7076  2.2542  1.8017  4.8438  3.2024  1.9199  1.3597  1.2861  1.0310  0.5057  0.2405  0.1361 -0.0681 -0.3822 -0.3961 -0.5881
 234  0.682394  3.7055  2.2010  1.8464  4.8532  3.1719  1.8568  1.2882  1.1928  0.9334  0.4008  0.1329  0.0277 -0.1784 -0.4957 -0.5097 -0.7043
 235  0.682447  3.7036  2.1514  1.8883  4.8634  3.1417  1.7975  1.2210  1.1054  0.8418  0.3025  0.0320 -0.0740 -0.2818 -0.6019 -0.6162 -0.8130
 236  0.682497  3.7017  2.1036  1.9286  4.8765  3.1144  1.7415  1.1574  1.0219  0.7542  0.2081 -0.0648 -0.1716 -0.3811 -0.7041 -0.7186 -0.9177
 237  0.682543  3.6999  2.0570  1.9679  4.8914  3.0891  1.6878  1.0959  0.9407  0.6688  0.1160 -0.1593 -0.2669 -0.4780 -0.8037 -0.8185 -1.0197
 238  0.682584  3.6982  2.0155  2.0030  4.9073  3.0680  1.6408  1.0420  0.8686  0.5931  0.0343 -0.2434 -0.3516 -0.5642 -0.8924 -0.9073 -1.1106
 239  0.682623  3.6970  1.9816  2.0318  4.9174  3.0473  1.6001  0.9958  0.8082  0.5298 -0.0337 -0.3130 -0.4217 -0.6355 -0.9656 -0.9807 -1.1854
 240  0.682661  3.6959  1.9515  2.0577  4.9259  3.0266  1.5627  0.9535  0.7535  0.4726 -0.0951 -0.3758 -0.4850 -0.6997 -1.0315 -1.0466 -1.2526
 241  0.682698  3.6939  1.9052  2.0959  4.9571  3.0157  1.5182  0.9009  0.6782  0.3924 -0.1829 -0.4665 -0.5766 -0.7932 -1.1281 -1.1435 -1.3520
 242  0.682731  3.6917  1.8556  2.1367  4.9931  3.0098  1.4737  0.8476  0.5994  0.3082 -0.2757 -0.5625 -0.6736 -0.8923 -1.2307 -1.2465 -1.4578
 243  0.682761  3.6895  1.8085  2.1752  5.0273  3.0072  1.4333  0.7989  0.5256  0.2291 -0.3632 -0.6531 -0.7652 -0.9859 -1.3278 -1.3439 -1.5579
 244  0.682789  3.6877  1.7673  2.2091  5.0532  3.0056  1.3983  0.7569  0.4612  0.1600 -0.4397 -0.7324 -0.8453 -1.0679 -1.4128 -1.4291 -1.6456
 245  0.682816  3.6862  1.7344  2.2360  5.0728  3.0068  1.3723  0.7250  0.4110  0.1059 -0.5000 -0.7950 -0.9086 -1.1328 -1.4803 -1.4967 -1.7153
 246  0.682840  3.6845  1.6972  2.2667  5.0888  3.0062  1.3410  0.6875  0.3530  0.0436 -0.5691 -0.8668 -0.9812 -1.2070 -1.5572 -1.5739 -1.7946
 247  0.682865  3.6824  1.6501  2.3054  5.1163  3.0128  1.3057  0.6436  0.2818 -0.0335 -0.6557 -0.9568 -1.0723 -1.3004 -1.6544 -1.6714 -1.8950
 248  0.682886  3.6802  1.6005  2.3459  5.1453  3.0225  1.2705  0.5992  0.2079 -0.1138 -0.7462 -1.0513 -1.1679 -1.3985 -1.7565 -1.7737 -2.0002
 249  0.682906  3.6779  1.5511  2.3862  5.1752  3.0375  1.2386  0.5578  0.1359 -0.1926 -0.8356 -1.1446 -1.2625 -1.4956 -1.8576 -1.8752 -2.1048
 250  0.682925  3.6756  1.5022  2.4259  5.2046  3.0562  1.2093  0.5194  0.0660 -0.2693 -0.9231 -1.2362 -1.3552 -1.5909 -1.9570 -1.9749 -2.2075
 251  0.682941  3.6733  1.4552  2.4640  5.2331  3.0781  1.1835  0.4845 -0.0003 -0.3424 -1.0068 -1.3238 -1.4440 -1.6822 -2.0523 -2.0705 -2.3062
 252  0.682956  3.6711  1.4090  2.5012  5.2631  3.1053  1.1616  0.4539 -0.0632 -0.4123 -1.0875 -1.4085 -1.5299 -1.7707 -2.1450 -2.1635 -2.4023
 253  0.682970  3.6689  1.3642  2.5371  5.2929  3.1366  1.1436  0.4275 -0.1222 -0.4784 -1.1645 -1.4896 -1.6122 -1.8556 -2.2340 -2.2529 -2.4947
 254  0.682983  3.6667  1.3201  2.5724  5.3219  3.1703  1.1275  0.4033 -0.1794 -0.5427 -1.2398 -1.5690 -1.6928 -1.9388 -2.3215 -2.3406 -2.5856
 255  0.682995  3.6645  1.2764  2.6072  5.3505  3.2065  1.1137  0.3818 -0.2348 -0.6054 -1.3135 -1.6469 -1.7720 -2.0206 -2.4075 -2.4270 -2.6752
 256  0.683006  3.6623  1.2341  2.6410  5.3776  3.2446  1.1023  0.3631 -0.2872 -0.6651 -1.3842 -1.7218 -1.8480 -2.0994 -2.4905 -2.5103 -2.7617
 257  0.683016  3.6602  1.1922  2.6743  5.4053  3.2850  1.0929  0.3467 -0.3381 -0.7233 -1.4534 -1.7954 -1.9228 -2.1769 -2.5724 -2.5924 -2.8471
 258  0.683023  3.6581  1.1511  2.7069  5.4324  3.3275  1.0859  0.3330 -0.3865 -0.7793 -1.5206 -1.8668 -1.9955 -2.2523 -2.6520 -2.6725 -2.9304
 259  0.683032  3.6560  1.1107  2.7390  5.4581  3.3714  1.0805  0.3213 -0.4329 -0.8333 -1.5860 -1.9366 -2.0665 -2.3261 -2.7301 -2.7509 -3.0121
 260  0.683040  3.6538  1.0710  2.7702  5.4831  3.4175  1.0776  0.3123 -0.4766 -0.8849 -1.6492 -2.0044 -2.1355 -2.3979 -2.8063 -2.8273 -3.0917
 261  0.683048  3.6517  1.0318  2.8010  5.5068  3.4662  1.0774  0.3064 -0.5180 -0.9344 -1.7107 -2.0704 -2.2029 -2.4683 -2.8810 -2.9024 -3.1701
 262  0.683054  3.6497  0.9935  2.8309  5.5275  3.5153  1.0785  0.3022 -0.5572 -0.9816 -1.7700 -2.1345 -2.2682 -2.5366 -2.9535 -2.9754 -3.2463
 263  0.683061  3.6477  0.9558  2.8605  5.5453  3.5650  1.0809  0.2996 -0.5945 -1.0273 -1.8278 -2.1971 -2.3322 -2.6034 -3.0248 -3.0470 -3.3212
 264  0.683067  3.6456  0.9185  2.8895  5.5617  3.6170  1.0854  0.2994 -0.6295 -1.0708 -1.8839 -2.2581 -2.3945 -2.6689 -3.0946 -3.1171 -3.3948
 265  0.683073  3.6435  0.8819  2.9179  5.5767  3.6718  1.0926  0.3022 -0.6619 -1.1119 -1.9380 -2.3173 -2.4550 -2.7324 -3.1627 -3.1856 -3.4666
 266  0.683078  3.6414  0.8460  2.9456  5.5878  3.7267  1.1008  0.3064 -0.6924 -1.1513 -1.9903 -2.3747 -2.5138 -2.7944 -3.2291 -3.2524 -3.5367
 267  0.683084  3.6394  0.8105  2.9729  5.5953  3.7823  1.1103  0.3122 -0.7212 -1.1889 -2.0412 -2.4308 -2.5713 -2.8550 -3.2942 -3.3178 -3.6055
 268  0.683089  3.6374  0.7758  2.9996  5.5986  3.8363  1.1198  0.3185 -0.7487 -1.2254 -2.0907 -2.4855 -2.6273 -2.9141 -3.3577 -3.3817 -3.6728
 269  0.683093  3.6354  0.7418  3.0259  5.5984  3.8894  1.1298  0.3256 -0.7749 -1.2605 -2.1389 -2.5388 -2.6821 -2.9720 -3.4199 -3.4443 -3.7387
 270  0.683097  3.6335  0.7083  3.0517  5.5948  3.9417  1.1398  0.3332 -0.7998 -1.2944 -2.1859 -2.5912 -2.7358 -3.0288 -3.4809 -3.5057 -3.8033
 271  0.683101  3.6317  0.6757  3.0769  5.5882  3.9921  1.1496  0.3409 -0.8234 -1.3268 -2.2314 -2.6419 -2.7878 -3.0840 -3.5402 -3.5653 -3.8662
 272  0.683105  3.6299  0.6438  3.1016  5.5789  4.0409  1.1590  0.3485 -0.8460 -1.3583 -2.2757 -2.6914 -2.8387 -3.1380 -3.5982 -3.6236 -3.9276
 273  0.683108  3.6281  0.6122  3.1260  5.5669  4.0880  1.1678  0.3557 -0.8679 -1.3890 -2.3193 -2.7403 -2.8889 -3.1912 -3.6553 -3.6811 -3.9883
 274  0.683112  3.6263  0.5815  3.1497  5.5532  4.1344  1.1767  0.3632 -0.8880 -1.4180 -2.3614 -2.7877 -2.9376 -3.2430 -3.7109 -3.7372 -4.0474
 275  0.683115  3.6246  0.5515  3.1729  5.5387  4.1816  1.1867  0.3721 -0.9054 -1.4444 -2.4012 -2.8329 -2.9842 -3.2928 -3.7648 -3.7913 -4.1048
 276  0.683118  3.6230  0.5221  3.1955  5.5223  4.2265  1.1955  0.3801 -0.9224 -1.4702 -2.4402 -2.8773 -3.0299 -3.3416 -3.8174 -3.8444 -4.1609
 277  0.683121  3.6214  0.4937  3.2176  5.5044  4.2685  1.2032  0.3872 -0.9387 -1.4952 -2.4781 -2.9204 -3.0743 -3.3890 -3.8685 -3.8958 -4.2153
 278  0.683124  3.6198  0.4664  3.2388  5.4861  4.3085  1.2107  0.3942 -0.9535 -1.5185 -2.5140 -2.9615 -3.1167 -3.4343 -3.9174 -3.9450 -4.2675
 279  0.683126  3.6185  0.4426  3.2572  5.4697  4.3433  1.2177  0.4009 -0.9653 -1.5378 -2.5448 -2.9969 -3.1532 -3.4733 -3.9596 -3.9875 -4.3127
