#NUMBER OF AGES= 1
#----------------------------------------------------       
#MIX-LEN  Y      Z          Zeff        [Fe/H] [a/Fe]
# 1.9380  0.3300 5.0381E-04 2.5644E-04  -1.76   0.40 
#----------------------------------------------------       
#**PHOTOMETRIC SYSTEM**: HST WFPC2 (Vega)                   
#----------------------------------------------------       
#AGE=13.400 EEPS=265
#EEP   M/Mo    LogTeff  LogG   LogL/Lo F218W   F255W   F300W   F336W   F439W   F450W   F555W   F606W   F622W   F675W   F791W   F814W   F850LP
  15  0.113179  3.5446  5.2696 -2.6460 20.5325 20.0719 16.5963 15.7425 14.6004 14.0126 12.6495 12.1066 11.9148 11.5330 10.7458 10.7079 10.3076
  16  0.124376  3.5529  5.2323 -2.5345 20.1762 19.4788 16.1466 15.2849 14.1455 13.5986 12.2867 11.7478 11.5565 11.1835 10.4626 10.4263 10.0394
  17  0.134859  3.5596  5.2002 -2.4404 19.8676 18.9882 15.7738 14.9093 13.7784 13.2605 11.9900 11.4556 11.2651 10.8982 10.2241 10.1890  9.8122
  18  0.144759  3.5648  5.1730 -2.3614 19.6030 18.5876 15.4684 14.6036 13.4832 12.9855 11.7473 11.2175 11.0283 10.6657 10.0238  9.9896  9.6202
  19  0.154952  3.5692  5.1485 -2.2897 19.3640 18.2395 15.1995 14.3356 13.2258 12.7430 11.5316 11.0067 10.8187 10.4598  9.8419  9.8086  9.4453
  20  0.166529  3.5734  5.1244 -2.2174 19.1201 17.8939 14.9332 14.0713 12.9734 12.5036 11.3178 10.7983 10.6118 10.2566  9.6593  9.6265  9.2690
  21  0.179744  3.5775  5.1004 -2.1439 18.8695 17.5427 14.6653 13.8066 12.7216 12.2634 11.1031 10.5894 10.4045 10.0529  9.4738  9.4417  9.0895
  22  0.194319  3.5815  5.0777 -2.0715 18.6144 17.1914 14.4021 13.5478 12.4770 12.0292 10.8933 10.3858 10.2028  9.8550  9.2913  9.2599  8.9129
  23  0.210875  3.5854  5.0556 -1.9984 18.3349 16.8230 14.1338 13.2860 12.2325 11.7942 10.6824 10.1817 10.0005  9.6567  9.1072  9.0763  8.7343
  24  0.229402  3.5892  5.0341 -1.9252 18.0019 16.4161 13.8569 13.0192 11.9895 11.5600 10.4723  9.9789  9.8000  9.4603  8.9231  8.8928  8.5556
  25  0.244313  3.5919  5.0204 -1.8732 17.7502 16.1186 13.6566 12.8272 11.8166 11.3931 10.3229  9.8351  9.6578  9.3212  8.7924  8.7626  8.4287
  26  0.253459  3.5935  5.0139 -1.8445 17.6074 15.9513 13.5444 12.7196 11.7205 11.3003 10.2400  9.7556  9.5791  9.2443  8.7203  8.6906  8.3589
  27  0.259564  3.5944  5.0108 -1.8272 17.5209 15.8504 13.4762 12.6544 11.6623 11.2441 10.1898  9.7074  9.5315  9.1979  8.6766  8.6471  8.3166
  28  0.263977  3.5952  5.0085 -1.8148 17.4625 15.7828 13.4281 12.6080 11.6207 11.2039 10.1540  9.6729  9.4975  9.1647  8.6453  8.6159  8.2863
  29  0.267106  3.5957  5.0065 -1.8057 17.4190 15.7325 13.3920 12.5732 11.5897 11.1738 10.1272  9.6474  9.4722  9.1400  8.6222  8.5929  8.2639
  30  0.269370  3.5961  5.0048 -1.7985 17.3849 15.6931 13.3636 12.5460 11.5654 11.1504 10.1065  9.6275  9.4526  9.1209  8.6041  8.5749  8.2464
  31  0.271159  3.5965  5.0033 -1.7927 17.3560 15.6594 13.3399 12.5232 11.5452 11.1309 10.0895  9.6113  9.4366  9.1054  8.5895  8.5604  8.2323
  32  0.272778  3.5969  5.0018 -1.7869 17.3273 15.6261 13.3163 12.5005 11.5252 11.1117 10.0726  9.5952  9.4209  9.0900  8.5751  8.5460  8.2184
  33  0.274668  3.5973  5.0002 -1.7806 17.2956 15.5897 13.2900 12.4752 11.5030 11.0902 10.0537  9.5773  9.4031  9.0728  8.5590  8.5300  8.2029
  34  0.277016  3.5977  4.9982 -1.7731 17.2601 15.5494 13.2602 12.4465 11.4774 11.0655 10.0319  9.5565  9.3827  9.0528  8.5401  8.5111  8.1845
  35  0.280006  3.5982  4.9958 -1.7641 17.2194 15.5039 13.2256 12.4130 11.4476 11.0365 10.0060  9.5317  9.3581  9.0289  8.5173  8.4885  8.1625
  36  0.283939  3.5988  4.9928 -1.7529 17.1721 15.4516 13.1846 12.3731 11.4118 11.0016  9.9744  9.5013  9.3280  8.9994  8.4891  8.4603  8.1350
  37  0.289422  3.5994  4.9884 -1.7377 17.1112 15.3851 13.1313 12.3213 11.3647 10.9556  9.9325  9.4607  9.2880  8.9601  8.4511  8.4224  8.0980
  38  0.297100  3.6003  4.9813 -1.7155 17.0204 15.2871 13.0521 12.2443 11.2953 10.8878  9.8707  9.4011  9.2290  8.9023  8.3954  8.3668  8.0434
  39  0.306050  3.6017  4.9714 -1.6875 16.8937 15.1538 12.9451 12.1408 11.2047 10.7997  9.7918  9.3259  9.1549  8.8299  8.3248  8.2964  7.9745
  40  0.315687  3.6034  4.9593 -1.6553 16.7456 15.0010 12.8210 12.0207 11.1002 10.6983  9.7016  9.2402  9.0704  8.7475  8.2438  8.2156  7.8954
  41  0.335366  3.6079  4.9324 -1.5840 16.4363 14.6598 12.5437 11.7499 10.8589 10.4640  9.4933  9.0413  8.8741  8.5566  8.0637  8.0362  7.7217
  42  0.350303  3.6122  4.9099 -1.5252 16.1704 14.3690 12.3046 11.5160 10.6529 10.2643  9.3178  8.8749  8.7103  8.3979  7.9147  7.8879  7.5787
  43  0.359528  3.6152  4.8948 -1.4871 15.9977 14.1857 12.1497 11.3640 10.5193 10.1347  9.2038  8.7673  8.6044  8.2956  7.8181  7.7917  7.4861
  44  0.369719  3.6187  4.8780 -1.4441 15.8018 13.9788 11.9727 11.1900 10.3665  9.9868  9.0741  8.6450  8.4843  8.1799  7.7091  7.6834  7.3820
  45  0.381090  3.6232  4.8602 -1.3951 15.5756 13.7395 11.7653 10.9852 10.1878  9.8139  8.9233  8.5036  8.3454  8.0466  7.5846  7.5595  7.2640
  46  0.392329  3.6282  4.8432 -1.3451 15.3395 13.4891 11.5456 10.7676  9.9999  9.6324  8.7661  8.3570  8.2019  7.9095  7.4576  7.4334  7.1445
  47  0.402350  3.6333  4.8284 -1.2992 15.1149 13.2495 11.3353 10.5591  9.8219  9.4607  8.6185  8.2205  8.0681  7.7826  7.3411  7.3176  7.0357
  48  0.410526  3.6380  4.8168 -1.2601 14.9151 13.0348 11.1479 10.3726  9.6647  9.3096  8.4898  8.1019  7.9524  7.6733  7.2417  7.2189  6.9436
  49  0.418303  3.6430  4.8064 -1.2216 14.7082 12.8134 10.9549 10.1815  9.5070  9.1582  8.3617  7.9845  7.8380  7.5656  7.1443  7.1224  6.8539
  50  0.425794  3.6482  4.7970 -1.1838 14.4956 12.5859 10.7566  9.9865  9.3492  9.0071  8.2343  7.8682  7.7249  7.4595  7.0489  7.0277  6.7664
  51  0.433129  3.6535  4.7883 -1.1463 14.2785 12.3535 10.5522  9.7875  9.1915  8.8564  8.1077  7.7527  7.6127  7.3544  6.9547  6.9344  6.6804
  52  0.437636  3.6568  4.7832 -1.1233 14.1385 12.2043 10.4223  9.6618  9.0939  8.7632  8.0293  7.6813  7.5435  7.2898  6.8968  6.8769  6.6277
  53  0.442091  3.6602  4.7783 -1.1005 13.9892 12.0475 10.2914  9.5357  8.9979  8.6716  7.9524  7.6112  7.4754  7.2260  6.8395  6.8201  6.5755
  54  0.446507  3.6637  4.7737 -1.0779 13.8249 11.8779 10.1586  9.4075  8.9030  8.5810  7.8763  7.5417  7.4082  7.1627  6.7825  6.7636  6.5235
  55  0.450902  3.6670  4.7691 -1.0555 13.6536 11.7049 10.0258  9.2803  8.8102  8.4923  7.8017  7.4733  7.3422  7.1003  6.7261  6.7077  6.4720
  56  0.455286  3.6705  4.7647 -1.0331 13.4719 11.5274  9.8897  9.1513  8.7172  8.4038  7.7273  7.4049  7.2762  7.0379  6.6696  6.6517  6.4205
  57  0.459660  3.6740  4.7604 -1.0107 13.2853 11.3512  9.7527  9.0232  8.6258  8.3169  7.6537  7.3373  7.2107  6.9761  6.6135  6.5960  6.3692
  58  0.464024  3.6776  4.7564 -0.9882 13.0881 11.1706  9.6122  8.8932  8.5341  8.2297  7.5802  7.2695  7.1452  6.9141  6.5571  6.5402  6.3178
  59  0.468384  3.6812  4.7524 -0.9656 12.8840 10.9892  9.4708  8.7632  8.4432  8.1435  7.5071  7.2022  7.0801  6.8523  6.5009  6.4844  6.2665
  60  0.472721  3.6848  4.7485 -0.9432 12.6766 10.8101  9.3304  8.6350  8.3538  8.0591  7.4352  7.1356  7.0156  6.7912  6.4452  6.4292  6.2156
  61  0.477032  3.6885  4.7446 -0.9208 12.4639 10.6319  9.1905  8.5074  8.2653  7.9755  7.3642  7.0697  6.9518  6.7305  6.3898  6.3742  6.1651
  62  0.481321  3.6921  4.7406 -0.8986 12.2543 10.4600  9.0547  8.3838  8.1791  7.8943  7.2946  7.0050  6.8890  6.6707  6.3352  6.3200  6.1150
  63  0.485568  3.6957  4.7365 -0.8765 12.0456 10.2919  8.9212  8.2625  8.0944  7.8146  7.2263  6.9412  6.8271  6.6117  6.2811  6.2664  6.0655
  64  0.489742  3.6991  4.7323 -0.8547 11.8423 10.1303  8.7921  8.1454  8.0124  7.7377  7.1602  6.8794  6.7669  6.5543  6.2285  6.2142  6.0172
  65  0.493822  3.7024  4.7281 -0.8335 11.6439  9.9740  8.6662  8.0316  7.9325  7.6629  7.0957  6.8191  6.7082  6.4984  6.1772  6.1633  5.9701
  66  0.497788  3.7056  4.7238 -0.8129 11.4583  9.8277  8.5474  7.9240  7.8566  7.5915  7.0341  6.7614  6.6519  6.4446  6.1277  6.1142  5.9245
  67  0.501598  3.7088  4.7196 -0.7929 11.2820  9.6888  8.4340  7.8214  7.7839  7.5234  6.9752  6.7060  6.5979  6.3930  6.0800  6.0669  5.8805
  68  0.505231  3.7116  4.7153 -0.7738 11.1168  9.5589  8.3274  7.7252  7.7152  7.4591  6.9195  6.6536  6.5466  6.3440  6.0347  6.0218  5.8388
  69  0.508693  3.7145  4.7113 -0.7555 10.9569  9.4337  8.2250  7.6328  7.6492  7.3974  6.8659  6.6032  6.4975  6.2970  5.9913  5.9788  5.7986
  70  0.512010  3.7172  4.7072 -0.7379 10.8064  9.3160  8.1285  7.5459  7.5865  7.3388  6.8152  6.5554  6.4507  6.2522  5.9499  5.9376  5.7602
  71  0.515194  3.7199  4.7033 -0.7207 10.6571  9.1998  8.0342  7.4611  7.5256  7.2818  6.7659  6.5090  6.4054  6.2088  5.9098  5.8978  5.7231
  72  0.518254  3.7223  4.6992 -0.7041 10.5139  9.0891  7.9450  7.3811  7.4677  7.2279  6.7190  6.4647  6.3620  6.1672  5.8712  5.8596  5.6875
  73  0.521212  3.7248  4.6953 -0.6878 10.3711  8.9787  7.8569  7.3020  7.4107  7.1748  6.6730  6.4213  6.3197  6.1268  5.8337  5.8223  5.6527
  74  0.524076  3.7271  4.6911 -0.6722 10.2373  8.8750  7.7739  7.2277  7.3566  7.1241  6.6289  6.3798  6.2790  6.0877  5.7976  5.7863  5.6190
  75  0.526864  3.7294  4.6872 -0.6566 10.1043  8.7718  7.6915  7.1541  7.3029  7.0742  6.5856  6.3388  6.2389  6.0493  5.7620  5.7510  5.5860
  76  0.529587  3.7315  4.6829 -0.6415  9.9804  8.6751  7.6135  7.0843  7.2516  7.0262  6.5437  6.2992  6.2001  6.0121  5.7273  5.7165  5.5536
  77  0.532260  3.7337  4.6788 -0.6264  9.8577  8.5790  7.5360  7.0150  7.2006  6.9787  6.5023  6.2601  6.1618  5.9753  5.6931  5.6826  5.5218
  78  0.534889  3.7358  4.6746 -0.6116  9.7427  8.4881  7.4620  6.9486  7.1512  6.9323  6.4617  6.2217  6.1242  5.9393  5.6596  5.6492  5.4905
  79  0.537485  3.7378  4.6701 -0.5970  9.6311  8.3995  7.3899  6.8840  7.1025  6.8867  6.4218  6.1839  6.0870  5.9036  5.6263  5.6162  5.4595
  80  0.540065  3.7399  4.6657 -0.5824  9.5222  8.3127  7.3194  6.8207  7.0543  6.8415  6.3822  6.1462  6.0501  5.8682  5.5932  5.5832  5.4284
  81  0.542626  3.7418  4.6610 -0.5679  9.4169  8.2282  7.2510  6.7592  7.0071  6.7971  6.3430  6.1091  6.0137  5.8330  5.5604  5.5506  5.3976
  82  0.546307  3.7446  4.6542 -0.5471  9.2676  8.1084  7.1537  6.6719  6.9392  6.7333  6.2868  6.0557  5.9614  5.7827  5.5133  5.5038  5.3535
  83  0.550077  3.7473  4.6470 -0.5256  9.1184  7.9877  7.0557  6.5837  6.8702  6.6682  6.2293  6.0012  5.9079  5.7314  5.4653  5.4561  5.3084
  84  0.553933  3.7501  4.6391 -0.5037  8.9708  7.8679  6.9578  6.4956  6.8002  6.6021  6.1710  5.9457  5.8536  5.6792  5.4164  5.4074  5.2624
  85  0.557852  3.7529  4.6307 -0.4813  8.8241  7.7484  6.8601  6.4076  6.7297  6.5353  6.1116  5.8894  5.7982  5.6259  5.3664  5.3577  5.2154
  86  0.561810  3.7556  4.6220 -0.4587  8.6795  7.6304  6.7637  6.3207  6.6591  6.4685  6.0519  5.8325  5.7423  5.5719  5.3156  5.3072  5.1673
  87  0.565790  3.7583  4.6127 -0.4357  8.5372  7.5138  6.6687  6.2351  6.5887  6.4016  5.9917  5.7749  5.6856  5.5172  5.2640  5.2558  5.1183
  88  0.569780  3.7609  4.6031 -0.4125  8.3980  7.3991  6.5755  6.1510  6.5183  6.3346  5.9312  5.7170  5.6287  5.4621  5.2118  5.2039  5.0687
  89  0.573761  3.7634  4.5930 -0.3892  8.2614  7.2862  6.4837  6.0683  6.4480  6.2674  5.8705  5.6588  5.5715  5.4066  5.1593  5.1516  5.0187
  90  0.577713  3.7660  4.5826 -0.3658  8.1276  7.1751  6.3935  5.9870  6.3779  6.2005  5.8097  5.6005  5.5140  5.3510  5.1066  5.0991  4.9684
  91  0.581619  3.7685  4.5721 -0.3424  7.9960  7.0657  6.3045  5.9068  6.3080  6.1336  5.7490  5.5422  5.4566  5.2955  5.0538  5.0465  4.9182
  92  0.585460  3.7709  4.5613 -0.3189  7.8682  6.9590  6.2172  5.8282  6.2389  6.0672  5.6884  5.4841  5.3994  5.2399  5.0011  4.9940  4.8677
  93  0.589219  3.7733  4.5502 -0.2956  7.7439  6.8548  6.1318  5.7512  6.1704  6.0014  5.6283  5.4263  5.3424  5.1847  4.9485  4.9416  4.8175
  94  0.592877  3.7756  4.5391 -0.2725  7.6221  6.7525  6.0479  5.6756  6.1025  5.9363  5.5687  5.3690  5.2859  5.1299  4.8964  4.8897  4.7676
  95  0.596427  3.7779  4.5278 -0.2495  7.5040  6.6531  5.9661  5.6017  6.0355  5.8718  5.5096  5.3122  5.2300  5.0756  4.8447  4.8382  4.7181
  96  0.599862  3.7801  4.5165 -0.2267  7.3895  6.5561  5.8866  5.5296  5.9695  5.8082  5.4511  5.2559  5.1745  5.0218  4.7935  4.7871  4.6691
  97  0.603186  3.7822  4.5050 -0.2042  7.2783  6.4618  5.8092  5.4592  5.9043  5.7454  5.3932  5.2002  5.1196  4.9685  4.7426  4.7365  4.6203
  98  0.606396  3.7844  4.4935 -0.1819  7.1705  6.3702  5.7341  5.3904  5.8401  5.6833  5.3358  5.1451  5.0654  4.9157  4.6923  4.6863  4.5719
  99  0.609501  3.7864  4.4816 -0.1597  7.0672  6.2819  5.6618  5.3234  5.7768  5.6220  5.2790  5.0905  5.0116  4.8633  4.6423  4.6365  4.5239
 100  0.612499  3.7883  4.4697 -0.1378  6.9672  6.1960  5.5912  5.2580  5.7145  5.5616  5.2228  5.0364  4.9583  4.8115  4.5927  4.5869  4.4761
 101  0.615395  3.7902  4.4576 -0.1162  6.8703  6.1129  5.5221  5.1944  5.6530  5.5020  5.1672  4.9828  4.9054  4.7600  4.5433  4.5378  4.4285
 102  0.618193  3.7920  4.4454 -0.0947  6.7770  6.0324  5.4545  5.1325  5.5926  5.4433  5.1124  4.9298  4.8530  4.7088  4.4942  4.4889  4.3811
 103  0.620894  3.7938  4.4330 -0.0735  6.6866  5.9541  5.3879  5.0723  5.5331  5.3855  5.0582  4.8771  4.8010  4.6582  4.4455  4.4402  4.3340
 104  0.623503  3.7954  4.4203 -0.0524  6.5983  5.8774  5.3221  5.0130  5.4743  5.3282  5.0047  4.8252  4.7497  4.6080  4.3973  4.3921  4.2872
 105  0.626026  3.7970  4.4076 -0.0315  6.5118  5.8022  5.2572  4.9545  5.4161  5.2716  4.9518  4.7739  4.6990  4.5585  4.3496  4.3446  4.2411
 106  0.628466  3.7985  4.3946 -0.0109  6.4278  5.7287  5.1937  4.8969  5.3586  5.2157  4.8995  4.7231  4.6487  4.5095  4.3024  4.2975  4.1952
 107  0.630832  3.7999  4.3814  0.0097  6.3465  5.6575  5.1317  4.8406  5.3017  5.1603  4.8475  4.6724  4.5986  4.4606  4.2553  4.2504  4.1493
 108  0.633128  3.8013  4.3681  0.0300  6.2674  5.5879  5.0713  4.7850  5.2454  5.1054  4.7957  4.6222  4.5491  4.4121  4.2084  4.2038  4.1037
 109  0.635362  3.8025  4.3545  0.0502  6.1912  5.5206  5.0126  4.7307  5.1899  5.0511  4.7444  4.5723  4.4996  4.3636  4.1616  4.1569  4.0580
 110  0.637543  3.8037  4.3407  0.0702  6.1174  5.4551  4.9551  4.6772  5.1349  4.9973  4.6933  4.5225  4.4503  4.3154  4.1148  4.1102  4.0123
 111  0.639678  3.8049  4.3268  0.0901  6.0458  5.3912  4.8989  4.6247  5.0804  4.9440  4.6425  4.4730  4.4013  4.2673  4.0680  4.0635  3.9666
 112  0.640368  3.8053  4.3222  0.0966  6.0228  5.3707  4.8808  4.6078  5.0628  4.9267  4.6260  4.4569  4.3853  4.2515  4.0527  4.0483  3.9517
 113  0.641057  3.8056  4.3175  0.1032  5.9995  5.3497  4.8624  4.5906  5.0448  4.9091  4.6092  4.4405  4.3691  4.2355  4.0372  4.0329  3.9365
 114  0.641743  3.8060  4.3129  0.1098  5.9759  5.3286  4.8438  4.5732  5.0268  4.8914  4.5924  4.4240  4.3527  4.2195  4.0217  4.0174  3.9214
 115  0.642427  3.8064  4.3083  0.1167  5.9509  5.3064  4.8245  4.5553  5.0080  4.8731  4.5750  4.4071  4.3360  4.2031  4.0058  4.0016  3.9058
 116  0.643109  3.8068  4.3036  0.1235  5.9258  5.2842  4.8052  4.5373  4.9893  4.8548  4.5577  4.3902  4.3193  4.1868  3.9899  3.9857  3.8903
 117  0.643790  3.8073  4.2990  0.1304  5.8998  5.2613  4.7853  4.5190  4.9702  4.8361  4.5399  4.3730  4.3022  4.1701  3.9739  3.9696  3.8747
 118  0.644471  3.8078  4.2943  0.1374  5.8734  5.2381  4.7653  4.5005  4.9507  4.8171  4.5220  4.3556  4.2851  4.1533  3.9576  3.9534  3.8589
 119  0.645148  3.8083  4.2896  0.1445  5.8471  5.2150  4.7452  4.4821  4.9312  4.7980  4.5038  4.3380  4.2676  4.1362  3.9411  3.9369  3.8427
 120  0.645823  3.8087  4.2847  0.1517  5.8206  5.1916  4.7249  4.4634  4.9114  4.7786  4.4855  4.3201  4.2500  4.1189  3.9244  3.9203  3.8265
 121  0.646494  3.8092  4.2797  0.1589  5.7945  5.1684  4.7048  4.4448  4.8915  4.7591  4.4670  4.3021  4.2321  4.1014  3.9074  3.9032  3.8098
 122  0.647162  3.8096  4.2743  0.1663  5.7687  5.1456  4.6844  4.4259  4.8714  4.7394  4.4483  4.2837  4.2139  4.0835  3.8900  3.8859  3.7928
 123  0.647825  3.8099  4.2687  0.1738  5.7436  5.1230  4.6643  4.4070  4.8513  4.7196  4.4292  4.2650  4.1954  4.0653  3.8722  3.8681  3.7753
 124  0.648484  3.8102  4.2627  0.1814  5.7191  5.1006  4.6442  4.3880  4.8309  4.6997  4.4099  4.2461  4.1765  4.0467  3.8540  3.8499  3.7573
 125  0.649137  3.8105  4.2564  0.1891  5.6949  5.0785  4.6240  4.3688  4.8104  4.6794  4.3903  4.2267  4.1574  4.0278  3.8354  3.8313  3.7390
 126  0.649784  3.8107  4.2500  0.1969  5.6708  5.0562  4.6036  4.3495  4.7897  4.6589  4.3704  4.2071  4.1379  4.0085  3.8165  3.8124  3.7203
 127  0.650429  3.8109  4.2434  0.2048  5.6467  5.0340  4.5832  4.3300  4.7688  4.6383  4.3504  4.1874  4.1182  3.9890  3.7973  3.7933  3.7013
 128  0.651068  3.8112  4.2368  0.2129  5.6226  5.0117  4.5626  4.3104  4.7477  4.6175  4.3301  4.1675  4.0984  3.9693  3.7780  3.7739  3.6821
 129  0.651704  3.8113  4.2299  0.2210  5.5987  4.9895  4.5421  4.2907  4.7266  4.5966  4.3098  4.1473  4.0783  3.9495  3.7583  3.7545  3.6627
 130  0.652336  3.8116  4.2229  0.2290  5.5751  4.9674  4.5215  4.2709  4.7053  4.5755  4.2892  4.1270  4.0581  3.9294  3.7386  3.7346  3.6431
 131  0.652963  3.8117  4.2158  0.2373  5.5516  4.9454  4.5008  4.2510  4.6839  4.5543  4.2684  4.1064  4.0376  3.9091  3.7184  3.7144  3.6230
 132  0.653584  3.8119  4.2084  0.2456  5.5285  4.9235  4.4802  4.2310  4.6623  4.5328  4.2474  4.0856  4.0168  3.8884  3.6981  3.6940  3.6027
 133  0.654199  3.8120  4.2008  0.2541  5.5057  4.9018  4.4594  4.2109  4.6406  4.5114  4.2262  4.0646  3.9959  3.8675  3.6773  3.6734  3.5821
 134  0.654806  3.8120  4.1929  0.2625  5.4836  4.8806  4.4389  4.1907  4.6188  4.4897  4.2048  4.0432  3.9746  3.8464  3.6562  3.6522  3.5610
 135  0.655408  3.8120  4.1846  0.2710  5.4621  4.8595  4.4183  4.1704  4.5971  4.4680  4.1832  4.0216  3.9530  3.8249  3.6348  3.6307  3.5395
 136  0.656001  3.8120  4.1762  0.2797  5.4410  4.8387  4.3977  4.1501  4.5752  4.4460  4.1613  3.9999  3.9312  3.8030  3.6130  3.6089  3.5176
 137  0.656586  3.8119  4.1676  0.2885  5.4202  4.8180  4.3771  4.1295  4.5530  4.4240  4.1393  3.9778  3.9092  3.7810  3.5908  3.5869  3.4955
 138  0.657164  3.8117  4.1587  0.2973  5.4000  4.7977  4.3566  4.1089  4.5309  4.4018  4.1170  3.9554  3.8868  3.7586  3.5685  3.5644  3.4728
 139  0.657734  3.8116  4.1495  0.3063  5.3805  4.7777  4.3361  4.0883  4.5087  4.3795  4.0945  3.9329  3.8642  3.7359  3.5456  3.5415  3.4498
 140  0.658292  3.8114  4.1400  0.3153  5.3617  4.7581  4.3157  4.0675  4.4864  4.3571  4.0719  3.9101  3.8414  3.7129  3.5223  3.5184  3.4264
 141  0.658843  3.8112  4.1302  0.3245  5.3434  4.7388  4.2953  4.0467  4.4640  4.3346  4.0490  3.8869  3.8182  3.6896  3.4988  3.4947  3.4026
 142  0.659382  3.8108  4.1200  0.3337  5.3261  4.7200  4.2752  4.0258  4.4417  4.3120  4.0259  3.8636  3.7947  3.6659  3.4748  3.4707  3.3783
 143  0.659912  3.8104  4.1096  0.3429  5.3096  4.7017  4.2551  4.0049  4.4193  4.2894  4.0027  3.8401  3.7710  3.6420  3.4504  3.4464  3.3536
 144  0.660429  3.8100  4.0987  0.3523  5.2942  4.6841  4.2353  3.9839  4.3968  4.2667  3.9792  3.8162  3.7470  3.6176  3.4257  3.4215  3.3284
 145  0.660936  3.8095  4.0875  0.3618  5.2799  4.6670  4.2156  3.9630  4.3746  4.2440  3.9556  3.7921  3.7227  3.5930  3.4005  3.3963  3.3027
 146  0.661430  3.8089  4.0760  0.3714  5.2667  4.6507  4.1963  3.9422  4.3523  4.2212  3.9319  3.7678  3.6982  3.5681  3.3749  3.3707  3.2766
 147  0.661912  3.8082  4.0640  0.3811  5.2548  4.6352  4.1772  3.9214  4.3301  4.1985  3.9079  3.7432  3.6733  3.5428  3.3490  3.3446  3.2500
 148  0.662380  3.8075  4.0516  0.3908  5.2435  4.6200  4.1583  3.9006  4.3080  4.1758  3.8839  3.7185  3.6484  3.5173  3.3226  3.3183  3.2230
 149  0.662837  3.8067  4.0388  0.4006  5.2333  4.6055  4.1397  3.8800  4.2860  4.1531  3.8599  3.6937  3.6233  3.4916  3.2961  3.2916  3.1956
 150  0.663279  3.8057  4.0255  0.4104  5.2247  4.5922  4.1217  3.8597  4.2641  4.1306  3.8357  3.6686  3.5979  3.4656  3.2691  3.2646  3.1677
 151  0.663708  3.8047  4.0115  0.4204  5.2185  4.5804  4.1044  3.8398  4.2427  4.1083  3.8115  3.6436  3.5724  3.4394  3.2416  3.2370  3.1394
 152  0.664122  3.8034  3.9968  0.4303  5.2153  4.5706  4.0882  3.8205  4.2217  4.0864  3.7874  3.6183  3.5469  3.4128  3.2138  3.2091  3.1103
 153  0.664523  3.8020  3.9814  0.4404  5.2144  4.5625  4.0727  3.8018  4.2011  4.0647  3.7634  3.5930  3.5211  3.3862  3.1856  3.1807  3.0807
 154  0.664909  3.8004  3.9654  0.4504  5.2165  4.5565  4.0584  3.7836  4.1810  4.0435  3.7394  3.5678  3.4952  3.3593  3.1570  3.1520  3.0507
 155  0.665281  3.7986  3.9484  0.4604  5.2234  4.5536  4.0456  3.7664  4.1618  4.0228  3.7156  3.5423  3.4693  3.3321  3.1278  3.1229  3.0199
 156  0.665639  3.7967  3.9312  0.4705  5.2320  4.5519  4.0334  3.7496  4.1427  4.0024  3.6918  3.5169  3.4432  3.3048  3.0985  3.0933  2.9888
 157  0.665985  3.7947  3.9132  0.4806  5.2451  4.5530  4.0229  3.7337  4.1245  3.9824  3.6682  3.4914  3.4171  3.2772  3.0687  3.0634  2.9571
 158  0.666318  3.7926  3.8947  0.4907  5.2612  4.5564  4.0136  3.7187  4.1067  3.9630  3.6446  3.4660  3.3909  3.2496  3.0387  3.0331  2.9250
 159  0.666636  3.7903  3.8758  0.5008  5.2797  4.5613  4.0053  3.7044  4.0895  3.9438  3.6212  3.4406  3.3647  3.2217  3.0084  3.0028  2.8927
 160  0.666941  3.7881  3.8566  0.5108  5.3016  4.5685  3.9985  3.6910  4.0728  3.9250  3.5979  3.4151  3.3384  3.1940  2.9780  2.9721  2.8601
 161  0.667233  3.7854  3.8362  0.5209  5.3313  4.5810  3.9945  3.6796  4.0577  3.9075  3.5751  3.3898  3.3123  3.1659  2.9470  2.9409  2.8266
 162  0.667499  3.7823  3.8147  0.5304  5.3754  4.6035  3.9967  3.6725  4.0464  3.8932  3.5544  3.3661  3.2874  3.1387  2.9164  2.9100  2.7929
 163  0.667763  3.7794  3.7932  0.5400  5.4195  4.6260  3.9986  3.6653  4.0344  3.8781  3.5329  3.3416  3.2618  3.1109  2.8851  2.8785  2.7587
 164  0.668024  3.7765  3.7719  0.5500  5.4597  4.6458  3.9991  3.6573  4.0211  3.8621  3.5108  3.3167  3.2359  3.0829  2.8538  2.8469  2.7246
 165  0.668282  3.7736  3.7505  0.5602  5.4975  4.6641  3.9989  3.6491  4.0069  3.8451  3.4881  3.2913  3.2095  3.0546  2.8222  2.8151  2.6903
 166  0.668537  3.7711  3.7299  0.5708  5.5316  4.6798  3.9974  3.6402  3.9914  3.8270  3.4644  3.2650  3.1823  3.0256  2.7902  2.7828  2.6558
 167  0.668789  3.7685  3.7093  0.5816  5.5668  4.6961  3.9965  3.6319  3.9757  3.8085  3.4400  3.2380  3.1543  2.9957  2.7573  2.7497  2.6203
 168  0.669035  3.7661  3.6885  0.5928  5.6028  4.7128  3.9953  3.6232  3.9593  3.7892  3.4149  3.2102  3.1256  2.9650  2.7235  2.7158  2.5841
 169  0.669274  3.7637  3.6673  0.6045  5.6376  4.7280  3.9929  3.6134  3.9414  3.7686  3.3886  3.1815  3.0960  2.9336  2.6893  2.6813  2.5474
 170  0.669508  3.7614  3.6461  0.6167  5.6681  4.7399  3.9879  3.6014  3.9216  3.7461  3.3610  3.1517  3.0654  2.9014  2.6543  2.6462  2.5102
 171  0.669734  3.7594  3.6252  0.6293  5.6934  4.7478  3.9801  3.5873  3.8995  3.7217  3.3320  3.1206  3.0337  2.8681  2.6188  2.6105  2.4724
 172  0.669952  3.7574  3.6045  0.6425  5.7141  4.7521  3.9699  3.5712  3.8758  3.6957  3.3016  3.0884  3.0009  2.8339  2.5823  2.5738  2.4340
 173  0.670161  3.7556  3.5837  0.6561  5.7306  4.7531  3.9574  3.5533  3.8503  3.6681  3.2699  3.0550  2.9669  2.7987  2.5451  2.5364  2.3949
 174  0.670361  3.7539  3.5633  0.6701  5.7427  4.7510  3.9427  3.5336  3.8233  3.6390  3.2371  3.0207  2.9321  2.7628  2.5072  2.4984  2.3553
 175  0.670554  3.7524  3.5430  0.6845  5.7502  4.7453  3.9256  3.5121  3.7948  3.6086  3.2034  2.9855  2.8964  2.7260  2.4687  2.4597  2.3152
 176  0.670740  3.7510  3.5230  0.6991  5.7534  4.7362  3.9061  3.4887  3.7647  3.5770  3.1687  2.9496  2.8600  2.6887  2.4299  2.4209  2.2750
 177  0.670922  3.7498  3.5033  0.7140  5.7527  4.7244  3.8849  3.4639  3.7335  3.5444  3.1333  2.9131  2.8230  2.6509  2.3907  2.3815  2.2345
 178  0.671096  3.7486  3.4836  0.7291  5.7503  4.7111  3.8626  3.4382  3.7017  3.5111  3.0973  2.8760  2.7857  2.6128  2.3512  2.3419  2.1937
 179  0.671266  3.7476  3.4641  0.7443  5.7448  4.6955  3.8388  3.4114  3.6691  3.4772  3.0608  2.8385  2.7479  2.5741  2.3114  2.3020  2.1528
 180  0.671433  3.7466  3.4451  0.7595  5.7371  4.6784  3.8141  3.3836  3.6359  3.4427  3.0241  2.8008  2.7098  2.5354  2.2715  2.2619  2.1117
 181  0.671597  3.7456  3.4260  0.7751  5.7271  4.6595  3.7882  3.3551  3.6021  3.4077  2.9870  2.7628  2.6715  2.4964  2.2314  2.2218  2.0707
 182  0.671743  3.7449  3.4091  0.7890  5.7169  4.6416  3.7642  3.3290  3.5713  3.3760  2.9533  2.7283  2.6367  2.4611  2.1950  2.1853  2.0335
 183  0.671888  3.7442  3.3921  0.8031  5.7054  4.6227  3.7396  3.3022  3.5400  3.3436  2.9191  2.6933  2.6014  2.4253  2.1583  2.1486  1.9960
 184  0.672032  3.7435  3.3751  0.8175  5.6919  4.6024  3.7139  3.2745  3.5079  3.3105  2.8843  2.6577  2.5657  2.3890  2.1212  2.1114  1.9581
 185  0.672177  3.7428  3.3580  0.8320  5.6779  4.5814  3.6876  3.2464  3.4755  3.2773  2.8493  2.6220  2.5297  2.3524  2.0838  2.0739  1.9200
 186  0.672321  3.7422  3.3409  0.8467  5.6623  4.5593  3.6605  3.2175  3.4422  3.2432  2.8137  2.5858  2.4932  2.3154  2.0460  2.0360  1.8815
 187  0.672464  3.7416  3.3238  0.8615  5.6452  4.5360  3.6326  3.1878  3.4084  3.2086  2.7776  2.5491  2.4563  2.2781  2.0080  1.9979  1.8428
 188  0.672607  3.7410  3.3066  0.8764  5.6282  4.5125  3.6042  3.1579  3.3744  3.1737  2.7412  2.5121  2.4191  2.2404  1.9695  1.9594  1.8037
 189  0.672748  3.7404  3.2891  0.8917  5.6099  4.4882  3.5753  3.1272  3.3396  3.1382  2.7042  2.4745  2.3813  2.2023  1.9306  1.9205  1.7641
 190  0.672890  3.7399  3.2716  0.9071  5.5906  4.4628  3.5453  3.0958  3.3042  3.1020  2.6667  2.4364  2.3430  2.1636  1.8912  1.8811  1.7241
 191  0.673029  3.7393  3.2539  0.9227  5.5710  4.4370  3.5151  3.0639  3.2681  3.0652  2.6287  2.3977  2.3042  2.1243  1.8513  1.8411  1.6835
 192  0.673168  3.7388  3.2361  0.9385  5.5504  4.4105  3.4841  3.0314  3.2316  3.0280  2.5902  2.3587  2.2649  2.0847  1.8111  1.8007  1.6427
 193  0.673308  3.7382  3.2180  0.9546  5.5289  4.3830  3.4522  2.9980  3.1944  2.9900  2.5509  2.3189  2.2251  2.0444  1.7701  1.7598  1.6011
 194  0.673443  3.7377  3.1994  0.9712  5.5069  4.3548  3.4194  2.9638  3.1558  2.9508  2.5104  2.2781  2.1840  2.0029  1.7280  1.7176  1.5583
 195  0.673578  3.7371  3.1803  0.9881  5.4844  4.3258  3.3857  2.9284  3.1163  2.9106  2.4690  2.2359  2.1417  1.9603  1.6847  1.6742  1.5145
 196  0.673710  3.7366  3.1610  1.0055  5.4599  4.2953  3.3507  2.8920  3.0758  2.8693  2.4265  2.1931  2.0987  1.9169  1.6407  1.6302  1.4699
 197  0.673841  3.7361  3.1412  1.0232  5.4356  4.2644  3.3151  2.8548  3.0343  2.8271  2.3831  2.1491  2.0546  1.8723  1.5956  1.5850  1.4241
 198  0.673968  3.7356  3.1207  1.0416  5.4113  4.2331  3.2786  2.8167  2.9916  2.7837  2.3383  2.1037  2.0090  1.8265  1.5490  1.5383  1.3769
 199  0.674093  3.7350  3.0998  1.0605  5.3857  4.2003  3.2408  2.7772  2.9476  2.7389  2.2923  2.0573  1.9623  1.7794  1.5012  1.4905  1.3285
 200  0.674215  3.7344  3.0781  1.0798  5.3599  4.1669  3.2018  2.7366  2.9023  2.6928  2.2448  2.0092  1.9142  1.7308  1.4520  1.4412  1.2786
 201  0.674332  3.7338  3.0559  1.0997  5.3338  4.1330  3.1621  2.6951  2.8557  2.6454  2.1960  1.9599  1.8647  1.6808  1.4014  1.3905  1.2272
 202  0.674447  3.7332  3.0332  1.1202  5.3068  4.0980  3.1212  2.6524  2.8080  2.5969  2.1461  1.9094  1.8140  1.6298  1.3496  1.3386  1.1749
 203  0.674558  3.7326  3.0098  1.1411  5.2802  4.0627  3.0797  2.6090  2.7594  2.5474  2.0952  1.8579  1.7622  1.5776  1.2967  1.2857  1.1212
 204  0.674667  3.7320  2.9861  1.1622  5.2540  4.0274  3.0378  2.5652  2.7100  2.4971  2.0434  1.8055  1.7097  1.5246  1.2429  1.2319  1.0666
 205  0.674773  3.7312  2.9617  1.1839  5.2293  3.9928  2.9959  2.5211  2.6600  2.4461  1.9906  1.7521  1.6561  1.4705  1.1879  1.1768  1.0109
 206  0.674876  3.7305  2.9368  1.2060  5.2045  3.9576  2.9534  2.4762  2.6091  2.3942  1.9371  1.6978  1.6016  1.4156  1.1321  1.1209  0.9541
 207  0.674975  3.7297  2.9114  1.2283  5.1802  3.9224  2.9104  2.4309  2.5576  2.3416  1.8826  1.6426  1.5461  1.3596  1.0752  1.0640  0.8965
 208  0.675072  3.7290  2.8858  1.2510  5.1564  3.8872  2.8671  2.3852  2.5054  2.2882  1.8273  1.5867  1.4899  1.3028  1.0176  1.0063  0.8379
 209  0.675165  3.7282  2.8596  1.2741  5.1338  3.8524  2.8238  2.3391  2.4526  2.2342  1.7714  1.5299  1.4329  1.2452  0.9590  0.9475  0.7783
 210  0.675256  3.7274  2.8330  1.2975  5.1110  3.8172  2.7799  2.2925  2.3991  2.1796  1.7146  1.4723  1.3751  1.1869  0.8995  0.8881  0.7181
 211  0.675342  3.7265  2.8061  1.3211  5.0895  3.7826  2.7359  2.2459  2.3453  2.1244  1.6572  1.4140  1.3166  1.1277  0.8393  0.8277  0.6568
 212  0.675427  3.7257  2.7788  1.3452  5.0686  3.7480  2.6918  2.1988  2.2908  2.0686  1.5992  1.3551  1.2573  1.0679  0.7785  0.7667  0.5949
 213  0.675507  3.7248  2.7511  1.3693  5.0483  3.7135  2.6475  2.1515  2.2360  2.0124  1.5405  1.2955  1.1975  1.0073  0.7168  0.7050  0.5322
 214  0.675585  3.7240  2.7232  1.3937  5.0281  3.6791  2.6030  2.1039  2.1807  1.9556  1.4813  1.2353  1.1370  0.9462  0.6546  0.6427  0.4689
 215  0.675659  3.7230  2.6950  1.4185  5.0073  3.6442  2.5581  2.0559  2.1250  1.8985  1.4215  1.1746  1.0759  0.8844  0.5917  0.5796  0.4049
 216  0.675731  3.7222  2.6664  1.4434  4.9872  3.6096  2.5133  2.0077  2.0690  1.8409  1.3614  1.1134  1.0144  0.8221  0.5282  0.5161  0.3404
 217  0.675742  3.7220  2.6615  1.4477  4.9840  3.6037  2.5056  1.9995  2.0595  1.8310  1.3510  1.1029  1.0038  0.8114  0.5172  0.5051  0.3293
 218  0.675755  3.7218  2.6566  1.4520  4.9809  3.5980  2.4980  1.9914  2.0498  1.8212  1.3407  1.0923  0.9932  0.8008  0.5063  0.4942  0.3182
 219  0.675767  3.7217  2.6517  1.4564  4.9773  3.5919  2.4902  1.9829  2.0401  1.8111  1.3303  1.0817  0.9826  0.7900  0.4954  0.4832  0.3070
 220  0.675779  3.7215  2.6467  1.4607  4.9741  3.5860  2.4825  1.9746  2.0304  1.8012  1.3197  1.0711  0.9719  0.7791  0.4844  0.4722  0.2958
 221  0.675790  3.7214  2.6417  1.4651  4.9709  3.5801  2.4746  1.9663  2.0207  1.7912  1.3093  1.0605  0.9612  0.7683  0.4733  0.4611  0.2845
 222  0.675802  3.7212  2.6366  1.4694  4.9676  3.5742  2.4669  1.9580  2.0109  1.7812  1.2988  1.0497  0.9504  0.7574  0.4622  0.4500  0.2732
 223  0.675814  3.7210  2.6316  1.4738  4.9644  3.5683  2.4591  1.9497  2.0011  1.7711  1.2882  1.0390  0.9395  0.7464  0.4509  0.4387  0.2619
 224  0.675825  3.7208  2.6266  1.4782  4.9611  3.5623  2.4513  1.9412  1.9913  1.7609  1.2776  1.0282  0.9287  0.7355  0.4398  0.4275  0.2505
 225  0.675836  3.7207  2.6215  1.4826  4.9578  3.5563  2.4434  1.9327  1.9813  1.7507  1.2669  1.0173  0.9178  0.7244  0.4285  0.4163  0.2390
 226  0.675847  3.7205  2.6164  1.4870  4.9544  3.5501  2.4354  1.9241  1.9713  1.7404  1.2562  1.0064  0.9069  0.7133  0.4172  0.4050  0.2275
 227  0.675959  3.7188  2.5645  1.5323  4.9221  3.4897  2.3553  1.8379  1.8702  1.6364  1.1472  0.8955  0.7954  0.6005  0.3022  0.2897  0.1104
 228  0.676059  3.7171  2.5130  1.5769  4.8962  3.4335  2.2785  1.7548  1.7714  1.5347  1.0401  0.7865  0.6857  0.4894  0.1887  0.1761 -0.0052
 229  0.676149  3.7154  2.4627  1.6202  4.8758  3.3817  2.2056  1.6754  1.6763  1.4363  0.9364  0.6807  0.5793  0.3816  0.0785  0.0656 -0.1176
 230  0.676233  3.7135  2.4111  1.6644  4.8622  3.3337  2.1340  1.5967  1.5806  1.3371  0.8312  0.5733  0.4713  0.2720 -0.0337 -0.0468 -0.2322
 231  0.676310  3.7115  2.3582  1.7094  4.8551  3.2891  2.0633  1.5184  1.4838  1.2365  0.7243  0.4640  0.3612  0.1604 -0.1482 -0.1615 -0.3491
 232  0.676381  3.7095  2.3053  1.7543  4.8545  3.2491  1.9952  1.4426  1.3883  1.1371  0.6182  0.3555  0.2518  0.0492 -0.2621 -0.2757 -0.4656
 233  0.676444  3.7074  2.2522  1.7991  4.8599  3.2151  1.9302  1.3692  1.2941  1.0387  0.5127  0.2472  0.1428 -0.0615 -0.3760 -0.3899 -0.5821
 234  0.676502  3.7053  2.1990  1.8439  4.8693  3.1844  1.8669  1.2976  1.2006  0.9408  0.4076  0.1395  0.0341 -0.1721 -0.4896 -0.5037 -0.6985
 235  0.676554  3.7034  2.1496  1.8857  4.8795  3.1540  1.8076  1.2304  1.1135  0.8495  0.3095  0.0389 -0.0673 -0.2752 -0.5956 -0.6099 -0.8069
 236  0.676603  3.7015  2.1019  1.9259  4.8927  3.1269  1.7519  1.1671  1.0303  0.7622  0.2155 -0.0577 -0.1646 -0.3741 -0.6974 -0.7119 -0.9112
 237  0.676647  3.6997  2.0553  1.9652  4.9076  3.1016  1.6982  1.1057  0.9491  0.6770  0.1235 -0.1520 -0.2597 -0.4709 -0.7969 -0.8116 -1.0131
 238  0.676687  3.6980  2.0145  1.9996  4.9226  3.0802  1.6516  1.0524  0.8780  0.6022  0.0429 -0.2348 -0.3431 -0.5558 -0.8842 -0.8991 -1.1025
 239  0.676725  3.6969  1.9822  2.0271  4.9317  3.0597  1.6125  1.0080  0.8202  0.5416 -0.0219 -0.3013 -0.4101 -0.6238 -0.9540 -0.9691 -1.1739
 240  0.676763  3.6957  1.9489  2.0557  4.9430  3.0392  1.5725  0.9625  0.7606  0.4792 -0.0892 -0.3703 -0.4795 -0.6944 -1.0265 -1.0416 -1.2479
 241  0.676797  3.6937  1.9018  2.0945  4.9750  3.0287  1.5275  0.9093  0.6842  0.3978 -0.1784 -0.4624 -0.5725 -0.7894 -1.1247 -1.1401 -1.3490
 242  0.676829  3.6914  1.8522  2.1352  5.0109  3.0230  1.4831  0.8562  0.6055  0.3137 -0.2711 -0.5583 -0.6694 -0.8884 -1.2272 -1.2429 -1.4546
 243  0.676859  3.6893  1.8055  2.1735  5.0446  3.0206  1.4431  0.8079  0.5323  0.2353 -0.3579 -0.6482 -0.7603 -0.9813 -1.3236 -1.3397 -1.5541
 244  0.676886  3.6875  1.7654  2.2065  5.0690  3.0189  1.4089  0.7668  0.4695  0.1678 -0.4325 -0.7254 -0.8384 -1.0612 -1.4064 -1.4228 -1.6395
 245  0.676912  3.6860  1.7336  2.2325  5.0874  3.0201  1.3841  0.7364  0.4212  0.1158 -0.4905 -0.7856 -0.8993 -1.1236 -1.4713 -1.4877 -1.7065
 246  0.676936  3.6843  1.6936  2.2655  5.1054  3.0198  1.3504  0.6959  0.3588  0.0486 -0.5650 -0.8630 -0.9776 -1.2036 -1.5542 -1.5710 -1.7920
 247  0.676959  3.6822  1.6456  2.3049  5.1333  3.0266  1.3145  0.6513  0.2862 -0.0298 -0.6532 -0.9549 -1.0705 -1.2989 -1.6534 -1.6704 -1.8943
 248  0.676980  3.6799  1.5963  2.3453  5.1621  3.0367  1.2796  0.6072  0.2128 -0.1098 -0.7434 -1.0490 -1.1657 -1.3966 -1.7551 -1.7723 -1.9992
 249  0.677000  3.6776  1.5467  2.3857  5.1920  3.0521  1.2478  0.5660  0.1406 -0.1887 -0.8330 -1.1425 -1.2605 -1.4939 -1.8564 -1.8740 -2.1039
 250  0.677017  3.6754  1.4978  2.4254  5.2212  3.0711  1.2187  0.5276  0.0707 -0.2655 -0.9205 -1.2340 -1.3533 -1.5892 -1.9559 -1.9738 -2.2068
 251  0.677032  3.6731  1.4510  2.4634  5.2494  3.0932  1.1931  0.4931  0.0048 -0.3381 -1.0038 -1.3212 -1.4416 -1.6800 -2.0507 -2.0689 -2.3049
 252  0.677047  3.6709  1.4048  2.5006  5.2797  3.1211  1.1717  0.4629 -0.0578 -0.4078 -1.0844 -1.4059 -1.5274 -1.7685 -2.1433 -2.1618 -2.4009
 253  0.677061  3.6686  1.3600  2.5364  5.3091  3.1526  1.1538  0.4366 -0.1167 -0.4738 -1.1612 -1.4868 -1.6095 -1.8532 -2.2322 -2.2510 -2.4933
 254  0.677073  3.6664  1.3159  2.5717  5.3380  3.1864  1.1378  0.4127 -0.1738 -0.5381 -1.2364 -1.5661 -1.6901 -1.9364 -2.3196 -2.3388 -2.5842
 255  0.677085  3.6642  1.2722  2.6065  5.3663  3.2229  1.1241  0.3912 -0.2291 -0.6007 -1.3101 -1.6440 -1.7692 -2.0182 -2.4057 -2.4252 -2.6738
 256  0.677096  3.6621  1.2299  2.6403  5.3934  3.2612  1.1129  0.3728 -0.2814 -0.6603 -1.3807 -1.7188 -1.8451 -2.0968 -2.4885 -2.5083 -2.7601
 257  0.677105  3.6600  1.1880  2.6737  5.4210  3.3017  1.1036  0.3565 -0.3323 -0.7185 -1.4500 -1.7924 -1.9200 -2.1744 -2.5705 -2.5906 -2.8456
 258  0.677112  3.6578  1.1469  2.7062  5.4478  3.3445  1.0966  0.3430 -0.3807 -0.7743 -1.5170 -1.8638 -1.9926 -2.2497 -2.6500 -2.6705 -2.9288
 259  0.677120  3.6557  1.1065  2.7382  5.4733  3.3885  1.0915  0.3315 -0.4269 -0.8282 -1.5823 -1.9335 -2.0635 -2.3235 -2.7280 -2.7488 -3.0103
 260  0.677129  3.6536  1.0669  2.7695  5.4981  3.4349  1.0888  0.3228 -0.4704 -0.8797 -1.6454 -2.0011 -2.1325 -2.3953 -2.8041 -2.8252 -3.0900
 261  0.677135  3.6515  1.0276  2.8002  5.5214  3.4836  1.0887  0.3169 -0.5118 -0.9291 -1.7069 -2.0673 -2.1999 -2.4657 -2.8788 -2.9004 -3.1684
 262  0.677142  3.6494  0.9894  2.8303  5.5416  3.5328  1.0899  0.3128 -0.5508 -0.9764 -1.7662 -2.1313 -2.2652 -2.5340 -2.9514 -2.9733 -3.2447
 263  0.677148  3.6474  0.9516  2.8598  5.5588  3.5825  1.0923  0.3102 -0.5880 -1.0219 -1.8240 -2.1938 -2.3291 -2.6007 -3.0226 -3.0449 -3.3195
 264  0.677155  3.6454  0.9144  2.8888  5.5750  3.6348  1.0971  0.3104 -0.6229 -1.0653 -1.8801 -2.2549 -2.3915 -2.6661 -3.0924 -3.1150 -3.3930
 265  0.677160  3.6432  0.8777  2.9172  5.5894  3.6898  1.1044  0.3133 -0.6552 -1.1064 -1.9341 -2.3139 -2.4519 -2.7297 -3.1606 -3.1835 -3.4649
 266  0.677165  3.6412  0.8418  2.9450  5.5999  3.7447  1.1126  0.3176 -0.6857 -1.1458 -1.9865 -2.3715 -2.5108 -2.7917 -3.2270 -3.2504 -3.5351
 267  0.677170  3.6391  0.8063  2.9723  5.6067  3.8001  1.1220  0.3233 -0.7145 -1.1834 -2.0373 -2.4275 -2.5683 -2.8523 -3.2921 -3.3158 -3.6039
 268  0.677175  3.6372  0.7717  2.9990  5.6093  3.8537  1.1314  0.3296 -0.7419 -1.2198 -2.0868 -2.4822 -2.6243 -2.9115 -3.3555 -3.3796 -3.6711
 269  0.677179  3.6352  0.7377  3.0253  5.6085  3.9068  1.1412  0.3366 -0.7681 -1.2548 -2.1350 -2.5356 -2.6791 -2.9694 -3.4178 -3.4422 -3.7370
 270  0.677183  3.6333  0.7042  3.0511  5.6044  3.9587  1.1512  0.3441 -0.7931 -1.2888 -2.1821 -2.5880 -2.7328 -3.0262 -3.4788 -3.5036 -3.8016
 271  0.677187  3.6315  0.6715  3.0762  5.5972  4.0087  1.1607  0.3517 -0.8166 -1.3212 -2.2275 -2.6387 -2.7848 -3.0814 -3.5380 -3.5632 -3.8644
 272  0.677191  3.6297  0.6397  3.1010  5.5874  4.0571  1.1699  0.3591 -0.8393 -1.3528 -2.2719 -2.6883 -2.8357 -3.1354 -3.5960 -3.6215 -3.9259
 273  0.677194  3.6279  0.6083  3.1253  5.5748  4.1038  1.1784  0.3660 -0.8613 -1.3836 -2.3155 -2.7372 -2.8859 -3.1886 -3.6531 -3.6791 -3.9865
 274  0.677198  3.6261  0.5775  3.1491  5.5610  4.1505  1.1874  0.3738 -0.8812 -1.4124 -2.3575 -2.7844 -2.9346 -3.2404 -3.7088 -3.7350 -4.0457
 275  0.677201  3.6244  0.5475  3.1723  5.5459  4.1971  1.1971  0.3823 -0.8987 -1.4388 -2.3974 -2.8298 -2.9812 -3.2902 -3.7626 -3.7893 -4.1030
 276  0.677204  3.6228  0.5182  3.1949  5.5291  4.2416  1.2057  0.3902 -0.9157 -1.4648 -2.4364 -2.8743 -3.0270 -3.3391 -3.8153 -3.8423 -4.1592
 277  0.677207  3.6212  0.4897  3.2170  5.5107  4.2830  1.2130  0.3968 -0.9321 -1.4899 -2.4745 -2.9175 -3.0716 -3.3866 -3.8666 -3.8939 -4.2138
 278  0.677210  3.6196  0.4623  3.2382  5.4927  4.3236  1.2210  0.4044 -0.9465 -1.5128 -2.5102 -2.9585 -3.1139 -3.4318 -3.9154 -3.9430 -4.2659
 279  0.677212  3.6183  0.4382  3.2570  5.4753  4.3578  1.2273  0.4104 -0.9591 -1.5329 -2.5418 -2.9947 -3.1512 -3.4717 -3.9585 -3.9865 -4.3120
