#NUMBER OF AGES= 1
#----------------------------------------------------       
#MIX-LEN  Y      Z          Zeff        [Fe/H] [a/Fe]
# 1.9380  0.3300 5.0381E-04 2.5644E-04  -1.76   0.40 
#----------------------------------------------------       
#**PHOTOMETRIC SYSTEM**: HST WFPC2 (Vega)                   
#----------------------------------------------------       
#AGE=13.600 EEPS=265
#EEP   M/Mo    LogTeff  LogG   LogL/Lo F218W   F255W   F300W   F336W   F439W   F450W   F555W   F606W   F622W   F675W   F791W   F814W   F850LP
  15  0.112375  3.5440  5.2722 -2.6543 20.5584 20.1160 16.6298 15.7767 14.6348 14.0437 12.6767 12.1336 11.9418 11.5593 10.7668 10.7287 10.3274
  16  0.123531  3.5523  5.2348 -2.5422 20.2014 19.5200 16.1777 15.3165 14.1766 13.6271 12.3117 11.7724 11.5811 11.2075 10.4824 10.4459 10.0581
  17  0.133969  3.5591  5.2026 -2.4477 19.8916 19.0257 15.8022 14.9379 13.8061 13.2862 12.0125 11.4777 11.2872 10.9199 10.2424 10.2073  9.8297
  18  0.143790  3.5644  5.1752 -2.3683 19.6261 18.6219 15.4946 14.6298 13.5084 13.0091 11.7682 11.2379 11.0486 10.6856 10.0412 10.0069  9.6369
  19  0.153821  3.5688  5.1507 -2.2967 19.3877 18.2736 15.2257 14.3617 13.2508 12.7666 11.5526 11.0272 10.8391 10.4799  9.8598  9.8263  9.4626
  20  0.165197  3.5730  5.1266 -2.2248 19.1454 17.9296 14.9605 14.0983 12.9991 12.5280 11.3396 10.8195 10.6329 10.2773  9.6780  9.6452  9.2871
  21  0.178271  3.5771  5.1026 -2.1512 18.8946 17.5779 14.6920 13.8328 12.7466 12.2872 11.1244 10.6101 10.4250 10.0731  9.4922  9.4601  9.1074
  22  0.192814  3.5811  5.0795 -2.0782 18.6388 17.2246 14.4266 13.5718 12.4996 12.0509 10.9126 10.4046 10.2214  9.8733  9.3082  9.2768  8.9292
  23  0.209116  3.5850  5.0576 -2.0055 18.3642 16.8603 14.1601 13.3115 12.2561 11.8168 10.7027 10.2014 10.0200  9.6758  9.1250  9.0940  8.7515
  24  0.227827  3.5889  5.0355 -1.9307 18.0281 16.4475 13.8781 13.0396 12.0080 11.5778 10.4883  9.9943  9.8152  9.4752  8.9371  8.9068  8.5692
  25  0.243252  3.5917  5.0211 -1.8764 17.7661 16.1373 13.6692 12.8392 11.8274 11.4036 10.3322  9.8441  9.6667  9.3298  8.8006  8.7707  8.4366
  26  0.252842  3.5935  5.0141 -1.8462 17.6155 15.9607 13.5508 12.7258 11.7260 11.3056 10.2448  9.7601  9.5836  9.2487  8.7244  8.6947  8.3629
  27  0.259127  3.5944  5.0108 -1.8282 17.5260 15.8563 13.4803 12.6583 11.6658 11.2474 10.1928  9.7103  9.5344  9.2007  8.6793  8.6498  8.3192
  28  0.263665  3.5952  5.0085 -1.8156 17.4656 15.7864 13.4308 12.6106 11.6230 11.2062 10.1560  9.6749  9.4995  9.1666  8.6471  8.6177  8.2881
  29  0.266881  3.5957  5.0065 -1.8061 17.4212 15.7350 13.3938 12.5750 11.5913 11.1754 10.1286  9.6488  9.4736  9.1414  8.6234  8.5941  8.2651
  30  0.269199  3.5961  5.0048 -1.7989 17.3865 15.6949 13.3650 12.5473 11.5666 11.1516 10.1075  9.6285  9.4536  9.1219  8.6051  8.5759  8.2474
  31  0.271016  3.5965  5.0033 -1.7930 17.3572 15.6608 13.3409 12.5242 11.5462 11.1319 10.0903  9.6121  9.4374  9.1062  8.5903  8.5612  8.2331
  32  0.272627  3.5969  5.0018 -1.7873 17.3286 15.6276 13.3175 12.5016 11.5262 11.1127 10.0735  9.5961  9.4218  9.0908  8.5759  8.5468  8.2192
  33  0.274486  3.5973  5.0002 -1.7810 17.2971 15.5914 13.2914 12.4765 11.5042 11.0914 10.0548  9.5784  9.4042  9.0739  8.5600  8.5310  8.2039
  34  0.276782  3.5977  4.9982 -1.7737 17.2620 15.5515 13.2619 12.4482 11.4790 11.0670 10.0334  9.5579  9.3840  9.0542  8.5414  8.5124  8.1858
  35  0.279695  3.5982  4.9960 -1.7648 17.2220 15.5067 13.2279 12.4153 11.4497 11.0386 10.0079  9.5336  9.3600  9.0307  8.5191  8.4902  8.1642
  36  0.283516  3.5988  4.9930 -1.7539 17.1756 15.4555 13.1878 12.3763 11.4146 11.0044  9.9770  9.5039  9.3306  9.0020  8.4916  8.4627  8.1374
  37  0.288829  3.5994  4.9888 -1.7392 17.1166 15.3908 13.1361 12.3260 11.3690 10.9599  9.9364  9.4646  9.2918  8.9638  8.4548  8.4261  8.1016
  38  0.296186  3.6002  4.9820 -1.7181 17.0307 15.2981 13.0610 12.2530 11.3032 10.8955  9.8777  9.4079  9.2357  8.9088  8.4017  8.3732  8.0497
  39  0.305248  3.6016  4.9722 -1.6898 16.9055 15.1652 12.9543 12.1496 11.2119 10.8067  9.7979  9.3317  9.1605  8.8354  8.3306  8.3022  7.9802
  40  0.313397  3.6030  4.9619 -1.6627 16.7770 15.0344 12.8484 12.0474 11.1240 10.7215  9.7224  9.2600  9.0900  8.7666  8.2622  8.2340  7.9134
  41  0.331136  3.6067  4.9381 -1.5996 16.5058 14.7371 12.6065 11.8112 10.9132 10.5167  9.5397  9.0854  8.9176  8.5987  8.1032  8.0755  7.7596
  42  0.347931  3.6115  4.9131 -1.5341 16.2112 14.4129 12.3412 11.5518 10.6844 10.2948  9.3445  8.9002  8.7352  8.4219  7.9373  7.9105  7.6004
  43  0.357227  3.6145  4.8980 -1.4959 16.0386 14.2290 12.1863 11.4000 10.5508 10.1653  9.2306  8.7925  8.6292  8.3195  7.8406  7.8141  7.5076
  44  0.366986  3.6178  4.8818 -1.4549 15.8522 14.0321 12.0183 11.2349 10.4057 10.0247  9.1072  8.6761  8.5149  8.2092  7.7366  7.7107  7.4082
  45  0.378054  3.6219  4.8642 -1.4075 15.6341 13.8015 11.8191 11.0384 10.2339  9.8585  8.9619  8.5398  8.3808  8.0805  7.6161  7.5909  7.2937
  46  0.389249  3.6268  4.8471 -1.3579 15.4021 13.5556 11.6037 10.8252 10.0492  9.6799  8.8070  8.3951  8.2391  7.9449  7.4903  7.4658  7.1751
  47  0.399665  3.6320  4.8315 -1.3105 15.1725 13.3111 11.3890 10.6125  9.8671  9.5042  8.6556  8.2547  8.1016  7.8143  7.3699  7.3462  7.0625
  48  0.408146  3.6367  4.8193 -1.2704 14.9704 13.0941 11.1993 10.4236  9.7071  9.3503  8.5243  8.1335  7.9832  7.7023  7.2679  7.2449  6.9677
  49  0.415951  3.6416  4.8086 -1.2320 14.7669 12.8761 11.0093 10.2352  9.5507  9.2001  8.3969  8.0166  7.8693  7.5949  7.1707  7.1485  6.8780
  50  0.423463  3.6467  4.7989 -1.1942 14.5568 12.6514 10.8134 10.0422  9.3936  9.0496  8.2699  7.9006  7.7564  7.4889  7.0751  7.0537  6.7903
  51  0.430776  3.6519  4.7901 -1.1568 14.3425 12.4218 10.6119  9.8453  9.2367  8.8995  8.1437  7.7854  7.6445  7.3841  6.9812  6.9606  6.7044
  52  0.435290  3.6552  4.7849 -1.1337 14.2054 12.2750 10.4827  9.7201  9.1386  8.8058  8.0649  7.7137  7.5749  7.3191  6.9229  6.9028  6.6514
  53  0.439743  3.6586  4.7799 -1.1108 14.0614 12.1226 10.3525  9.5945  9.0421  8.7136  7.9875  7.6432  7.5064  7.2550  6.8655  6.8459  6.5991
  54  0.444151  3.6621  4.7752 -1.0882 13.9031 11.9578 10.2206  9.4671  8.9466  8.6226  7.9112  7.5735  7.4389  7.1916  6.8085  6.7894  6.5471
  55  0.448531  3.6654  4.7705 -1.0658 13.7365 11.7875 10.0890  9.3405  8.8536  8.5337  7.8364  7.5050  7.3728  7.1292  6.7520  6.7334  6.4956
  56  0.452898  3.6688  4.7661 -1.0434 13.5589 11.6113  9.9541  9.2120  8.7605  8.4450  7.7618  7.4366  7.3067  7.0667  6.6956  6.6775  6.4441
  57  0.457253  3.6723  4.7617 -1.0211 13.3765 11.4362  9.8185  9.0845  8.6690  8.3580  7.6883  7.3689  7.2413  7.0050  6.6396  6.6219  6.3929
  58  0.461599  3.6758  4.7576 -0.9987 13.1838 11.2571  9.6794  8.9551  8.5773  8.2707  7.6147  7.3012  7.1758  6.9430  6.5833  6.5661  6.3416
  59  0.465942  3.6794  4.7535 -0.9762 12.9836 11.0767  9.5388  8.8255  8.4863  8.1843  7.5415  7.2338  7.1107  6.8813  6.5271  6.5104  6.2903
  60  0.470265  3.6830  4.7495 -0.9538 12.7788 10.8973  9.3984  8.6970  8.3965  8.0994  7.4693  7.1671  7.0461  6.8200  6.4713  6.4551  6.2393
  61  0.474566  3.6867  4.7456 -0.9314 12.5676 10.7179  9.2579  8.5687  8.3075  8.0152  7.3979  7.1009  6.9820  6.7591  6.4158  6.4000  6.1887
  62  0.478850  3.6903  4.7416 -0.9091 12.3578 10.5441  9.1209  8.4438  8.2205  7.9332  7.3277  7.0357  6.9187  6.6990  6.3609  6.3455  6.1384
  63  0.483102  3.6939  4.7375 -0.8869 12.1482 10.3739  8.9861  8.3213  8.1350  7.8527  7.2587  6.9714  6.8563  6.6395  6.3064  6.2915  6.0885
  64  0.487290  3.6973  4.7334 -0.8649 11.9429 10.2097  8.8553  8.2026  8.0520  7.7747  7.1918  6.9088  6.7954  6.5815  6.2532  6.2387  6.0397
  65  0.491399  3.7007  4.7292 -0.8435 11.7407 10.0499  8.7272  8.0867  7.9708  7.6986  7.1263  6.8476  6.7359  6.5247  6.2012  6.1871  5.9920
  66  0.495411  3.7040  4.7249 -0.8226 11.5500  9.8995  8.6055  7.9764  7.8932  7.6256  7.0634  6.7887  6.6785  6.4700  6.1509  6.1372  5.9457
  67  0.499282  3.7072  4.7206 -0.8022 11.3685  9.7565  8.4891  7.8711  7.8187  7.5559  7.0030  6.7321  6.6233  6.4172  6.1022  6.0889  5.9008
  68  0.502980  3.7101  4.7163 -0.7828 11.1991  9.6231  8.3798  7.7723  7.7484  7.4899  6.9460  6.6784  6.5708  6.3670  6.0559  6.0428  5.8582
  69  0.506505  3.7131  4.7123 -0.7641 11.0356  9.4949  8.2749  7.6777  7.6808  7.4268  6.8912  6.6269  6.5206  6.3190  6.0115  5.9989  5.8171
  70  0.509875  3.7158  4.7080 -0.7462 10.8829  9.3753  8.1766  7.5890  7.6170  7.3671  6.8395  6.5781  6.4729  6.2734  5.9693  5.9568  5.7780
  71  0.513102  3.7185  4.7041 -0.7287 10.7322  9.2577  8.0807  7.5027  7.5550  7.3091  6.7893  6.5309  6.4268  6.2292  5.9285  5.9163  5.7402
  72  0.516197  3.7209  4.7000 -0.7119 10.5882  9.1460  7.9903  7.4215  7.4963  7.2544  6.7417  6.4860  6.3827  6.1870  5.8894  5.8776  5.7041
  73  0.519179  3.7235  4.6961 -0.6955 10.4435  9.0342  7.9008  7.3412  7.4385  7.2005  6.6951  6.4420  6.3399  6.1460  5.8514  5.8398  5.6689
  74  0.522059  3.7258  4.6919 -0.6798 10.3082  8.9294  7.8169  7.2660  7.3838  7.1493  6.6506  6.4001  6.2987  6.1066  5.8149  5.8035  5.6349
  75  0.524854  3.7282  4.6880 -0.6641 10.1733  8.8249  7.7335  7.1915  7.3296  7.0989  6.6068  6.3587  6.2583  6.0679  5.7790  5.7679  5.6016
  76  0.527575  3.7303  4.6838 -0.6490 10.0477  8.7272  7.6549  7.1211  7.2780  7.0507  6.5647  6.3189  6.2194  6.0304  5.7442  5.7332  5.5691
  77  0.530237  3.7325  4.6797 -0.6339  9.9229  8.6297  7.5766  7.0511  7.2267  7.0029  6.5231  6.2797  6.1809  5.9935  5.7099  5.6992  5.5373
  78  0.532847  3.7346  4.6755 -0.6191  9.8063  8.5379  7.5020  6.9842  7.1771  6.9564  6.4825  6.2412  6.1433  5.9575  5.6763  5.6658  5.5060
  79  0.535417  3.7366  4.6712 -0.6045  9.6938  8.4488  7.4295  6.9192  7.1285  6.9109  6.4426  6.2035  6.1062  5.9219  5.6432  5.6329  5.4750
  80  0.537963  3.7387  4.6668 -0.5901  9.5839  8.3615  7.3586  6.8556  7.0803  6.8657  6.4031  6.1659  6.0694  5.8866  5.6102  5.6002  5.4442
  81  0.540484  3.7406  4.6622 -0.5756  9.4784  8.2770  7.2901  6.7941  7.0333  6.8215  6.3641  6.1290  6.0332  5.8517  5.5776  5.5677  5.4136
  82  0.544097  3.7434  4.6555 -0.5550  9.3290  8.1573  7.1930  6.7069  6.9659  6.7582  6.3084  6.0760  5.9813  5.8018  5.5309  5.5212  5.3699
  83  0.547794  3.7461  4.6485 -0.5338  9.1798  8.0369  7.0953  6.6191  6.8974  6.6937  6.2514  6.0220  5.9283  5.7509  5.4833  5.4739  5.3252
  84  0.551582  3.7489  4.6408 -0.5120  9.0321  7.9171  6.9975  6.5311  6.8278  6.6279  6.1935  5.9670  5.8743  5.6990  5.4347  5.4256  5.2795
  85  0.555443  3.7517  4.6325 -0.4898  8.8848  7.7973  6.8995  6.4429  6.7574  6.5613  6.1344  5.9110  5.8193  5.6461  5.3852  5.3763  5.2328
  86  0.559352  3.7544  4.6239 -0.4673  8.7392  7.6787  6.8025  6.3554  6.6867  6.4945  6.0748  5.8542  5.7636  5.5923  5.3346  5.3261  5.1851
  87  0.563290  3.7571  4.6148 -0.4444  8.5959  7.5614  6.7068  6.2691  6.6162  6.4275  6.0147  5.7968  5.7071  5.5378  5.2833  5.2749  5.1364
  88  0.567245  3.7597  4.6052 -0.4213  8.4556  7.4460  6.6129  6.1844  6.5458  6.3605  5.9543  5.7389  5.6502  5.4828  5.2312  5.2231  5.0869
  89  0.571198  3.7622  4.5952 -0.3980  8.3179  7.3323  6.5205  6.1011  6.4753  6.2933  5.8935  5.6807  5.5929  5.4273  5.1787  5.1708  5.0369
  90  0.575130  3.7648  4.5848 -0.3746  8.1829  7.2204  6.4296  6.0191  6.4049  6.2261  5.8327  5.6223  5.5354  5.3716  5.1259  5.1182  4.9866
  91  0.579024  3.7673  4.5743 -0.3511  8.0501  7.1101  6.3399  5.9382  6.3347  6.1590  5.7717  5.5639  5.4779  5.3159  5.0730  5.0655  4.9362
  92  0.582861  3.7697  4.5635 -0.3276  7.9211  7.0024  6.2519  5.8590  6.2653  6.0923  5.7109  5.5055  5.4204  5.2601  5.0200  5.0128  4.8856
  93  0.586624  3.7721  4.5523 -0.3041  7.7954  6.8972  6.1656  5.7812  6.1964  6.0262  5.6505  5.4474  5.3631  5.2046  4.9671  4.9601  4.8350
  94  0.590291  3.7745  4.5411 -0.2808  7.6723  6.7939  6.0808  5.7049  6.1280  5.9606  5.5904  5.3897  5.3062  5.1494  4.9146  4.9078  4.7848
  95  0.593854  3.7768  4.5298 -0.2577  7.5529  6.6934  5.9981  5.6302  6.0606  5.8957  5.5309  5.3325  5.2499  5.0947  4.8626  4.8560  4.7349
  96  0.597302  3.7790  4.5184 -0.2348  7.4369  6.5953  5.9176  5.5572  5.9940  5.8315  5.4720  5.2758  5.1940  5.0405  4.8110  4.8045  4.6855
  97  0.600636  3.7812  4.5067 -0.2121  7.3244  6.4999  5.8391  5.4860  5.9283  5.7683  5.4138  5.2197  5.1387  4.9868  4.7597  4.7535  4.6364
  98  0.603854  3.7833  4.4952 -0.1897  7.2153  6.4072  5.7630  5.4165  5.8637  5.7058  5.3560  5.1642  5.0841  4.9336  4.7090  4.7030  4.5876
  99  0.606964  3.7853  4.4832 -0.1673  7.1108  6.3179  5.6898  5.3487  5.8000  5.6441  5.2989  5.1092  5.0299  4.8809  4.6586  4.6528  4.5392
 100  0.609964  3.7873  4.4712 -0.1453  7.0095  6.2311  5.6185  5.2826  5.7372  5.5833  5.2423  5.0548  4.9763  4.8288  4.6088  4.6029  4.4912
 101  0.612861  3.7892  4.4590 -0.1235  6.9115  6.1470  5.5488  5.2182  5.6753  5.5234  5.1864  5.0010  4.9232  4.7770  4.5591  4.5536  4.4434
 102  0.615657  3.7910  4.4468 -0.1020  6.8171  6.0656  5.4808  5.1557  5.6145  5.4643  5.1312  4.9476  4.8705  4.7256  4.5098  4.5045  4.3958
 103  0.618355  3.7928  4.4342 -0.0806  6.7261  5.9868  5.4141  5.0949  5.5546  5.4061  5.0767  4.8947  4.8182  4.6747  4.4608  4.4555  4.3483
 104  0.620960  3.7944  4.4215 -0.0595  6.6375  5.9098  5.3482  5.0353  5.4957  5.3486  5.0229  4.8425  4.7666  4.6241  4.4123  4.4070  4.3012
 105  0.623475  3.7960  4.4087 -0.0385  6.5507  5.8343  5.2831  4.9766  5.4373  5.2918  4.9697  4.7909  4.7156  4.5743  4.3643  4.3592  4.2548
 106  0.625907  3.7975  4.3956 -0.0178  6.4663  5.7606  5.2193  4.9188  5.3796  5.2357  4.9172  4.7398  4.6650  4.5251  4.3168  4.3118  4.2086
 107  0.628263  3.7989  4.3824  0.0028  6.3844  5.6888  5.1568  4.8622  5.3226  5.1802  4.8651  4.6891  4.6149  4.4761  4.2695  4.2646  4.1626
 108  0.630547  3.8003  4.3691  0.0232  6.3046  5.6186  5.0958  4.8063  5.2661  5.1252  4.8133  4.6388  4.5653  4.4275  4.2225  4.2178  4.1169
 109  0.632769  3.8015  4.3555  0.0434  6.2279  5.5509  5.0366  4.7516  5.2105  5.0707  4.7619  4.5888  4.5156  4.3789  4.1756  4.1709  4.0712
 110  0.634934  3.8027  4.3416  0.0634  6.1534  5.4848  4.9787  4.6979  5.1554  5.0169  4.7108  4.5389  4.4663  4.3306  4.1288  4.1242  4.0255
 111  0.637054  3.8039  4.3277  0.0834  6.0814  5.4206  4.9222  4.6451  5.1008  4.9635  4.6599  4.4894  4.4173  4.2825  4.0820  4.0775  3.9798
 112  0.637737  3.8043  4.3231  0.0899  6.0584  5.4000  4.9040  4.6282  5.0833  4.9462  4.6435  4.4733  4.4013  4.2667  4.0668  4.0623  3.9649
 113  0.638420  3.8046  4.3184  0.0965  6.0349  5.3790  4.8856  4.6109  5.0652  4.9286  4.6267  4.4569  4.3851  4.2508  4.0513  4.0469  3.9497
 114  0.639101  3.8050  4.3138  0.1030  6.0113  5.3579  4.8670  4.5934  5.0472  4.9109  4.6099  4.4405  4.3688  4.2348  4.0358  4.0314  3.9346
 115  0.639779  3.8054  4.3092  0.1099  5.9863  5.3356  4.8475  4.5754  5.0285  4.8926  4.5925  4.4236  4.3521  4.2184  4.0199  4.0156  3.9190
 116  0.640456  3.8058  4.3045  0.1167  5.9611  5.3134  4.8282  4.5574  5.0098  4.8743  4.5752  4.4067  4.3354  4.2021  4.0041  3.9997  3.9035
 117  0.641131  3.8063  4.2999  0.1236  5.9351  5.2904  4.8083  4.5390  4.9907  4.8556  4.5574  4.3894  4.3183  4.1855  3.9881  3.9837  3.8879
 118  0.641806  3.8068  4.2952  0.1306  5.9086  5.2671  4.7881  4.5204  4.9712  4.8366  4.5395  4.3720  4.3011  4.1686  3.9718  3.9674  3.8721
 119  0.642478  3.8073  4.2905  0.1377  5.8822  5.2439  4.7680  4.5018  4.9516  4.8175  4.5213  4.3544  4.2837  4.1515  3.9552  3.9510  3.8560
 120  0.643148  3.8077  4.2856  0.1449  5.8556  5.2204  4.7476  4.4831  4.9318  4.7981  4.5030  4.3365  4.2660  4.1343  3.9385  3.9343  3.8397
 121  0.643814  3.8082  4.2806  0.1521  5.8295  5.1972  4.7274  4.4643  4.9119  4.7786  4.4845  4.3185  4.2481  4.1167  3.9215  3.9173  3.8230
 122  0.644477  3.8086  4.2752  0.1596  5.8036  5.1743  4.7070  4.4454  4.8917  4.7589  4.4657  4.3001  4.2299  4.0988  3.9042  3.8999  3.8060
 123  0.645135  3.8089  4.2696  0.1670  5.7784  5.1515  4.6868  4.4263  4.8716  4.7391  4.4466  4.2814  4.2114  4.0805  3.8863  3.8821  3.7885
 124  0.645790  3.8092  4.2637  0.1747  5.7537  5.1291  4.6666  4.4073  4.8512  4.7191  4.4273  4.2625  4.1925  4.0619  3.8681  3.8640  3.7706
 125  0.646439  3.8095  4.2574  0.1824  5.7294  5.1069  4.6463  4.3881  4.8307  4.6988  4.4077  4.2431  4.1734  4.0430  3.8495  3.8453  3.7522
 126  0.647081  3.8097  4.2510  0.1902  5.7051  5.0844  4.6258  4.3686  4.8099  4.6783  4.3878  4.2235  4.1539  4.0237  3.8306  3.8264  3.7335
 127  0.647721  3.8099  4.2444  0.1981  5.6810  5.0622  4.6054  4.3491  4.7890  4.6577  4.3678  4.2038  4.1342  4.0042  3.8114  3.8073  3.7145
 128  0.648357  3.8102  4.2378  0.2062  5.6568  5.0398  4.5847  4.3294  4.7679  4.6368  4.3475  4.1838  4.1143  3.9845  3.7920  3.7879  3.6952
 129  0.648989  3.8103  4.2309  0.2143  5.6329  5.0175  4.5641  4.3096  4.7468  4.6158  4.3270  4.1636  4.0942  3.9647  3.7723  3.7684  3.6758
 130  0.649617  3.8106  4.2239  0.2224  5.6091  4.9953  4.5434  4.2898  4.7254  4.5947  4.3064  4.1432  4.0739  3.9445  3.7525  3.7485  3.6562
 131  0.650240  3.8107  4.2167  0.2307  5.5856  4.9732  4.5227  4.2698  4.7039  4.5735  4.2856  4.1226  4.0534  3.9241  3.7323  3.7283  3.6361
 132  0.650857  3.8109  4.2093  0.2390  5.5623  4.9512  4.5019  4.2497  4.6823  4.5520  4.2646  4.1018  4.0326  3.9034  3.7120  3.7079  3.6158
 133  0.651468  3.8110  4.2017  0.2475  5.5394  4.9295  4.4811  4.2295  4.6606  4.5305  4.2433  4.0807  4.0116  3.8825  3.6912  3.6871  3.5950
 134  0.652072  3.8110  4.1938  0.2559  5.5173  4.9081  4.4605  4.2093  4.6388  4.5088  4.2219  4.0593  3.9903  3.8613  3.6700  3.6659  3.5739
 135  0.652670  3.8110  4.1855  0.2645  5.4957  4.8870  4.4399  4.1889  4.6170  4.4870  4.2002  4.0376  3.9687  3.8398  3.6485  3.6444  3.5524
 136  0.653260  3.8110  4.1771  0.2732  5.4745  4.8661  4.4192  4.1685  4.5950  4.4650  4.1783  4.0158  3.9468  3.8179  3.6267  3.6226  3.5305
 137  0.653842  3.8109  4.1684  0.2820  5.4536  4.8453  4.3986  4.1479  4.5728  4.4430  4.1562  3.9937  3.9247  3.7957  3.6045  3.6004  3.5083
 138  0.654416  3.8107  4.1595  0.2908  5.4334  4.8250  4.3779  4.1272  4.5506  4.4207  4.1339  3.9713  3.9023  3.7733  3.5820  3.5779  3.4855
 139  0.654983  3.8106  4.1503  0.2998  5.4138  4.8048  4.3574  4.1065  4.5284  4.3983  4.1114  3.9487  3.8796  3.7506  3.5591  3.5550  3.4625
 140  0.655538  3.8104  4.1408  0.3088  5.3949  4.7852  4.3370  4.0857  4.5060  4.3758  4.0886  3.9258  3.8567  3.7275  3.5358  3.5318  3.4391
 141  0.656086  3.8102  4.1310  0.3180  5.3766  4.7659  4.3165  4.0647  4.4836  4.3533  4.0657  3.9026  3.8335  3.7041  3.5122  3.5080  3.4152
 142  0.656622  3.8098  4.1208  0.3273  5.3593  4.7470  4.2963  4.0438  4.4612  4.3307  4.0426  3.8793  3.8100  3.6804  3.4881  3.4840  3.3908
 143  0.657148  3.8094  4.1104  0.3366  5.3427  4.7287  4.2762  4.0229  4.4387  4.3080  4.0192  3.8556  3.7861  3.6564  3.4637  3.4596  3.3661
 144  0.657663  3.8090  4.0995  0.3460  5.3271  4.7109  4.2562  4.0019  4.4162  4.2852  3.9957  3.8317  3.7621  3.6320  3.4389  3.4347  3.3408
 145  0.658167  3.8085  4.0883  0.3555  5.3126  4.6937  4.2365  3.9809  4.3939  4.2624  3.9721  3.8076  3.7378  3.6074  3.4137  3.4095  3.3151
 146  0.658658  3.8079  4.0767  0.3651  5.2992  4.6773  4.2171  3.9600  4.3715  4.2396  3.9483  3.7832  3.7132  3.5824  3.3880  3.3838  3.2889
 147  0.659137  3.8072  4.0646  0.3748  5.2870  4.6615  4.1980  3.9392  4.3492  4.2167  3.9242  3.7586  3.6883  3.5570  3.3621  3.3577  3.2623
 148  0.659603  3.8065  4.0522  0.3846  5.2754  4.6462  4.1789  3.9184  4.3270  4.1940  3.9002  3.7339  3.6634  3.5315  3.3358  3.3314  3.2353
 149  0.660056  3.8057  4.0394  0.3944  5.2647  4.6314  4.1602  3.8978  4.3048  4.1712  3.8761  3.7090  3.6382  3.5058  3.3093  3.3047  3.2080
 150  0.660496  3.8048  4.0261  0.4043  5.2559  4.6179  4.1421  3.8775  4.2829  4.1486  3.8518  3.6839  3.6128  3.4798  3.2823  3.2776  3.1801
 151  0.660922  3.8037  4.0121  0.4143  5.2496  4.6061  4.1247  3.8576  4.2614  4.1262  3.8276  3.6588  3.5873  3.4535  3.2547  3.2500  3.1516
 152  0.661333  3.8024  3.9974  0.4242  5.2465  4.5964  4.1086  3.8383  4.2403  4.1043  3.8035  3.6334  3.5617  3.4269  3.2268  3.2221  3.1225
 153  0.661732  3.8010  3.9818  0.4343  5.2460  4.5886  4.0932  3.8196  4.2197  4.0825  3.7793  3.6081  3.5358  3.4002  3.1985  3.1936  3.0928
 154  0.662115  3.7994  3.9658  0.4443  5.2486  4.5828  4.0790  3.8015  4.1996  4.0612  3.7553  3.5827  3.5099  3.3732  3.1698  3.1648  3.0627
 155  0.662485  3.7976  3.9488  0.4544  5.2563  4.5804  4.0665  3.7844  4.1804  4.0406  3.7315  3.5572  3.4838  3.3459  3.1406  3.1355  3.0317
 156  0.662841  3.7957  3.9314  0.4646  5.2654  4.5791  4.0545  3.7678  4.1613  4.0201  3.7075  3.5318  3.4577  3.3186  3.1111  3.1059  3.0006
 157  0.663184  3.7937  3.9133  0.4747  5.2792  4.5807  4.0442  3.7521  4.1431  4.0001  3.6839  3.5061  3.4315  3.2909  3.0812  3.0758  2.9687
 158  0.663514  3.7916  3.8948  0.4848  5.2956  4.5842  4.0351  3.7372  4.1253  3.9806  3.6602  3.4807  3.4052  3.2632  3.0511  3.0455  2.9366
 159  0.663830  3.7894  3.8760  0.4949  5.3137  4.5888  4.0267  3.7228  4.1079  3.9612  3.6367  3.4551  3.3789  3.2352  3.0208  3.0151  2.9043
 160  0.664134  3.7872  3.8570  0.5051  5.3346  4.5953  4.0194  3.7091  4.0908  3.9422  3.6132  3.4295  3.3525  3.2074  2.9904  2.9845  2.8717
 161  0.664425  3.7846  3.8368  0.5152  5.3634  4.6071  4.0150  3.6974  4.0754  3.9243  3.5902  3.4041  3.3262  3.1792  2.9594  2.9532  2.8382
 162  0.664689  3.7815  3.8155  0.5247  5.4066  4.6290  4.0167  3.6900  4.0637  3.9097  3.5692  3.3801  3.3011  3.1519  2.9286  2.9222  2.8045
 163  0.664952  3.7786  3.7940  0.5345  5.4496  4.6507  4.0182  3.6825  4.0513  3.8943  3.5475  3.3554  3.2754  3.1239  2.8972  2.8906  2.7702
 164  0.665212  3.7758  3.7726  0.5445  5.4891  4.6701  4.0184  3.6744  4.0377  3.8779  3.5251  3.3304  3.2493  3.0959  2.8659  2.8589  2.7360
 165  0.665469  3.7729  3.7512  0.5549  5.5273  4.6885  4.0184  3.6664  4.0234  3.8608  3.5022  3.3048  3.2226  3.0673  2.8340  2.8268  2.7014
 166  0.665723  3.7704  3.7306  0.5655  5.5616  4.7043  4.0169  3.6576  4.0077  3.8425  3.4783  3.2781  3.1952  3.0379  2.8016  2.7942  2.6666
 167  0.665973  3.7679  3.7101  0.5765  5.5952  4.7195  4.0153  3.6487  3.9914  3.8235  3.4535  3.2508  3.1668  3.0077  2.7685  2.7609  2.6309
 168  0.666218  3.7656  3.6895  0.5879  5.6287  4.7343  4.0129  3.6390  3.9742  3.8035  3.4278  3.2226  3.1378  2.9768  2.7347  2.7270  2.5948
 169  0.666456  3.7633  3.6685  0.5997  5.6609  4.7477  4.0093  3.6283  3.9555  3.7821  3.4011  3.1935  3.1079  2.9452  2.7003  2.6923  2.5580
 170  0.666688  3.7610  3.6474  0.6120  5.6897  4.7583  4.0034  3.6157  3.9350  3.7590  3.3730  3.1633  3.0769  2.9126  2.6651  2.6570  2.5206
 171  0.666913  3.7590  3.6265  0.6248  5.7140  4.7654  3.9950  3.6010  3.9124  3.7342  3.3436  3.1319  3.0449  2.8790  2.6292  2.6209  2.4826
 172  0.667129  3.7570  3.6057  0.6382  5.7339  4.7691  3.9842  3.5845  3.8883  3.7077  3.3128  3.0992  3.0117  2.8445  2.5925  2.5840  2.4438
 173  0.667336  3.7553  3.5849  0.6520  5.7494  4.7693  3.9712  3.5661  3.8623  3.6797  3.2807  3.0656  2.9773  2.8089  2.5549  2.5462  2.4045
 174  0.667536  3.7537  3.5643  0.6661  5.7607  4.7665  3.9560  3.5459  3.8347  3.6502  3.2475  3.0309  2.9421  2.7726  2.5167  2.5078  2.3645
 175  0.667727  3.7522  3.5440  0.6806  5.7673  4.7600  3.9383  3.5239  3.8058  3.6193  3.2134  2.9953  2.9060  2.7355  2.4779  2.4689  2.3241
 176  0.667913  3.7508  3.5240  0.6954  5.7697  4.7503  3.9183  3.5001  3.7753  3.5872  3.1783  2.9590  2.8694  2.6979  2.4387  2.4297  2.2836
 177  0.668093  3.7496  3.5041  0.7104  5.7682  4.7379  3.8965  3.4747  3.7437  3.5542  3.1425  2.9221  2.8320  2.6597  2.3993  2.3901  2.2429
 178  0.668267  3.7484  3.4844  0.7256  5.7650  4.7240  3.8738  3.4486  3.7115  3.5206  3.1063  2.8848  2.7943  2.6213  2.3594  2.3501  2.2017
 179  0.668437  3.7474  3.4649  0.7410  5.7589  4.7078  3.8496  3.4214  3.6785  3.4863  3.0694  2.8469  2.7562  2.5823  2.3193  2.3099  2.1605
 180  0.668604  3.7464  3.4457  0.7563  5.7506  4.6902  3.8243  3.3932  3.6449  3.4515  3.0323  2.8088  2.7178  2.5433  2.2791  2.2695  2.1191
 181  0.668767  3.7454  3.4266  0.7720  5.7401  4.6709  3.7981  3.3644  3.6107  3.4161  2.9949  2.7705  2.6791  2.5039  2.2387  2.2291  2.0778
 182  0.668912  3.7447  3.4097  0.7860  5.7296  4.6528  3.7740  3.3382  3.5799  3.3843  2.9612  2.7360  2.6443  2.4686  2.2023  2.1926  2.0406
 183  0.669055  3.7440  3.3927  0.8001  5.7178  4.6335  3.7492  3.3112  3.5485  3.3518  2.9269  2.7009  2.6090  2.4327  2.1656  2.1558  2.0031
 184  0.669199  3.7433  3.3757  0.8145  5.7040  4.6130  3.7233  3.2835  3.5163  3.3187  2.8921  2.6653  2.5732  2.3964  2.1284  2.1186  1.9652
 185  0.669342  3.7427  3.3586  0.8290  5.6896  4.5918  3.6970  3.2552  3.4838  3.2854  2.8570  2.6295  2.5372  2.3598  2.0910  2.0811  1.9271
 186  0.669485  3.7420  3.3415  0.8437  5.6738  4.5695  3.6697  3.2262  3.4504  3.2512  2.8214  2.5933  2.5007  2.3228  2.0533  2.0432  1.8886
 187  0.669627  3.7415  3.3245  0.8585  5.6564  4.5461  3.6416  3.1965  3.4166  3.2166  2.7853  2.5566  2.4638  2.2855  2.0152  2.0051  1.8499
 188  0.669768  3.7409  3.3072  0.8735  5.6392  4.5225  3.6132  3.1665  3.3825  3.1816  2.7488  2.5196  2.4266  2.2478  1.9767  1.9666  1.8108
 189  0.669909  3.7403  3.2898  0.8887  5.6208  4.4980  3.5841  3.1357  3.3477  3.1461  2.7118  2.4820  2.3887  2.2096  1.9378  1.9277  1.7712
 190  0.670049  3.7398  3.2724  0.9041  5.6014  4.4725  3.5541  3.1042  3.3122  3.1099  2.6743  2.4439  2.3505  2.1709  1.8984  1.8883  1.7312
 191  0.670188  3.7392  3.2547  0.9198  5.5816  4.4466  3.5238  3.0722  3.2761  3.0731  2.6362  2.4052  2.3116  2.1316  1.8585  1.8483  1.6906
 192  0.670326  3.7387  3.2369  0.9355  5.5608  4.4199  3.4927  3.0397  3.2396  3.0358  2.5977  2.3661  2.2723  2.0920  1.8183  1.8079  1.6498
 193  0.670464  3.7382  3.2188  0.9516  5.5391  4.3923  3.4607  3.0062  3.2023  2.9978  2.5584  2.3263  2.2324  2.0517  1.7773  1.7669  1.6082
 194  0.670598  3.7376  3.2002  0.9683  5.5169  4.3640  3.4278  2.9719  3.1636  2.9585  2.5178  2.2854  2.1913  2.0101  1.7351  1.7247  1.5654
 195  0.670732  3.7371  3.1810  0.9852  5.4943  4.3348  3.3940  2.9364  3.1240  2.9181  2.4763  2.2432  2.1489  1.9674  1.6918  1.6813  1.5214
 196  0.670863  3.7366  3.1618  1.0026  5.4696  4.3042  3.3589  2.8999  3.0834  2.8768  2.4338  2.2003  2.1059  1.9240  1.6477  1.6372  1.4768
 197  0.670993  3.7361  3.1419  1.0204  5.4452  4.2732  3.3232  2.8626  3.0418  2.8345  2.3903  2.1562  2.0617  1.8794  1.6025  1.5919  1.4310
 198  0.671119  3.7356  3.1213  1.0388  5.4209  4.2418  3.2866  2.8244  2.9990  2.7910  2.3454  2.1107  2.0160  1.8334  1.5558  1.5452  1.3836
 199  0.671243  3.7350  3.1004  1.0577  5.3951  4.2089  3.2486  2.7848  2.9549  2.7460  2.2992  2.0642  1.9692  1.7861  1.5079  1.4972  1.3351
 200  0.671363  3.7344  3.0787  1.0772  5.3691  4.1753  3.2095  2.7440  2.9094  2.6997  2.2515  2.0159  1.9209  1.7374  1.4585  1.4477  1.2851
 201  0.671480  3.7338  3.0563  1.0971  5.3430  4.1412  3.1696  2.7024  2.8627  2.6523  2.2027  1.9664  1.8712  1.6873  1.4077  1.3969  1.2335
 202  0.671593  3.7332  3.0336  1.1177  5.3158  4.1061  3.1286  2.6595  2.8148  2.6036  2.1526  1.9158  1.8204  1.6361  1.3559  1.3449  1.1810
 203  0.671704  3.7326  3.0102  1.1386  5.2890  4.0707  3.0870  2.6160  2.7661  2.5540  2.1016  1.8642  1.7685  1.5839  1.3028  1.2918  1.1273
 204  0.671811  3.7320  2.9864  1.1598  5.2627  4.0352  3.0449  2.5721  2.7165  2.5036  2.0496  1.8116  1.7158  1.5307  1.2488  1.2378  1.0725
 205  0.671917  3.7312  2.9619  1.1815  5.2379  4.0005  3.0029  2.5278  2.6664  2.4524  1.9967  1.7581  1.6620  1.4764  1.1938  1.1827  1.0166
 206  0.672018  3.7305  2.9370  1.2037  5.2130  3.9652  2.9603  2.4828  2.6154  2.4003  1.9430  1.7037  1.6074  1.4213  1.1378  1.1266  0.9598
 207  0.672117  3.7297  2.9116  1.2260  5.1886  3.9298  2.9171  2.4374  2.5637  2.3476  1.8883  1.6483  1.5518  1.3653  1.0807  1.0695  0.9020
 208  0.672212  3.7290  2.8858  1.2488  5.1647  3.8945  2.8737  2.3915  2.5113  2.2941  1.8330  1.5922  1.4954  1.3083  1.0229  1.0116  0.8432
 209  0.672305  3.7282  2.8596  1.2720  5.1420  3.8596  2.8303  2.3454  2.4585  2.2399  1.7769  1.5353  1.4382  1.2505  0.9642  0.9528  0.7834
 210  0.672394  3.7274  2.8330  1.2954  5.1192  3.8243  2.7862  2.2986  2.4048  2.1851  1.7199  1.4776  1.3803  1.1920  0.9046  0.8932  0.7230
 211  0.672480  3.7265  2.8059  1.3191  5.0975  3.7895  2.7422  2.2518  2.3508  2.1298  1.6624  1.4191  1.3217  1.1327  0.8442  0.8326  0.6617
 212  0.672563  3.7257  2.7786  1.3432  5.0765  3.7549  2.6979  2.2046  2.2962  2.0739  1.6042  1.3600  1.2622  1.0727  0.7832  0.7714  0.5996
 213  0.672643  3.7248  2.7509  1.3675  5.0562  3.7202  2.6534  2.1572  2.2413  2.0175  1.5454  1.3002  1.2022  1.0120  0.7213  0.7095  0.5367
 214  0.672720  3.7240  2.7228  1.3919  5.0357  3.6856  2.6088  2.1094  2.1858  1.9605  1.4860  1.2399  1.1415  0.9507  0.6590  0.6470  0.4732
 215  0.672793  3.7230  2.6946  1.4168  5.0149  3.6507  2.5638  2.0612  2.1299  1.9032  1.4260  1.1791  1.0803  0.8887  0.5959  0.5838  0.4090
 216  0.672865  3.7222  2.6658  1.4418  4.9947  3.6159  2.5188  2.0130  2.0738  1.8455  1.3657  1.1176  1.0186  0.8263  0.5322  0.5201  0.3443
 217  0.672876  3.7220  2.6610  1.4461  4.9915  3.6100  2.5111  2.0048  2.0642  1.8357  1.3554  1.1072  1.0081  0.8156  0.5213  0.5092  0.3332
 218  0.672888  3.7218  2.6561  1.4503  4.9883  3.6043  2.5036  1.9967  2.0547  1.8259  1.3451  1.0966  0.9975  0.8050  0.5104  0.4983  0.3222
 219  0.672900  3.7216  2.6512  1.4547  4.9848  3.5982  2.4958  1.9882  2.0450  1.8158  1.3347  1.0860  0.9869  0.7942  0.4995  0.4873  0.3111
 220  0.672911  3.7215  2.6463  1.4590  4.9816  3.5924  2.4880  1.9799  2.0353  1.8059  1.3242  1.0754  0.9762  0.7834  0.4885  0.4763  0.2999
 221  0.672923  3.7213  2.6413  1.4633  4.9783  3.5865  2.4803  1.9716  2.0256  1.7959  1.3138  1.0648  0.9655  0.7726  0.4774  0.4652  0.2886
 222  0.672934  3.7212  2.6362  1.4677  4.9751  3.5806  2.4725  1.9633  2.0158  1.7859  1.3033  1.0542  0.9548  0.7617  0.4664  0.4542  0.2773
 223  0.672946  3.7210  2.6312  1.4720  4.9719  3.5747  2.4648  1.9550  2.0060  1.7758  1.2927  1.0435  0.9440  0.7507  0.4552  0.4430  0.2660
 224  0.672957  3.7208  2.6262  1.4764  4.9686  3.5687  2.4570  1.9465  1.9962  1.7658  1.2822  1.0327  0.9332  0.7399  0.4441  0.4318  0.2547
 225  0.672968  3.7207  2.6211  1.4808  4.9652  3.5627  2.4491  1.9381  1.9862  1.7556  1.2716  1.0218  0.9223  0.7289  0.4328  0.4206  0.2433
 226  0.672979  3.7205  2.6160  1.4852  4.9618  3.5565  2.4411  1.9296  1.9764  1.7453  1.2609  1.0109  0.9114  0.7178  0.4215  0.4093  0.2318
 227  0.673089  3.7188  2.5640  1.5307  4.9295  3.4959  2.3607  1.8430  1.8749  1.6409  1.1515  0.8998  0.7996  0.6046  0.3062  0.2938  0.1143
 228  0.673188  3.7171  2.5124  1.5753  4.9035  3.4396  2.2838  1.7598  1.7759  1.5390  1.0442  0.7905  0.6896  0.4933  0.1925  0.1798 -0.0015
 229  0.673277  3.7153  2.4620  1.6188  4.8831  3.3877  2.2107  1.6803  1.6806  1.4404  0.9403  0.6845  0.5830  0.3853  0.0821  0.0691 -0.1141
 230  0.673360  3.7135  2.4104  1.6630  4.8697  3.3398  2.1392  1.6016  1.5849  1.3413  0.8351  0.5772  0.4750  0.2757 -0.0301 -0.0432 -0.2287
 231  0.673436  3.7115  2.3574  1.7080  4.8628  3.2952  2.0684  1.5233  1.4880  1.2406  0.7280  0.4677  0.3648  0.1639 -0.1448 -0.1581 -0.3458
 232  0.673506  3.7094  2.3044  1.7530  4.8623  3.2552  2.0003  1.4473  1.3922  1.1409  0.6217  0.3588  0.2551  0.0525 -0.2590 -0.2726 -0.4626
 233  0.673568  3.7074  2.2512  1.7979  4.8677  3.2214  1.9353  1.3739  1.2980  1.0424  0.5162  0.2505  0.1461 -0.0583 -0.3730 -0.3868 -0.5792
 234  0.673625  3.7053  2.1980  1.8427  4.8771  3.1905  1.8718  1.3022  1.2045  0.9445  0.4109  0.1427  0.0373 -0.1690 -0.4866 -0.5007 -0.6957
 235  0.673676  3.7033  2.1486  1.8845  4.8873  3.1601  1.8125  1.2351  1.1174  0.8532  0.3130  0.0422 -0.0640 -0.2719 -0.5925 -0.6068 -0.8039
 236  0.673724  3.7015  2.1011  1.9245  4.9006  3.1330  1.7570  1.1718  1.0344  0.7661  0.2192 -0.0542 -0.1611 -0.3707 -0.6941 -0.7086 -0.9080
 237  0.673768  3.6996  2.0545  1.9638  4.9155  3.1077  1.7033  1.1106  0.9532  0.6809  0.1272 -0.1485 -0.2562 -0.4674 -0.7936 -0.8083 -1.0099
 238  0.673807  3.6980  2.0140  1.9980  4.9300  3.0862  1.6569  1.0575  0.8826  0.6067  0.0472 -0.2306 -0.3390 -0.5517 -0.8802 -0.8951 -1.0986
 239  0.673845  3.6969  1.9826  2.0248  4.9387  3.0657  1.6185  1.0139  0.8261  0.5474 -0.0162 -0.2956 -0.4044 -0.6181 -0.9483 -0.9634 -1.1682
 240  0.673882  3.6956  1.9476  2.0547  4.9514  3.0454  1.5773  0.9670  0.7641  0.4824 -0.0863 -0.3675 -0.4768 -0.6918 -1.0240 -1.0392 -1.2456
 241  0.673916  3.6935  1.9002  2.0939  4.9838  3.0351  1.5320  0.9134  0.6871  0.4004 -0.1762 -0.4604 -0.5705 -0.7875 -1.1230 -1.1385 -1.3474
 242  0.673948  3.6913  1.8506  2.1345  5.0196  3.0294  1.4878  0.8604  0.6085  0.3165 -0.2688 -0.5561 -0.6674 -0.8864 -1.2254 -1.2411 -1.4530
 243  0.673976  3.6892  1.8041  2.1727  5.0529  3.0272  1.4479  0.8124  0.5356  0.2383 -0.3553 -0.6458 -0.7579 -0.9790 -1.3214 -1.3375 -1.5521
 244  0.674003  3.6874  1.7644  2.2053  5.0766  3.0253  1.4141  0.7717  0.4736  0.1717 -0.4290 -0.7220 -0.8351 -1.0579 -1.4033 -1.4196 -1.6365
 245  0.674029  3.6860  1.7332  2.2308  5.0944  3.0265  1.3896  0.7417  0.4261  0.1205 -0.4860 -0.7813 -0.8950 -1.1193 -1.4671 -1.4836 -1.7024
 246  0.674053  3.6842  1.6918  2.2649  5.1134  3.0265  1.3549  0.7000  0.3615  0.0511 -0.5630 -0.8612 -0.9759 -1.2020 -1.5528 -1.5696 -1.7908
 247  0.674076  3.6820  1.6434  2.3047  5.1416  3.0334  1.3188  0.6550  0.2884 -0.0280 -0.6520 -0.9539 -1.0695 -1.2981 -1.6528 -1.6698 -1.8939
 248  0.674096  3.6797  1.5942  2.3450  5.1703  3.0437  1.2841  0.6111  0.2151 -0.1078 -0.7420 -1.0478 -1.1647 -1.3956 -1.7544 -1.7717 -1.9987
 249  0.674115  3.6774  1.5445  2.3855  5.2002  3.0593  1.2523  0.5700  0.1429 -0.1868 -0.8317 -1.1415 -1.2595 -1.4931 -1.8558 -1.8734 -2.1035
 250  0.674132  3.6752  1.4956  2.4252  5.2294  3.0784  1.2233  0.5316  0.0730 -0.2635 -0.9192 -1.2330 -1.3523 -1.5884 -1.9553 -1.9732 -2.2064
 251  0.674147  3.6730  1.4489  2.4630  5.2574  3.1006  1.1978  0.4973  0.0073 -0.3360 -1.0023 -1.3200 -1.4404 -1.6790 -2.0499 -2.0681 -2.3043
 252  0.674162  3.6707  1.4027  2.5002  5.2877  3.1288  1.1766  0.4673 -0.0552 -0.4056 -1.0828 -1.4045 -1.5262 -1.7674 -2.1425 -2.1610 -2.4003
 253  0.674175  3.6684  1.3580  2.5360  5.3171  3.1604  1.1587  0.4411 -0.1140 -0.4715 -1.1596 -1.4854 -1.6082 -1.8520 -2.2312 -2.2501 -2.4925
 254  0.674187  3.6662  1.3139  2.5713  5.3458  3.1943  1.1429  0.4172 -0.1711 -0.5358 -1.2348 -1.5647 -1.6887 -1.9352 -2.3186 -2.3378 -2.5834
 255  0.674198  3.6640  1.2702  2.6061  5.3741  3.2309  1.1292  0.3959 -0.2264 -0.5984 -1.3085 -1.6426 -1.7678 -2.0170 -2.4047 -2.4242 -2.6730
 256  0.674209  3.6619  1.2279  2.6399  5.4011  3.2693  1.1181  0.3775 -0.2786 -0.6579 -1.3789 -1.7173 -1.8437 -2.0956 -2.4875 -2.5073 -2.7593
 257  0.674218  3.6598  1.1859  2.6733  5.4286  3.3099  1.1088  0.3613 -0.3295 -0.7161 -1.4484 -1.7910 -1.9186 -2.1732 -2.5695 -2.5896 -2.8448
 258  0.674225  3.6576  1.1449  2.7058  5.4554  3.3527  1.1019  0.3479 -0.3778 -0.7719 -1.5152 -1.8623 -1.9912 -2.2485 -2.6490 -2.6695 -2.9280
 259  0.674233  3.6555  1.1045  2.7378  5.4807  3.3969  1.0968  0.3364 -0.4239 -0.8257 -1.5805 -1.9319 -2.0621 -2.3222 -2.7270 -2.7478 -3.0095
 260  0.674242  3.6534  1.0649  2.7691  5.5053  3.4433  1.0943  0.3279 -0.4674 -0.8771 -1.6436 -1.9995 -2.1310 -2.3940 -2.8030 -2.8242 -3.0892
 261  0.674248  3.6513  1.0256  2.7998  5.5284  3.4922  1.0942  0.3220 -0.5087 -0.9265 -1.7051 -2.0657 -2.1985 -2.4643 -2.8778 -2.8994 -3.1676
 262  0.674255  3.6492  0.9874  2.8299  5.5484  3.5414  1.0954  0.3179 -0.5477 -0.9738 -1.7644 -2.1297 -2.2638 -2.5326 -2.9504 -2.9723 -3.2439
 263  0.674261  3.6472  0.9496  2.8594  5.5654  3.5910  1.0978  0.3155 -0.5849 -1.0192 -1.8221 -2.1922 -2.3276 -2.5994 -3.0216 -3.0439 -3.3187
 264  0.674268  3.6452  0.9124  2.8884  5.5814  3.6435  1.1028  0.3157 -0.6197 -1.0626 -1.8782 -2.2533 -2.3899 -2.6647 -3.0914 -3.1140 -3.3922
 265  0.674273  3.6430  0.8757  2.9168  5.5956  3.6985  1.1101  0.3188 -0.6519 -1.1037 -1.9322 -2.3123 -2.4504 -2.7283 -3.1596 -3.1825 -3.4641
 266  0.674278  3.6410  0.8397  2.9446  5.6057  3.7535  1.1183  0.3231 -0.6824 -1.1431 -1.9846 -2.3699 -2.5094 -2.7904 -3.2260 -3.2494 -3.5343
 267  0.674283  3.6390  0.8043  2.9719  5.6123  3.8087  1.1277  0.3288 -0.7112 -1.1807 -2.0354 -2.4259 -2.5668 -2.8510 -3.2911 -3.3148 -3.6031
 268  0.674287  3.6370  0.7697  2.9986  5.6145  3.8622  1.1370  0.3350 -0.7386 -1.2171 -2.0849 -2.4806 -2.6227 -2.9101 -3.3545 -3.3786 -3.6703
 269  0.674292  3.6351  0.7357  3.0249  5.6134  3.9152  1.1468  0.3420 -0.7648 -1.2521 -2.1331 -2.5340 -2.6776 -2.9681 -3.4168 -3.4412 -3.7362
 270  0.674296  3.6332  0.7022  3.0507  5.6090  3.9669  1.1567  0.3494 -0.7898 -1.2861 -2.1802 -2.5864 -2.7313 -3.0249 -3.4778 -3.5026 -3.8008
 271  0.674299  3.6313  0.6695  3.0758  5.6015  4.0167  1.1661  0.3570 -0.8133 -1.3185 -2.2256 -2.6371 -2.7833 -3.0801 -3.5370 -3.5622 -3.8636
 272  0.674303  3.6295  0.6377  3.1006  5.5915  4.0650  1.1752  0.3643 -0.8360 -1.3501 -2.2701 -2.6868 -2.8343 -3.1342 -3.5950 -3.6205 -3.9251
 273  0.674306  3.6278  0.6064  3.1249  5.5787  4.1114  1.1836  0.3710 -0.8581 -1.3809 -2.3137 -2.7357 -2.8845 -3.1874 -3.6521 -3.6781 -3.9857
 274  0.674309  3.6260  0.5755  3.1487  5.5647  4.1582  1.1926  0.3789 -0.8779 -1.4097 -2.3556 -2.7829 -2.9331 -3.2391 -3.7078 -3.7340 -4.0449
 275  0.674312  3.6243  0.5455  3.1719  5.5494  4.2046  1.2021  0.3873 -0.8954 -1.4361 -2.3956 -2.8283 -2.9798 -3.2890 -3.7616 -3.7883 -4.1022
 276  0.674315  3.6227  0.5162  3.1946  5.5324  4.2489  1.2107  0.3950 -0.9124 -1.4621 -2.4346 -2.8728 -3.0256 -3.3379 -3.8143 -3.8413 -4.1584
 277  0.674318  3.6211  0.4878  3.2168  5.5138  4.2899  1.2178  0.4014 -0.9290 -1.4873 -2.4727 -2.9161 -3.0703 -3.3854 -3.8656 -3.8929 -4.2130
 278  0.674321  3.6195  0.4603  3.2380  5.4958  4.3309  1.2259  0.4092 -0.9432 -1.5101 -2.5083 -2.9570 -3.1125 -3.4306 -3.9144 -3.9420 -4.2651
 279  0.674323  3.6181  0.4361  3.2568  5.4780  4.3647  1.2319  0.4150 -0.9561 -1.5306 -2.5403 -2.9936 -3.1502 -3.4709 -3.9579 -3.9859 -4.3116
