#NUMBER OF AGES= 1
#----------------------------------------------------       
#MIX-LEN  Y      Z          Zeff        [Fe/H] [a/Fe]
# 1.9380  0.3300 5.0381E-04 2.5644E-04  -1.76   0.40 
#----------------------------------------------------       
#**PHOTOMETRIC SYSTEM**: HST WFPC2 (Vega)                   
#----------------------------------------------------       
#AGE=14.800 EEPS=264
#EEP   M/Mo    LogTeff  LogG   LogL/Lo F218W   F255W   F300W   F336W   F439W   F450W   F555W   F606W   F622W   F675W   F791W   F814W   F850LP
  16  0.118855  3.5490  5.2492 -2.5867 20.3446 19.7566 16.3567 15.4981 14.3564 13.7911 12.4554 11.9143 11.7228 11.3459 10.5952 10.5581 10.1651
  17  0.129066  3.5561  5.2159 -2.4891 20.0285 19.2419 15.9660 15.1026 13.9666 13.4342 12.1425 11.6056 11.4147 11.0447 10.3474 10.3117  9.9297
  18  0.138523  3.5617  5.1877 -2.4074 19.7581 18.8207 15.6453 14.7804 13.6536 13.1447 11.8878 11.3552 11.1653 10.8002 10.1403 10.1056  9.7319
  19  0.147782  3.5664  5.1629 -2.3361 19.5191 18.4648 15.3729 14.5083 13.3915 12.8994 11.6707 11.1426 10.9538 10.5925  9.9595  9.9256  9.5584
  20  0.157962  3.5705  5.1392 -2.2667 19.2874 18.1308 15.1150 14.2516 13.1453 12.6668 11.4637 10.9404 10.7529 10.3952  9.7840  9.7509  9.3894
  21  0.170030  3.5747  5.1151 -2.1939 19.0396 17.7826 14.8475 13.9865 12.8926 12.4267 11.2491 10.7313 10.5453 10.1913  9.5999  9.5674  9.2116
  22  0.184119  3.5789  5.0909 -2.1183 18.7815 17.4211 14.5730 13.7156 12.6354 12.1809 11.0291 10.5176 10.3333  9.9831  9.4095  9.3776  9.0272
  23  0.199671  3.5829  5.0681 -2.0444 18.5143 17.0578 14.3032 13.4511 12.3862 11.9421 10.8151 10.3101 10.1277  9.7813  9.2230  9.1918  8.8466
  24  0.218183  3.5871  5.0449 -1.9663 18.1923 16.6468 14.0130 13.1694 12.1258 11.6915 10.5903 10.0928  9.9126  9.5705  9.0265  8.9959  8.6559
  25  0.236288  3.5906  5.0259 -1.8985 17.8737 16.2641 13.7545 12.9211 11.9010 11.4746 10.3958  9.9054  9.7272  9.3890  8.8563  8.8261  8.4906
  26  0.248894  3.5929  5.0159 -1.8572 17.6696 16.0239 13.5936 12.7668 11.7628 11.3412 10.2766  9.7907  9.6139  9.2783  8.7522  8.7225  8.3898
  27  0.256390  3.5940  5.0115 -1.8349 17.5583 15.8938 13.5061 12.6831 11.6879 11.2688 10.2121  9.7288  9.5527  9.2185  8.6961  8.6666  8.3355
  28  0.261718  3.5949  5.0089 -1.8200 17.4856 15.8095 13.4477 12.6270 11.6378 11.2205 10.1689  9.6874  9.5117  9.1786  8.6585  8.6291  8.2991
  29  0.265483  3.5955  5.0068 -1.8093 17.4349 15.7507 13.4055 12.5863 11.6014 11.1854 10.1376  9.6574  9.4822  9.1498  8.6314  8.6020  8.2728
  30  0.268159  3.5960  5.0050 -1.8012 17.3963 15.7060 13.3734 12.5554 11.5740 11.1587 10.1141  9.6349  9.4599  9.1281  8.6109  8.5817  8.2530
  31  0.270172  3.5964  5.0036 -1.7948 17.3647 15.6694 13.3473 12.5304 11.5519 11.1375 10.0954  9.6171  9.4424  9.1110  8.5949  8.5657  8.2376
  32  0.271797  3.5968  5.0020 -1.7891 17.3357 15.6357 13.3236 12.5077 11.5318 11.1181 10.0785  9.6010  9.4265  9.0956  8.5805  8.5514  8.2237
  33  0.273514  3.5972  5.0005 -1.7832 17.3054 15.6005 13.2986 12.4835 11.5107 11.0977 10.0607  9.5842  9.4099  9.0794  8.5654  8.5364  8.2092
  34  0.275552  3.5976  4.9987 -1.7764 17.2722 15.5627 13.2709 12.4570 11.4872 11.0751 10.0408  9.5652  9.3912  9.0612  8.5484  8.5194  8.1927
  35  0.278077  3.5981  4.9967 -1.7684 17.2353 15.5210 13.2397 12.4268 11.4604 11.0491 10.0178  9.5432  9.3696  9.0401  8.5282  8.4994  8.1733
  36  0.281341  3.5986  4.9940 -1.7589 17.1933 15.4744 13.2037 12.3919 11.4292 11.0187  9.9905  9.5170  9.3436  9.0148  8.5042  8.4753  8.1498
  37  0.285819  3.5991  4.9907 -1.7465 17.1425 15.4186 13.1594 12.3489 11.3902 10.9807  9.9558  9.4836  9.3106  8.9824  8.4730  8.4442  8.1194
  38  0.291813  3.5998  4.9855 -1.7298 17.0759 15.3466 13.1010 12.2920 11.3387 10.9303  9.9097  9.4389  9.2664  8.9390  8.4310  8.4024  8.0784
  39  0.300047  3.6009  4.9773 -1.7051 16.9735 15.2362 13.0118 12.2052 11.2607 10.8542  9.8406  9.3724  9.2007  8.8747  8.3690  8.3406  8.0180
  40  0.307982  3.6023  4.9678 -1.6790 16.8568 15.1122 12.9118 12.1083 11.1756 10.7712  9.7663  9.3015  9.1307  8.8065  8.3032  8.2749  7.9539
  41  0.314418  3.6034  4.9591 -1.6568 16.7511 15.0050 12.8252 12.0247 11.1036 10.7016  9.7046  9.2430  9.0732  8.7503  8.2474  8.2193  7.8992
  42  0.328077  3.6062  4.9403 -1.6085 16.5450 14.7815 12.6422 11.8461 10.9443 10.5467  9.5660  9.1104  8.9423  8.6227  8.1256  8.0979  7.7812
  43  0.344067  3.6105  4.9164 -1.5461 16.2665 14.4734 12.3911 11.6007 10.7273 10.3362  9.3807  8.9343  8.7688  8.4544  7.9678  7.9408  7.6296
  44  0.353489  3.6135  4.9008 -1.5073 16.0928 14.2868 12.2348 11.4475 10.5922 10.2053  9.2654  8.8252  8.6613  8.3504  7.8696  7.8430  7.5353
  45  0.362147  3.6163  4.8860 -1.4709 15.9293 14.1139 12.0874 11.3027 10.4645 10.0815  9.1565  8.7224  8.5602  8.2528  7.7773  7.7512  7.4468
  46  0.371847  3.6197  4.8701 -1.4293 15.7402 13.9140 11.9156 11.1334 10.3162  9.9378  9.0307  8.6039  8.4438  8.1406  7.6720  7.6464  7.3465
  47  0.382014  3.6240  4.8538 -1.3845 15.5334 13.6950 11.7247 10.9449 10.1517  9.7788  8.8920  8.4740  8.3164  8.0185  7.5580  7.5331  7.2385
  48  0.392400  3.6288  4.8377 -1.3374 15.3110 13.4588 11.5171 10.7392  9.9740  9.6071  8.7434  8.3357  8.1807  7.8891  7.4383  7.4141  7.1259
  49  0.401864  3.6337  4.8234 -1.2933 15.0948 13.2279 11.3146 10.5381  9.8026  9.4418  8.6014  8.2041  8.0521  7.7671  7.3263  7.3028  7.0214
  50  0.409750  3.6382  4.8119 -1.2550 14.9000 13.0185 11.1316 10.3561  9.6492  9.2943  8.4759  8.0885  7.9391  7.6604  7.2293  7.2065  6.9315
  51  0.417111  3.6430  4.8017 -1.2181 14.7018 12.8061 10.9465 10.1729  9.4981  9.1493  8.3530  7.9759  7.8294  7.5571  7.1358  7.1139  6.8454
  52  0.421790  3.6462  4.7956 -1.1942 14.5686 12.6634 10.8220 10.0502  9.3984  9.0538  8.2725  7.9023  7.7578  7.4899  7.0754  7.0539  6.7899
  53  0.426335  3.6495  4.7898 -1.1707 14.4347 12.5198 10.6962  9.9269  9.2995  8.9592  8.1929  7.8298  7.6873  7.4239  7.0161  6.9951  6.7357
  54  0.430771  3.6529  4.7846 -1.1475 14.2998 12.3745 10.5682  9.8024  9.2011  8.8651  8.1139  7.7579  7.6176  7.3587  6.9578  6.9374  6.6826
  55  0.435134  3.6562  4.7795 -1.1248 14.1636 12.2288 10.4409  9.6792  9.1051  8.7734  8.0368  7.6877  7.5495  7.2950  6.9007  6.8807  6.6305
  56  0.439444  3.6596  4.7746 -1.1022 14.0162 12.0733 10.3114  9.5542  9.0099  8.6825  7.9606  7.6181  7.4820  7.2318  6.8440  6.8246  6.5789
  57  0.443704  3.6628  4.7697 -1.0800 13.8593 11.9105 10.1826  9.4299  8.9172  8.5940  7.8862  7.5500  7.4161  7.1698  6.7881  6.7691  6.5279
  58  0.447937  3.6662  4.7652 -1.0579 13.6904 11.7392 10.0511  9.3036  8.8249  8.5060  7.8122  7.4824  7.3506  7.1080  6.7323  6.7138  6.4770
  59  0.452154  3.6696  4.7607 -1.0359 13.5147 11.5660  9.9183  9.1774  8.7339  8.4192  7.7391  7.4152  7.2858  7.0467  6.6768  6.6588  6.4264
  60  0.456349  3.6730  4.7563 -1.0139 13.3334 11.3937  9.7842  9.0519  8.6439  8.3336  7.6668  7.3488  7.2216  6.9859  6.6217  6.6041  6.3760
  61  0.460532  3.6764  4.7521 -0.9919 13.1442 11.2188  9.6482  8.9256  8.5545  8.2486  7.5949  7.2826  7.1576  6.9254  6.5666  6.5495  6.3257
  62  0.464722  3.6799  4.7480 -0.9698 12.9476 11.0426  9.5107  8.7990  8.4655  8.1642  7.5233  7.2164  7.0937  6.8648  6.5114  6.4947  6.2752
  63  0.468913  3.6834  4.7438 -0.9477 12.7448 10.8660  9.3725  8.6725  8.3772  8.0805  7.4522  7.1506  7.0300  6.8043  6.4562  6.4400  6.2248
  64  0.473081  3.6870  4.7397 -0.9255 12.5385 10.6914  9.2353  8.5473  8.2900  7.9981  7.3819  7.0854  6.9668  6.7443  6.4014  6.3856  6.1747
  65  0.477221  3.6905  4.7356 -0.9035 12.3310 10.5201  9.1001  8.4241  8.2042  7.9172  7.3127  7.0211  6.9043  6.6849  6.3471  6.3317  6.1249
  66  0.481326  3.6940  4.7314 -0.8815 12.1257 10.3535  8.9679  8.3041  8.1202  7.8382  7.2449  6.9578  6.8429  6.6262  6.2934  6.2785  6.0757
  67  0.485377  3.6974  4.7271 -0.8599 11.9223 10.1910  8.8385  8.1866  8.0380  7.7609  7.1785  6.8958  6.7825  6.5687  6.2406  6.2261  6.0272
  68  0.489345  3.7007  4.7227 -0.8386 11.7244 10.0346  8.7131  8.0729  7.9582  7.6860  7.1140  6.8354  6.7238  6.5126  6.1892  6.1751  5.9800
  69  0.493209  3.7041  4.7184 -0.8179 11.5334  9.8843  8.5916  7.9631  7.8809  7.6135  7.0515  6.7769  6.6668  6.4582  6.1392  6.1255  5.9341
  70  0.496950  3.7072  4.7139 -0.7978 11.3560  9.7442  8.4774  7.8597  7.8075  7.5447  6.9919  6.7210  6.6122  6.4061  6.0910  6.0777  5.8897
  71  0.500538  3.7101  4.7096 -0.7783 11.1852  9.6099  8.3675  7.7604  7.7369  7.4786  6.9347  6.6672  6.5597  6.3558  6.0447  6.0316  5.8468
  72  0.503957  3.7129  4.7051 -0.7598 11.0281  9.4864  8.2660  7.6686  7.6710  7.4168  6.8810  6.6166  6.5102  6.3085  6.0008  5.9880  5.8061
  73  0.507208  3.7157  4.7011 -0.7419 10.8728  9.3650  8.1666  7.5790  7.6068  7.3568  6.8290  6.5676  6.4623  6.2627  5.9586  5.9461  5.7671
  74  0.510302  3.7182  4.6967 -0.7248 10.7306  9.2536  8.0753  7.4967  7.5470  7.3008  6.7803  6.5216  6.4174  6.2196  5.9185  5.9064  5.7300
  75  0.513261  3.7207  4.6928 -0.7081 10.5853  9.1408  7.9840  7.4147  7.4880  7.2458  6.7326  6.4767  6.3735  6.1776  5.8797  5.8678  5.6941
  76  0.516097  3.7230  4.6885 -0.6922 10.4509  9.0365  7.8999  7.3391  7.4330  7.1944  6.6878  6.4344  6.3321  6.1378  5.8427  5.8312  5.6597
  77  0.518824  3.7254  4.6846 -0.6766 10.3141  8.9308  7.8154  7.2634  7.3783  7.1433  6.6436  6.3927  6.2912  6.0988  5.8066  5.7952  5.6262
  78  0.521453  3.7276  4.6804 -0.6615 10.1870  8.8321  7.7363  7.1926  7.3265  7.0950  6.6014  6.3528  6.2522  6.0613  5.7718  5.7606  5.5938
  79  0.523997  3.7297  4.6762 -0.6467 10.0647  8.7370  7.6600  7.1242  7.2763  7.0480  6.5605  6.3141  6.2143  6.0250  5.7380  5.7269  5.5623
  80  0.526471  3.7318  4.6722 -0.6321  9.9436  8.6427  7.5842  7.0564  7.2265  7.0016  6.5201  6.2759  6.1769  5.9891  5.7046  5.6939  5.5313
  81  0.528879  3.7338  4.6679 -0.6180  9.8322  8.5550  7.5131  6.9926  7.1792  6.9573  6.4813  6.2391  6.1408  5.9545  5.6723  5.6617  5.5011
  82  0.532219  3.7366  4.6618 -0.5981  9.6780  8.4331  7.4139  6.9038  7.1128  6.8950  6.4267  6.1875  6.0903  5.9059  5.6270  5.6168  5.4588
  83  0.535579  3.7394  4.6554 -0.5779  9.5264  8.3125  7.3160  6.8160  7.0461  6.8325  6.3718  6.1355  6.0392  5.8568  5.5812  5.5712  5.4159
  84  0.538985  3.7421  4.6485 -0.5573  9.3776  8.1934  7.2193  6.7291  6.9791  6.7695  6.3163  6.0827  5.9874  5.8070  5.5346  5.5248  5.3721
  85  0.542450  3.7448  4.6413 -0.5363  9.2301  8.0745  7.1228  6.6422  6.9113  6.7056  6.2599  6.0291  5.9348  5.7564  5.4871  5.4777  5.3276
  86  0.545986  3.7475  4.6335 -0.5149  9.0827  7.9551  7.0255  6.5547  6.8422  6.6406  6.2024  5.9744  5.8813  5.7048  5.4389  5.4297  5.2822
  87  0.549595  3.7503  4.6253 -0.4928  8.9360  7.8358  6.9278  6.4667  6.7722  6.5744  6.1438  5.9188  5.8266  5.6523  5.3898  5.3808  5.2359
  88  0.553265  3.7530  4.6165 -0.4704  8.7906  7.7173  6.8307  6.3792  6.7016  6.5076  6.0842  5.8622  5.7711  5.5989  5.3395  5.3309  5.1884
  89  0.556980  3.7556  4.6071 -0.4475  8.6471  7.5998  6.7347  6.2924  6.6309  6.4404  6.0241  5.8048  5.7146  5.5443  5.2880  5.2796  5.1397
  90  0.560712  3.7582  4.5974 -0.4243  8.5060  7.4839  6.6399  6.2069  6.5602  6.3731  5.9636  5.7468  5.6575  5.4890  5.2358  5.2276  5.0901
  91  0.564447  3.7608  4.5872 -0.4009  8.3668  7.3690  6.5464  6.1225  6.4893  6.3055  5.9024  5.6882  5.5999  5.4333  5.1830  5.1751  5.0398
  92  0.568167  3.7633  4.5764 -0.3774  8.2314  7.2568  6.4549  6.0398  6.4186  6.2380  5.8411  5.6293  5.5420  5.3771  5.1297  5.1219  4.9890
  93  0.571856  3.7658  4.5653 -0.3536  8.0989  7.1465  6.3648  5.9584  6.3480  6.1704  5.7796  5.5703  5.4837  5.3207  5.0761  5.0685  4.9377
  94  0.575496  3.7682  4.5539 -0.3299  7.9690  7.0381  6.2762  5.8782  6.2778  6.1031  5.7181  5.5112  5.4256  5.2642  5.0223  5.0150  4.8863
  95  0.579071  3.7705  4.5422 -0.3061  7.8426  6.9321  6.1890  5.7996  6.2080  6.0361  5.6569  5.4523  5.3674  5.2077  4.9686  4.9614  4.8349
  96  0.582560  3.7728  4.5303 -0.2825  7.7190  6.8282  6.1034  5.7223  6.1390  5.9696  5.5959  5.3935  5.3096  5.1515  4.9150  4.9080  4.7835
  97  0.585956  3.7750  4.5182 -0.2589  7.5990  6.7268  6.0197  5.6465  6.0705  5.9037  5.5353  5.3352  5.2520  5.0956  4.8616  4.8549  4.7323
  98  0.589244  3.7772  4.5060 -0.2356  7.4821  6.6279  5.9379  5.5724  6.0029  5.8386  5.4754  5.2773  5.1950  5.0402  4.8086  4.8021  4.6815
  99  0.592417  3.7793  4.4935 -0.2124  7.3701  6.5325  5.8587  5.5003  5.9364  5.7744  5.4160  5.2201  5.1386  4.9852  4.7561  4.7497  4.6308
 100  0.595470  3.7813  4.4808 -0.1895  7.2614  6.4397  5.7817  5.4299  5.8709  5.7111  5.3573  5.1635  5.0827  4.9308  4.7040  4.6977  4.5807
 101  0.598405  3.7833  4.4682 -0.1668  7.1562  6.3497  5.7070  5.3613  5.8064  5.6487  5.2993  5.1076  5.0275  4.8771  4.6525  4.6464  4.5310
 102  0.601224  3.7851  4.4552 -0.1445  7.0551  6.2627  5.6347  5.2944  5.7430  5.5872  5.2420  5.0523  4.9729  4.8238  4.6014  4.5955  4.4817
 103  0.603932  3.7869  4.4422 -0.1224  6.9577  6.1787  5.5648  5.2294  5.6806  5.5267  5.1854  4.9976  4.9189  4.7712  4.5508  4.5451  4.4328
 104  0.606534  3.7886  4.4291 -0.1006  6.8638  6.0973  5.4967  5.1660  5.6194  5.4671  5.1295  4.9436  4.8656  4.7190  4.5007  4.4950  4.3842
 105  0.609037  3.7902  4.4157 -0.0790  6.7736  6.0188  5.4303  5.1044  5.5591  5.4084  5.0743  4.8901  4.8128  4.6674  4.4508  4.4453  4.3359
 106  0.611447  3.7918  4.4022 -0.0577  6.6865  5.9426  5.3653  5.0444  5.4999  5.3507  5.0199  4.8372  4.7605  4.6163  4.4014  4.3960  4.2879
 107  0.613770  3.7932  4.3886 -0.0365  6.6023  5.8688  5.3018  4.9859  5.4416  5.2938  4.9663  4.7849  4.7086  4.5654  4.3523  4.3470  4.2402
 108  0.616014  3.7945  4.3748 -0.0157  6.5204  5.7968  5.2390  4.9286  5.3842  5.2377  4.9132  4.7332  4.6575  4.5153  4.3038  4.2986  4.1929
 109  0.618186  3.7958  4.3608  0.0050  6.4408  5.7265  5.1775  4.8723  5.3275  5.1823  4.8608  4.6820  4.6067  4.4657  4.2557  4.2505  4.1459
 110  0.620293  3.7970  4.3468  0.0254  6.3633  5.6578  5.1170  4.8169  5.2714  5.1275  4.8089  4.6314  4.5566  4.4165  4.2079  4.2030  4.0993
 111  0.622348  3.7982  4.3324  0.0457  6.2879  5.5909  5.0578  4.7624  5.2161  5.0733  4.7575  4.5812  4.5068  4.3677  4.1605  4.1556  4.0529
 112  0.623002  3.7985  4.3278  0.0522  6.2642  5.5697  5.0391  4.7452  5.1984  5.0560  4.7411  4.5651  4.4910  4.3520  4.1453  4.1404  4.0380
 113  0.623654  3.7989  4.3231  0.0588  6.2401  5.5482  5.0200  4.7275  5.1804  5.0384  4.7244  4.5488  4.4747  4.3360  4.1298  4.1249  4.0229
 114  0.624305  3.7993  4.3184  0.0654  6.2160  5.5266  5.0010  4.7099  5.1624  5.0208  4.7076  4.5324  4.4585  4.3202  4.1144  4.1095  4.0077
 115  0.624952  3.7997  4.3138  0.0723  6.1902  5.5038  4.9810  4.6915  5.1437  5.0024  4.6902  4.5154  4.4417  4.3038  4.0985  4.0936  3.9922
 116  0.625599  3.8001  4.3090  0.0791  6.1644  5.4811  4.9610  4.6731  5.1249  4.9841  4.6730  4.4986  4.4251  4.2874  4.0826  4.0779  3.9768
 117  0.626245  3.8006  4.3044  0.0860  6.1377  5.4575  4.9406  4.6544  5.1058  4.9655  4.6554  4.4815  4.4082  4.2709  4.0666  4.0619  3.9612
 118  0.626888  3.8010  4.2998  0.0930  6.1101  5.4334  4.9197  4.6351  5.0862  4.9464  4.6375  4.4641  4.3910  4.2541  4.0505  4.0457  3.9454
 119  0.627530  3.8015  4.2950  0.1001  6.0830  5.4095  4.8989  4.6160  5.0665  4.9273  4.6194  4.4466  4.3736  4.2371  4.0341  4.0294  3.9295
 120  0.628168  3.8020  4.2901  0.1074  6.0554  5.3852  4.8779  4.5965  5.0466  4.9078  4.6010  4.4287  4.3560  4.2198  4.0174  4.0127  3.9133
 121  0.628804  3.8024  4.2851  0.1146  6.0285  5.3614  4.8570  4.5771  5.0265  4.8882  4.5823  4.4106  4.3380  4.2022  4.0004  3.9958  3.8967
 122  0.629437  3.8028  4.2798  0.1220  6.0018  5.3376  4.8361  4.5576  5.0062  4.8683  4.5635  4.3922  4.3198  4.1843  3.9830  3.9784  3.8796
 123  0.630066  3.8033  4.2743  0.1295  5.9759  5.3142  4.8153  4.5382  4.9859  4.8483  4.5444  4.3735  4.3013  4.1661  3.9652  3.9607  3.8623
 124  0.630691  3.8036  4.2685  0.1372  5.9504  5.2912  4.7946  4.5186  4.9654  4.8281  4.5250  4.3544  4.2823  4.1475  3.9471  3.9426  3.8444
 125  0.631312  3.8039  4.2624  0.1449  5.9253  5.2684  4.7739  4.4989  4.9448  4.8078  4.5053  4.3351  4.2632  4.1285  3.9285  3.9240  3.8261
 126  0.631929  3.8042  4.2560  0.1528  5.9006  5.2456  4.7530  4.4791  4.9239  4.7872  4.4854  4.3155  4.2437  4.1092  3.9096  3.9051  3.8074
 127  0.632541  3.8044  4.2493  0.1607  5.8763  5.2230  4.7322  4.4592  4.9029  4.7665  4.4653  4.2956  4.2239  4.0897  3.8903  3.8858  3.7883
 128  0.633149  3.8046  4.2426  0.1688  5.8519  5.2003  4.7113  4.4391  4.8817  4.7456  4.4449  4.2755  4.2039  4.0698  3.8708  3.8663  3.7690
 129  0.633755  3.8048  4.2357  0.1769  5.8277  5.1777  4.6903  4.4189  4.8604  4.7245  4.4243  4.2552  4.1836  4.0498  3.8510  3.8465  3.7494
 130  0.634356  3.8050  4.2286  0.1851  5.8035  5.1552  4.6693  4.3987  4.8390  4.7033  4.4036  4.2346  4.1631  4.0295  3.8310  3.8265  3.7296
 131  0.634953  3.8052  4.2214  0.1933  5.7797  5.1327  4.6482  4.3782  4.8174  4.6819  4.3826  4.2139  4.1425  4.0090  3.8107  3.8062  3.7093
 132  0.635546  3.8053  4.2140  0.2017  5.7561  5.1103  4.6271  4.3578  4.7956  4.6603  4.3614  4.1929  4.1216  3.9882  3.7901  3.7856  3.6889
 133  0.636133  3.8054  4.2064  0.2102  5.7328  5.0882  4.6059  4.3373  4.7737  4.6385  4.3400  4.1716  4.1004  3.9671  3.7691  3.7647  3.6680
 134  0.636715  3.8055  4.1985  0.2188  5.7102  5.0664  4.5849  4.3167  4.7517  4.6166  4.3184  4.1501  4.0789  3.9457  3.7479  3.7434  3.6468
 135  0.637290  3.8055  4.1902  0.2275  5.6881  5.0448  4.5639  4.2959  4.7297  4.5947  4.2966  4.1283  4.0571  3.9240  3.7262  3.7218  3.6251
 136  0.637857  3.8055  4.1817  0.2363  5.6664  5.0234  4.5429  4.2751  4.7075  4.5725  4.2745  4.1063  4.0350  3.9019  3.7041  3.6997  3.6030
 137  0.638418  3.8054  4.1730  0.2451  5.6450  5.0022  4.5219  4.2542  4.6851  4.5501  4.2521  4.0839  4.0128  3.8796  3.6818  3.6774  3.5807
 138  0.638972  3.8054  4.1640  0.2540  5.6242  4.9814  4.5008  4.2333  4.6626  4.5277  4.2296  4.0613  3.9902  3.8569  3.6591  3.6546  3.5578
 139  0.639517  3.8052  4.1547  0.2631  5.6040  4.9607  4.4799  4.2121  4.6401  4.5050  4.2069  4.0385  3.9672  3.8340  3.6360  3.6316  3.5346
 140  0.640053  3.8050  4.1451  0.2723  5.5843  4.9405  4.4591  4.1911  4.6174  4.4823  4.1838  4.0154  3.9441  3.8107  3.6125  3.6081  3.5109
 141  0.640580  3.8047  4.1352  0.2816  5.5653  4.9206  4.4383  4.1699  4.5946  4.4594  4.1606  3.9920  3.9206  3.7871  3.5887  3.5842  3.4869
 142  0.641098  3.8045  4.1250  0.2911  5.5470  4.9011  4.4176  4.1487  4.5719  4.4364  4.1372  3.9684  3.8969  3.7632  3.5646  3.5600  3.4624
 143  0.641606  3.8040  4.1144  0.3006  5.5295  4.8820  4.3971  4.1275  4.5491  4.4134  4.1136  3.9445  3.8729  3.7390  3.5400  3.5353  3.4375
 144  0.642102  3.8036  4.1035  0.3101  5.5128  4.8635  4.3767  4.1062  4.5261  4.3902  4.0898  3.9203  3.8486  3.7144  3.5150  3.5104  3.4120
 145  0.642589  3.8032  4.0922  0.3197  5.4972  4.8456  4.3565  4.0851  4.5033  4.3670  4.0659  3.8959  3.8241  3.6895  3.4896  3.4850  3.3861
 146  0.643062  3.8026  4.0805  0.3295  5.4826  4.8283  4.3366  4.0639  4.4805  4.3438  4.0417  3.8713  3.7993  3.6644  3.4639  3.4592  3.3599
 147  0.643525  3.8019  4.0683  0.3393  5.4690  4.8118  4.3169  4.0429  4.4577  4.3206  4.0174  3.8466  3.7743  3.6390  3.4377  3.4330  3.3331
 148  0.643974  3.8012  4.0558  0.3492  5.4571  4.7961  4.2977  4.0220  4.4350  4.2974  3.9931  3.8215  3.7490  3.6132  3.4112  3.4064  3.3059
 149  0.644411  3.8004  4.0429  0.3593  5.4459  4.7810  4.2786  4.0011  4.4124  4.2741  3.9685  3.7962  3.7236  3.5871  3.3843  3.3795  3.2782
 150  0.644835  3.7995  4.0295  0.3693  5.4370  4.7674  4.2602  3.9805  4.3900  4.2511  3.9438  3.7708  3.6978  3.5608  3.3571  3.3521  3.2501
 151  0.645246  3.7984  4.0154  0.3795  5.4312  4.7558  4.2429  3.9604  4.3680  4.2282  3.9192  3.7452  3.6719  3.5342  3.3292  3.3242  3.2213
 152  0.645642  3.7971  4.0004  0.3896  5.4291  4.7466  4.2267  3.9412  4.3467  4.2059  3.8946  3.7195  3.6458  3.5072  3.3009  3.2957  3.1917
 153  0.646025  3.7957  3.9848  0.3998  5.4301  4.7396  4.2116  3.9225  4.3257  4.1839  3.8701  3.6937  3.6195  3.4800  3.2721  3.2669  3.1616
 154  0.646394  3.7941  3.9684  0.4101  5.4343  4.7348  4.1979  3.9048  4.3054  4.1623  3.8457  3.6679  3.5931  3.4526  3.2430  3.2377  3.1310
 155  0.646750  3.7923  3.9511  0.4204  5.4441  4.7338  4.1862  3.8883  4.2860  4.1414  3.8213  3.6420  3.5666  3.4249  3.2133  3.2078  3.0995
 156  0.647093  3.7904  3.9334  0.4307  5.4552  4.7338  4.1750  3.8721  4.2667  4.1205  3.7970  3.6160  3.5400  3.3969  3.1834  3.1777  3.0679
 157  0.647423  3.7884  3.9150  0.4410  5.4714  4.7371  4.1659  3.8574  4.2484  4.1003  3.7729  3.5900  3.5133  3.3689  3.1530  3.1472  3.0355
 158  0.647740  3.7862  3.8964  0.4514  5.4897  4.7417  4.1575  3.8431  4.2303  4.0803  3.7487  3.5639  3.4865  3.3406  3.1224  3.1164  3.0030
 159  0.648045  3.7843  3.8782  0.4618  5.5068  4.7455  4.1484  3.8283  4.2118  4.0600  3.7244  3.5377  3.4596  3.3123  3.0919  3.0857  2.9705
 160  0.648339  3.7823  3.8600  0.4723  5.5243  4.7496  4.1395  3.8136  4.1934  4.0396  3.6999  3.5113  3.4326  3.2839  3.0612  3.0550  2.9379
 161  0.648620  3.7801  3.8410  0.4827  5.5477  4.7574  4.1327  3.8003  4.1760  4.0201  3.6758  3.4851  3.4055  3.2552  3.0300  3.0235  2.9046
 162  0.648880  3.7774  3.8206  0.4927  5.5811  4.7724  4.1304  3.7903  4.1613  4.0029  3.6533  3.4601  3.3795  3.2272  2.9990  2.9923  2.8711
 163  0.649137  3.7748  3.7998  0.5030  5.6148  4.7876  4.1281  3.7804  4.1461  3.9852  3.6301  3.4343  3.3529  3.1988  2.9675  2.9606  2.8369
 164  0.649391  3.7721  3.7786  0.5137  5.6510  4.8046  4.1272  3.7718  4.1308  3.9672  3.6064  3.4079  3.3255  3.1694  2.9351  2.9280  2.8018
 165  0.649641  3.7694  3.7569  0.5246  5.6899  4.8233  4.1274  3.7639  4.1155  3.9490  3.5819  3.3806  3.2972  3.1390  2.9014  2.8940  2.7653
 166  0.649888  3.7670  3.7364  0.5359  5.7221  4.8374  4.1248  3.7542  4.0982  3.9289  3.5562  3.3523  3.2679  3.1080  2.8674  2.8598  2.7289
 167  0.650130  3.7649  3.7164  0.5477  5.7471  4.8460  4.1184  3.7416  4.0784  3.9068  3.5291  3.3230  3.2380  3.0763  2.8333  2.8255  2.6928
 168  0.650368  3.7630  3.6964  0.5599  5.7694  4.8524  4.1104  3.7276  4.0571  3.8831  3.5009  3.2928  3.2071  3.0440  2.7986  2.7907  2.6560
 169  0.650600  3.7610  3.6760  0.5727  5.7908  4.8578  4.1011  3.7123  4.0344  3.8583  3.4715  3.2616  3.1752  3.0106  2.7630  2.7548  2.6185
 170  0.650823  3.7591  3.6550  0.5859  5.8115  4.8622  4.0908  3.6962  4.0105  3.8320  3.4410  3.2291  3.1421  2.9762  2.7263  2.7180  2.5797
 171  0.651039  3.7571  3.6338  0.5996  5.8299  4.8647  4.0791  3.6786  3.9851  3.8045  3.4092  3.1955  3.1078  2.9406  2.6886  2.6800  2.5400
 172  0.651247  3.7554  3.6127  0.6138  5.8446  4.8643  4.0651  3.6593  3.9582  3.7754  3.3761  3.1608  3.0724  2.9040  2.6499  2.6412  2.4995
 173  0.651448  3.7537  3.5915  0.6284  5.8552  4.8605  4.0489  3.6382  3.9296  3.7448  3.3418  3.1249  3.0360  2.8664  2.6104  2.6016  2.4583
 174  0.651641  3.7521  3.5705  0.6434  5.8615  4.8535  4.0305  3.6154  3.8994  3.7129  3.3064  3.0881  2.9987  2.8280  2.5703  2.5614  2.4167
 175  0.651828  3.7508  3.5498  0.6587  5.8632  4.8430  4.0097  3.5905  3.8677  3.6795  3.2700  3.0504  2.9607  2.7891  2.5298  2.5207  2.3747
 176  0.652009  3.7495  3.5294  0.6743  5.8612  4.8297  3.9868  3.5640  3.8349  3.6451  3.2328  3.0121  2.9220  2.7496  2.4889  2.4797  2.3324
 177  0.652185  3.7484  3.5091  0.6902  5.8554  4.8136  3.9621  3.5361  3.8009  3.6098  3.1949  2.9732  2.8827  2.7095  2.4476  2.4382  2.2899
 178  0.652356  3.7473  3.4889  0.7061  5.8483  4.7964  3.9367  3.5075  3.7665  3.5739  3.1566  2.9339  2.8431  2.6692  2.4060  2.3965  2.2472
 179  0.652524  3.7463  3.4689  0.7222  5.8389  4.7773  3.9101  3.4781  3.7313  3.5376  3.1179  2.8942  2.8030  2.6285  2.3640  2.3545  2.2042
 180  0.652689  3.7454  3.4491  0.7385  5.8272  4.7568  3.8824  3.4479  3.6956  3.5007  3.0788  2.8542  2.7627  2.5875  2.3219  2.3123  2.1611
 181  0.652851  3.7445  3.4294  0.7548  5.8139  4.7350  3.8541  3.4170  3.6595  3.4634  3.0394  2.8139  2.7221  2.5462  2.2797  2.2699  2.1178
 182  0.652990  3.7438  3.4127  0.7688  5.8014  4.7155  3.8292  3.3901  3.6281  3.4312  3.0054  2.7791  2.6871  2.5106  2.2432  2.2335  2.0806
 183  0.653126  3.7432  3.3959  0.7831  5.7876  4.6949  3.8034  3.3625  3.5962  3.3983  2.9709  2.7439  2.6517  2.4747  2.2065  2.1966  2.0431
 184  0.653264  3.7425  3.3790  0.7975  5.7723  4.6733  3.7768  3.3341  3.5637  3.3650  2.9359  2.7083  2.6158  2.4384  2.1694  2.1595  2.0053
 185  0.653400  3.7419  3.3622  0.8121  5.7561  4.6509  3.7496  3.3053  3.5307  3.3311  2.9006  2.6724  2.5796  2.4017  2.1320  2.1220  1.9672
 186  0.653537  3.7414  3.3452  0.8268  5.7388  4.6275  3.7217  3.2758  3.4971  3.2968  2.8649  2.6360  2.5431  2.3647  2.0942  2.0842  1.9288
 187  0.653673  3.7408  3.3283  0.8416  5.7203  4.6032  3.6931  3.2456  3.4631  3.2620  2.8288  2.5993  2.5062  2.3274  2.0562  2.0461  1.8902
 188  0.653807  3.7403  3.3111  0.8567  5.7019  4.5788  3.6642  3.2151  3.4286  3.2268  2.7922  2.5621  2.4688  2.2896  2.0177  2.0076  1.8510
 189  0.653942  3.7397  3.2939  0.8719  5.6827  4.5536  3.6346  3.1840  3.3936  3.1910  2.7550  2.5245  2.4310  2.2513  1.9789  1.9686  1.8115
 190  0.654076  3.7392  3.2765  0.8873  5.6622  4.5274  3.6042  3.1522  3.3579  3.1546  2.7174  2.4863  2.3926  2.2126  1.9395  1.9292  1.7716
 191  0.654209  3.7387  3.2589  0.9030  5.6415  4.5009  3.5733  3.1198  3.3216  3.1176  2.6791  2.4475  2.3538  2.1733  1.8995  1.8892  1.7311
 192  0.654341  3.7382  3.2412  0.9187  5.6196  4.4733  3.5416  3.0868  3.2847  3.0802  2.6405  2.4084  2.3145  2.1337  1.8593  1.8490  1.6903
 193  0.654472  3.7377  3.2231  0.9349  5.5971  4.4451  3.5093  3.0531  3.2470  3.0418  2.6010  2.3684  2.2743  2.0932  1.8182  1.8078  1.6486
 194  0.654601  3.7372  3.2044  0.9516  5.5741  4.4160  3.4758  3.0180  3.2080  3.0020  2.5601  2.3269  2.2326  2.0512  1.7756  1.7652  1.6054
 195  0.654728  3.7367  3.1851  0.9689  5.5505  4.3862  3.4413  2.9821  3.1679  2.9613  2.5180  2.2844  2.1899  2.0081  1.7319  1.7213  1.5611
 196  0.654853  3.7362  3.1658  0.9864  5.5249  4.3547  3.4056  2.9449  3.1268  2.9194  2.4751  2.2411  2.1466  1.9643  1.6875  1.6770  1.5162
 197  0.654977  3.7356  3.1457  1.0043  5.5004  4.3234  3.3694  2.9073  3.0848  2.8767  2.4312  2.1966  2.1018  1.9193  1.6419  1.6312  1.4699
 198  0.655097  3.7351  3.1250  1.0230  5.4752  4.2912  3.3321  2.8683  3.0413  2.8325  2.3856  2.1506  2.0557  1.8728  1.5946  1.5840  1.4220
 199  0.655214  3.7345  3.1037  1.0422  5.4485  4.2574  3.2932  2.8279  2.9962  2.7867  2.3387  2.1030  2.0080  1.8246  1.5460  1.5351  1.3726
 200  0.655328  3.7340  3.0817  1.0620  5.4217  4.2230  3.2533  2.7863  2.9499  2.7396  2.2902  2.0541  1.9589  1.7751  1.4957  1.4849  1.3219
 201  0.655439  3.7334  3.0591  1.0824  5.3947  4.1881  3.2126  2.7438  2.9024  2.6914  2.2406  2.0039  1.9085  1.7243  1.4442  1.4334  1.2697
 202  0.655547  3.7328  3.0360  1.1031  5.3669  4.1522  3.1708  2.7003  2.8539  2.6420  2.1898  1.9526  1.8569  1.6724  1.3915  1.3806  1.2163
 203  0.655652  3.7322  3.0124  1.1243  5.3396  4.1162  3.1286  2.6561  2.8044  2.5916  2.1379  1.9001  1.8043  1.6193  1.3377  1.3267  1.1617
 204  0.655754  3.7315  2.9882  1.1459  5.3122  4.0797  3.0857  2.6113  2.7540  2.5404  2.0852  1.8468  1.7508  1.5654  1.2830  1.2720  1.1063
 205  0.655854  3.7308  2.9635  1.1679  5.2868  4.0442  3.0428  2.5663  2.7031  2.4884  2.0315  1.7924  1.6963  1.5104  1.2272  1.2160  1.0496
 206  0.655950  3.7300  2.9382  1.1903  5.2612  4.0081  2.9994  2.5206  2.6513  2.4356  1.9770  1.7372  1.6408  1.4544  1.1704  1.1592  0.9919
 207  0.656044  3.7293  2.9124  1.2131  5.2362  3.9722  2.9556  2.4744  2.5988  2.3819  1.9216  1.6810  1.5844  1.3975  1.1125  1.1012  0.9333
 208  0.656133  3.7285  2.8863  1.2362  5.2119  3.9362  2.9115  2.4278  2.5456  2.3276  1.8654  1.6241  1.5272  1.3397  1.0538  1.0424  0.8736
 209  0.656220  3.7277  2.8597  1.2597  5.1888  3.9008  2.8673  2.3810  2.4919  2.2727  1.8084  1.5662  1.4691  1.2811  0.9942  0.9827  0.8130
 210  0.656305  3.7269  2.8326  1.2835  5.1654  3.8648  2.8225  2.3334  2.4374  2.2169  1.7505  1.5076  1.4103  1.2216  0.9337  0.9221  0.7516
 211  0.656386  3.7261  2.8052  1.3076  5.1433  3.8293  2.7777  2.2858  2.3825  2.1608  1.6921  1.4483  1.3507  1.1614  0.8724  0.8607  0.6894
 212  0.656464  3.7252  2.7775  1.3320  5.1218  3.7940  2.7327  2.2378  2.3271  2.1040  1.6330  1.3882  1.2903  1.1005  0.8104  0.7987  0.6263
 213  0.656539  3.7243  2.7493  1.3567  5.1007  3.7586  2.6874  2.1896  2.2712  2.0466  1.5732  1.3276  1.2294  1.0388  0.7477  0.7358  0.5624
 214  0.656612  3.7235  2.7209  1.3816  5.0792  3.7231  2.6419  2.1410  2.2150  1.9889  1.5129  1.2663  1.1678  0.9765  0.6842  0.6722  0.4980
 215  0.656681  3.7225  2.6921  1.4067  5.0580  3.6874  2.5963  2.0921  2.1582  1.9307  1.4521  1.2045  1.1057  0.9137  0.6201  0.6081  0.4328
 216  0.656747  3.7217  2.6631  1.4322  5.0373  3.6521  2.5505  2.0430  2.1012  1.8721  1.3908  1.1422  1.0430  0.8503  0.5556  0.5435  0.3671
 217  0.656758  3.7215  2.6582  1.4364  5.0340  3.6462  2.5429  2.0349  2.0917  1.8623  1.3806  1.1318  1.0325  0.8398  0.5449  0.5327  0.3562
 218  0.656769  3.7213  2.6533  1.4406  5.0309  3.6405  2.5353  2.0267  2.0822  1.8526  1.3703  1.1214  1.0221  0.8292  0.5341  0.5219  0.3453
 219  0.656780  3.7211  2.6485  1.4449  5.0273  3.6344  2.5276  2.0185  2.0726  1.8427  1.3601  1.1109  1.0116  0.8185  0.5233  0.5110  0.3342
 220  0.656790  3.7210  2.6436  1.4492  5.0241  3.6286  2.5200  2.0103  2.0630  1.8328  1.3498  1.1005  1.0011  0.8078  0.5123  0.5001  0.3231
 221  0.656801  3.7208  2.6387  1.4535  5.0207  3.6226  2.5122  2.0020  2.0534  1.8230  1.3394  1.0900  0.9904  0.7972  0.5014  0.4892  0.3121
 222  0.656811  3.7207  2.6338  1.4578  5.0175  3.6167  2.5045  1.9937  2.0437  1.8130  1.3290  1.0794  0.9798  0.7864  0.4904  0.4782  0.3009
 223  0.656822  3.7205  2.6288  1.4621  5.0143  3.6109  2.4968  1.9855  2.0340  1.8030  1.3186  1.0688  0.9692  0.7756  0.4794  0.4672  0.2897
 224  0.656832  3.7204  2.6238  1.4664  5.0109  3.6049  2.4890  1.9771  2.0243  1.7930  1.3081  1.0581  0.9585  0.7648  0.4684  0.4561  0.2785
 225  0.656842  3.7203  2.6189  1.4708  5.0075  3.5989  2.4812  1.9687  2.0145  1.7829  1.2975  1.0474  0.9477  0.7539  0.4573  0.4450  0.2672
 226  0.656853  3.7201  2.6138  1.4752  5.0042  3.5928  2.4733  1.9603  2.0047  1.7728  1.2870  1.0367  0.9369  0.7430  0.4462  0.4338  0.2559
 227  0.656955  3.7183  2.5610  1.5212  4.9713  3.5311  2.3917  1.8725  1.9017  1.6669  1.1761  0.9238  0.8235  0.6282  0.3291  0.3166  0.1368
 228  0.657048  3.7166  2.5088  1.5665  4.9452  3.4742  2.3139  1.7883  1.8016  1.5638  1.0676  0.8132  0.7123  0.5156  0.2142  0.2014  0.0197
 229  0.657130  3.7148  2.4578  1.6105  4.9247  3.4218  2.2400  1.7078  1.7051  1.4641  0.9624  0.7060  0.6044  0.4062  0.1023  0.0894 -0.0944
 230  0.657206  3.7130  2.4062  1.6546  4.9120  3.3742  2.1686  1.6294  1.6094  1.3649  0.8574  0.5987  0.4964  0.2968 -0.0098 -0.0229 -0.2088
 231  0.657276  3.7109  2.3527  1.7002  4.9066  3.3300  2.0976  1.5506  1.5117  1.2633  0.7492  0.4881  0.3851  0.1837 -0.1256 -0.1390 -0.3273
 232  0.657341  3.7089  2.2990  1.7458  4.9064  3.2901  2.0287  1.4739  1.4149  1.1625  0.6416  0.3780  0.2741  0.0710 -0.2413 -0.2549 -0.4455
 233  0.657397  3.7069  2.2457  1.7908  4.9122  3.2568  1.9638  1.4006  1.3205  1.0638  0.5357  0.2695  0.1648 -0.0401 -0.3555 -0.3693 -0.5624
 234  0.657450  3.7047  2.1925  1.8356  4.9216  3.2251  1.9001  1.3286  1.2269  0.9657  0.4305  0.1616  0.0560 -0.1507 -0.4692 -0.4833 -0.6788
 235  0.657498  3.7029  2.1433  1.8773  4.9319  3.1944  1.8409  1.2616  1.1399  0.8747  0.3327  0.0613 -0.0450 -0.2535 -0.5748 -0.5891 -0.7869
 236  0.657540  3.7010  2.0961  1.9170  4.9451  3.1673  1.7857  1.1988  1.0575  0.7882  0.2396 -0.0343 -0.1414 -0.3515 -0.6755 -0.6901 -0.8900
 237  0.657582  3.6991  2.0499  1.9560  4.9598  3.1422  1.7324  1.1378  0.9769  0.7035  0.1483 -0.1280 -0.2359 -0.4476 -0.7744 -0.7891 -0.9912
 238  0.657618  3.6977  2.0115  1.9887  4.9719  3.1199  1.6871  1.0863  0.9089  0.6322  0.0715 -0.2067 -0.3151 -0.5281 -0.8571 -0.8721 -1.0759
 239  0.657654  3.6967  1.9836  2.0128  4.9773  3.0986  1.6510  1.0459  0.8575  0.5786  0.0144 -0.2651 -0.3739 -0.5878 -0.9182 -0.9334 -1.1383
 240  0.657688  3.6950  1.9404  2.0490  4.9984  3.0803  1.6044  0.9919  0.7838  0.5007 -0.0701 -0.3520 -0.4616 -0.6771 -1.0101 -1.0254 -1.2325
 241  0.657719  3.6928  1.8909  2.0898  5.0328  3.0713  1.5581  0.9369  0.7040  0.4157 -0.1635 -0.4485 -0.5591 -0.7766 -1.1131 -1.1287 -1.3385
 242  0.657748  3.6906  1.8417  2.1302  5.0676  3.0659  1.5142  0.8844  0.6260  0.3323 -0.2554 -0.5437 -0.6551 -0.8748 -1.2149 -1.2307 -1.4434
 243  0.657774  3.6886  1.7964  2.1674  5.0980  3.0633  1.4751  0.8375  0.5549  0.2561 -0.3396 -0.6309 -0.7433 -0.9649 -1.3083 -1.3244 -1.5398
 244  0.657799  3.6869  1.7593  2.1980  5.1187  3.0616  1.4435  0.7995  0.4968  0.1938 -0.4086 -0.7023 -0.8156 -1.0388 -1.3849 -1.4013 -1.6188
 245  0.657822  3.6856  1.7289  2.2230  5.1323  3.0608  1.4183  0.7692  0.4497  0.1432 -0.4648 -0.7607 -0.8745 -1.0992 -1.4476 -1.4641 -1.6834
 246  0.657844  3.6835  1.6816  2.2619  5.1585  3.0641  1.3805  0.7231  0.3769  0.0647 -0.5523 -0.8516 -0.9665 -1.1933 -1.5454 -1.5622 -1.7844
 247  0.657864  3.6812  1.6312  2.3032  5.1876  3.0718  1.3433  0.6766  0.3011 -0.0175 -0.6448 -0.9479 -1.0640 -1.2933 -1.6494 -1.6665 -1.8915
 248  0.657883  3.6790  1.5822  2.3433  5.2160  3.0832  1.3095  0.6336  0.2284 -0.0966 -0.7342 -1.0412 -1.1584 -1.3902 -1.7502 -1.7676 -1.9956
 249  0.657900  3.6767  1.5324  2.3839  5.2456  3.0996  1.2780  0.5926  0.1561 -0.1757 -0.8241 -1.1351 -1.2535 -1.4880 -1.8520 -1.8698 -2.1009
 250  0.657916  3.6744  1.4836  2.4235  5.2745  3.1197  1.2496  0.5549  0.0867 -0.2521 -0.9113 -1.2263 -1.3459 -1.5829 -1.9511 -1.9691 -2.2033
 251  0.657930  3.6722  1.4373  2.4611  5.3016  3.1425  1.2247  0.5213  0.0218 -0.3237 -0.9934 -1.3123 -1.4331 -1.6726 -2.0448 -2.0631 -2.3003
 252  0.657943  3.6699  1.3910  2.4983  5.3321  3.1721  1.2043  0.4922 -0.0403 -0.3930 -1.0737 -1.3967 -1.5187 -1.7608 -2.1372 -2.1558 -2.3962
 253  0.657954  3.6677  1.3465  2.5340  5.3608  3.2042  1.1868  0.4666 -0.0987 -0.4585 -1.1501 -1.4773 -1.6005 -1.8452 -2.2257 -2.2447 -2.4882
 254  0.657965  3.6655  1.3024  2.5692  5.3890  3.2387  1.1713  0.4431 -0.1557 -0.5226 -1.2252 -1.5564 -1.6809 -1.9283 -2.3130 -2.3323 -2.5790
 255  0.657975  3.6633  1.2587  2.6041  5.4168  3.2758  1.1580  0.4222 -0.2108 -0.5851 -1.2987 -1.6343 -1.7599 -2.0100 -2.3991 -2.4187 -2.6686
 256  0.657985  3.6612  1.2166  2.6377  5.4436  3.3146  1.1473  0.4044 -0.2627 -0.6443 -1.3689 -1.7086 -1.8355 -2.0883 -2.4816 -2.5016 -2.7546
 257  0.657994  3.6590  1.1744  2.6713  5.4705  3.3557  1.1382  0.3884 -0.3136 -0.7026 -1.4384 -1.7825 -1.9106 -2.1660 -2.5637 -2.5840 -2.8403
 258  0.658001  3.6569  1.1335  2.7038  5.4967  3.3989  1.1317  0.3753 -0.3614 -0.7581 -1.5052 -1.8537 -1.9830 -2.2413 -2.6432 -2.6638 -2.9235
 259  0.658009  3.6548  1.0933  2.7357  5.5213  3.4434  1.1270  0.3645 -0.4072 -0.8115 -1.5701 -1.9230 -2.0536 -2.3147 -2.7208 -2.7418 -3.0046
 260  0.658016  3.6527  1.0537  2.7669  5.5452  3.4904  1.1250  0.3565 -0.4502 -0.8626 -1.6330 -1.9905 -2.1223 -2.3863 -2.7967 -2.8181 -3.0842
 261  0.658022  3.6506  1.0143  2.7978  5.5668  3.5394  1.1250  0.3509 -0.4914 -0.9120 -1.6945 -2.0567 -2.1898 -2.4568 -2.8716 -2.8933 -3.1627
 262  0.658029  3.6486  0.9759  2.8278  5.5857  3.5888  1.1264  0.3472 -0.5302 -0.9591 -1.7537 -2.1207 -2.2552 -2.5250 -2.9444 -2.9664 -3.2391
 263  0.658034  3.6465  0.9383  2.8573  5.6013  3.6383  1.1289  0.3449 -0.5672 -1.0044 -1.8114 -2.1832 -2.3189 -2.5918 -3.0154 -3.0378 -3.3138
 264  0.658039  3.6444  0.9010  2.8863  5.6166  3.6915  1.1343  0.3457 -0.6015 -1.0474 -1.8672 -2.2440 -2.3811 -2.6571 -3.0851 -3.1078 -3.3872
 265  0.658044  3.6423  0.8643  2.9148  5.6293  3.7467  1.1418  0.3490 -0.6335 -1.0883 -1.9211 -2.3031 -2.4416 -2.7206 -3.1532 -3.1763 -3.4591
 266  0.658049  3.6403  0.8282  2.9427  5.6375  3.8015  1.1500  0.3533 -0.6641 -1.1277 -1.9738 -2.3610 -2.5008 -2.7829 -3.2201 -3.2435 -3.5297
 267  0.658053  3.6383  0.7929  2.9699  5.6422  3.8560  1.1590  0.3589 -0.6927 -1.1653 -2.0246 -2.4169 -2.5582 -2.8434 -3.2850 -3.3088 -3.5983
 268  0.658057  3.6363  0.7584  2.9966  5.6429  3.9086  1.1681  0.3651 -0.7202 -1.2016 -2.0740 -2.4714 -2.6141 -2.9025 -3.3483 -3.3726 -3.6653
 269  0.658061  3.6344  0.7245  3.0229  5.6401  3.9607  1.1774  0.3717 -0.7465 -1.2369 -2.1223 -2.5251 -2.6691 -2.9606 -3.4107 -3.4352 -3.7313
 270  0.658065  3.6325  0.6910  3.0487  5.6342  4.0116  1.1869  0.3788 -0.7713 -1.2708 -2.1693 -2.5774 -2.7227 -3.0174 -3.4716 -3.4966 -3.7959
 271  0.658068  3.6308  0.6585  3.0739  5.6252  4.0602  1.1957  0.3857 -0.7951 -1.3034 -2.2149 -2.6282 -2.7749 -3.0727 -3.5309 -3.5563 -3.8588
 272  0.658072  3.6290  0.6267  3.0986  5.6138  4.1073  1.2040  0.3924 -0.8180 -1.3351 -2.2595 -2.6780 -2.8260 -3.1269 -3.5890 -3.6147 -3.9202
 273  0.658075  3.6272  0.5954  3.1230  5.5996  4.1520  1.2115  0.3984 -0.8404 -1.3662 -2.3033 -2.7270 -2.8763 -3.1802 -3.6461 -3.6722 -3.9808
 274  0.658077  3.6255  0.5646  3.1468  5.5848  4.1993  1.2207  0.4064 -0.8595 -1.3945 -2.3450 -2.7742 -2.9249 -3.2320 -3.7019 -3.7283 -4.0401
 275  0.658080  3.6238  0.5348  3.1700  5.5683  4.2438  1.2291  0.4139 -0.8774 -1.4213 -2.3851 -2.8198 -2.9717 -3.2819 -3.7557 -3.7825 -4.0975
 276  0.658082  3.6222  0.5054  3.1928  5.5501  4.2866  1.2366  0.4207 -0.8948 -1.4476 -2.4246 -2.8645 -3.0178 -3.3310 -3.8086 -3.8357 -4.1538
 277  0.658085  3.6206  0.4771  3.2150  5.5302  4.3258  1.2425  0.4260 -0.9121 -1.4734 -2.4631 -2.9082 -3.0629 -3.3790 -3.8601 -3.8875 -4.2086
 278  0.658087  3.6190  0.4495  3.2363  5.5121  4.3673  1.2513  0.4345 -0.9255 -1.4955 -2.4985 -2.9490 -3.1049 -3.4240 -3.9090 -3.9367 -4.2608
 279  0.658090  3.6177  0.4244  3.2561  5.4918  4.3992  1.2553  0.4382 -0.9401 -1.5179 -2.5325 -2.9877 -3.1448 -3.4665 -3.9546 -3.9827 -4.3094
