#NUMBER OF AGES= 1
#----------------------------------------------------       
#MIX-LEN  Y      Z          Zeff        [Fe/H] [a/Fe]
# 1.9380  0.3300 9.8327E-04 5.0050E-04  -1.49   0.40 
#----------------------------------------------------       
#**PHOTOMETRIC SYSTEM**: HST WFPC2 (Vega)                   
#----------------------------------------------------       
#AGE=13.400 EEPS=266
#EEP   M/Mo    LogTeff  LogG   LogL/Lo F218W   F255W   F300W   F336W   F439W   F450W   F555W   F606W   F622W   F675W   F791W   F814W   F850LP
  14  0.103181  3.5310  5.2992 -2.7702 20.9304 20.7767 17.1399 16.3182 15.1773 14.5625 13.1521 12.6132 12.4232 12.0196 11.0773 11.0365 10.5985
  15  0.115627  3.5400  5.2559 -2.6416 20.5345 20.1063 16.6350 15.7953 14.6461 14.0774 12.7193 12.1818 11.9919 11.6020 10.7484 10.7095 10.2904
  16  0.127649  3.5478  5.2172 -2.5288 20.1697 19.5053 16.1904 15.3421 14.1940 13.6608 12.3485 11.8135 11.6237 11.2436 10.4601 10.4227 10.0185
  17  0.138844  3.5539  5.1847 -2.4349 19.8544 19.0117 15.8259 14.9748 13.8329 13.3249 12.0486 11.5166 11.3272 10.9537 10.2206 10.1845  9.7915
  18  0.149433  3.5589  5.1576 -2.3563 19.5798 18.6081 15.5289 14.6783 13.5445 13.0536 11.8050 11.2760 11.0872 10.7185 10.0208  9.9856  9.6007
  19  0.160416  3.5630  5.1331 -2.2844 19.3216 18.2465 15.2638 14.4154 13.2911 12.8129 11.5873 11.0615 10.8736 10.5086  9.8382  9.8037  9.4255
  20  0.172549  3.5669  5.1093 -2.2134 19.0638 17.8970 15.0063 14.1611 13.0477 12.5803 11.3761 10.8538 10.6670 10.3053  9.6585  9.6247  9.2525
  21  0.185888  3.5706  5.0865 -2.1435 18.8081 17.5599 14.7562 13.9148 12.8132 12.3551 11.1711 10.6526 10.4669 10.1083  9.4819  9.4487  9.0821
  22  0.199772  3.5740  5.0657 -2.0780 18.5659 17.2482 14.5229 13.6856 12.5962 12.1459 10.9804 10.4658 10.2811  9.9257  9.3162  9.2837  8.9221
  23  0.215606  3.5773  5.0455 -2.0112 18.3177 16.9363 14.2865 13.4536 12.3776 11.9345 10.7873 10.2772 10.0937  9.7413  9.1477  9.1156  8.7589
  24  0.231381  3.5802  5.0280 -1.9514 18.0945 16.6630 14.0755 13.2464 12.1829 11.7457 10.6149 10.1090  9.9268  9.5773  8.9964  8.9648  8.6124
  25  0.244260  3.5824  5.0151 -1.9063 17.9261 16.4631 13.9161 13.0896 12.0360 11.6032 10.4848  9.9825  9.8012  9.4541  8.8823  8.8510  8.5019
  26  0.253331  3.5839  5.0068 -1.8762 17.8132 16.3303 13.8096 12.9848 11.9381 11.5082 10.3982  9.8984  9.7178  9.3723  8.8062  8.7752  8.4283
  27  0.259910  3.5848  5.0017 -1.8560 17.7374 16.2418 13.7382 12.9145 11.8727 11.4445 10.3400  9.8420  9.6618  9.3175  8.7551  8.7243  8.3788
  28  0.264786  3.5856  4.9982 -1.8418 17.6838 16.1795 13.6878 12.8650 11.8265 11.3996 10.2991  9.8023  9.6224  9.2788  8.7190  8.6883  8.3439
  29  0.268394  3.5861  4.9958 -1.8313 17.6440 16.1332 13.6504 12.8282 11.7925 11.3665 10.2689  9.7730  9.5933  9.2504  8.6926  8.6620  8.3183
  30  0.271172  3.5865  4.9939 -1.8231 17.6124 16.0963 13.6207 12.7991 11.7656 11.3403 10.2452  9.7501  9.5706  9.2282  8.6718  8.6413  8.2983
  31  0.273573  3.5869  4.9926 -1.8165 17.5856 16.0648 13.5957 12.7746 11.7430 11.3185 10.2255  9.7312  9.5519  9.2100  8.6550  8.6245  8.2820
  32  0.275708  3.5873  4.9910 -1.8099 17.5590 16.0336 13.5710 12.7503 11.7207 11.2969 10.2061  9.7125  9.5334  9.1919  8.6383  8.6079  8.2660
  33  0.277964  3.5877  4.9894 -1.8031 17.5313 16.0011 13.5452 12.7251 11.6976 11.2745 10.1860  9.6932  9.5142  9.1733  8.6211  8.5908  8.2495
  34  0.280384  3.5882  4.9875 -1.7958 17.5021 15.9670 13.5179 12.6983 11.6731 11.2506 10.1646  9.6725  9.4938  9.1532  8.6025  8.5723  8.2316
  35  0.282952  3.5886  4.9852 -1.7878 17.4711 15.9313 13.4890 12.6699 11.6469 11.2251 10.1415  9.6502  9.4716  9.1316  8.5824  8.5522  8.2121
  36  0.285674  3.5890  4.9825 -1.7793 17.4393 15.8951 13.4591 12.6405 11.6196 11.1985 10.1171  9.6266  9.4483  9.1088  8.5608  8.5307  8.1912
  37  0.288919  3.5894  4.9791 -1.7694 17.4037 15.8547 13.4255 12.6074 11.5887 11.1683 10.0893  9.5997  9.4215  9.0824  8.5359  8.5059  8.1669
  38  0.292367  3.5897  4.9749 -1.7586 17.3667 15.8135 13.3904 12.5728 11.5562 11.1364 10.0596  9.5707  9.3927  9.0540  8.5088  8.4788  8.1404
  39  0.296778  3.5902  4.9696 -1.7450 17.3204 15.7623 13.3465 12.5296 11.5154 11.0964 10.0223  9.5342  9.3565  9.0185  8.4747  8.4448  8.1070
  40  0.306226  3.5914  4.9581 -1.7153 17.2156 15.6453 13.2474 12.4320 11.4242 11.0071  9.9399  9.4539  9.2768  8.9401  8.4001  8.3704  8.0342
  41  0.336306  3.5979  4.9180 -1.6087 16.7823 15.1516 12.8444 12.0369 11.0667 10.6592  9.6284  9.1551  8.9814  8.6522  8.1309  8.1021  7.7745
  42  0.358474  3.6043  4.8853 -1.5223 16.4104 14.7311 12.4985 11.6975 10.7640 10.3652  9.3694  8.9090  8.7386  8.4170  7.9123  7.8845  7.5651
  43  0.369548  3.6080  4.8672 -1.4762 16.2152 14.5135 12.3142 11.5158 10.6009 10.2069  9.2301  8.7770  8.6086  8.2915  7.7955  7.7683  7.4536
  44  0.379301  3.6117  4.8509 -1.4339 16.0350 14.3137 12.1423 11.3459 10.4486 10.0591  9.1006  8.6550  8.4884  8.1759  7.6882  7.6615  7.3515
  45  0.388674  3.6156  4.8354 -1.3920 15.8556 14.1160 11.9694 11.1744 10.2950  9.9104  8.9710  8.5333  8.3687  8.0610  7.5819  7.5558  7.2509
  46  0.397697  3.6198  4.8209 -1.3507 15.6774 13.9198 11.7954 11.0013 10.1403  9.7608  8.8412  8.4121  8.2496  7.9474  7.4771  7.4517  7.1521
  47  0.406680  3.6245  4.8072 -1.3086 15.4928 13.7155 11.6125 10.8183  9.9776  9.6038  8.7063  8.2869  8.1268  7.8307  7.3703  7.3456  7.0524
  48  0.415206  3.6296  4.7952 -1.2672 15.3035 13.5020 11.4223 10.6264  9.8090  9.4415  8.5686  8.1604  8.0031  7.7140  7.2652  7.2412  6.9551
  49  0.423419  3.6351  4.7845 -1.2262 15.1111 13.2836 11.2251 10.4276  9.6366  9.2762  8.4294  8.0333  7.8791  7.5978  7.1612  7.1383  6.8598
  50  0.431283  3.6407  4.7752 -1.1862 14.9183 13.0629 11.0230 10.2249  9.4643  9.1111  8.2914  7.9081  7.7571  7.4841  7.0603  7.0382  6.7680
  51  0.438946  3.6465  4.7667 -1.1470 14.7282 12.8423 10.8147 10.0189  9.2931  8.9475  8.1550  7.7846  7.6370  7.3727  6.9618  6.9406  6.6787
  52  0.443857  3.6503  4.7615 -1.1219 14.6002 12.6937 10.6767  9.8835  9.1834  8.8426  8.0676  7.7056  7.5603  7.3015  6.8989  6.8782  6.6216
  53  0.448696  3.6540  4.7566 -1.0972 14.4590 12.5325 10.5380  9.7475  9.0763  8.7402  7.9821  7.6283  7.4852  7.2316  6.8368  6.8168  6.5653
  54  0.453458  3.6578  4.7520 -1.0730 14.2957 12.3501 10.3978  9.6093  8.9716  8.6398  7.8987  7.5524  7.4119  7.1628  6.7752  6.7558  6.5094
  55  0.458132  3.6615  4.7476 -1.0491 14.1203 12.1589 10.2565  9.4709  8.8693  8.5417  7.8171  7.4780  7.3402  7.0954  6.7147  6.6957  6.4543
  56  0.462722  3.6653  4.7435 -1.0256 13.9336 11.9618 10.1110  9.3307  8.7678  8.4445  7.7364  7.4044  7.2694  7.0287  6.6547  6.6363  6.3998
  57  0.467230  3.6692  4.7398 -1.0023 13.7399 11.7649  9.9627  9.1906  8.6678  8.3491  7.6570  7.3321  7.1997  6.9631  6.5959  6.5779  6.3465
  58  0.471662  3.6730  4.7363 -0.9794 13.5386 11.5670  9.8134  9.0513  8.5697  8.2556  7.5792  7.2610  7.1313  6.8987  6.5379  6.5205  6.2940
  59  0.476020  3.6768  4.7330 -0.9567 13.3291 11.3682  9.6634  8.9126  8.4733  8.1638  7.5027  7.1912  7.0641  6.8353  6.4808  6.4639  6.2422
  60  0.480280  3.6805  4.7296 -0.9347 13.1220 11.1784  9.5197  8.7804  8.3816  8.0767  7.4297  7.1241  6.9994  6.7743  6.4255  6.4091  6.1920
  61  0.484444  3.6842  4.7265 -0.9130 12.9078 10.9898  9.3770  8.6497  8.2918  7.9915  7.3581  7.0583  6.9361  6.7143  6.3713  6.3554  6.1428
  62  0.488540  3.6878  4.7229 -0.8918 12.6988 10.8115  9.2415  8.5259  8.2063  7.9106  7.2896  6.9950  6.8750  6.6564  6.3185  6.3030  6.0947
  63  0.492558  3.6912  4.7194 -0.8709 12.4895 10.6376  9.1089  8.4052  8.1234  7.8322  7.2230  6.9334  6.8154  6.5996  6.2668  6.2518  6.0474
  64  0.496480  3.6945  4.7157 -0.8505 12.2870 10.4732  8.9826  8.2907  8.0446  7.7578  7.1595  6.8742  6.7581  6.5449  6.2166  6.2020  6.0015
  65  0.500301  3.6977  4.7121 -0.8307 12.0878 10.3140  8.8599  8.1797  7.9682  7.6858  7.0978  6.8167  6.7024  6.4917  6.1678  6.1535  5.9567
  66  0.504006  3.7008  4.7082 -0.8115 11.8989 10.1648  8.7436  8.0745  7.8954  7.6172  7.0389  6.7617  6.6489  6.4407  6.1207  6.1068  5.9133
  67  0.507567  3.7038  4.7047 -0.7928 11.7170 10.0220  8.6313  7.9731  7.8248  7.5510  6.9820  6.7085  6.5973  6.3913  6.0753  6.0617  5.8717
  68  0.510990  3.7066  4.7012 -0.7747 11.5440  9.8872  8.5246  7.8769  7.7574  7.4877  6.9277  6.6576  6.5478  6.3441  6.0318  6.0185  5.8317
  69  0.514293  3.7095  4.6977 -0.7572 11.3755  9.7568  8.4210  7.7835  7.6919  7.4264  6.8749  6.6082  6.4998  6.2982  5.9896  5.9767  5.7929
  70  0.517505  3.7122  4.6941 -0.7400 11.2160  9.6338  8.3228  7.6949  7.6292  7.3676  6.8243  6.5607  6.4535  6.2539  5.9487  5.9361  5.7552
  71  0.520630  3.7149  4.6905 -0.7232 11.0598  9.5136  8.2267  7.6084  7.5678  7.3102  6.7748  6.5143  6.4082  6.2106  5.9088  5.8964  5.7184
  72  0.523668  3.7174  4.6868 -0.7068 10.9112  9.3995  8.1352  7.5260  7.5090  7.2552  6.7272  6.4694  6.3644  6.1686  5.8700  5.8580  5.6826
  73  0.526636  3.7199  4.6831 -0.6906 10.7636  9.2862  8.0447  7.4446  7.4508  7.2010  6.6803  6.4253  6.3215  6.1274  5.8320  5.8202  5.6474
  74  0.529540  3.7223  4.6793 -0.6748 10.6236  9.1785  7.9582  7.3669  7.3949  7.1487  6.6350  6.3826  6.2797  6.0875  5.7949  5.7834  5.6131
  75  0.532395  3.7248  4.6756 -0.6591 10.4852  9.0720  7.8726  7.2899  7.3394  7.0970  6.5902  6.3404  6.2385  6.0480  5.7583  5.7470  5.5791
  76  0.535209  3.7270  4.6716 -0.6437 10.3538  8.9702  7.7902  7.2162  7.2857  7.0468  6.5466  6.2992  6.1983  6.0094  5.7225  5.7113  5.5458
  77  0.537991  3.7293  4.6676 -0.6283 10.2242  8.8696  7.7087  7.1432  7.2324  6.9971  6.5034  6.2585  6.1585  5.9711  5.6868  5.6761  5.5128
  78  0.540746  3.7315  4.6634 -0.6130 10.0990  8.7722  7.6297  7.0723  7.1802  6.9484  6.4610  6.2184  6.1192  5.9335  5.6518  5.6412  5.4802
  79  0.543476  3.7337  4.6591 -0.5980  9.9770  8.6768  7.5524  7.0031  7.1288  6.9003  6.4191  6.1788  6.0804  5.8962  5.6171  5.6067  5.4478
  80  0.546197  3.7358  4.6547 -0.5829  9.8579  8.5836  7.4770  6.9353  7.0780  6.8528  6.3776  6.1394  6.0418  5.8592  5.5824  5.5723  5.4155
  81  0.548903  3.7379  4.6501 -0.5679  9.7418  8.4924  7.4033  6.8689  7.0279  6.8059  6.3366  6.1005  6.0037  5.8225  5.5481  5.5382  5.3833
  82  0.552736  3.7407  4.6435 -0.5467  9.5810  8.3656  7.3005  6.7765  6.9576  6.7400  6.2788  6.0456  5.9499  5.7707  5.4997  5.4900  5.3380
  83  0.556622  3.7436  4.6363 -0.5251  9.4225  8.2397  7.1982  6.6846  6.8871  6.6738  6.2205  5.9902  5.8956  5.7183  5.4506  5.4412  5.2919
  84  0.560555  3.7463  4.6286 -0.5032  9.2685  8.1164  7.0975  6.5941  6.8169  6.6076  6.1619  5.9345  5.8409  5.6656  5.4010  5.3918  5.2450
  85  0.564519  3.7491  4.6205 -0.4811  9.1160  7.9939  6.9971  6.5037  6.7463  6.5411  6.1030  5.8783  5.7857  5.6123  5.3508  5.3419  5.1977
  86  0.568505  3.7518  4.6119 -0.4587  8.9668  7.8734  6.8978  6.4142  6.6760  6.4747  6.0439  5.8218  5.7302  5.5587  5.3002  5.2916  5.1498
  87  0.572501  3.7544  4.6030 -0.4362  8.8207  7.7549  6.8003  6.3261  6.6057  6.4084  5.9846  5.7651  5.6744  5.5047  5.2492  5.2407  5.1014
  88  0.576492  3.7570  4.5935 -0.4135  8.6787  7.6389  6.7051  6.2401  6.5360  6.3422  5.9252  5.7082  5.6184  5.4505  5.1978  5.1897  5.0526
  89  0.580459  3.7594  4.5836 -0.3908  8.5400  7.5253  6.6124  6.1564  6.4666  6.2762  5.8658  5.6512  5.5624  5.3961  5.1463  5.1383  5.0034
  90  0.584384  3.7619  4.5735 -0.3681  8.4046  7.4138  6.5216  6.0745  6.3977  6.2107  5.8067  5.5944  5.5064  5.3419  5.0947  5.0869  4.9542
  91  0.588250  3.7643  4.5632 -0.3454  8.2723  7.3045  6.4325  5.9941  6.3294  6.1456  5.7478  5.5378  5.4507  5.2878  5.0433  5.0357  4.9051
  92  0.592035  3.7665  4.5525 -0.3228  8.1448  7.1986  6.3455  5.9159  6.2622  6.0814  5.6894  5.4817  5.3953  5.2340  4.9921  4.9847  4.8560
  93  0.595723  3.7687  4.5416 -0.3004  8.0215  7.0958  6.2608  5.8397  6.1959  6.0180  5.6318  5.4261  5.3405  5.1808  4.9413  4.9340  4.8072
  94  0.599299  3.7708  4.5307 -0.2783  7.9009  6.9950  6.1781  5.7651  6.1306  5.9554  5.5747  5.3712  5.2864  5.1281  4.8910  4.8841  4.7591
  95  0.602753  3.7729  4.5197 -0.2564  7.7853  6.8979  6.0982  5.6928  6.0665  5.8940  5.5186  5.3170  5.2330  5.0762  4.8414  4.8346  4.7113
  96  0.606095  3.7749  4.5085 -0.2348  7.6733  6.8036  6.0208  5.6224  6.0035  5.8335  5.4630  5.2635  5.1802  5.0249  4.7925  4.7857  4.6642
  97  0.609328  3.7769  4.4972 -0.2135  7.5653  6.7121  5.9460  5.5537  5.9415  5.7739  5.4083  5.2108  5.1283  4.9743  4.7440  4.7375  4.6176
  98  0.612450  3.7788  4.4860 -0.1924  7.4609  6.6233  5.8737  5.4867  5.8806  5.7152  5.3542  5.1588  5.0771  4.9244  4.6963  4.6899  4.5716
  99  0.615466  3.7806  4.4744 -0.1717  7.3614  6.5381  5.8051  5.4214  5.8208  5.6575  5.3007  5.1076  5.0267  4.8752  4.6492  4.6429  4.5260
 100  0.618373  3.7823  4.4629 -0.1512  7.2651  6.4553  5.7380  5.3580  5.7621  5.6008  5.2480  5.0571  4.9769  4.8266  4.6025  4.5964  4.4810
 101  0.621181  3.7840  4.4512 -0.1310  7.1721  6.3752  5.6721  5.2966  5.7046  5.5452  5.1963  5.0071  4.9276  4.7785  4.5564  4.5504  4.4363
 102  0.623892  3.7855  4.4396 -0.1110  7.0825  6.2977  5.6076  5.2372  5.6483  5.4905  5.1454  4.9579  4.8789  4.7310  4.5105  4.5047  4.3918
 103  0.626509  3.7871  4.4277 -0.0913  6.9964  6.2228  5.5439  5.1800  5.5931  5.4369  5.0954  4.9090  4.8306  4.6838  4.4649  4.4592  4.3475
 104  0.629040  3.7885  4.4159 -0.0718  6.9128  6.1500  5.4811  5.1243  5.5389  5.3841  5.0461  4.8608  4.7829  4.6370  4.4197  4.4140  4.3035
 105  0.631490  3.7899  4.4039 -0.0525  6.8317  6.0791  5.4197  5.0699  5.4854  5.3321  4.9973  4.8132  4.7356  4.5907  4.3749  4.3694  4.2599
 106  0.633864  3.7913  4.3918 -0.0335  6.7524  6.0097  5.3595  5.0161  5.4325  5.2806  4.9492  4.7661  4.6889  4.5450  4.3307  4.3253  4.2168
 107  0.636173  3.7926  4.3797 -0.0146  6.6750  5.9419  5.3005  4.9633  5.3801  5.2296  4.9014  4.7194  4.6427  4.4998  4.2869  4.2816  4.1741
 108  0.638423  3.7938  4.3673  0.0041  6.5990  5.8749  5.2428  4.9106  5.3280  5.1789  4.8539  4.6733  4.5970  4.4551  4.2437  4.2385  4.1319
 109  0.640622  3.7949  4.3549  0.0227  6.5247  5.8094  5.1862  4.8585  5.2764  5.1287  4.8068  4.6275  4.5518  4.4108  4.2009  4.1957  4.0901
 110  0.642781  3.7960  4.3423  0.0411  6.4522  5.7452  5.1307  4.8071  5.2254  5.0789  4.7600  4.5820  4.5067  4.3668  4.1583  4.1531  4.0484
 111  0.644905  3.7971  4.3297  0.0595  6.3816  5.6827  5.0764  4.7567  5.1748  5.0295  4.7134  4.5367  4.4620  4.3229  4.1156  4.1106  4.0068
 112  0.645627  3.7975  4.3253  0.0658  6.3577  5.6613  5.0578  4.7395  5.1574  5.0125  4.6975  4.5211  4.4465  4.3077  4.1010  4.0959  3.9924
 113  0.646348  3.7978  4.3208  0.0722  6.3332  5.6395  5.0389  4.7220  5.1397  4.9953  4.6812  4.5053  4.4308  4.2924  4.0860  4.0811  3.9778
 114  0.647066  3.7982  4.3164  0.0787  6.3081  5.6172  5.0197  4.7041  5.1218  4.9777  4.6646  4.4891  4.4149  4.2767  4.0710  4.0660  3.9631
 115  0.647783  3.7987  4.3121  0.0853  6.2815  5.5938  4.9997  4.6857  5.1032  4.9596  4.6477  4.4727  4.3987  4.2609  4.0556  4.0508  3.9481
 116  0.648501  3.7991  4.3077  0.0921  6.2545  5.5700  4.9794  4.6671  5.0844  4.9414  4.6307  4.4562  4.3824  4.2449  4.0403  4.0354  3.9331
 117  0.649219  3.7996  4.3033  0.0989  6.2273  5.5461  4.9590  4.6483  5.0655  4.9230  4.6134  4.4394  4.3658  4.2288  4.0247  4.0198  3.9179
 118  0.649936  3.8001  4.2988  0.1057  6.2006  5.5225  4.9388  4.6297  5.0465  4.9044  4.5959  4.4225  4.3491  4.2123  4.0088  4.0040  3.9025
 119  0.650652  3.8005  4.2940  0.1127  6.1746  5.4993  4.9187  4.6111  5.0274  4.8858  4.5782  4.4053  4.3320  4.1956  3.9925  3.9877  3.8865
 120  0.651365  3.8009  4.2889  0.1197  6.1492  5.4764  4.8987  4.5925  5.0082  4.8669  4.5603  4.3877  4.3145  4.1785  3.9758  3.9711  3.8701
 121  0.652073  3.8012  4.2835  0.1269  6.1245  5.4539  4.8787  4.5737  4.9888  4.8479  4.5421  4.3698  4.2968  4.1610  3.9587  3.9540  3.8533
 122  0.652777  3.8015  4.2780  0.1342  6.0998  5.4315  4.8586  4.5549  4.9692  4.8286  4.5236  4.3516  4.2787  4.1432  3.9413  3.9365  3.8361
 123  0.653478  3.8018  4.2722  0.1416  6.0756  5.4092  4.8386  4.5360  4.9495  4.8092  4.5048  4.3331  4.2604  4.1251  3.9235  3.9188  3.8186
 124  0.654175  3.8021  4.2662  0.1491  6.0515  5.3869  4.8185  4.5169  4.9296  4.7896  4.4859  4.3145  4.2418  4.1067  3.9055  3.9008  3.8007
 125  0.654869  3.8023  4.2601  0.1567  6.0276  5.3648  4.7983  4.4977  4.9095  4.7698  4.4667  4.2955  4.2230  4.0880  3.8872  3.8824  3.7826
 126  0.655556  3.8026  4.2539  0.1644  6.0031  5.3422  4.7778  4.4783  4.8891  4.7496  4.4472  4.2763  4.2039  4.0691  3.8686  3.8639  3.7643
 127  0.656243  3.8028  4.2476  0.1721  5.9793  5.3199  4.7575  4.4589  4.8688  4.7295  4.4276  4.2570  4.1847  4.0501  3.8499  3.8452  3.7457
 128  0.656926  3.8031  4.2411  0.1800  5.9555  5.2977  4.7370  4.4394  4.8482  4.7092  4.4079  4.2375  4.1653  4.0308  3.8309  3.8262  3.7268
 129  0.657605  3.8032  4.2344  0.1879  5.9320  5.2756  4.7166  4.4198  4.8276  4.6887  4.3879  4.2178  4.1456  4.0114  3.8116  3.8070  3.7077
 130  0.658280  3.8034  4.2276  0.1958  5.9084  5.2535  4.6961  4.4001  4.8067  4.6681  4.3678  4.1979  4.1258  3.9917  3.7922  3.7875  3.6884
 131  0.658950  3.8036  4.2207  0.2039  5.8853  5.2316  4.6755  4.3803  4.7858  4.6473  4.3475  4.1777  4.1057  3.9718  3.7724  3.7678  3.6688
 132  0.659615  3.8037  4.2134  0.2120  5.8628  5.2100  4.6551  4.3605  4.7648  4.6264  4.3270  4.1574  4.0854  3.9515  3.7524  3.7477  3.6488
 133  0.660272  3.8038  4.2059  0.2203  5.8408  5.1887  4.6348  4.3406  4.7436  4.6054  4.3062  4.1368  4.0648  3.9310  3.7320  3.7274  3.6284
 134  0.660923  3.8038  4.1982  0.2286  5.8191  5.1677  4.6144  4.3207  4.7224  4.5843  4.2853  4.1159  4.0440  3.9102  3.7113  3.7067  3.6077
 135  0.661568  3.8038  4.1902  0.2370  5.7978  5.1467  4.5940  4.3007  4.7010  4.5630  4.2642  4.0948  4.0230  3.8892  3.6903  3.6857  3.5867
 136  0.662206  3.8038  4.1820  0.2455  5.7768  5.1260  4.5737  4.2806  4.6796  4.5416  4.2428  4.0735  4.0017  3.8679  3.6691  3.6644  3.5653
 137  0.662835  3.8037  4.1736  0.2540  5.7564  5.1056  4.5534  4.2604  4.6580  4.5200  4.2213  4.0519  3.9801  3.8463  3.6475  3.6428  3.5437
 138  0.663456  3.8036  4.1650  0.2627  5.7364  5.0855  4.5332  4.2401  4.6364  4.4984  4.1996  4.0301  3.9583  3.8245  3.6256  3.6209  3.5217
 139  0.664069  3.8035  4.1560  0.2714  5.7171  5.0657  4.5131  4.2199  4.6147  4.4766  4.1777  4.0081  3.9362  3.8024  3.6033  3.5986  3.4992
 140  0.664672  3.8033  4.1468  0.2803  5.6985  5.0463  4.4930  4.1997  4.5929  4.4547  4.1555  3.9859  3.9139  3.7800  3.5807  3.5760  3.4765
 141  0.665266  3.8031  4.1373  0.2892  5.6804  5.0273  4.4730  4.1794  4.5711  4.4327  4.1332  3.9634  3.8914  3.7573  3.5578  3.5531  3.4533
 142  0.665849  3.8028  4.1274  0.2982  5.6631  5.0088  4.4533  4.1592  4.5492  4.4107  4.1107  3.9407  3.8686  3.7343  3.5346  3.5298  3.4298
 143  0.666422  3.8024  4.1173  0.3073  5.6467  4.9908  4.4338  4.1390  4.5274  4.3886  4.0881  3.9178  3.8456  3.7110  3.5110  3.5062  3.4059
 144  0.666983  3.8020  4.1069  0.3165  5.6313  4.9734  4.4145  4.1188  4.5056  4.3666  4.0653  3.8946  3.8223  3.6875  3.4870  3.4821  3.3815
 145  0.667533  3.8015  4.0961  0.3258  5.6168  4.9566  4.3954  4.0987  4.4838  4.3444  4.0424  3.8713  3.7987  3.6637  3.4626  3.4579  3.3567
 146  0.668071  3.8010  4.0849  0.3351  5.6036  4.9406  4.3767  4.0788  4.4621  4.3222  4.0192  3.8477  3.7751  3.6395  3.4380  3.4331  3.3315
 147  0.668596  3.8003  4.0733  0.3445  5.5916  4.9255  4.3584  4.0591  4.4405  4.3001  3.9960  3.8239  3.7511  3.6151  3.4130  3.4080  3.3060
 148  0.669107  3.7996  4.0613  0.3540  5.5812  4.9113  4.3404  4.0395  4.4190  4.2781  3.9728  3.8000  3.7268  3.5905  3.3875  3.3825  3.2799
 149  0.669607  3.7989  4.0490  0.3635  5.5719  4.8980  4.3229  4.0201  4.3975  4.2561  3.9493  3.7759  3.7024  3.5656  3.3618  3.3568  3.2535
 150  0.670093  3.7980  4.0361  0.3731  5.5650  4.8863  4.3063  4.0012  4.3765  4.2343  3.9258  3.7515  3.6779  3.5403  3.3357  3.3305  3.2266
 151  0.670565  3.7969  4.0225  0.3828  5.5619  4.8772  4.2908  3.9829  4.3560  4.2129  3.9023  3.7271  3.6531  3.5149  3.3090  3.3037  3.1989
 152  0.671021  3.7956  4.0080  0.3924  5.5635  4.8714  4.2771  3.9657  4.3363  4.1921  3.8790  3.7026  3.6281  3.4890  3.2817  3.2764  3.1705
 153  0.671465  3.7941  3.9926  0.4022  5.5685  4.8679  4.2647  3.9492  4.3171  4.1716  3.8556  3.6780  3.6030  3.4628  3.2541  3.2486  3.1415
 154  0.671894  3.7924  3.9766  0.4119  5.5780  4.8676  4.2538  3.9338  4.2987  4.1517  3.8325  3.6533  3.5778  3.4366  3.2259  3.2204  3.1119
 155  0.672308  3.7905  3.9593  0.4216  5.5943  4.8721  4.2455  3.9200  4.2815  4.1327  3.8097  3.6287  3.5525  3.4099  3.1972  3.1915  3.0814
 156  0.672709  3.7885  3.9418  0.4314  5.6124  4.8777  4.2379  3.9067  4.2644  4.1140  3.7868  3.6040  3.5271  3.3832  3.1683  3.1624  3.0506
 157  0.673097  3.7863  3.9233  0.4411  5.6368  4.8877  4.2326  3.8951  4.2485  4.0959  3.7643  3.5794  3.5018  3.3563  3.1388  3.1329  3.0191
 158  0.673471  3.7839  3.9042  0.4508  5.6658  4.9008  4.2295  3.8850  4.2334  4.0785  3.7418  3.5547  3.4763  3.3292  3.1091  3.1029  2.9872
 159  0.673830  3.7813  3.8848  0.4606  5.6981  4.9162  4.2279  3.8759  4.2190  4.0616  3.7195  3.5302  3.4509  3.3020  3.0793  3.0729  2.9551
 160  0.674176  3.7789  3.8653  0.4703  5.7337  4.9338  4.2280  3.8680  4.2051  4.0450  3.6974  3.5056  3.4254  3.2748  3.0492  3.0427  2.9228
 161  0.674509  3.7763  3.8455  0.4799  5.7729  4.9538  4.2294  3.8613  4.1918  4.0290  3.6755  3.4813  3.4002  3.2477  3.0194  3.0126  2.8906
 162  0.674827  3.7735  3.8252  0.4894  5.8188  4.9786  4.2337  3.8571  4.1800  4.0141  3.6544  3.4576  3.3756  3.2212  2.9899  2.9828  2.8585
 163  0.675143  3.7709  3.8053  0.4991  5.8611  5.0004  4.2364  3.8518  4.1669  3.9980  3.6325  3.4332  3.3503  3.1942  2.9599  2.9527  2.8261
 164  0.675456  3.7685  3.7858  0.5093  5.8993  5.0194  4.2372  3.8454  4.1524  3.9808  3.6097  3.4081  3.3244  3.1665  2.9295  2.9221  2.7935
 165  0.675765  3.7663  3.7665  0.5198  5.9341  5.0355  4.2363  3.8377  4.1366  3.9623  3.5858  3.3820  3.2975  3.1382  2.8985  2.8909  2.7602
 166  0.676070  3.7640  3.7464  0.5307  5.9718  5.0532  4.2363  3.8306  4.1205  3.9434  3.5612  3.3551  3.2698  3.1086  2.8664  2.8585  2.7258
 167  0.676369  3.7616  3.7257  0.5422  6.0114  5.0718  4.2369  3.8238  4.1041  3.9239  3.5356  3.3269  3.2407  3.0777  2.8326  2.8246  2.6896
 168  0.676659  3.7592  3.7044  0.5543  6.0525  5.0909  4.2373  3.8168  4.0867  3.9032  3.5087  3.2974  3.2103  3.0455  2.7973  2.7892  2.6519
 169  0.676939  3.7570  3.6827  0.5669  6.0901  5.1071  4.2353  3.8077  4.0671  3.8805  3.4801  3.2664  3.1785  3.0119  2.7610  2.7525  2.6133
 170  0.677208  3.7547  3.6607  0.5802  6.1237  5.1199  4.2305  3.7961  4.0452  3.8557  3.4497  3.2338  3.1452  2.9770  2.7235  2.7149  2.5735
 171  0.677466  3.7527  3.6387  0.5942  6.1518  5.1282  4.2224  3.7817  4.0207  3.8285  3.4176  3.1997  3.1103  2.9408  2.6849  2.6761  2.5329
 172  0.677712  3.7508  3.6170  0.6088  6.1726  5.1311  4.2105  3.7641  3.9939  3.7992  3.3837  3.1641  3.0742  2.9033  2.6454  2.6364  2.4914
 173  0.677947  3.7492  3.5954  0.6239  6.1873  5.1292  4.1953  3.7440  3.9648  3.7679  3.3484  3.1273  3.0368  2.8647  2.6050  2.5958  2.4493
 174  0.678172  3.7477  3.5742  0.6394  6.1958  5.1228  4.1772  3.7214  3.9340  3.7349  3.3119  3.0894  2.9984  2.8254  2.5639  2.5546  2.4067
 175  0.678389  3.7464  3.5533  0.6552  6.1979  5.1118  4.1560  3.6965  3.9013  3.7005  3.2744  3.0507  2.9592  2.7854  2.5224  2.5130  2.3638
 176  0.678598  3.7452  3.5326  0.6713  6.1955  5.0972  4.1324  3.6697  3.8673  3.6649  3.2361  3.0113  2.9195  2.7449  2.4806  2.4711  2.3207
 177  0.678801  3.7442  3.5122  0.6876  6.1886  5.0796  4.1066  3.6411  3.8321  3.6283  3.1970  2.9712  2.8792  2.7038  2.4384  2.4287  2.2775
 178  0.679000  3.7432  3.4920  0.7040  6.1798  5.0604  4.0798  3.6115  3.7964  3.5912  3.1575  2.9309  2.8385  2.6626  2.3960  2.3863  2.2340
 179  0.679194  3.7423  3.4719  0.7205  6.1687  5.0395  4.0518  3.5811  3.7600  3.5536  3.1177  2.8903  2.7976  2.6210  2.3534  2.3436  2.1904
 180  0.679384  3.7415  3.4521  0.7372  6.1556  5.0171  4.0228  3.5497  3.7231  3.5156  3.0776  2.8493  2.7564  2.5792  2.3106  2.3007  2.1467
 181  0.679571  3.7407  3.4323  0.7539  6.1410  4.9936  3.9929  3.5178  3.6857  3.4771  3.0372  2.8081  2.7149  2.5372  2.2677  2.2577  2.1029
 182  0.679728  3.7401  3.4156  0.7681  6.1279  4.9731  3.9672  3.4903  3.6540  3.4443  3.0029  2.7731  2.6797  2.5016  2.2313  2.2212  2.0658
 183  0.679883  3.7395  3.3990  0.7825  6.1134  4.9515  3.9407  3.4621  3.6215  3.4110  2.9681  2.7377  2.6442  2.4656  2.1946  2.1845  2.0284
 184  0.680039  3.7389  3.3823  0.7970  6.0970  4.9286  3.9131  3.4330  3.5884  3.3771  2.9327  2.7018  2.6081  2.4291  2.1574  2.1473  1.9906
 185  0.680195  3.7383  3.3655  0.8118  6.0806  4.9055  3.8853  3.4036  3.5549  3.3428  2.8971  2.6656  2.5717  2.3923  2.1199  2.1097  1.9524
 186  0.680349  3.7378  3.3485  0.8267  6.0632  4.8814  3.8566  3.3734  3.5208  3.3079  2.8607  2.6288  2.5347  2.3548  2.0818  2.0715  1.9137
 187  0.680503  3.7372  3.3313  0.8419  6.0445  4.8562  3.8271  3.3425  3.4859  3.2722  2.8238  2.5913  2.4970  2.3168  2.0432  2.0328  1.8745
 188  0.680657  3.7367  3.3139  0.8573  6.0256  4.8308  3.7971  3.3111  3.4505  3.2360  2.7862  2.5533  2.4588  2.2782  2.0039  1.9935  1.8346
 189  0.680809  3.7362  3.2962  0.8730  6.0060  4.8046  3.7665  3.2790  3.4144  3.1992  2.7482  2.5146  2.4200  2.2390  1.9640  1.9536  1.7942
 190  0.680960  3.7357  3.2784  0.8890  5.9854  4.7775  3.7349  3.2461  3.3776  3.1616  2.7093  2.4752  2.3804  2.1991  1.9235  1.9130  1.7531
 191  0.681110  3.7352  3.2602  0.9052  5.9647  4.7501  3.7029  3.2127  3.3401  3.1234  2.6698  2.4351  2.3402  2.1585  1.8822  1.8717  1.7112
 192  0.681260  3.7347  3.2419  0.9216  5.9426  4.7215  3.6701  3.1785  3.3020  3.0845  2.6297  2.3946  2.2994  2.1174  1.8405  1.8299  1.6689
 193  0.681408  3.7342  3.2232  0.9384  5.9198  4.6922  3.6363  3.1435  3.2628  3.0447  2.5886  2.3531  2.2578  2.0753  1.7978  1.7872  1.6256
 194  0.681553  3.7337  3.2037  0.9560  5.8963  4.6618  3.6012  3.1069  3.2220  3.0031  2.5458  2.3096  2.2141  2.0314  1.7532  1.7425  1.5803
 195  0.681695  3.7332  3.1834  0.9743  5.8721  4.6302  3.5647  3.0689  3.1796  2.9598  2.5011  2.2645  2.1688  1.9856  1.7068  1.6960  1.5333
 196  0.681833  3.7326  3.1625  0.9933  5.8459  4.5967  3.5264  3.0293  3.1355  2.9150  2.4550  2.2178  2.1220  1.9384  1.6589  1.6481  1.4849
 197  0.681969  3.7321  3.1407  1.0128  5.8203  4.5632  3.4874  2.9887  3.0901  2.8688  2.4073  2.1695  2.0735  1.8894  1.6093  1.5984  1.4344
 198  0.682101  3.7315  3.1182  1.0330  5.7944  4.5288  3.4474  2.9470  3.0434  2.8212  2.3582  2.1197  2.0236  1.8391  1.5581  1.5471  1.3827
 199  0.682230  3.7309  3.0953  1.0537  5.7669  4.4928  3.4058  2.9038  2.9953  2.7722  2.3077  2.0687  1.9723  1.7874  1.5057  1.4947  1.3295
 200  0.682356  3.7303  3.0717  1.0749  5.7395  4.4564  3.3634  2.8597  2.9461  2.7220  2.2559  2.0163  1.9197  1.7343  1.4519  1.4408  1.2749
 201  0.682479  3.7296  3.0474  1.0967  5.7121  4.4197  3.3203  2.8149  2.8958  2.6707  2.2030  1.9626  1.8659  1.6801  1.3968  1.3856  1.2191
 202  0.682599  3.7290  3.0227  1.1189  5.6838  4.3819  3.2761  2.7689  2.8443  2.6183  2.1490  1.9079  1.8109  1.6246  1.3406  1.3293  1.1621
 203  0.682715  3.7283  2.9974  1.1416  5.6563  4.3441  3.2314  2.7222  2.7920  2.5648  2.0937  1.8521  1.7548  1.5680  1.2831  1.2718  1.1038
 204  0.682828  3.7276  2.9714  1.1647  5.6304  4.3070  3.1867  2.6754  2.7389  2.5106  2.0377  1.7953  1.6979  1.5105  1.2246  1.2132  1.0445
 205  0.682938  3.7268  2.9448  1.1882  5.6056  4.2701  3.1417  2.6281  2.6850  2.4556  1.9806  1.7374  1.6397  1.4519  1.1650  1.1536  0.9839
 206  0.683044  3.7260  2.9177  1.2122  5.5813  4.2331  3.0961  2.5800  2.6303  2.3996  1.9226  1.6786  1.5807  1.3922  1.1044  1.0928  0.9223
 207  0.683147  3.7251  2.8900  1.2365  5.5576  4.1961  3.0501  2.5316  2.5748  2.3428  1.8637  1.6188  1.5206  1.3316  1.0427  1.0311  0.8596
 208  0.683246  3.7243  2.8619  1.2612  5.5348  4.1593  3.0039  2.4827  2.5187  2.2852  1.8038  1.5582  1.4597  1.2701  0.9801  0.9684  0.7960
 209  0.683343  3.7234  2.8333  1.2863  5.5136  4.1231  2.9577  2.4336  2.4619  2.2271  1.7433  1.4967  1.3980  1.2077  0.9165  0.9046  0.7313
 210  0.683435  3.7225  2.8042  1.3118  5.4934  4.0872  2.9113  2.3842  2.4045  2.1683  1.6819  1.4343  1.3354  1.1444  0.8520  0.8401  0.6658
 211  0.683524  3.7215  2.7747  1.3375  5.4744  4.0518  2.8647  2.3347  2.3467  2.1088  1.6199  1.3713  1.2720  1.0804  0.7867  0.7747  0.5993
 212  0.683609  3.7205  2.7447  1.3637  5.4567  4.0169  2.8182  2.2848  2.2884  2.0488  1.5572  1.3076  1.2079  1.0156  0.7207  0.7085  0.5321
 213  0.683691  3.7195  2.7144  1.3900  5.4402  3.9824  2.7716  2.2349  2.2297  1.9883  1.4939  1.2432  1.1432  0.9500  0.6539  0.6416  0.4640
 214  0.683769  3.7185  2.6837  1.4166  5.4247  3.9483  2.7249  2.1848  2.1704  1.9273  1.4299  1.1782  1.0779  0.8839  0.5865  0.5741  0.3953
 215  0.683845  3.7174  2.6527  1.4436  5.4108  3.9149  2.6783  2.1346  2.1109  1.8660  1.3655  1.1127  1.0119  0.8172  0.5184  0.5059  0.3259
 216  0.683917  3.7164  2.6214  1.4706  5.3978  3.8820  2.6318  2.0843  2.0510  1.8042  1.3006  1.0466  0.9455  0.7500  0.4498  0.4371  0.2560
 217  0.683928  3.7162  2.6161  1.4752  5.3958  3.8766  2.6240  2.0759  2.0410  1.7939  1.2897  1.0355  0.9344  0.7387  0.4382  0.4256  0.2442
 218  0.683940  3.7160  2.6107  1.4798  5.3940  3.8713  2.6163  2.0676  2.0310  1.7835  1.2789  1.0244  0.9232  0.7274  0.4266  0.4140  0.2325
 219  0.683951  3.7158  2.6055  1.4844  5.3917  3.8656  2.6084  2.0590  2.0208  1.7730  1.2679  1.0132  0.9120  0.7160  0.4151  0.4024  0.2206
 220  0.683963  3.7157  2.6002  1.4890  5.3899  3.8603  2.6006  2.0506  2.0108  1.7626  1.2569  1.0021  0.9007  0.7047  0.4035  0.3907  0.2088
 221  0.683975  3.7155  2.5948  1.4936  5.3879  3.8547  2.5927  2.0420  2.0006  1.7522  1.2459  0.9908  0.8894  0.6932  0.3917  0.3790  0.1969
 222  0.683986  3.7153  2.5894  1.4982  5.3859  3.8492  2.5848  2.0335  1.9904  1.7415  1.2348  0.9795  0.8780  0.6817  0.3799  0.3672  0.1849
 223  0.683998  3.7151  2.5840  1.5029  5.3842  3.8438  2.5770  2.0250  1.9802  1.7310  1.2236  0.9682  0.8666  0.6701  0.3682  0.3554  0.1728
 224  0.684009  3.7149  2.5786  1.5075  5.3823  3.8383  2.5690  2.0165  1.9699  1.7204  1.2124  0.9568  0.8552  0.6585  0.3563  0.3435  0.1607
 225  0.684020  3.7147  2.5731  1.5123  5.3805  3.8329  2.5611  2.0078  1.9595  1.7097  1.2012  0.9453  0.8436  0.6469  0.3443  0.3315  0.1486
 226  0.684031  3.7145  2.5676  1.5170  5.3786  3.8273  2.5531  1.9991  1.9492  1.6989  1.1899  0.9338  0.8321  0.6351  0.3324  0.3196  0.1363
 227  0.684132  3.7127  2.5156  1.5618  5.3642  3.7772  2.4787  1.9183  1.8516  1.5980  1.0834  0.8252  0.7228  0.5245  0.2192  0.2062  0.0209
 228  0.684227  3.7107  2.4621  1.6074  5.3586  3.7320  2.4064  1.8388  1.7536  1.4963  0.9753  0.7148  0.6116  0.4117  0.1036  0.0903 -0.0972
 229  0.684313  3.7086  2.4082  1.6529  5.3608  3.6922  2.3374  1.7621  1.6574  1.3959  0.8681  0.6049  0.5010  0.2993 -0.0118 -0.0254 -0.2153
 230  0.684389  3.7065  2.3564  1.6965  5.3671  3.6572  2.2732  1.6902  1.5662  1.3005  0.7657  0.5001  0.3953  0.1918 -0.1223 -0.1360 -0.3285
 231  0.684462  3.7043  2.3022  1.7419  5.3781  3.6241  2.2081  1.6170  1.4717  1.2016  0.6594  0.3909  0.2852  0.0799 -0.2375 -0.2515 -0.4465
 232  0.684527  3.7022  2.2501  1.7854  5.3933  3.5963  2.1481  1.5489  1.3825  1.1079  0.5581  0.2869  0.1803 -0.0270 -0.3475 -0.3618 -0.5593
 233  0.684586  3.7000  2.1973  1.8294  5.4117  3.5712  2.0890  1.4815  1.2931  1.0137  0.4562  0.1819  0.0745 -0.1348 -0.4587 -0.4733 -0.6734
 234  0.684640  3.6977  2.1454  1.8723  5.4351  3.5510  2.0336  1.4178  1.2065  0.9224  0.3568  0.0796 -0.0288 -0.2401 -0.5674 -0.5822 -0.7850
 235  0.684689  3.6956  2.0956  1.9136  5.4603  3.5345  1.9821  1.3581  1.1243  0.8355  0.2620 -0.0182 -0.1276 -0.3408 -0.6715 -0.6866 -0.8919
 236  0.684734  3.6934  2.0472  1.9535  5.4871  3.5220  1.9340  1.3020  1.0455  0.7518  0.1704 -0.1128 -0.2230 -0.4383 -0.7723 -0.7876 -0.9956
 237  0.684776  3.6914  2.0014  1.9913  5.5130  3.5125  1.8900  1.2503  0.9716  0.6733  0.0842 -0.2018 -0.3129 -0.5301 -0.8673 -0.8829 -1.0935
 238  0.684815  3.6898  1.9650  2.0212  5.5353  3.5077  1.8565  1.2107  0.9136  0.6115  0.0163 -0.2720 -0.3839 -0.6026 -0.9424 -0.9581 -1.1708
 239  0.684852  3.6890  1.9451  2.0378  5.5433  3.5026  1.8364  1.1873  0.8806  0.5765 -0.0219 -0.3114 -0.4235 -0.6430 -0.9842 -1.0001 -1.2137
 240  0.684889  3.6883  1.9250  2.0551  5.5440  3.4922  1.8124  1.1605  0.8448  0.5391 -0.0621 -0.3526 -0.4651 -0.6852 -1.0275 -1.0435 -1.2581
 241  0.684925  3.6860  1.8756  2.0951  5.5786  3.4942  1.7727  1.1121  0.7695  0.4583 -0.1518 -0.4458 -0.5593 -0.7817 -1.1278 -1.1441 -1.3617
 242  0.684959  3.6832  1.8196  2.1402  5.6181  3.5022  1.7313  1.0607  0.6863  0.3686 -0.2521 -0.5500 -0.6648 -0.8898 -1.2404 -1.2570 -1.4781
 243  0.684989  3.6806  1.7655  2.1837  5.6522  3.5128  1.6932  1.0130  0.6068  0.2827 -0.3485 -0.6503 -0.7663 -0.9938 -1.3489 -1.3659 -1.5905
 244  0.685016  3.6779  1.7114  2.2272  5.6816  3.5265  1.6572  0.9673  0.5286  0.1979 -0.4440 -0.7498 -0.8670 -1.0972 -1.4568 -1.4742 -1.7024
 245  0.685041  3.6753  1.6595  2.2688  5.7058  3.5429  1.6247  0.9259  0.4549  0.1176 -0.5349 -0.8447 -0.9631 -1.1960 -1.5601 -1.5777 -1.8094
 246  0.685064  3.6728  1.6084  2.3097  5.7252  3.5616  1.5946  0.8869  0.3834  0.0394 -0.6239 -0.9378 -1.0574 -1.2929 -1.6615 -1.6796 -1.9147
 247  0.685084  3.6702  1.5576  2.3503  5.7405  3.5828  1.5668  0.8505  0.3137 -0.0373 -0.7116 -1.0298 -1.1506 -1.3889 -1.7621 -1.7804 -2.0191
 248  0.685103  3.6678  1.5087  2.3893  5.7520  3.6062  1.5423  0.8179  0.2481 -0.1098 -0.7952 -1.1176 -1.2398 -1.4807 -1.8585 -1.8772 -2.1193
 249  0.685120  3.6652  1.4598  2.4280  5.7633  3.6355  1.5219  0.7893  0.1848 -0.1805 -0.8775 -1.2043 -1.3278 -1.5716 -1.9541 -1.9732 -2.2189
 250  0.685135  3.6627  1.4117  2.4659  5.7736  3.6690  1.5054  0.7649  0.1249 -0.2480 -0.9570 -1.2884 -1.4132 -1.6600 -2.0473 -2.0667 -2.3161
 251  0.685150  3.6602  1.3651  2.5025  5.7816  3.7044  1.4918  0.7438  0.0681 -0.3123 -1.0332 -1.3691 -1.4953 -1.7449 -2.1370 -2.1568 -2.4098
 252  0.685164  3.6577  1.3188  2.5389  5.7879  3.7422  1.4804  0.7252  0.0131 -0.3752 -1.1081 -1.4487 -1.5762 -1.8288 -2.2258 -2.2460 -2.5027
 253  0.685176  3.6552  1.2730  2.5747  5.7925  3.7815  1.4713  0.7093 -0.0398 -0.4360 -1.1812 -1.5266 -1.6555 -1.9111 -2.3130 -2.3335 -2.5940
 254  0.685187  3.6527  1.2287  2.6093  5.7953  3.8210  1.4643  0.6962 -0.0899 -0.4939 -1.2511 -1.6012 -1.7314 -1.9900 -2.3969 -2.4178 -2.6820
 255  0.685197  3.6503  1.1849  2.6434  5.7967  3.8616  1.4594  0.6856 -0.1381 -0.5500 -1.3192 -1.6740 -1.8057 -2.0673 -2.4791 -2.5004 -2.7684
 256  0.685207  3.6479  1.1416  2.6771  5.7972  3.9032  1.4566  0.6777 -0.1843 -0.6043 -1.3857 -1.7453 -1.8783 -2.1430 -2.5601 -2.5817 -2.8535
 257  0.685216  3.6456  1.0997  2.7096  5.7964  3.9443  1.4555  0.6720 -0.2278 -0.6556 -1.4490 -1.8135 -1.9478 -2.2156 -2.6378 -2.6597 -2.9354
 258  0.685224  3.6432  1.0583  2.7417  5.7944  3.9857  1.4559  0.6684 -0.2695 -0.7053 -1.5109 -1.8802 -2.0159 -2.2868 -2.7141 -2.7365 -3.0161
 259  0.685231  3.6409  1.0175  2.7733  5.7912  4.0266  1.4574  0.6661 -0.3091 -0.7531 -1.5712 -1.9454 -2.0825 -2.3566 -2.7891 -2.8119 -3.0954
 260  0.685239  3.6386  0.9773  2.8041  5.7879  4.0681  1.4614  0.6666 -0.3459 -0.7984 -1.6292 -2.0086 -2.1470 -2.4243 -2.8620 -2.8852 -3.1726
 261  0.685245  3.6362  0.9375  2.8344  5.7848  4.1110  1.4680  0.6702 -0.3799 -0.8412 -1.6852 -2.0699 -2.2098 -2.4905 -2.9335 -2.9571 -3.2485
 262  0.685251  3.6339  0.8988  2.8639  5.7802  4.1521  1.4751  0.6747 -0.4118 -0.8819 -1.7391 -2.1292 -2.2704 -2.5545 -3.0028 -3.0268 -3.3221
 263  0.685257  3.6316  0.8607  2.8929  5.7745  4.1921  1.4828  0.6804 -0.4420 -0.9208 -1.7915 -2.1869 -2.3296 -2.6170 -3.0707 -3.0951 -3.3944
 264  0.685263  3.6294  0.8233  2.9212  5.7677  4.2308  1.4911  0.6870 -0.4703 -0.9579 -1.8421 -2.2430 -2.3871 -2.6779 -3.1369 -3.1618 -3.4650
 265  0.685268  3.6271  0.7864  2.9492  5.7599  4.2685  1.4999  0.6946 -0.4970 -0.9935 -1.8914 -2.2977 -2.4432 -2.7375 -3.2019 -3.2272 -3.5344
 266  0.685273  3.6250  0.7504  2.9765  5.7507  4.3041  1.5085  0.7023 -0.5222 -1.0275 -1.9389 -2.3507 -2.4977 -2.7953 -3.2650 -3.2907 -3.6018
 267  0.685278  3.6228  0.7153  3.0032  5.7406  4.3382  1.5171  0.7104 -0.5458 -1.0599 -1.9849 -2.4021 -2.5505 -2.8515 -3.3265 -3.3526 -3.6676
 268  0.685282  3.6208  0.6806  3.0295  5.7292  4.3704  1.5253  0.7187 -0.5687 -1.0913 -2.0299 -2.4527 -2.6024 -2.9069 -3.3871 -3.4137 -3.7326
 269  0.685286  3.6187  0.6467  3.0553  5.7167  4.4011  1.5331  0.7268 -0.5902 -1.1215 -2.0736 -2.5017 -2.6530 -2.9608 -3.4462 -3.4731 -3.7959
 270  0.685290  3.6167  0.6134  3.0806  5.7036  4.4309  1.5409  0.7351 -0.6103 -1.1501 -2.1157 -2.5494 -2.7020 -3.0132 -3.5039 -3.5312 -3.8578
 271  0.685293  3.6148  0.5809  3.1053  5.6893  4.4591  1.5476  0.7427 -0.6293 -1.1777 -2.1567 -2.5958 -2.7497 -3.0643 -3.5602 -3.5879 -3.9183
 272  0.685297  3.6129  0.5491  3.1296  5.6742  4.4867  1.5541  0.7501 -0.6472 -1.2039 -2.1964 -2.6409 -2.7962 -3.1142 -3.6152 -3.6433 -3.9774
 273  0.685300  3.6110  0.5182  3.1533  5.6578  4.5120  1.5592  0.7563 -0.6645 -1.2293 -2.2351 -2.6849 -2.8415 -3.1627 -3.6688 -3.6974 -4.0351
 274  0.685303  3.6092  0.4877  3.1765  5.6418  4.5394  1.5651  0.7634 -0.6791 -1.2524 -2.2717 -2.7272 -2.8850 -3.2097 -3.7211 -3.7501 -4.0916
 275  0.685306  3.6074  0.4576  3.1993  5.6265  4.5709  1.5732  0.7728 -0.6901 -1.2721 -2.3060 -2.7674 -2.9266 -3.2550 -3.7720 -3.8013 -4.1467
 276  0.685309  3.6057  0.4286  3.2213  5.6098  4.5993  1.5790  0.7800 -0.7010 -1.2914 -2.3394 -2.8064 -2.9671 -3.2989 -3.8212 -3.8511 -4.2003
 277  0.685311  3.6040  0.4004  3.2428  5.5921  4.6257  1.5836  0.7859 -0.7116 -1.3102 -2.3718 -2.8444 -3.0063 -3.3416 -3.8692 -3.8994 -4.2523
 278  0.685314  3.6023  0.3728  3.2635  5.5759  4.6544  1.5899  0.7938 -0.7192 -1.3260 -2.4015 -2.8798 -3.0429 -3.3817 -3.9147 -3.9454 -4.3020
 279  0.685316  3.6008  0.3490  3.2816  5.5607  4.6777  1.5947  0.7999 -0.7256 -1.3393 -2.4271 -2.9103 -3.0746 -3.4165 -3.9541 -3.9852 -4.3451
