#NUMBER OF AGES= 1
#----------------------------------------------------       
#MIX-LEN  Y      Z          Zeff        [Fe/H] [a/Fe]
# 1.9380  0.3300 9.8327E-04 5.0050E-04  -1.49   0.40 
#----------------------------------------------------       
#**PHOTOMETRIC SYSTEM**: HST WFPC2 (Vega)                   
#----------------------------------------------------       
#AGE=13.800 EEPS=265
#EEP   M/Mo    LogTeff  LogG   LogL/Lo F218W   F255W   F300W   F336W   F439W   F450W   F555W   F606W   F622W   F675W   F791W   F814W   F850LP
  15  0.113916  3.5388  5.2614 -2.6584 20.5871 20.1951 16.7010 15.8632 14.7144 14.1400 12.7751 12.2373 12.0474 11.6559 10.7912 10.7520 10.3305
  16  0.125849  3.5467  5.2223 -2.5444 20.2212 19.5885 16.2518 15.4043 14.2556 13.7179 12.3993 11.8639 11.6740 11.2927 10.5000 10.4624 10.0563
  17  0.136946  3.5530  5.1894 -2.4493 19.9037 19.0871 15.8816 15.0307 13.8876 13.3760 12.0944 11.5618 11.3723 10.9979 10.2575 10.2212  9.8265
  18  0.147375  3.5580  5.1619 -2.3700 19.6286 18.6780 15.5799 14.7291 13.5937 13.1001 11.8469 11.3173 11.1284 10.7590 10.0555 10.0202  9.6340
  19  0.158025  3.5622  5.1374 -2.2984 19.3725 18.3170 15.3154 14.4665 13.3403 12.8597 11.6297 11.1032 10.9151 10.5494  9.8739  9.8393  9.4599
  20  0.169839  3.5662  5.1136 -2.2276 19.1160 17.9671 15.0580 14.2120 13.0963 12.6269 11.4185 10.8954 10.7083 10.3460  9.6946  9.6607  9.2873
  21  0.182985  3.5699  5.0905 -2.1573 18.8586 17.6260 14.8053 13.9631 12.8590 12.3993 11.2113 10.6920 10.5060 10.1469  9.5165  9.4833  9.1156
  22  0.196951  3.5733  5.0691 -2.0900 18.6107 17.3055 14.5658 13.7278 12.6359 12.1843 11.0153 10.5000 10.3152  9.9591  9.3466  9.3140  8.9514
  23  0.212371  3.5767  5.0488 -2.0235 18.3637 16.9936 14.3302 13.4965 12.4178 11.9735 10.8230 10.3119 10.1283  9.7753  9.1788  9.1466  8.7890
  24  0.228586  3.5797  5.0304 -1.9610 18.1304 16.7062 14.1094 13.2798 12.2142 11.7761 10.6426 10.1360  9.9536  9.6036  9.0207  8.9890  8.6359
  25  0.242207  3.5821  5.0167 -1.9127 17.9504 16.4918 13.9391 13.1122 12.0571 11.6237 10.5035 10.0007  9.8192  9.4718  8.8987  8.8674  8.5178
  26  0.251964  3.5837  5.0077 -1.8802 17.8280 16.3476 13.8235 12.9985 11.9510 11.5207 10.4095  9.9095  9.7287  9.3831  8.8162  8.7852  8.4380
  27  0.258926  3.5847  5.0022 -1.8586 17.7470 16.2530 13.7472 12.9235 11.8810 11.4526 10.3474  9.8493  9.6690  9.3245  8.7617  8.7309  8.3852
  28  0.264069  3.5855  4.9985 -1.8435 17.6903 16.1871 13.6940 12.8711 11.8322 11.4052 10.3041  9.8072  9.6273  9.2837  8.7235  8.6928  8.3483
  29  0.267854  3.5860  4.9960 -1.8326 17.6487 16.1386 13.6549 12.8327 11.7966 11.3705 10.2726  9.7767  9.5969  9.2539  8.6959  8.6653  8.3215
  30  0.270734  3.5865  4.9940 -1.8242 17.6161 16.1006 13.6243 12.8026 11.7689 11.3435 10.2481  9.7530  9.5735  9.2310  8.6745  8.6440  8.3008
  31  0.273174  3.5869  4.9927 -1.8174 17.5889 16.0686 13.5988 12.7777 11.7460 11.3213 10.2281  9.7338  9.5544  9.2125  8.6573  8.6268  8.2843
  32  0.275303  3.5873  4.9911 -1.8108 17.5624 16.0374 13.5741 12.7534 11.7237 11.2997 10.2088  9.7151  9.5360  9.1944  8.6407  8.6103  8.2683
  33  0.277509  3.5877  4.9896 -1.8042 17.5350 16.0052 13.5487 12.7285 11.7009 11.2776 10.1890  9.6961  9.5171  9.1760  8.6238  8.5935  8.2521
  34  0.279844  3.5881  4.9878 -1.7971 17.5063 15.9718 13.5219 12.7023 11.6769 11.2543 10.1680  9.6759  9.4971  9.1566  8.6057  8.5754  8.2347
  35  0.282299  3.5885  4.9855 -1.7893 17.4762 15.9369 13.4938 12.6747 11.6514 11.2295 10.1456  9.6542  9.4757  9.1356  8.5862  8.5560  8.2159
  36  0.284888  3.5889  4.9829 -1.7811 17.4454 15.9017 13.4649 12.6462 11.6251 11.2039 10.1222  9.6316  9.4532  9.1136  8.5655  8.5354  8.1958
  37  0.287948  3.5893  4.9797 -1.7717 17.4112 15.8629 13.4327 12.6146 11.5955 11.1751 10.0957  9.6058  9.4276  9.0885  8.5418  8.5117  8.1727
  38  0.291175  3.5897  4.9758 -1.7616 17.3762 15.8240 13.3995 12.5819 11.5648 11.1449 10.0677  9.5785  9.4005  9.0618  8.5163  8.4862  8.1478
  39  0.295253  3.5901  4.9710 -1.7490 17.3337 15.7769 13.3591 12.5420 11.5272 11.1080 10.0332  9.5449  9.3672  9.0289  8.4848  8.4548  8.1169
  40  0.301051  3.5907  4.9637 -1.7309 17.2723 15.7090 13.3008 12.4846 11.4731 11.0549  9.9837  9.4965  9.3191  8.9815  8.4394  8.4096  8.0725
  41  0.322945  3.5945  4.9358 -1.6573 16.9884 15.3871 13.0354 12.2239 11.2344 10.8220  9.7727  9.2930  9.1175  8.7844  8.2539  8.2246  7.8926
  42  0.351580  3.6023  4.8947 -1.5483 16.5219 14.8564 12.6028 11.8000 10.8556 10.4541  9.4476  8.9832  8.8118  8.4878  7.9781  7.9500  7.6280
  43  0.364401  3.6063  4.8745 -1.4964 16.3021 14.6104 12.3962 11.5967 10.6733 10.2771  9.2916  8.8351  8.6658  8.3467  7.8467  7.8192  7.5023
  44  0.374479  3.6099  4.8576 -1.4533 16.1193 14.4072 12.2227 11.4254 10.5196 10.1279  9.1606  8.7114  8.5440  8.2292  7.7375  7.7106  7.3983
  45  0.383918  3.6137  4.8417 -1.4115 15.9412 14.2105 12.0520 11.2564 10.3681  9.9811  9.0322  8.5906  8.4251  8.1150  7.6316  7.6052  7.2978
  46  0.392878  3.6176  4.8270 -1.3708 15.7663 14.0178 11.8822 11.0878 10.2172  9.8350  8.9052  8.4717  8.3081  8.0031  7.5282  7.5025  7.2001
  47  0.401797  3.6220  4.8129 -1.3295 15.5872 13.8205 11.7059 10.9120 10.0604  9.6836  8.7744  8.3498  8.1884  7.8890  7.4234  7.3983  7.1016
  48  0.410358  3.6269  4.8003 -1.2885 15.4038 13.6156 11.5232 10.7283  9.8979  9.5270  8.6406  8.2263  8.0675  7.7745  7.3194  7.2950  7.0049
  49  0.418598  3.6320  4.7890 -1.2478 15.2157 13.4029 11.3325 10.5357  9.7296  9.3653  8.5039  8.1010  7.9451  7.6595  7.2161  7.1925  6.9098
  50  0.426489  3.6375  4.7790 -1.2078 15.0260 13.1867 11.1361 10.3381  9.5597  9.2024  8.3673  7.9767  7.8238  7.5461  7.1151  7.0924  6.8175
  51  0.434112  3.6431  4.7701 -1.1688 14.8370 12.9692 10.9345 10.1369  9.3903  9.0402  8.2319  7.8539  7.7043  7.4350  7.0166  6.9948  6.7280
  52  0.439042  3.6469  4.7647 -1.1434 14.7134 12.8252 10.7983 10.0026  9.2794  8.9342  8.1435  7.7740  7.6266  7.3629  6.9529  6.9317  6.6703
  53  0.443896  3.6506  4.7596 -1.1184 14.5847 12.6760 10.6605  9.8675  9.1702  8.8299  8.0565  7.6955  7.5503  7.2921  6.8902  6.8697  6.6136
  54  0.448673  3.6544  4.7548 -1.0939 14.4397 12.5109 10.5212  9.7308  9.0632  8.7276  7.9714  7.6183  7.4756  7.2224  6.8283  6.8084  6.5575
  55  0.453377  3.6581  4.7500 -1.0698 14.2782 12.3310 10.3830  9.5946  8.9600  8.6286  7.8890  7.5433  7.4031  7.1544  6.7674  6.7479  6.5020
  56  0.457998  3.6618  4.7456 -1.0461 14.1021 12.1397 10.2415  9.4563  8.8580  8.5308  7.8077  7.4692  7.3316  7.0872  6.7070  6.6881  6.4471
  57  0.462534  3.6657  4.7416 -1.0226 13.9162 11.9439 10.0967  9.3171  8.7573  8.4344  7.7275  7.3961  7.2613  7.0209  6.6475  6.6291  6.3930
  58  0.466992  3.6695  4.7379 -0.9995 13.7228 11.7478  9.9489  9.1776  8.6578  8.3395  7.6485  7.3242  7.1919  6.9557  6.5889  6.5710  6.3399
  59  0.471377  3.6733  4.7345 -0.9766 13.5196 11.5487  9.7989  9.0377  8.5596  8.2458  7.5707  7.2531  7.1236  6.8913  6.5310  6.5137  6.2875
  60  0.475662  3.6770  4.7309 -0.9543 13.3169 11.3566  9.6537  8.9034  8.4659  8.1566  7.4961  7.1848  7.0578  6.8292  6.4749  6.4581  6.2366
  61  0.479850  3.6807  4.7278 -0.9324 13.1059 11.1640  9.5081  8.7696  8.3736  8.0689  7.4228  7.1176  6.9931  6.7681  6.4197  6.4034  6.1866
  62  0.483971  3.6843  4.7243 -0.9109 12.8979 10.9808  9.3693  8.6424  8.2856  7.9855  7.3525  7.0528  6.9307  6.7090  6.3661  6.3502  6.1377
  63  0.488017  3.6879  4.7208 -0.8896 12.6880 10.8020  9.2334  8.5182  8.2001  7.9045  7.2840  6.9896  6.8696  6.6510  6.3134  6.2980  6.0897
  64  0.491966  3.6912  4.7172 -0.8691 12.4835 10.6321  9.1036  8.4002  8.1187  7.8275  7.2185  6.9289  6.8109  6.5951  6.2623  6.2473  6.0430
  65  0.495826  3.6945  4.7136 -0.8489 12.2798 10.4667  8.9768  8.2852  8.0399  7.7531  7.1550  6.8697  6.7537  6.5406  6.2123  6.1977  5.9972
  66  0.499589  3.6977  4.7098 -0.8292 12.0846 10.3107  8.8563  8.1762  7.9646  7.6822  7.0942  6.8130  6.6986  6.4880  6.1640  6.1497  5.9528
  67  0.503234  3.7008  4.7062 -0.8100 11.8948 10.1608  8.7396  8.0707  7.8917  7.6136  7.0353  6.7581  6.6453  6.4371  6.1171  6.1031  5.9097
  68  0.506734  3.7037  4.7025 -0.7915 11.7162 10.0205  8.6293  7.9710  7.8222  7.5482  6.9791  6.7055  6.5943  6.3883  6.0722  6.0586  5.8685
  69  0.510101  3.7066  4.6990 -0.7735 11.5424  9.8852  8.5223  7.8745  7.7547  7.4850  6.9248  6.6547  6.5449  6.3411  6.0288  6.0156  5.8286
  70  0.513362  3.7094  4.6953 -0.7561 11.3785  9.7581  8.4211  7.7832  7.6903  7.4246  6.8729  6.6059  6.4974  6.2957  5.9869  5.9740  5.7900
  71  0.516522  3.7121  4.6917 -0.7390 11.2180  9.6343  8.3223  7.6942  7.6274  7.3658  6.8221  6.5584  6.4511  6.2514  5.9462  5.9335  5.7524
  72  0.519582  3.7147  4.6880 -0.7224 11.0663  9.5176  8.2288  7.6099  7.5675  7.3096  6.7736  6.5127  6.4066  6.2088  5.9067  5.8944  5.7161
  73  0.522558  3.7172  4.6845 -0.7061 10.9155  9.4018  8.1362  7.5266  7.5082  7.2543  6.7259  6.4679  6.3629  6.1670  5.8681  5.8561  5.6805
  74  0.525458  3.7196  4.6807 -0.6902 10.7731  9.2923  8.0485  7.4477  7.4516  7.2013  6.6800  6.4247  6.3207  6.1266  5.8307  5.8189  5.6459
  75  0.528296  3.7221  4.6770 -0.6744 10.6315  9.1836  7.9615  7.3694  7.3955  7.1490  6.6347  6.3821  6.2791  6.0866  5.7938  5.7823  5.6117
  76  0.531080  3.7244  4.6731 -0.6590 10.4982  9.0807  7.8786  7.2949  7.3416  7.0986  6.5908  6.3407  6.2387  6.0479  5.7578  5.7464  5.5783
  77  0.533820  3.7267  4.6692 -0.6437 10.3660  8.9786  7.7960  7.2209  7.2879  7.0485  6.5474  6.2997  6.1987  6.0095  5.7222  5.7111  5.5453
  78  0.536523  3.7289  4.6652 -0.6286 10.2394  8.8802  7.7163  7.1495  7.2356  6.9997  6.5050  6.2597  6.1595  5.9719  5.6873  5.6764  5.5128
  79  0.539188  3.7311  4.6611 -0.6137 10.1161  8.7843  7.6385  7.0798  7.1843  6.9518  6.4633  6.2203  6.1209  5.9349  5.6527  5.6421  5.4806
  80  0.541834  3.7332  4.6568 -0.5987  9.9954  8.6901  7.5622  7.0114  7.1335  6.9044  6.4220  6.1811  6.0826  5.8981  5.6184  5.6080  5.4486
  81  0.544458  3.7353  4.6524 -0.5840  9.8786  8.5986  7.4882  6.9448  7.0838  6.8578  6.3813  6.1426  6.0449  5.8618  5.5845  5.5743  5.4170
  82  0.548167  3.7382  4.6461 -0.5631  9.7163  8.4713  7.3851  6.8522  7.0138  6.7924  6.3240  6.0882  5.9916  5.8106  5.5367  5.5267  5.3723
  83  0.551939  3.7410  4.6392 -0.5418  9.5560  8.3446  7.2824  6.7598  6.9435  6.7264  6.2661  6.0333  5.9377  5.7587  5.4881  5.4784  5.3267
  84  0.555774  3.7438  4.6318 -0.5201  9.3998  8.2202  7.1811  6.6687  6.8732  6.6603  6.2078  5.9778  5.8833  5.7062  5.4388  5.4294  5.2803
  85  0.559648  3.7466  4.6239 -0.4982  9.2450  8.0963  7.0799  6.5777  6.8026  6.5938  6.1490  5.9218  5.8283  5.6532  5.3889  5.3798  5.2332
  86  0.563554  3.7493  4.6156 -0.4760  9.0933  7.9743  6.9798  6.4876  6.7321  6.5273  6.0899  5.8654  5.7729  5.5997  5.3385  5.3297  5.1857
  87  0.567480  3.7520  4.6069 -0.4535  8.9446  7.8541  6.8807  6.3981  6.6615  6.4607  6.0306  5.8087  5.7172  5.5458  5.2877  5.2790  5.1375
  88  0.571413  3.7546  4.5976 -0.4309  8.7997  7.7363  6.7837  6.3104  6.5914  6.3943  5.9711  5.7518  5.6612  5.4916  5.2364  5.2279  5.0888
  89  0.575337  3.7571  4.5879 -0.4081  8.6581  7.6207  6.6887  6.2246  6.5215  6.3279  5.9115  5.6946  5.6050  5.4371  5.1847  5.1765  5.0396
  90  0.579234  3.7596  4.5778 -0.3853  8.5196  7.5070  6.5960  6.1408  6.4519  6.2618  5.8519  5.6375  5.5487  5.3826  5.1329  5.1249  4.9902
  91  0.583088  3.7620  4.5675 -0.3624  8.3843  7.3954  6.5051  6.0588  6.3827  6.1960  5.7925  5.5804  5.4925  5.3281  5.0811  5.0733  4.9407
  92  0.586880  3.7643  4.5568 -0.3396  8.2539  7.2874  6.4167  5.9790  6.3146  6.1309  5.7334  5.5236  5.4365  5.2736  5.0292  5.0217  4.8911
  93  0.590592  3.7666  4.5458 -0.3170  8.1273  7.1821  6.3299  5.9009  6.2472  6.0665  5.6749  5.4672  5.3808  5.2196  4.9777  4.9703  4.8416
  94  0.594203  3.7687  4.5348 -0.2944  8.0034  7.0788  6.2449  5.8244  6.1806  6.0028  5.6169  5.4113  5.3257  5.1660  4.9266  4.9194  4.7926
  95  0.597701  3.7708  4.5235 -0.2722  7.8845  6.9792  6.1627  5.7501  6.1152  5.9402  5.5596  5.3561  5.2713  5.1131  4.8760  4.8690  4.7440
  96  0.601079  3.7729  4.5122 -0.2502  7.7690  6.8821  6.0828  5.6777  6.0509  5.8785  5.5031  5.3016  5.2176  5.0608  4.8260  4.8192  4.6960
  97  0.604334  3.7749  4.5007 -0.2285  7.6576  6.7880  6.0055  5.6073  5.9878  5.8178  5.4475  5.2479  5.1646  5.0093  4.7767  4.7701  4.6485
  98  0.607475  3.7769  4.4893 -0.2071  7.5499  6.6968  5.9307  5.5387  5.9258  5.7581  5.3925  5.1950  5.1125  4.9585  4.7281  4.7216  4.6017
  99  0.610508  3.7787  4.4776 -0.1860  7.4476  6.6094  5.8594  5.4721  5.8650  5.6995  5.3383  5.1429  5.0611  4.9084  4.6801  4.6737  4.5552
 100  0.613429  3.7804  4.4658 -0.1652  7.3486  6.5245  5.7906  5.4071  5.8052  5.6418  5.2848  5.0915  5.0105  4.8590  4.6328  4.6265  4.5095
 101  0.616246  3.7821  4.4540 -0.1447  7.2531  6.4423  5.7237  5.3439  5.7466  5.5852  5.2321  5.0408  4.9606  4.8102  4.5859  4.5798  4.4642
 102  0.618962  3.7836  4.4421 -0.1245  7.1613  6.3630  5.6584  5.2827  5.6893  5.5296  5.1803  4.9909  4.9113  4.7621  4.5396  4.5336  4.4192
 103  0.621579  3.7852  4.4301 -0.1045  7.0730  6.2864  5.5943  5.2236  5.6330  5.4750  5.1294  4.9415  4.8625  4.7143  4.4936  4.4877  4.3746
 104  0.624106  3.7867  4.4181 -0.0848  6.9876  6.2120  5.5312  5.1664  5.5779  5.4215  5.0793  4.8928  4.8142  4.6671  4.4480  4.4421  4.3302
 105  0.626547  3.7881  4.4059 -0.0653  6.9053  6.1402  5.4692  5.1110  5.5239  5.3689  5.0300  4.8445  4.7664  4.6203  4.4026  4.3969  4.2860
 106  0.628908  3.7894  4.3937 -0.0461  6.8253  6.0700  5.4083  5.0568  5.4706  5.3169  4.9814  4.7969  4.7192  4.5740  4.3578  4.3522  4.2423
 107  0.631199  3.7907  4.3814 -0.0270  6.7476  6.0018  5.3488  5.0036  5.4181  5.2657  4.9333  4.7498  4.6724  4.5282  4.3133  4.3079  4.1990
 108  0.633427  3.7919  4.3689 -0.0082  6.6716  5.9348  5.2906  4.9511  5.3660  5.2150  4.8856  4.7032  4.6263  4.4830  4.2695  4.2641  4.1561
 109  0.635600  3.7931  4.3564  0.0105  6.5974  5.8693  5.2334  4.8992  5.3145  5.1647  4.8383  4.6570  4.5806  4.4382  4.2261  4.2207  4.1137
 110  0.637728  3.7942  4.3437  0.0290  6.5245  5.8049  5.1775  4.8477  5.2633  5.1148  4.7914  4.6113  4.5353  4.3939  4.1832  4.1779  4.0717
 111  0.639819  3.7952  4.3310  0.0474  6.4534  5.7418  5.1227  4.7970  5.2126  5.0653  4.7447  4.5659  4.4904  4.3499  4.1404  4.1352  4.0299
 112  0.640524  3.7956  4.3266  0.0537  6.4296  5.7206  5.1041  4.7798  5.1954  5.0485  4.7289  4.5505  4.4752  4.3348  4.1259  4.1207  4.0156
 113  0.641228  3.7959  4.3222  0.0600  6.4050  5.6987  5.0852  4.7622  5.1778  5.0314  4.7127  4.5348  4.4595  4.3196  4.1111  4.1059  4.0012
 114  0.641929  3.7963  4.3178  0.0664  6.3798  5.6764  5.0659  4.7444  5.1599  5.0140  4.6963  4.5188  4.4438  4.3042  4.0961  4.0911  3.9866
 115  0.642629  3.7968  4.3134  0.0730  6.3529  5.6528  5.0457  4.7258  5.1414  4.9959  4.6795  4.5025  4.4277  4.2884  4.0809  4.0759  3.9718
 116  0.643330  3.7972  4.3091  0.0797  6.3256  5.6288  5.0253  4.7071  5.1227  4.9777  4.6626  4.4861  4.4115  4.2726  4.0657  4.0607  3.9569
 117  0.644031  3.7977  4.3047  0.0865  6.2979  5.6046  5.0047  4.6882  5.1038  4.9594  4.6454  4.4695  4.3951  4.2566  4.0503  4.0453  3.9419
 118  0.644732  3.7982  4.3003  0.0933  6.2707  5.5806  4.9842  4.6693  5.0848  4.9408  4.6281  4.4527  4.3785  4.2403  4.0346  4.0297  3.9267
 119  0.645432  3.7986  4.2955  0.1002  6.2442  5.5571  4.9640  4.6505  5.0657  4.9222  4.6105  4.4356  4.3616  4.2237  4.0186  4.0136  3.9110
 120  0.646130  3.7990  4.2904  0.1072  6.2183  5.5339  4.9437  4.6317  5.0465  4.9034  4.5927  4.4181  4.3443  4.2068  4.0021  3.9971  3.8948
 121  0.646823  3.7993  4.2851  0.1144  6.1932  5.5111  4.9236  4.6128  5.0271  4.8844  4.5745  4.4004  4.3267  4.1895  3.9851  3.9802  3.8781
 122  0.647513  3.7996  4.2796  0.1217  6.1682  5.4885  4.9033  4.5938  5.0076  4.8652  4.5561  4.3823  4.3087  4.1718  3.9679  3.9630  3.8611
 123  0.648201  3.7999  4.2738  0.1290  6.1437  5.4660  4.8832  4.5748  4.9879  4.8458  4.5374  4.3640  4.2906  4.1538  3.9502  3.9454  3.8437
 124  0.648884  3.8002  4.2679  0.1365  6.1193  5.4435  4.8630  4.5555  4.9679  4.8262  4.5185  4.3454  4.2720  4.1355  3.9323  3.9275  3.8260
 125  0.649565  3.8004  4.2617  0.1440  6.0952  5.4213  4.8427  4.5363  4.9479  4.8064  4.4994  4.3265  4.2533  4.1170  3.9140  3.9091  3.8079
 126  0.650241  3.8007  4.2556  0.1517  6.0706  5.3985  4.8220  4.5168  4.9275  4.7863  4.4799  4.3073  4.2342  4.0981  3.8955  3.8907  3.7896
 127  0.650916  3.8009  4.2492  0.1594  6.0465  5.3761  4.8016  4.4973  4.9071  4.7662  4.4604  4.2881  4.2150  4.0791  3.8768  3.8720  3.7710
 128  0.651588  3.8012  4.2427  0.1673  6.0226  5.3538  4.7811  4.4777  4.8866  4.7459  4.4407  4.2686  4.1956  4.0599  3.8578  3.8531  3.7522
 129  0.652257  3.8013  4.2361  0.1752  5.9989  5.3315  4.7606  4.4580  4.8659  4.7254  4.4208  4.2489  4.1760  4.0404  3.8386  3.8339  3.7331
 130  0.652922  3.8015  4.2293  0.1831  5.9752  5.3093  4.7399  4.4382  4.8451  4.7048  4.4007  4.2290  4.1562  4.0207  3.8192  3.8144  3.7138
 131  0.653582  3.8017  4.2223  0.1912  5.9519  5.2872  4.7193  4.4183  4.8241  4.6840  4.3803  4.2088  4.1361  4.0008  3.7994  3.7947  3.6942
 132  0.654237  3.8018  4.2150  0.1993  5.9292  5.2655  4.6988  4.3985  4.8031  4.6631  4.3598  4.1884  4.1158  3.9805  3.7794  3.7746  3.6742
 133  0.654885  3.8019  4.2075  0.2076  5.9071  5.2441  4.6784  4.3785  4.7819  4.6421  4.3391  4.1678  4.0952  3.9600  3.7590  3.7542  3.6538
 134  0.655527  3.8019  4.1997  0.2159  5.8853  5.2229  4.6579  4.3585  4.7607  4.6210  4.3181  4.1469  4.0744  3.9392  3.7383  3.7335  3.6331
 135  0.656163  3.8019  4.1918  0.2243  5.8638  5.2019  4.6374  4.3384  4.7393  4.5997  4.2970  4.1258  4.0533  3.9182  3.7172  3.7125  3.6121
 136  0.656792  3.8019  4.1836  0.2328  5.8428  5.1811  4.6170  4.3182  4.7179  4.5782  4.2756  4.1045  4.0319  3.8969  3.6959  3.6912  3.5907
 137  0.657412  3.8018  4.1751  0.2414  5.8222  5.1605  4.5967  4.2980  4.6963  4.5566  4.2540  4.0829  4.0103  3.8752  3.6743  3.6695  3.5690
 138  0.658025  3.8017  4.1665  0.2501  5.8022  5.1404  4.5764  4.2777  4.6746  4.5349  4.2322  4.0610  3.9885  3.8533  3.6524  3.6475  3.5469
 139  0.658630  3.8016  4.1575  0.2589  5.7828  5.1205  4.5562  4.2575  4.6528  4.5131  4.2103  4.0390  3.9664  3.8312  3.6300  3.6252  3.5244
 140  0.659225  3.8014  4.1483  0.2678  5.7640  5.1010  4.5361  4.2372  4.6310  4.4912  4.1881  4.0167  3.9440  3.8087  3.6074  3.6026  3.5017
 141  0.659811  3.8012  4.1388  0.2768  5.7459  5.0819  4.5161  4.2168  4.6092  4.4692  4.1657  3.9941  3.9214  3.7859  3.5844  3.5796  3.4784
 142  0.660386  3.8009  4.1289  0.2858  5.7286  5.0634  4.4963  4.1965  4.5873  4.4471  4.1432  3.9713  3.8986  3.7629  3.5611  3.5562  3.4548
 143  0.660951  3.8005  4.1187  0.2949  5.7123  5.0454  4.4767  4.1763  4.5654  4.4249  4.1205  3.9484  3.8754  3.7396  3.5374  3.5325  3.4308
 144  0.661504  3.8001  4.1082  0.3041  5.6970  5.0280  4.4574  4.1562  4.5435  4.4028  4.0976  3.9251  3.8521  3.7159  3.5134  3.5084  3.4063
 145  0.662047  3.7996  4.0974  0.3134  5.6827  5.0114  4.4384  4.1362  4.5216  4.3806  4.0746  3.9017  3.8285  3.6920  3.4889  3.4840  3.3815
 146  0.662577  3.7991  4.0862  0.3228  5.6698  4.9956  4.4198  4.1163  4.4999  4.3584  4.0514  3.8780  3.8047  3.6678  3.4641  3.4591  3.3561
 147  0.663095  3.7984  4.0745  0.3323  5.6582  4.9807  4.4016  4.0966  4.4783  4.3362  4.0281  3.8541  3.7806  3.6433  3.4390  3.4339  3.3304
 148  0.663600  3.7977  4.0625  0.3417  5.6482  4.9669  4.3838  4.0771  4.4568  4.3142  4.0047  3.8301  3.7562  3.6185  3.4135  3.4083  3.3043
 149  0.664093  3.7970  4.0502  0.3513  5.6390  4.9536  4.3662  4.0576  4.4352  4.2920  3.9811  3.8059  3.7318  3.5935  3.3876  3.3825  3.2778
 150  0.664571  3.7961  4.0373  0.3610  5.6325  4.9422  4.3496  4.0387  4.4141  4.2701  3.9575  3.7815  3.7071  3.5682  3.3614  3.3562  3.2507
 151  0.665037  3.7950  4.0236  0.3707  5.6299  4.9335  4.3344  4.0205  4.3936  4.2487  3.9340  3.7569  3.6822  3.5426  3.3346  3.3293  3.2230
 152  0.665487  3.7937  4.0089  0.3804  5.6325  4.9283  4.3210  4.0035  4.3739  4.2278  3.9106  3.7323  3.6571  3.5166  3.3073  3.3018  3.1944
 153  0.665924  3.7922  3.9934  0.3902  5.6387  4.9257  4.3089  3.9873  4.3548  4.2074  3.8872  3.7076  3.6319  3.4904  3.2794  3.2739  3.1652
 154  0.666347  3.7905  3.9771  0.3999  5.6496  4.9264  4.2986  3.9722  4.3364  4.1875  3.8640  3.6829  3.6067  3.4640  3.2511  3.2455  3.1354
 155  0.666755  3.7885  3.9595  0.4097  5.6681  4.9322  4.2910  3.9590  4.3194  4.1687  3.8411  3.6582  3.5813  3.4372  3.2222  3.2164  3.1046
 156  0.667150  3.7864  3.9418  0.4195  5.6881  4.9391  4.2842  3.9464  4.3026  4.1501  3.8182  3.6334  3.5558  3.4104  3.1931  3.1871  3.0736
 157  0.667532  3.7841  3.9230  0.4293  5.7146  4.9506  4.2800  3.9356  4.2869  4.1321  3.7956  3.6087  3.5303  3.3833  3.1635  3.1573  3.0419
 158  0.667900  3.7817  3.9038  0.4391  5.7447  4.9644  4.2775  3.9259  4.2718  4.1147  3.7731  3.5839  3.5047  3.3560  3.1335  3.1272  3.0098
 159  0.668254  3.7794  3.8849  0.4489  5.7752  4.9784  4.2754  3.9165  4.2568  4.0972  3.7504  3.5591  3.4790  3.3287  3.1037  3.0972  2.9779
 160  0.668597  3.7771  3.8661  0.4587  5.8065  4.9929  4.2735  3.9074  4.2418  4.0797  3.7278  3.5343  3.4535  3.3016  3.0740  3.0673  2.9461
 161  0.668926  3.7748  3.8473  0.4685  5.8393  5.0084  4.2722  3.8990  4.2270  4.0624  3.7054  3.5097  3.4282  3.2746  3.0446  3.0377  2.9145
 162  0.669241  3.7724  3.8281  0.4782  5.8773  5.0276  4.2732  3.8926  4.2134  4.0461  3.6836  3.4856  3.4032  3.2480  3.0153  3.0081  2.8828
 163  0.669554  3.7700  3.8088  0.4882  5.9142  5.0455  4.2736  3.8857  4.1989  4.0288  3.6609  3.4607  3.3775  3.2206  2.9852  2.9780  2.8506
 164  0.669864  3.7677  3.7895  0.4986  5.9496  5.0623  4.2731  3.8783  4.1834  4.0108  3.6374  3.4350  3.3509  3.1925  2.9545  2.9470  2.8176
 165  0.670170  3.7655  3.7701  0.5094  5.9832  5.0773  4.2714  3.8700  4.1669  3.9915  3.6130  3.4084  3.3235  3.1635  2.9230  2.9153  2.7839
 166  0.670470  3.7632  3.7499  0.5205  6.0200  5.0942  4.2708  3.8624  4.1502  3.9719  3.5877  3.3807  3.2951  3.1334  2.8901  2.8822  2.7487
 167  0.670765  3.7609  3.7291  0.5323  6.0581  5.1116  4.2705  3.8548  4.1329  3.9516  3.5613  3.3518  3.2652  3.1017  2.8556  2.8475  2.7119
 168  0.671051  3.7585  3.7077  0.5447  6.0971  5.1290  4.2696  3.8468  4.1144  3.9300  3.5335  3.3215  3.2341  3.0688  2.8198  2.8115  2.6737
 169  0.671327  3.7563  3.6858  0.5577  6.1326  5.1434  4.2663  3.8365  4.0936  3.9062  3.5041  3.2897  3.2015  3.0344  2.7827  2.7742  2.6344
 170  0.671592  3.7542  3.6638  0.5713  6.1638  5.1543  4.2600  3.8235  4.0706  3.8803  3.4728  3.2563  3.1674  2.9988  2.7446  2.7360  2.5940
 171  0.671846  3.7522  3.6417  0.5856  6.1896  5.1608  4.2505  3.8080  4.0451  3.8521  3.4397  3.2214  3.1318  2.9618  2.7054  2.6965  2.5528
 172  0.672089  3.7504  3.6198  0.6006  6.2085  5.1621  4.2374  3.7893  4.0172  3.8218  3.4051  3.1850  3.0949  2.9236  2.6652  2.6561  2.5107
 173  0.672321  3.7488  3.5981  0.6160  6.2212  5.1587  4.2210  3.7681  3.9873  3.7896  3.3690  3.1474  3.0567  2.8844  2.6241  2.6149  2.4680
 174  0.672544  3.7473  3.5767  0.6317  6.2279  5.1508  4.2018  3.7447  3.9555  3.7558  3.3318  3.1088  3.0177  2.8444  2.5824  2.5731  2.4248
 175  0.672759  3.7461  3.5556  0.6478  6.2284  5.1384  4.1795  3.7188  3.9220  3.7206  3.2935  3.0694  2.9778  2.8037  2.5403  2.5309  2.3813
 176  0.672967  3.7449  3.5347  0.6642  6.2248  5.1229  4.1551  3.6912  3.8872  3.6843  3.2544  3.0293  2.9374  2.7625  2.4978  2.4883  2.3376
 177  0.673169  3.7439  3.5141  0.6807  6.2167  5.1041  4.1284  3.6617  3.8512  3.6470  3.2146  2.9886  2.8964  2.7209  2.4550  2.4453  2.2938
 178  0.673367  3.7429  3.4938  0.6974  6.2067  5.0839  4.1007  3.6314  3.8147  3.6091  3.1745  2.9476  2.8551  2.6789  2.4120  2.4022  2.2496
 179  0.673560  3.7420  3.4734  0.7142  6.1946  5.0620  4.0719  3.6001  3.7776  3.5707  3.1340  2.9062  2.8135  2.6366  2.3687  2.3588  2.2055
 180  0.673750  3.7412  3.4534  0.7311  6.1805  5.0388  4.0420  3.5680  3.7399  3.5320  3.0932  2.8646  2.7716  2.5943  2.3253  2.3154  2.1611
 181  0.673937  3.7404  3.4334  0.7481  6.1649  5.0144  4.0114  3.5353  3.7019  3.4928  3.0521  2.8228  2.7295  2.5516  2.2817  2.2717  2.1167
 182  0.674091  3.7398  3.4167  0.7623  6.1514  4.9936  3.9855  3.5077  3.6700  3.4599  3.0177  2.7878  2.6943  2.5159  2.2453  2.2352  2.0796
 183  0.674244  3.7392  3.4001  0.7767  6.1364  4.9718  3.9587  3.4793  3.6375  3.4266  2.9829  2.7524  2.6587  2.4799  2.2086  2.1985  2.0422
 184  0.674397  3.7386  3.3836  0.7912  6.1195  4.9485  3.9310  3.4500  3.6043  3.3926  2.9475  2.7165  2.6226  2.4435  2.1714  2.1613  2.0045
 185  0.674550  3.7381  3.3668  0.8060  6.1027  4.9250  3.9029  3.4204  3.5707  3.3583  2.9119  2.6802  2.5861  2.4066  2.1339  2.1237  1.9663
 186  0.674702  3.7376  3.3498  0.8209  6.0848  4.9006  3.8741  3.3901  3.5364  3.3232  2.8755  2.6433  2.5491  2.3691  2.0958  2.0855  1.9276
 187  0.674853  3.7371  3.3327  0.8361  6.0658  4.8753  3.8443  3.3591  3.5015  3.2875  2.8385  2.6058  2.5114  2.3311  2.0572  2.0468  1.8884
 188  0.675004  3.7366  3.3152  0.8516  6.0465  4.8495  3.8142  3.3275  3.4660  3.2512  2.8009  2.5677  2.4732  2.2925  2.0179  2.0075  1.8485
 189  0.675154  3.7361  3.2976  0.8672  6.0266  4.8231  3.7833  3.2953  3.4299  3.2143  2.7628  2.5290  2.4343  2.2533  1.9780  1.9676  1.8080
 190  0.675302  3.7356  3.2798  0.8832  6.0058  4.7958  3.7517  3.2623  3.3929  3.1767  2.7238  2.4895  2.3947  2.2132  1.9374  1.9269  1.7668
 191  0.675450  3.7351  3.2616  0.8995  5.9847  4.7681  3.7196  3.2287  3.3553  3.1383  2.6842  2.4494  2.3545  2.1726  1.8961  1.8856  1.7249
 192  0.675597  3.7346  3.2434  0.9159  5.9622  4.7394  3.6865  3.1944  3.3171  3.0994  2.6441  2.4089  2.3137  2.1315  1.8544  1.8438  1.6827
 193  0.675743  3.7341  3.2247  0.9328  5.9392  4.7098  3.6526  3.1592  3.2779  3.0595  2.6030  2.3672  2.2719  2.0893  1.8117  1.8010  1.6393
 194  0.675885  3.7336  3.2050  0.9505  5.9154  4.6790  3.6172  3.1224  3.2368  3.0176  2.5598  2.3235  2.2280  2.0451  1.7668  1.7561  1.5938
 195  0.676024  3.7331  3.1846  0.9689  5.8908  4.6472  3.5804  3.0841  3.1941  2.9741  2.5150  2.2781  2.1824  1.9991  1.7202  1.7094  1.5465
 196  0.676160  3.7325  3.1636  0.9879  5.8643  4.6134  3.5419  3.0442  3.1498  2.9290  2.4686  2.2313  2.1355  1.9517  1.6721  1.6612  1.4978
 197  0.676294  3.7320  3.1418  1.0076  5.8386  4.5796  3.5026  3.0034  3.1041  2.8826  2.4207  2.1827  2.0867  1.9025  1.6222  1.6113  1.4472
 198  0.676423  3.7314  3.1192  1.0279  5.8123  4.5449  3.4623  2.9614  3.0573  2.8348  2.3714  2.1328  2.0366  1.8520  1.5708  1.5599  1.3952
 199  0.676550  3.7308  3.0962  1.0486  5.7845  4.5087  3.4205  2.9181  3.0089  2.7855  2.3207  2.0815  1.9851  1.8001  1.5182  1.5071  1.3418
 200  0.676674  3.7302  3.0725  1.0699  5.7567  4.4720  3.3778  2.8737  2.9594  2.7351  2.2686  2.0288  1.9322  1.7467  1.4641  1.4530  1.2870
 201  0.676794  3.7295  3.0481  1.0918  5.7290  4.4350  3.3344  2.8285  2.9089  2.6835  2.2154  1.9750  1.8782  1.6923  1.4088  1.3976  1.2309
 202  0.676912  3.7289  3.0233  1.1142  5.7005  4.3970  3.2900  2.7823  2.8571  2.6309  2.1611  1.9199  1.8229  1.6365  1.3523  1.3410  1.1737
 203  0.677025  3.7282  2.9979  1.1369  5.6728  4.3589  3.2450  2.7354  2.8045  2.5771  2.1056  1.8638  1.7665  1.5796  1.2945  1.2832  1.1151
 204  0.677137  3.7275  2.9718  1.1601  5.6467  4.3216  3.2000  2.6882  2.7511  2.5226  2.0493  1.8067  1.7093  1.5218  1.2358  1.2244  1.0555
 205  0.677244  3.7267  2.9451  1.1838  5.6217  4.2844  3.1547  2.6407  2.6970  2.4673  1.9919  1.7486  1.6509  1.4629  1.1759  1.1644  0.9946
 206  0.677349  3.7259  2.9178  1.2079  5.5971  4.2471  3.1089  2.5924  2.6419  2.4110  1.9336  1.6894  1.5915  1.4030  1.1149  1.1034  0.9327
 207  0.677449  3.7250  2.8900  1.2323  5.5732  4.2099  3.0627  2.5436  2.5862  2.3539  1.8743  1.6294  1.5311  1.3420  1.0529  1.0413  0.8697
 208  0.677547  3.7242  2.8617  1.2572  5.5504  4.1729  3.0162  2.4945  2.5297  2.2960  1.8142  1.5684  1.4699  1.2801  0.9900  0.9782  0.8058
 209  0.677641  3.7233  2.8330  1.2824  5.5292  4.1366  2.9698  2.4452  2.4727  2.2376  1.7534  1.5066  1.4078  1.2174  0.9261  0.9142  0.7407
 210  0.677732  3.7224  2.8037  1.3080  5.5088  4.1005  2.9231  2.3956  2.4150  2.1785  1.6917  1.4439  1.3449  1.1538  0.8612  0.8493  0.6748
 211  0.677818  3.7214  2.7740  1.3340  5.4898  4.0649  2.8763  2.3457  2.3569  2.1187  1.6293  1.3806  1.2812  1.0894  0.7956  0.7836  0.6080
 212  0.677902  3.7204  2.7440  1.3602  5.4720  4.0298  2.8295  2.2956  2.2982  2.0584  1.5663  1.3165  1.2168  1.0243  0.7293  0.7171  0.5404
 213  0.677982  3.7194  2.7135  1.3867  5.4553  3.9950  2.7826  2.2454  2.2391  1.9975  1.5026  1.2518  1.1517  0.9584  0.6621  0.6498  0.4720
 214  0.678059  3.7184  2.6826  1.4135  5.4398  3.9608  2.7357  2.1950  2.1796  1.9362  1.4383  1.1864  1.0861  0.8920  0.5943  0.5819  0.4030
 215  0.678133  3.7173  2.6514  1.4405  5.4258  3.9272  2.6889  2.1445  2.1197  1.8746  1.3736  1.1205  1.0197  0.8249  0.5258  0.5133  0.3332
 216  0.678203  3.7163  2.6199  1.4677  5.4127  3.8941  2.6420  2.0940  2.0596  1.8124  1.3084  1.0541  0.9530  0.7574  0.4569  0.4442  0.2629
 217  0.678214  3.7161  2.6147  1.4723  5.4106  3.8887  2.6343  2.0857  2.0496  1.8022  1.2975  1.0431  0.9419  0.7461  0.4454  0.4327  0.2512
 218  0.678225  3.7159  2.6094  1.4768  5.4088  3.8834  2.6267  2.0774  2.0397  1.7919  1.2868  1.0322  0.9309  0.7349  0.4340  0.4213  0.2396
 219  0.678236  3.7157  2.6042  1.4813  5.4066  3.8778  2.6188  2.0689  2.0296  1.7816  1.2758  1.0210  0.9198  0.7237  0.4225  0.4098  0.2278
 220  0.678248  3.7155  2.5989  1.4859  5.4047  3.8725  2.6111  2.0605  2.0197  1.7712  1.2650  1.0100  0.9086  0.7124  0.4110  0.3982  0.2161
 221  0.678259  3.7154  2.5937  1.4905  5.4027  3.8669  2.6033  2.0520  2.0096  1.7608  1.2541  0.9988  0.8974  0.7011  0.3993  0.3866  0.2043
 222  0.678270  3.7152  2.5883  1.4951  5.4008  3.8615  2.5954  2.0436  1.9994  1.7503  1.2431  0.9877  0.8861  0.6896  0.3877  0.3750  0.1924
 223  0.678280  3.7150  2.5829  1.4997  5.3991  3.8562  2.5877  2.0352  1.9893  1.7399  1.2320  0.9764  0.8748  0.6782  0.3760  0.3632  0.1805
 224  0.678291  3.7148  2.5776  1.5043  5.3972  3.8507  2.5798  2.0267  1.9791  1.7294  1.2210  0.9651  0.8635  0.6667  0.3642  0.3514  0.1685
 225  0.678302  3.7146  2.5722  1.5090  5.3954  3.8453  2.5719  2.0182  1.9689  1.7188  1.2098  0.9537  0.8520  0.6551  0.3524  0.3396  0.1565
 226  0.678313  3.7144  2.5667  1.5137  5.3935  3.8398  2.5640  2.0095  1.9586  1.7081  1.1987  0.9424  0.8406  0.6435  0.3406  0.3278  0.1444
 227  0.678412  3.7126  2.5143  1.5588  5.3790  3.7892  2.4889  1.9280  1.8602  1.6063  1.0912  0.8329  0.7304  0.5320  0.2265  0.2135  0.0280
 228  0.678504  3.7106  2.4608  1.6044  5.3736  3.7443  2.4168  1.8487  1.7624  1.5048  0.9833  0.7226  0.6194  0.4193  0.1110  0.0977 -0.0901
 229  0.678588  3.7085  2.4065  1.6502  5.3759  3.7042  2.3474  1.7715  1.6656  1.4037  0.8752  0.6119  0.5080  0.3060 -0.0052 -0.0188 -0.2090
 230  0.678662  3.7064  2.3549  1.6938  5.3822  3.6693  2.2833  1.6997  1.5744  1.3084  0.7731  0.5072  0.4024  0.1988 -0.1156 -0.1293 -0.3219
 231  0.678733  3.7042  2.3003  1.7394  5.3934  3.6361  2.2179  1.6261  1.4795  1.2090  0.6661  0.3975  0.2917  0.0862 -0.2314 -0.2455 -0.4407
 232  0.678795  3.7020  2.2483  1.7828  5.4085  3.6084  2.1579  1.5581  1.3903  1.1154  0.5651  0.2935  0.1869 -0.0205 -0.3413 -0.3556 -0.5534
 233  0.678853  3.6998  2.1956  1.8268  5.4270  3.5834  2.0990  1.4909  1.3010  1.0213  0.4632  0.1887  0.0812 -0.1282 -0.4524 -0.4670 -0.6673
 234  0.678906  3.6976  2.1435  1.8700  5.4507  3.5632  2.0434  1.4269  1.2141  0.9297  0.3634  0.0859 -0.0225 -0.2339 -0.5615 -0.5763 -0.7794
 235  0.678953  3.6954  2.0935  1.9113  5.4759  3.5469  1.9918  1.3672  1.1318  0.8425  0.2684 -0.0120 -0.1214 -0.3349 -0.6658 -0.6809 -0.8865
 236  0.678997  3.6933  2.0453  1.9510  5.5024  3.5345  1.9441  1.3114  1.0534  0.7593  0.1774 -0.1061 -0.2163 -0.4317 -0.7661 -0.7814 -0.9896
 237  0.679038  3.6913  1.9999  1.9884  5.5280  3.5252  1.9005  1.2603  0.9802  0.6816  0.0920 -0.1943 -0.3054 -0.5227 -0.8602 -0.8758 -1.0865
 238  0.679075  3.6897  1.9651  2.0170  5.5485  3.5200  1.8681  1.2221  0.9245  0.6223  0.0268 -0.2616 -0.3735 -0.5922 -0.9322 -0.9479 -1.1606
 239  0.679112  3.6891  1.9482  2.0313  5.5545  3.5150  1.8505  1.2018  0.8961  0.5922 -0.0058 -0.2953 -0.4074 -0.6268 -0.9678 -0.9837 -1.1972
 240  0.679148  3.6881  1.9223  2.0534  5.5596  3.5048  1.8218  1.1691  0.8514  0.5452 -0.0567 -0.3476 -0.4601 -0.6805 -1.0232 -1.0392 -1.2540
 241  0.679183  3.6857  1.8713  2.0946  5.5954  3.5074  1.7810  1.1195  0.7738  0.4619 -0.1493 -0.4437 -0.5574 -0.7800 -1.1266 -1.1429 -1.3608
 242  0.679216  3.6829  1.8153  2.1397  5.6344  3.5155  1.7398  1.0682  0.6906  0.3722 -0.2496 -0.5479 -0.6628 -0.8881 -1.2392 -1.2558 -1.4773
 243  0.679245  3.6803  1.7613  2.1832  5.6677  3.5262  1.7018  1.0206  0.6114  0.2866 -0.3458 -0.6480 -0.7640 -0.9919 -1.3474 -1.3644 -1.5894
 244  0.679271  3.6776  1.7072  2.2265  5.6964  3.5401  1.6659  0.9751  0.5333  0.2018 -0.4411 -0.7473 -0.8647 -1.0951 -1.4552 -1.4726 -1.7012
 245  0.679295  3.6750  1.6554  2.2681  5.7200  3.5566  1.6336  0.9338  0.4597  0.1217 -0.5318 -0.8421 -0.9605 -1.1937 -1.5583 -1.5760 -1.8081
 246  0.679317  3.6725  1.6042  2.3091  5.7388  3.5754  1.6036  0.8950  0.3881  0.0435 -0.6209 -0.9352 -1.0550 -1.2908 -1.6599 -1.6780 -1.9135
 247  0.679337  3.6699  1.5535  2.3496  5.7535  3.5966  1.5758  0.8587  0.3186 -0.0331 -0.7085 -1.0271 -1.1481 -1.3867 -1.7604 -1.7787 -2.0178
 248  0.679355  3.6675  1.5047  2.3886  5.7648  3.6204  1.5516  0.8263  0.2532 -0.1055 -0.7920 -1.1149 -1.2371 -1.4784 -1.8566 -1.8754 -2.1179
 249  0.679372  3.6649  1.4558  2.4273  5.7759  3.6500  1.5314  0.7980  0.1902 -0.1759 -0.8741 -1.2014 -1.3251 -1.5692 -1.9522 -1.9713 -2.2174
 250  0.679387  3.6624  1.4077  2.4652  5.7858  3.6837  1.5152  0.7739  0.1303 -0.2433 -0.9535 -1.2854 -1.4104 -1.6574 -2.0452 -2.0647 -2.3145
 251  0.679400  3.6599  1.3611  2.5018  5.7935  3.7192  1.5016  0.7528  0.0736 -0.3077 -1.0298 -1.3662 -1.4925 -1.7424 -2.1351 -2.1549 -2.4083
 252  0.679413  3.6574  1.3147  2.5382  5.7995  3.7572  1.4904  0.7344  0.0186 -0.3705 -1.1047 -1.4458 -1.5735 -1.8264 -2.2239 -2.2441 -2.5012
 253  0.679425  3.6549  1.2689  2.5740  5.8038  3.7964  1.4813  0.7187 -0.0343 -0.4313 -1.1777 -1.5236 -1.6527 -1.9086 -2.3111 -2.3316 -2.5925
 254  0.679436  3.6524  1.2246  2.6086  5.8063  3.8360  1.4745  0.7057 -0.0843 -0.4892 -1.2476 -1.5982 -1.7286 -1.9875 -2.3950 -2.4159 -2.6805
 255  0.679446  3.6500  1.1809  2.6427  5.8075  3.8765  1.4696  0.6953 -0.1323 -0.5451 -1.3156 -1.6709 -1.8027 -2.0646 -2.4771 -2.4984 -2.7668
 256  0.679455  3.6476  1.1377  2.6764  5.8077  3.9182  1.4669  0.6875 -0.1785 -0.5993 -1.3819 -1.7421 -1.8752 -2.1403 -2.5579 -2.5795 -2.8518
 257  0.679464  3.6453  1.0958  2.7089  5.8066  3.9591  1.4658  0.6819 -0.2220 -0.6506 -1.4453 -1.8103 -1.9447 -2.2129 -2.6356 -2.6576 -2.9337
 258  0.679472  3.6429  1.0543  2.7410  5.8044  4.0004  1.4662  0.6783 -0.2636 -0.7002 -1.5071 -1.8771 -2.0128 -2.2841 -2.7120 -2.7344 -3.0145
 259  0.679479  3.6406  1.0136  2.7726  5.8010  4.0412  1.4678  0.6761 -0.3031 -0.7480 -1.5673 -1.9421 -2.0794 -2.3538 -2.7868 -2.8097 -3.0936
 260  0.679487  3.6383  0.9734  2.8034  5.7977  4.0829  1.4721  0.6770 -0.3397 -0.7930 -1.6253 -2.0052 -2.1438 -2.4216 -2.8598 -2.8830 -3.1709
 261  0.679493  3.6359  0.9335  2.8337  5.7942  4.1256  1.4786  0.6805 -0.3736 -0.8358 -1.6813 -2.0666 -2.2067 -2.4877 -2.9313 -2.9550 -3.2468
 262  0.679499  3.6336  0.8948  2.8632  5.7895  4.1665  1.4857  0.6850 -0.4055 -0.8765 -1.7352 -2.1258 -2.2673 -2.5517 -3.0006 -3.0247 -3.3204
 263  0.679504  3.6313  0.8567  2.8922  5.7835  4.2062  1.4934  0.6907 -0.4356 -0.9154 -1.7876 -2.1835 -2.3265 -2.6143 -3.0685 -3.0930 -3.3927
 264  0.679510  3.6291  0.8194  2.9205  5.7764  4.2445  1.5016  0.6973 -0.4638 -0.9524 -1.8382 -2.2396 -2.3839 -2.6750 -3.1346 -3.1595 -3.4632
 265  0.679515  3.6268  0.7824  2.9485  5.7684  4.2821  1.5104  0.7049 -0.4904 -0.9880 -1.8874 -2.2943 -2.4400 -2.7346 -3.1996 -3.2249 -3.5326
 266  0.679519  3.6247  0.7465  2.9758  5.7589  4.3173  1.5187  0.7125 -0.5157 -1.0220 -1.9350 -2.3473 -2.4945 -2.7926 -3.2628 -3.2885 -3.6001
 267  0.679523  3.6226  0.7113  3.0025  5.7484  4.3510  1.5271  0.7205 -0.5394 -1.0544 -1.9810 -2.3987 -2.5474 -2.8488 -3.3243 -3.3505 -3.6659
 268  0.679527  3.6205  0.6767  3.0288  5.7367  4.3828  1.5352  0.7286 -0.5622 -1.0858 -2.0260 -2.4493 -2.5992 -2.9040 -3.3849 -3.4114 -3.7308
 269  0.679531  3.6185  0.6428  3.0547  5.7240  4.4132  1.5427  0.7365 -0.5838 -1.1161 -2.0697 -2.4984 -2.6499 -2.9581 -3.4441 -3.4710 -3.7942
 270  0.679535  3.6165  0.6095  3.0799  5.7107  4.4429  1.5504  0.7447 -0.6038 -1.1446 -2.1118 -2.5460 -2.6989 -3.0104 -3.5017 -3.5291 -3.8561
 271  0.679538  3.6145  0.5770  3.1046  5.6960  4.4707  1.5569  0.7521 -0.6230 -1.1722 -2.1528 -2.5925 -2.7466 -3.0616 -3.5580 -3.5858 -3.9165
 272  0.679542  3.6126  0.5452  3.1289  5.6808  4.4981  1.5632  0.7593 -0.6409 -1.1985 -2.1925 -2.6377 -2.7931 -3.1115 -3.6130 -3.6412 -3.9758
 273  0.679545  3.6109  0.5144  3.1526  5.6640  4.5228  1.5678  0.7650 -0.6583 -1.2241 -2.2313 -2.6818 -2.8384 -3.1600 -3.6667 -3.6953 -4.0334
 274  0.679548  3.6090  0.4838  3.1758  5.6481  4.5512  1.5742  0.7726 -0.6723 -1.2466 -2.2676 -2.7238 -2.8818 -3.2069 -3.7189 -3.7479 -4.0899
 275  0.679551  3.6072  0.4538  3.1986  5.6326  4.5822  1.5819  0.7816 -0.6834 -1.2664 -2.3020 -2.7640 -2.9235 -3.2522 -3.7698 -3.7992 -4.1450
 276  0.679554  3.6055  0.4247  3.2208  5.6156  4.6103  1.5874  0.7886 -0.6944 -1.2859 -2.3355 -2.8032 -2.9640 -3.2962 -3.8192 -3.8491 -4.1987
 277  0.679556  3.6039  0.3966  3.2423  5.5975  4.6361  1.5914  0.7939 -0.7053 -1.3048 -2.3680 -2.8413 -3.0033 -3.3390 -3.8672 -3.8975 -4.2508
 278  0.679558  3.6021  0.3689  3.2630  5.5817  4.6663  1.5988  0.8029 -0.7121 -1.3199 -2.3973 -2.8764 -3.0396 -3.3789 -3.9126 -3.9433 -4.3005
 279  0.679561  3.6006  0.3448  3.2814  5.5653  4.6877  1.6021  0.8076 -0.7195 -1.3343 -2.4239 -2.9078 -3.0723 -3.4146 -3.9528 -3.9840 -4.3443
