#NUMBER OF AGES= 1
#----------------------------------------------------       
#MIX-LEN  Y      Z          Zeff        [Fe/H] [a/Fe]
# 1.9380  0.3300 9.8327E-04 5.0050E-04  -1.49   0.40 
#----------------------------------------------------       
#**PHOTOMETRIC SYSTEM**: HST WFPC2 (Vega)                   
#----------------------------------------------------       
#AGE=14.200 EEPS=265
#EEP   M/Mo    LogTeff  LogG   LogL/Lo F218W   F255W   F300W   F336W   F439W   F450W   F555W   F606W   F622W   F675W   F791W   F814W   F850LP
  15  0.112272  3.5376  5.2668 -2.6747 20.6380 20.2812 16.7653 15.9293 14.7812 14.2012 12.8296 12.2916 12.1017 11.7085 10.8328 10.7934 10.3696
  16  0.124125  3.5457  5.2274 -2.5597 20.2712 19.6698 16.3117 15.4652 14.3160 13.7737 12.4490 11.9132 11.7234 11.3408 10.5390 10.5012 10.0931
  17  0.135135  3.5521  5.1941 -2.4635 19.9516 19.1611 15.9361 15.0856 13.9413 13.4261 12.1392 11.6061 11.4165 11.0412 10.2935 10.2570  9.8607
  18  0.145422  3.5572  5.1661 -2.3833 19.6760 18.7464 15.6298 14.7788 13.6419 13.1455 11.8879 11.3577 11.1687 10.7985 10.0893 10.0539  9.6663
  19  0.155766  3.5614  5.1416 -2.3120 19.4216 18.3853 15.3654 14.5160 13.3879 12.9051 11.6707 11.1436 10.9554 10.5889  9.9084  9.8737  9.4930
  20  0.167249  3.5654  5.1178 -2.2415 19.1669 18.0357 15.1085 14.2619 13.1439 12.6725 11.4599 10.9360 10.7488 10.3858  9.7299  9.6958  9.3213
  21  0.180166  3.5691  5.0945 -2.1708 18.9086 17.6917 14.8540 14.0110 12.9046 12.4431 11.2511 10.7310 10.5449 10.1851  9.5509  9.5175  9.1488
  22  0.194174  3.5727  5.0724 -2.1021 18.6555 17.3629 14.6088 13.7700 12.6759 12.2228 11.0504 10.5344 10.3493  9.9927  9.3771  9.3443  8.9809
  23  0.209207  3.5761  5.0520 -2.0359 18.4096 17.0511 14.3739 13.5393 12.4581 12.0124 10.8585 10.3466 10.1628  9.8092  9.2099  9.1776  8.8191
  24  0.225761  3.5793  5.0329 -1.9708 18.1672 16.7511 14.1442 13.3140 12.2463 11.8072 10.6710 10.1637  9.9811  9.6305  9.0456  9.0138  8.6600
  25  0.240084  3.5817  5.0183 -1.9195 17.9758 16.5219 13.9631 13.1358 12.0792 11.6451 10.5230 10.0197  9.8381  9.4903  8.9158  8.8845  8.5344
  26  0.250560  3.5835  5.0086 -1.8843 17.8435 16.3658 13.8382 13.0129 11.9644 11.5337 10.4215  9.9211  9.7402  9.3943  8.8267  8.7957  8.4482
  27  0.257920  3.5846  5.0026 -1.8613 17.7569 16.2645 13.7566 12.9327 11.8896 11.4610 10.3551  9.8567  9.6764  9.3317  8.7685  8.7376  8.3918
  28  0.263340  3.5854  4.9989 -1.8454 17.6970 16.1948 13.7003 12.8774 11.8381 11.4109 10.3093  9.8123  9.6323  9.2886  8.7282  8.6975  8.3528
  29  0.267309  3.5860  4.9962 -1.8339 17.6535 16.1442 13.6594 12.8372 11.8008 11.3746 10.2763  9.7803  9.6005  9.2575  8.6992  8.6686  8.3247
  30  0.270298  3.5865  4.9942 -1.8252 17.6199 16.1049 13.6279 12.8062 11.7721 11.3467 10.2510  9.7558  9.5763  9.2338  8.6771  8.6466  8.3034
  31  0.272784  3.5869  4.9929 -1.8183 17.5922 16.0722 13.6019 12.7807 11.7488 11.3241 10.2307  9.7362  9.5569  9.2149  8.6596  8.6292  8.2866
  32  0.274916  3.5873  4.9913 -1.8117 17.5655 16.0410 13.5771 12.7564 11.7265 11.3025 10.2113  9.7176  9.5384  9.1968  8.6430  8.6126  8.2706
  33  0.277079  3.5877  4.9898 -1.8052 17.5384 16.0090 13.5520 12.7317 11.7039 11.2806 10.1917  9.6988  9.5198  9.1787  8.6263  8.5960  8.2546
  34  0.279339  3.5881  4.9880 -1.7982 17.5103 15.9762 13.5257 12.7060 11.6804 11.2577 10.1712  9.6790  9.5002  9.1596  8.6086  8.5784  8.2376
  35  0.281696  3.5885  4.9859 -1.7907 17.4809 15.9420 13.4982 12.6790 11.6556 11.2337 10.1494  9.6580  9.4795  9.1393  8.5897  8.5595  8.2193
  36  0.284164  3.5889  4.9833 -1.7828 17.4510 15.9077 13.4702 12.6515 11.6301 11.2088 10.1268  9.6361  9.4577  9.1180  8.5698  8.5396  8.2000
  37  0.287060  3.5893  4.9803 -1.7739 17.4180 15.8704 13.4392 12.6210 11.6017 11.1811 10.1014  9.6114  9.4332  9.0941  8.5471  8.5170  8.1779
  38  0.290095  3.5897  4.9766 -1.7642 17.3847 15.8332 13.4077 12.5899 11.5725 11.1525 10.0748  9.5855  9.4075  9.0687  8.5230  8.4929  8.1543
  39  0.293887  3.5900  4.9721 -1.7525 17.3451 15.7893 13.3700 12.5528 11.5374 11.1181 10.0428  9.5542  9.3764  9.0381  8.4936  8.4636  8.1256
  40  0.298441  3.5905  4.9663 -1.7383 17.2975 15.7369 13.3247 12.5081 11.4953 11.0766 10.0040  9.5163  9.3388  9.0009  8.4580  8.4281  8.0906
  41  0.312196  3.5923  4.9493 -1.6943 17.1379 15.5578 13.1745 12.3603 11.3580 10.9424  9.8806  9.3966  9.2200  8.8843  8.3473  8.3177  7.9828
  42  0.341210  3.5993  4.9089 -1.5875 16.6922 15.0495 12.7608 11.9549 10.9935 10.5880  9.5654  9.0951  8.9221  8.5947  8.0773  8.0488  7.7229
  43  0.359051  3.6046  4.8819 -1.5171 16.3908 14.7096 12.4798 11.6790 10.7470 10.3485  9.3543  8.8945  8.7244  8.4032  7.8991  7.8714  7.5523
  44  0.369632  3.6082  4.8644 -1.4726 16.2028 14.5002 12.3020 11.5038 10.5897 10.1959  9.2200  8.7674  8.5990  8.2821  7.7866  7.7594  7.4449
  45  0.379227  3.6118  4.8481 -1.4307 16.0247 14.3029 12.1322 11.3357 10.4390 10.0497  9.0919  8.6466  8.4801  8.1677  7.6803  7.6536  7.3439
  46  0.388178  3.6156  4.8332 -1.3904 15.8521 14.1125 11.9656 11.1706 10.2910  9.9064  8.9669  8.5293  8.3647  8.0570  7.5779  7.5518  7.2469
  47  0.397009  3.6197  4.8188 -1.3497 15.6773 13.9201 11.7946 11.0006 10.1389  9.7593  8.8394  8.4101  8.2476  7.9452  7.4748  7.4493  7.1496
  48  0.405582  3.6243  4.8056 -1.3093 15.4998 13.7236 11.6189 10.8247  9.9826  9.6085  8.7097  8.2898  8.1295  7.8330  7.3722  7.3474  7.0537
  49  0.413855  3.6291  4.7936 -1.2689 15.3165 13.5173 11.4348 10.6390  9.8192  9.4511  8.5760  8.1668  8.0092  7.7196  7.2697  7.2457  6.9589
  50  0.421783  3.6344  4.7831 -1.2291 15.1303 13.3060 11.2442 10.4468  9.6523  9.2910  8.4412  8.0436  7.8890  7.6069  7.1689  7.1457  6.8664
  51  0.429382  3.6398  4.7737 -1.1902 14.9436 13.0925 11.0492 10.2509  9.4854  9.1310  8.3073  7.9220  7.7704  7.4963  7.0705  7.0483  6.7768
  52  0.434339  3.6436  4.7680 -1.1646 14.8200 12.9496 10.9155 10.1180  9.3740  9.0245  8.2183  7.8415  7.6921  7.4235  7.0061  6.9844  6.7183
  53  0.439212  3.6473  4.7626 -1.1394 14.6966 12.8058 10.7793  9.9839  9.2635  8.9189  8.1303  7.7620  7.6148  7.3518  6.9428  6.9217  6.6610
  54  0.444004  3.6511  4.7576 -1.1145 14.5660 12.6545 10.6408  9.8482  9.1543  8.8147  8.0435  7.6836  7.5387  7.2812  6.8804  6.8599  6.6046
  55  0.448725  3.6548  4.7527 -1.0902 14.4207 12.4895 10.5038  9.7134  9.0492  8.7140  7.9597  7.6075  7.4650  7.2124  6.8191  6.7992  6.5489
  56  0.453372  3.6585  4.7480 -1.0663 14.2576 12.3082 10.3652  9.5771  8.9463  8.6153  7.8776  7.5327  7.3928  7.1446  6.7584  6.7390  6.4936
  57  0.457937  3.6622  4.7437 -1.0426 14.0813 12.1171 10.2244  9.4395  8.8450  8.5183  7.7968  7.4591  7.3218  7.0778  6.6984  6.6795  6.4390
  58  0.462423  3.6660  4.7397 -1.0193 13.8956 11.9225 10.0797  9.3007  8.7448  8.4224  7.7171  7.3864  7.2518  7.0119  6.6392  6.6208  6.3852
  59  0.466834  3.6698  4.7360 -0.9962 13.7000 11.7248  9.9309  9.1606  8.6452  8.3273  7.6381  7.3144  7.1825  6.9467  6.5806  6.5628  6.3323
  60  0.471143  3.6735  4.7324 -0.9737 13.5030 11.5323  9.7855  9.0250  8.5497  8.2363  7.5622  7.2451  7.1157  6.8837  6.5238  6.5065  6.2806
  61  0.475355  3.6773  4.7291 -0.9515 13.2964 11.3372  9.6383  8.8891  8.4553  8.1465  7.4873  7.1766  7.0498  6.8216  6.4678  6.4510  6.2299
  62  0.479501  3.6809  4.7256 -0.9298 13.0911 11.1500  9.4967  8.7588  8.3651  8.0607  7.4153  7.1105  6.9861  6.7613  6.4132  6.3969  6.1803
  63  0.483572  3.6845  4.7221 -0.9082 12.8821 10.9665  9.3575  8.6314  8.2771  7.9773  7.3450  7.0457  6.9237  6.7022  6.3596  6.3438  6.1316
  64  0.487546  3.6880  4.7185 -0.8874 12.6770 10.7918  9.2247  8.5100  8.1933  7.8978  7.2777  6.9835  6.8637  6.6452  6.3077  6.2923  6.0841
  65  0.491434  3.6913  4.7151 -0.8669 12.4710 10.6211  9.0945  8.3916  8.1120  7.8209  7.2124  6.9229  6.8051  6.5895  6.2568  6.2418  6.0376
  66  0.495233  3.6946  4.7113 -0.8468 12.2715 10.4592  8.9701  8.2788  8.0343  7.7477  7.1498  6.8646  6.7486  6.5356  6.2074  6.1927  5.9923
  67  0.498937  3.6978  4.7077 -0.8272 12.0750 10.3025  8.8492  8.1694  7.9591  7.6768  7.0890  6.8080  6.6937  6.4832  6.1592  6.1449  5.9481
  68  0.502511  3.7008  4.7039 -0.8083 11.8895 10.1557  8.7348  8.0660  7.8874  7.6092  7.0310  6.7538  6.6411  6.4328  6.1129  6.0990  5.9056
  69  0.505956  3.7038  4.7003 -0.7899 11.7099 10.0148  8.6241  7.9660  7.8177  7.5439  6.9750  6.7013  6.5901  6.3842  6.0682  6.0546  5.8645
  70  0.509281  3.7066  4.6965 -0.7721 11.5411  9.8831  8.5197  7.8718  7.7515  7.4817  6.9214  6.6512  6.5414  6.3376  6.0251  6.0119  5.8248
  71  0.512492  3.7093  4.6929 -0.7547 11.3758  9.7551  8.4179  7.7800  7.6869  7.4212  6.8693  6.6024  6.4939  6.2921  5.9834  5.9704  5.7864
  72  0.515589  3.7119  4.6892 -0.7378 11.2206  9.6352  8.3220  7.6935  7.6256  7.3637  6.8197  6.5557  6.4484  6.2486  5.9431  5.9305  5.7493
  73  0.518589  3.7146  4.6857 -0.7213 11.0660  9.5164  8.2270  7.6081  7.5650  7.3071  6.7709  6.5100  6.4038  6.2060  5.9038  5.8915  5.7131
  74  0.521501  3.7170  4.6819 -0.7052 10.9211  9.4049  8.1378  7.5276  7.5075  7.2533  6.7243  6.4661  6.3611  6.1650  5.8659  5.8538  5.6780
  75  0.524339  3.7195  4.6783 -0.6894 10.7762  9.2937  8.0489  7.4476  7.4505  7.2000  6.6783  6.4229  6.3188  6.1245  5.8285  5.8167  5.6435
  76  0.527111  3.7218  4.6744 -0.6739 10.6407  9.1894  7.9651  7.3722  7.3961  7.1491  6.6340  6.3811  6.2781  6.0855  5.7923  5.7806  5.6098
  77  0.529827  3.7242  4.6707 -0.6586 10.5055  9.0854  7.8814  7.2971  7.3419  7.0985  6.5902  6.3398  6.2378  6.0468  5.7564  5.7451  5.5767
  78  0.532494  3.7264  4.6667 -0.6435 10.3771  8.9860  7.8011  7.2250  7.2894  7.0495  6.5477  6.2997  6.1985  6.0091  5.7214  5.7103  5.5441
  79  0.535114  3.7286  4.6628 -0.6287 10.2523  8.8891  7.7226  7.1546  7.2380  7.0016  6.5059  6.2602  6.1599  5.9721  5.6870  5.6761  5.5121
  80  0.537704  3.7308  4.6586 -0.6139 10.1297  8.7938  7.6452  7.0854  7.1871  6.9540  6.4646  6.2212  6.1217  5.9354  5.6528  5.6422  5.4803
  81  0.540262  3.7328  4.6544 -0.5993 10.0120  8.7019  7.5708  7.0186  7.1375  6.9077  6.4241  6.1829  6.0842  5.8993  5.6192  5.6087  5.4489
  82  0.543856  3.7357  4.6483 -0.5786  9.8485  8.5739  7.4672  6.9255  7.0679  6.8426  6.3673  6.1290  6.0314  5.8486  5.5719  5.5617  5.4048
  83  0.547510  3.7386  4.6418 -0.5577  9.6866  8.4467  7.3642  6.8329  6.9979  6.7770  6.3098  6.0745  5.9781  5.7973  5.5239  5.5140  5.3599
  84  0.551233  3.7414  4.6346 -0.5363  9.5287  8.3216  7.2626  6.7414  6.9278  6.7112  6.2520  6.0195  5.9240  5.7453  5.4750  5.4654  5.3141
  85  0.555007  3.7442  4.6270 -0.5146  9.3717  8.1965  7.1608  6.6499  6.8572  6.6449  6.1934  5.9638  5.8694  5.6926  5.4256  5.4163  5.2674
  86  0.558824  3.7469  4.6190 -0.4926  9.2179  8.0733  7.0599  6.5593  6.7866  6.5783  6.1345  5.9076  5.8143  5.6394  5.3755  5.3664  5.2202
  87  0.562670  3.7496  4.6105 -0.4703  9.0668  7.9516  6.9599  6.4690  6.7159  6.5117  6.0753  5.8511  5.7587  5.5857  5.3249  5.3161  5.1723
  88  0.566534  3.7523  4.6014 -0.4477  8.9193  7.8322  6.8614  6.3801  6.6455  6.4451  6.0158  5.7942  5.7028  5.5316  5.2738  5.2651  5.1239
  89  0.570401  3.7549  4.5920 -0.4250  8.7750  7.7148  6.7645  6.2924  6.5752  6.3785  5.9561  5.7370  5.6465  5.4771  5.2222  5.2138  5.0748
  90  0.574254  3.7574  4.5821 -0.4021  8.6336  7.5990  6.6696  6.2067  6.5050  6.3119  5.8963  5.6797  5.5901  5.4224  5.1703  5.1621  5.0254
  91  0.578080  3.7598  4.5718 -0.3792  8.4953  7.4855  6.5770  6.1230  6.4353  6.2456  5.8364  5.6223  5.5336  5.3677  5.1182  5.1103  4.9757
  92  0.581858  3.7622  4.5611 -0.3562  8.3621  7.3754  6.4871  6.0416  6.3664  6.1799  5.7769  5.5650  5.4771  5.3128  5.0660  5.0583  4.9258
  93  0.585574  3.7645  4.5501 -0.3333  8.2325  7.2679  6.3987  5.9619  6.2980  6.1146  5.7176  5.5079  5.4209  5.2582  5.0139  5.0063  4.8758
  94  0.589207  3.7667  4.5389 -0.3105  8.1056  7.1623  6.3118  5.8836  6.2304  6.0500  5.6588  5.4512  5.3650  5.2038  4.9621  4.9547  4.8262
  95  0.592740  3.7688  4.5274 -0.2879  7.9837  7.0603  6.2276  5.8076  6.1639  5.9863  5.6006  5.3951  5.3096  5.1499  4.9106  4.9034  4.7767
  96  0.596157  3.7709  4.5160 -0.2656  7.8649  6.9607  6.1453  5.7333  6.0983  5.9234  5.5431  5.3396  5.2549  5.0967  4.8597  4.8527  4.7278
  97  0.599448  3.7729  4.5043 -0.2435  7.7503  6.8641  6.0657  5.6610  6.0340  5.8616  5.4864  5.2849  5.2010  5.0442  4.8095  4.8026  4.6794
  98  0.602619  3.7749  4.4927 -0.2218  7.6393  6.7703  5.9885  5.5906  5.9707  5.8008  5.4306  5.2311  5.1478  4.9925  4.7599  4.7532  4.6317
  99  0.605673  3.7767  4.4808 -0.2003  7.5339  6.6806  5.9144  5.5226  5.9088  5.7411  5.3755  5.1780  5.0955  4.9414  4.7109  4.7045  4.5844
 100  0.608611  3.7785  4.4689 -0.1791  7.4320  6.5935  5.8433  5.4561  5.8480  5.6825  5.3212  5.1257  5.0439  4.8911  4.6628  4.6564  4.5378
 101  0.611442  3.7802  4.4568 -0.1583  7.3338  6.5092  5.7746  5.3913  5.7884  5.6249  5.2676  5.0742  4.9932  4.8416  4.6152  4.6089  4.4918
 102  0.614167  3.7818  4.4448 -0.1378  7.2396  6.4280  5.7082  5.3284  5.7299  5.5682  5.2149  5.0235  4.9431  4.7927  4.5682  4.5620  4.4462
 103  0.616790  3.7834  4.4325 -0.1175  7.1490  6.3495  5.6434  5.2675  5.6726  5.5128  5.1631  4.9734  4.8937  4.7443  4.5216  4.5156  4.4010
 104  0.619319  3.7849  4.4203 -0.0975  7.0615  6.2734  5.5798  5.2085  5.6165  5.4583  5.1121  4.9240  4.8450  4.6966  4.4756  4.4696  4.3563
 105  0.621758  3.7863  4.4079 -0.0778  6.9776  6.2001  5.5174  5.1517  5.5616  5.4049  5.0621  4.8753  4.7966  4.6493  4.4297  4.4239  4.3116
 106  0.624112  3.7877  4.3956 -0.0583  6.8963  6.1288  5.4559  5.0964  5.5077  5.3523  5.0128  4.8270  4.7488  4.6024  4.3844  4.3787  4.2674
 107  0.626392  3.7889  4.3830 -0.0391  6.8177  6.0598  5.3958  5.0426  5.4547  5.3006  4.9642  4.7794  4.7016  4.5561  4.3393  4.3338  4.2235
 108  0.628604  3.7902  4.3704 -0.0201  6.7413  5.9925  5.3369  4.9898  5.4023  5.2496  4.9161  4.7323  4.6549  4.5103  4.2949  4.2893  4.1799
 109  0.630758  3.7913  4.3577 -0.0013  6.6670  5.9267  5.2792  4.9379  5.3507  5.1991  4.8686  4.6857  4.6086  4.4649  4.2508  4.2453  4.1369
 110  0.632864  3.7924  4.3450  0.0173  6.5940  5.8621  5.2228  4.8864  5.2994  5.1491  4.8214  4.6395  4.5629  4.4201  4.2073  4.2019  4.0943
 111  0.634929  3.7935  4.3321  0.0358  6.5227  5.7988  5.1674  4.8356  5.2487  5.0995  4.7746  4.5939  4.5176  4.3757  4.1642  4.1588  4.0520
 112  0.635618  3.7938  4.3277  0.0421  6.4991  5.7777  5.1489  4.8186  5.2317  5.0829  4.7589  4.5785  4.5025  4.3607  4.1497  4.1443  4.0378
 113  0.636306  3.7942  4.3233  0.0484  6.4745  5.7560  5.1300  4.8010  5.2142  5.0659  4.7428  4.5629  4.4869  4.3455  4.1349  4.1296  4.0234
 114  0.636991  3.7945  4.3189  0.0548  6.4494  5.7337  5.1107  4.7833  5.1965  5.0486  4.7265  4.5471  4.4713  4.3302  4.1200  4.1148  4.0088
 115  0.637674  3.7950  4.3146  0.0614  6.4223  5.7100  5.0904  4.7647  5.1780  5.0306  4.7098  4.5308  4.4553  4.3145  4.1049  4.0997  3.9941
 116  0.638358  3.7955  4.3103  0.0680  6.3948  5.6860  5.0699  4.7459  5.1594  5.0125  4.6929  4.5145  4.4391  4.2988  4.0897  4.0846  3.9794
 117  0.639044  3.7959  4.3060  0.0747  6.3669  5.6615  5.0492  4.7269  5.1405  4.9942  4.6759  4.4980  4.4228  4.2829  4.0745  4.0693  3.9645
 118  0.639729  3.7964  4.3016  0.0815  6.3392  5.6373  5.0285  4.7079  5.1215  4.9757  4.6587  4.4813  4.4063  4.2668  4.0589  4.0538  3.9494
 119  0.640413  3.7969  4.2968  0.0884  6.3123  5.6134  5.0080  4.6889  5.1024  4.9572  4.6412  4.4643  4.3896  4.2503  4.0431  4.0380  3.9339
 120  0.641095  3.7972  4.2918  0.0953  6.2861  5.5900  4.9876  4.6700  5.0833  4.9384  4.6235  4.4470  4.3725  4.2336  4.0267  4.0217  3.9179
 121  0.641773  3.7976  4.2865  0.1024  6.2606  5.5671  4.9673  4.6510  5.0639  4.9194  4.6054  4.4294  4.3550  4.2164  4.0100  4.0049  3.9014
 122  0.642448  3.7979  4.2810  0.1097  6.2355  5.5443  4.9470  4.6319  5.0445  4.9003  4.5871  4.4114  4.3372  4.1989  3.9928  3.9878  3.8845
 123  0.643121  3.7982  4.2752  0.1170  6.2108  5.5217  4.9268  4.6128  5.0248  4.8810  4.5685  4.3932  4.3191  4.1809  3.9753  3.9703  3.8672
 124  0.643790  3.7984  4.2693  0.1245  6.1862  5.4991  4.9065  4.5935  5.0049  4.8614  4.5497  4.3747  4.3007  4.1628  3.9575  3.9526  3.8496
 125  0.644457  3.7987  4.2631  0.1320  6.1619  5.4767  4.8861  4.5742  4.9849  4.8417  4.5306  4.3560  4.2820  4.1443  3.9393  3.9343  3.8316
 126  0.645120  3.7989  4.2570  0.1397  6.1370  5.4538  4.8654  4.5545  4.9645  4.8216  4.5113  4.3368  4.2631  4.1256  3.9210  3.9160  3.8135
 127  0.645782  3.7991  4.2507  0.1474  6.1127  5.4312  4.8448  4.5349  4.9442  4.8015  4.4918  4.3177  4.2439  4.1067  3.9023  3.8974  3.7950
 128  0.646442  3.7994  4.2442  0.1552  6.0886  5.4088  4.8242  4.5152  4.9237  4.7812  4.4721  4.2982  4.2246  4.0875  3.8834  3.8785  3.7763
 129  0.647099  3.7996  4.2376  0.1630  6.0647  5.3864  4.8036  4.4955  4.9030  4.7608  4.4523  4.2786  4.2050  4.0682  3.8643  3.8594  3.7573
 130  0.647752  3.7997  4.2308  0.1710  6.0408  5.3640  4.7829  4.4755  4.8822  4.7403  4.4322  4.2587  4.1853  4.0485  3.8449  3.8401  3.7381
 131  0.648401  3.7999  4.2238  0.1791  6.0173  5.3417  4.7621  4.4556  4.8612  4.7195  4.4119  4.2386  4.1653  4.0286  3.8253  3.8203  3.7185
 132  0.649045  3.8000  4.2165  0.1872  5.9944  5.3199  4.7415  4.4357  4.8402  4.6986  4.3914  4.2183  4.1450  4.0084  3.8052  3.8004  3.6986
 133  0.649683  3.8001  4.2090  0.1954  5.9722  5.2984  4.7210  4.4156  4.8191  4.6776  4.3707  4.1977  4.1244  3.9880  3.7849  3.7800  3.6782
 134  0.650315  3.8001  4.2013  0.2037  5.9502  5.2771  4.7005  4.3956  4.7979  4.6565  4.3497  4.1769  4.1036  3.9672  3.7642  3.7593  3.6575
 135  0.650941  3.8001  4.1933  0.2122  5.9286  5.2560  4.6800  4.3754  4.7765  4.6352  4.3286  4.1557  4.0825  3.9461  3.7431  3.7383  3.6365
 136  0.651560  3.8001  4.1851  0.2207  5.9075  5.2351  4.6595  4.3552  4.7550  4.6137  4.3072  4.1344  4.0611  3.9248  3.7218  3.7170  3.6151
 137  0.652172  3.8001  4.1767  0.2293  5.8869  5.2145  4.6391  4.3349  4.7334  4.5921  4.2856  4.1128  4.0395  3.9031  3.7001  3.6953  3.5934
 138  0.652776  3.8000  4.1680  0.2380  5.8668  5.1942  4.6187  4.3146  4.7117  4.5704  4.2638  4.0909  4.0176  3.8812  3.6782  3.6733  3.5713
 139  0.653372  3.7998  4.1590  0.2468  5.8474  5.1743  4.5985  4.2943  4.6899  4.5485  4.2418  4.0688  3.9955  3.8590  3.6558  3.6509  3.5487
 140  0.653959  3.7996  4.1497  0.2557  5.8286  5.1549  4.5784  4.2740  4.6681  4.5266  4.2196  4.0465  3.9731  3.8365  3.6332  3.6282  3.5259
 141  0.654537  3.7994  4.1402  0.2647  5.8106  5.1358  4.5584  4.2536  4.6462  4.5045  4.1972  4.0238  3.9505  3.8137  3.6101  3.6052  3.5026
 142  0.655104  3.7991  4.1303  0.2737  5.7934  5.1173  4.5387  4.2334  4.6243  4.4824  4.1747  4.0010  3.9276  3.7906  3.5867  3.5817  3.4790
 143  0.655661  3.7987  4.1201  0.2829  5.7772  5.0993  4.5191  4.2131  4.6023  4.4602  4.1519  3.9779  3.9044  3.7672  3.5629  3.5579  3.4548
 144  0.656208  3.7983  4.1096  0.2921  5.7620  5.0821  4.4998  4.1930  4.5804  4.4380  4.1289  3.9546  3.8809  3.7434  3.5388  3.5338  3.4303
 145  0.656743  3.7978  4.0987  0.3015  5.7479  5.0656  4.4808  4.1730  4.5585  4.4158  4.1058  3.9311  3.8573  3.7194  3.5143  3.5093  3.4054
 146  0.657266  3.7973  4.0874  0.3109  5.7353  5.0500  4.4622  4.1531  4.5368  4.3935  4.0826  3.9074  3.8333  3.6952  3.4895  3.4843  3.3799
 147  0.657777  3.7967  4.0757  0.3204  5.7240  5.0353  4.4441  4.1334  4.5151  4.3713  4.0592  3.8835  3.8092  3.6706  3.4642  3.4590  3.3541
 148  0.658276  3.7959  4.0637  0.3299  5.7142  5.0216  4.4264  4.1140  4.4935  4.3492  4.0357  3.8593  3.7848  3.6457  3.4386  3.4334  3.3279
 149  0.658761  3.7952  4.0514  0.3395  5.7051  5.0084  4.4088  4.0945  4.4719  4.3269  4.0121  3.8350  3.7603  3.6206  3.4127  3.4075  3.3014
 150  0.659233  3.7943  4.0385  0.3492  5.6988  4.9971  4.3922  4.0756  4.4506  4.3049  3.9883  3.8105  3.7355  3.5953  3.3865  3.3811  3.2743
 151  0.659692  3.7932  4.0247  0.3589  5.6967  4.9887  4.3771  4.0574  4.4301  4.2834  3.9647  3.7859  3.7105  3.5696  3.3596  3.3542  3.2464
 152  0.660136  3.7919  4.0098  0.3687  5.7000  4.9840  4.3639  4.0405  4.4104  4.2625  3.9412  3.7612  3.6854  3.5435  3.3321  3.3266  3.2177
 153  0.660567  3.7904  3.9943  0.3785  5.7071  4.9819  4.3521  4.0245  4.3913  4.2421  3.9178  3.7365  3.6601  3.5173  3.3042  3.2985  3.1884
 154  0.660984  3.7886  3.9778  0.3883  5.7192  4.9834  4.3422  4.0098  4.3730  4.2223  3.8946  3.7117  3.6348  3.4908  3.2758  3.2700  3.1584
 155  0.661386  3.7866  3.9601  0.3981  5.7392  4.9903  4.3353  3.9971  4.3562  4.2035  3.8717  3.6869  3.6093  3.4639  3.2467  3.2407  3.1274
 156  0.661775  3.7845  3.9421  0.4080  5.7605  4.9981  4.3290  3.9849  4.3394  4.1849  3.8487  3.6620  3.5837  3.4369  3.2174  3.2113  3.0962
 157  0.662151  3.7822  3.9231  0.4178  5.7885  5.0106  4.3257  3.9747  4.3239  4.1670  3.8260  3.6372  3.5580  3.4097  3.1877  3.1813  3.0644
 158  0.662514  3.7798  3.9040  0.4277  5.8195  5.0249  4.3236  3.9654  4.3088  4.1495  3.8033  3.6122  3.5323  3.3823  3.1576  3.1511  3.0322
 159  0.662864  3.7776  3.8854  0.4375  5.8483  5.0377  4.3208  3.9556  4.2932  4.1315  3.7804  3.5873  3.5066  3.3550  3.1279  3.1213  3.0004
 160  0.663202  3.7754  3.8672  0.4475  5.8757  5.0493  4.3172  3.9455  4.2771  4.1131  3.7574  3.5623  3.4809  3.3279  3.0985  3.0917  2.9691
 161  0.663527  3.7734  3.8493  0.4575  5.9029  5.0608  4.3136  3.9356  4.2610  4.0948  3.7345  3.5374  3.4554  3.3009  3.0693  3.0623  2.9379
 162  0.663841  3.7712  3.8310  0.4673  5.9339  5.0749  4.3116  3.9272  4.2458  4.0771  3.7119  3.5129  3.4300  3.2741  3.0401  3.0329  2.9067
 163  0.664151  3.7691  3.8123  0.4776  5.9658  5.0893  4.3098  3.9187  4.2300  4.0588  3.6886  3.4874  3.4039  3.2464  3.0100  3.0026  2.8744
 164  0.664458  3.7669  3.7931  0.4881  5.9987  5.1042  4.3081  3.9104  4.2136  4.0399  3.6645  3.4612  3.3768  3.2178  2.9789  2.9713  2.8412
 165  0.664761  3.7647  3.7737  0.4992  6.0310  5.1182  4.3057  3.9015  4.1964  4.0200  3.6394  3.4340  3.3488  3.1883  2.9468  2.9390  2.8070
 166  0.665058  3.7624  3.7533  0.5106  6.0671  5.1343  4.3046  3.8935  4.1791  3.9998  3.6134  3.4056  3.3197  3.1574  2.9131  2.9052  2.7711
 167  0.665348  3.7602  3.7324  0.5227  6.1036  5.1503  4.3032  3.8851  4.1609  3.9785  3.5862  3.3759  3.2891  3.1250  2.8780  2.8699  2.7337
 168  0.665630  3.7579  3.7109  0.5353  6.1406  5.1661  4.3011  3.8759  4.1413  3.9559  3.5576  3.3449  3.2573  3.0914  2.8416  2.8332  2.6949
 169  0.665902  3.7557  3.6889  0.5487  6.1739  5.1788  4.2965  3.8644  4.1195  3.9311  3.5273  3.3123  3.2239  3.0564  2.8039  2.7954  2.6549
 170  0.666164  3.7536  3.6667  0.5627  6.2029  5.1879  4.2887  3.8503  4.0953  3.9042  3.4952  3.2781  3.1890  3.0200  2.7652  2.7564  2.6140
 171  0.666415  3.7517  3.6445  0.5773  6.2266  5.1927  4.2780  3.8336  4.0688  3.8751  3.4613  3.2424  3.1526  2.9823  2.7253  2.7163  2.5721
 172  0.666655  3.7500  3.6225  0.5925  6.2435  5.1924  4.2636  3.8139  4.0400  3.8438  3.4259  3.2053  3.1150  2.9434  2.6844  2.6753  2.5295
 173  0.666885  3.7484  3.6006  0.6082  6.2543  5.1874  4.2461  3.7917  4.0091  3.8108  3.3890  3.1670  3.0761  2.9036  2.6427  2.6335  2.4862
 174  0.667106  3.7469  3.5791  0.6243  6.2593  5.1781  4.2258  3.7673  3.9764  3.7762  3.3510  3.1276  3.0364  2.8628  2.6004  2.5911  2.4424
 175  0.667319  3.7457  3.5578  0.6406  6.2582  5.1644  4.2025  3.7405  3.9420  3.7402  3.3120  3.0875  2.9958  2.8215  2.5577  2.5482  2.3984
 176  0.667525  3.7445  3.5368  0.6572  6.2534  5.1479  4.1772  3.7121  3.9065  3.7031  3.2723  3.0468  2.9547  2.7796  2.5145  2.5050  2.3540
 177  0.667727  3.7435  3.5160  0.6741  6.2441  5.1281  4.1496  3.6818  3.8698  3.6650  3.2318  3.0054  2.9131  2.7373  2.4711  2.4614  2.3095
 178  0.667924  3.7426  3.4954  0.6910  6.2331  5.1069  4.1211  3.6507  3.8326  3.6264  3.1910  2.9637  2.8711  2.6948  2.4275  2.4177  2.2648
 179  0.668116  3.7417  3.4749  0.7081  6.2198  5.0840  4.0914  3.6186  3.7947  3.5874  3.1498  2.9217  2.8288  2.6518  2.3835  2.3736  2.2200
 180  0.668305  3.7409  3.4546  0.7253  6.2048  5.0599  4.0607  3.5858  3.7563  3.5479  3.1083  2.8794  2.7863  2.6088  2.3395  2.3295  2.1750
 181  0.668492  3.7401  3.4344  0.7425  6.1884  5.0347  4.0293  3.5524  3.7176  3.5080  3.0666  2.8370  2.7436  2.5655  2.2953  2.2852  2.1300
 182  0.668644  3.7395  3.4178  0.7567  6.1744  5.0137  4.0033  3.5246  3.6856  3.4751  3.0322  2.8019  2.7084  2.5298  2.2588  2.2488  2.0929
 183  0.668795  3.7390  3.4013  0.7711  6.1589  4.9915  3.9763  3.4960  3.6530  3.4417  2.9973  2.7665  2.6728  2.4938  2.2222  2.2120  2.0555
 184  0.668946  3.7384  3.3847  0.7857  6.1416  4.9679  3.9484  3.4666  3.6197  3.4077  2.9619  2.7306  2.6367  2.4574  2.1851  2.1749  2.0179
 185  0.669095  3.7379  3.3680  0.8004  6.1243  4.9441  3.9200  3.4368  3.5860  3.3732  2.9262  2.6943  2.6002  2.4205  2.1476  2.1373  1.9797
 186  0.669245  3.7374  3.3510  0.8154  6.1060  4.9194  3.8911  3.4064  3.5517  3.3381  2.8898  2.6574  2.5631  2.3830  2.1094  2.0991  1.9410
 187  0.669394  3.7369  3.3339  0.8306  6.0867  4.8939  3.8612  3.3752  3.5166  3.3024  2.8528  2.6199  2.5254  2.3450  2.0708  2.0604  1.9018
 188  0.669542  3.7364  3.3165  0.8461  6.0670  4.8678  3.8308  3.3434  3.4810  3.2659  2.8152  2.5817  2.4871  2.3063  2.0314  2.0210  1.8618
 189  0.669690  3.7359  3.2989  0.8617  6.0468  4.8412  3.7998  3.3111  3.4449  3.2290  2.7769  2.5430  2.4482  2.2670  1.9916  1.9811  1.8214
 190  0.669835  3.7354  3.2811  0.8777  6.0257  4.8137  3.7681  3.2780  3.4078  3.1913  2.7379  2.5034  2.4086  2.2270  1.9509  1.9404  1.7801
 191  0.669981  3.7349  3.2629  0.8940  6.0044  4.7858  3.7358  3.2444  3.3701  3.1528  2.6983  2.4633  2.3683  2.1863  1.9096  1.8990  1.7382
 192  0.670126  3.7344  3.2447  0.9104  5.9815  4.7568  3.7026  3.2099  3.3318  3.1139  2.6582  2.4227  2.3275  2.1452  1.8679  1.8573  1.6960
 193  0.670269  3.7339  3.2260  0.9274  5.9582  4.7270  3.6685  3.1745  3.2925  3.0738  2.6169  2.3810  2.2856  2.1029  1.8251  1.8144  1.6526
 194  0.670409  3.7334  3.2063  0.9452  5.9340  4.6959  3.6328  3.1374  3.2511  3.0317  2.5735  2.3370  2.2415  2.0585  1.7800  1.7692  1.6069
 195  0.670545  3.7329  3.1858  0.9636  5.9092  4.6638  3.5957  3.0989  3.2082  2.9880  2.5284  2.2914  2.1957  2.0122  1.7331  1.7223  1.5593
 196  0.670679  3.7324  3.1647  0.9827  5.8823  4.6297  3.5569  3.0588  3.1636  2.9427  2.4819  2.2443  2.1485  1.9646  1.6848  1.6739  1.5104
 197  0.670810  3.7318  3.1428  1.0025  5.8564  4.5958  3.5175  3.0178  3.1178  2.8960  2.4337  2.1956  2.0995  1.9152  1.6347  1.6238  1.4596
 198  0.670937  3.7312  3.1201  1.0228  5.8298  4.5607  3.4769  2.9756  3.0707  2.8480  2.3842  2.1454  2.0492  1.8645  1.5832  1.5722  1.4074
 199  0.671062  3.7307  3.0970  1.0437  5.8017  4.5243  3.4348  2.9319  3.0221  2.7985  2.3333  2.0939  1.9975  1.8123  1.5303  1.5193  1.3538
 200  0.671184  3.7300  3.0733  1.0651  5.7737  4.4873  3.3919  2.8873  2.9724  2.7478  2.2810  2.0410  1.9444  1.7588  1.4760  1.4649  1.2988
 201  0.671302  3.7294  3.0488  1.0871  5.7456  4.4500  3.3482  2.8419  2.9215  2.6961  2.2276  1.9870  1.8901  1.7041  1.4204  1.4093  1.2425
 202  0.671417  3.7288  3.0239  1.1095  5.7170  4.4117  3.3035  2.7954  2.8696  2.6431  2.1729  1.9317  1.8346  1.6481  1.3637  1.3524  1.1849
 203  0.671529  3.7281  2.9983  1.1324  5.6891  4.3735  3.2584  2.7483  2.8167  2.5891  2.1172  1.8752  1.7779  1.5910  1.3056  1.2943  1.1261
 204  0.671639  3.7273  2.9722  1.1557  5.6627  4.3358  3.2130  2.7008  2.7630  2.5344  2.0606  1.8179  1.7204  1.5328  1.2466  1.2352  1.0662
 205  0.671744  3.7266  2.9453  1.1795  5.6375  4.2984  3.1675  2.6530  2.7086  2.4787  2.0029  1.7595  1.6617  1.4736  1.1865  1.1750  1.0050
 206  0.671846  3.7257  2.9178  1.2037  5.6127  4.2609  3.1214  2.6045  2.6533  2.4222  1.9443  1.7000  1.6020  1.4134  1.1252  1.1136  0.9429
 207  0.671945  3.7249  2.8900  1.2283  5.5887  4.2235  3.0749  2.5554  2.5972  2.3647  1.8848  1.6396  1.5413  1.3522  1.0629  1.0512  0.8795
 208  0.672041  3.7240  2.8615  1.2533  5.5658  4.1863  3.0283  2.5061  2.5405  2.3066  1.8244  1.5784  1.4798  1.2899  0.9996  0.9879  0.8152
 209  0.672133  3.7231  2.8326  1.2787  5.5445  4.1499  2.9816  2.4566  2.4832  2.2479  1.7632  1.5163  1.4174  1.2269  0.9354  0.9236  0.7499
 210  0.672222  3.7222  2.8033  1.3044  5.5240  4.1135  2.9346  2.4066  2.4252  2.1884  1.7012  1.4533  1.3542  1.1630  0.8702  0.8583  0.6836
 211  0.672307  3.7212  2.7734  1.3304  5.5049  4.0778  2.8877  2.3566  2.3668  2.1284  1.6385  1.3896  1.2901  1.0983  0.8043  0.7922  0.6165
 212  0.672389  3.7202  2.7432  1.3568  5.4870  4.0424  2.8406  2.3062  2.3079  2.0677  1.5752  1.3252  1.2254  1.0328  0.7376  0.7254  0.5486
 213  0.672467  3.7192  2.7126  1.3834  5.4702  4.0075  2.7934  2.2557  2.2484  2.0065  1.5111  1.2601  1.1600  0.9666  0.6701  0.6578  0.4798
 214  0.672542  3.7182  2.6816  1.4104  5.4547  3.9731  2.7462  2.2050  2.1886  1.9449  1.4465  1.1945  1.0940  0.8998  0.6020  0.5895  0.4104
 215  0.672614  3.7171  2.6502  1.4375  5.4405  3.9393  2.6992  2.1543  2.1284  1.8829  1.3815  1.1282  1.0274  0.8324  0.5331  0.5206  0.3403
 216  0.672682  3.7161  2.6186  1.4649  5.4273  3.9060  2.6521  2.1035  2.0679  1.8205  1.3159  1.0614  0.9603  0.7645  0.4638  0.4511  0.2696
 217  0.672693  3.7159  2.6134  1.4694  5.4252  3.9006  2.6444  2.0952  2.0581  1.8103  1.3052  1.0506  0.9493  0.7534  0.4525  0.4398  0.2581
 218  0.672704  3.7157  2.6082  1.4739  5.4233  3.8953  2.6368  2.0869  2.0482  1.8001  1.2945  1.0397  0.9384  0.7423  0.4411  0.4284  0.2465
 219  0.672715  3.7155  2.6030  1.4784  5.4212  3.8897  2.6290  2.0786  2.0382  1.7899  1.2837  1.0287  0.9273  0.7311  0.4297  0.4170  0.2349
 220  0.672726  3.7154  2.5977  1.4829  5.4194  3.8845  2.6214  2.0703  2.0284  1.7796  1.2729  1.0177  0.9163  0.7199  0.4183  0.4055  0.2232
 221  0.672737  3.7152  2.5925  1.4874  5.4172  3.8790  2.6136  2.0618  2.0183  1.7693  1.2621  1.0067  0.9051  0.7088  0.4068  0.3940  0.2116
 222  0.672747  3.7150  2.5872  1.4920  5.4155  3.8736  2.6059  2.0535  2.0083  1.7589  1.2512  0.9956  0.8940  0.6974  0.3952  0.3825  0.1998
 223  0.672758  3.7148  2.5819  1.4966  5.4138  3.8683  2.5982  2.0451  1.9983  1.7486  1.2402  0.9845  0.8828  0.6861  0.3837  0.3709  0.1880
 224  0.672768  3.7146  2.5766  1.5012  5.4119  3.8629  2.5904  2.0367  1.9882  1.7381  1.2293  0.9733  0.8716  0.6747  0.3720  0.3592  0.1761
 225  0.672779  3.7145  2.5712  1.5058  5.4101  3.8575  2.5825  2.0283  1.9780  1.7277  1.2182  0.9620  0.8602  0.6632  0.3603  0.3474  0.1642
 226  0.672789  3.7143  2.5659  1.5104  5.4082  3.8521  2.5747  2.0197  1.9679  1.7171  1.2072  0.9507  0.8489  0.6517  0.3486  0.3357  0.1522
 227  0.672886  3.7124  2.5131  1.5559  5.3935  3.8011  2.4990  1.9375  1.8687  1.6145  1.0989  0.8404  0.7379  0.5393  0.2336  0.2206  0.0349
 228  0.672975  3.7104  2.4596  1.6015  5.3884  3.7563  2.4270  1.8584  1.7710  1.5130  0.9911  0.7301  0.6269  0.4267  0.1182  0.1049 -0.0831
 229  0.673058  3.7083  2.4049  1.6476  5.3908  3.7160  2.3571  1.7806  1.6735  1.4113  0.8823  0.6188  0.5147  0.3127  0.0011 -0.0124 -0.2029
 230  0.673129  3.7062  2.3533  1.6911  5.3971  3.6812  2.2931  1.7090  1.5825  1.3162  0.7803  0.5142  0.4093  0.2056 -0.1090 -0.1228 -0.3156
 231  0.673199  3.7040  2.2984  1.7370  5.4085  3.6480  2.2275  1.6350  1.4870  1.2162  0.6727  0.4038  0.2980  0.0923 -0.2255 -0.2396 -0.4350
 232  0.673259  3.7018  2.2465  1.7804  5.4235  3.6203  2.1676  1.5672  1.3980  1.1227  0.5718  0.3000  0.1934 -0.0142 -0.3353 -0.3496 -0.5475
 233  0.673315  3.6996  2.1938  1.8243  5.4420  3.5955  2.1087  1.5001  1.3087  1.0287  0.4700  0.1953  0.0877 -0.1218 -0.4463 -0.4608 -0.6614
 234  0.673367  3.6974  2.1415  1.8676  5.4660  3.5753  2.0530  1.4359  1.2216  0.9368  0.3699  0.0922 -0.0163 -0.2279 -0.5558 -0.5706 -0.7739
 235  0.673413  3.6952  2.0915  1.9090  5.4912  3.5590  2.0014  1.3761  1.1391  0.8494  0.2747 -0.0060 -0.1154 -0.3290 -0.6603 -0.6754 -0.8812
 236  0.673455  3.6931  2.0435  1.9486  5.5174  3.5467  1.9539  1.3207  1.0611  0.7667  0.1842 -0.0995 -0.2098 -0.4254 -0.7600 -0.7753 -0.9837
 237  0.673496  3.6911  1.9986  1.9856  5.5427  3.5376  1.9108  1.2701  0.9887  0.6897  0.0996 -0.1869 -0.2981 -0.5155 -0.8533 -0.8689 -1.0797
 238  0.673531  3.6897  1.9653  2.0130  5.5615  3.5321  1.8794  1.2331  0.9351  0.6328  0.0371 -0.2514 -0.3633 -0.5821 -0.9221 -0.9379 -1.1507
 239  0.673568  3.6891  1.9510  2.0252  5.5653  3.5268  1.8638  1.2153  0.9107  0.6070  0.0092 -0.2802 -0.3923 -0.6116 -0.9525 -0.9684 -1.1819
 240  0.673602  3.6879  1.9195  2.0517  5.5750  3.5172  1.8309  1.1775  0.8577  0.5510 -0.0516 -0.3428 -0.4554 -0.6760 -1.0190 -1.0350 -1.2501
 241  0.673637  3.6853  1.8670  2.0942  5.6118  3.5204  1.7893  1.1267  0.7780  0.4655 -0.1469 -0.4417 -0.5554 -0.7784 -1.1254 -1.1417 -1.3600
 242  0.673668  3.6826  1.8110  2.1393  5.6502  3.5286  1.7481  1.0755  0.6948  0.3758 -0.2472 -0.5459 -0.6608 -0.8864 -1.2380 -1.2546 -1.4765
 243  0.673696  3.6800  1.7572  2.1826  5.6828  3.5394  1.7103  1.0281  0.6158  0.2903 -0.3430 -0.6456 -0.7618 -0.9899 -1.3460 -1.3630 -1.5883
 244  0.673722  3.6773  1.7031  2.2259  5.7110  3.5535  1.6745  0.9828  0.5378  0.2058 -0.4383 -0.7449 -0.8623 -1.0931 -1.4536 -1.4710 -1.7000
 245  0.673745  3.6747  1.6514  2.2674  5.7338  3.5700  1.6423  0.9417  0.4645  0.1258 -0.5288 -0.8395 -0.9581 -1.1915 -1.5566 -1.5743 -1.8067
 246  0.673766  3.6722  1.6001  2.3085  5.7522  3.5890  1.6124  0.9029  0.3929  0.0475 -0.6180 -0.9328 -1.0526 -1.2888 -1.6583 -1.6764 -1.9123
 247  0.673785  3.6697  1.5495  2.3490  5.7662  3.6102  1.5847  0.8667  0.3234 -0.0290 -0.7055 -1.0245 -1.1457 -1.3845 -1.7587 -1.7771 -2.0166
 248  0.673802  3.6672  1.5007  2.3879  5.7773  3.6343  1.5607  0.8346  0.2582 -0.1012 -0.7888 -1.1121 -1.2345 -1.4761 -1.8548 -1.8736 -2.1165
 249  0.673819  3.6647  1.4519  2.4266  5.7881  3.6643  1.5409  0.8067  0.1954 -0.1714 -0.8709 -1.1986 -1.3223 -1.5668 -1.9502 -1.9694 -2.2158
 250  0.673833  3.6621  1.4038  2.4644  5.7978  3.6982  1.5247  0.7827  0.1356 -0.2388 -0.9501 -1.2825 -1.4076 -1.6550 -2.0432 -2.0627 -2.3129
 251  0.673846  3.6596  1.3571  2.5011  5.8051  3.7338  1.5113  0.7617  0.0789 -0.3032 -1.0264 -1.3633 -1.4897 -1.7400 -2.1331 -2.1530 -2.4067
 252  0.673859  3.6571  1.3107  2.5376  5.8109  3.7719  1.5001  0.7435  0.0239 -0.3660 -1.1014 -1.4430 -1.5708 -1.8240 -2.2221 -2.2423 -2.4998
 253  0.673870  3.6546  1.2650  2.5733  5.8148  3.8110  1.4912  0.7279 -0.0289 -0.4267 -1.1743 -1.5207 -1.6499 -1.9061 -2.3091 -2.3296 -2.5909
 254  0.673881  3.6522  1.2206  2.6080  5.8170  3.8507  1.4844  0.7150 -0.0788 -0.4845 -1.2442 -1.5953 -1.7258 -1.9851 -2.3930 -2.4140 -2.6790
 255  0.673891  3.6498  1.1770  2.6420  5.8181  3.8912  1.4797  0.7048 -0.1267 -0.5403 -1.3121 -1.6679 -1.7998 -2.0620 -2.4751 -2.4964 -2.7652
 256  0.673900  3.6474  1.1338  2.6756  5.8180  3.9328  1.4771  0.6972 -0.1728 -0.5944 -1.3783 -1.7389 -1.8722 -2.1376 -2.5557 -2.5774 -2.8502
 257  0.673908  3.6450  1.0919  2.7082  5.8166  3.9737  1.4759  0.6916 -0.2163 -0.6457 -1.4417 -1.8071 -1.9417 -2.2102 -2.6335 -2.6556 -2.9321
 258  0.673916  3.6427  1.0504  2.7404  5.8142  4.0148  1.4764  0.6880 -0.2578 -0.6953 -1.5035 -1.8739 -2.0098 -2.2815 -2.7099 -2.7324 -3.0129
 259  0.673923  3.6404  1.0097  2.7718  5.8106  4.0554  1.4781  0.6860 -0.2971 -0.7429 -1.5636 -1.9389 -2.0763 -2.3511 -2.7846 -2.8075 -3.0919
 260  0.673930  3.6380  0.9694  2.8027  5.8072  4.0973  1.4826  0.6871 -0.3336 -0.7878 -1.6214 -2.0020 -2.1407 -2.4188 -2.8576 -2.8809 -3.1692
 261  0.673936  3.6357  0.9296  2.8330  5.8035  4.1398  1.4891  0.6906 -0.3675 -0.8306 -1.6775 -2.0634 -2.2035 -2.4850 -2.9292 -2.9529 -3.2452
 262  0.673942  3.6334  0.8909  2.8625  5.7985  4.1805  1.4961  0.6952 -0.3992 -0.8712 -1.7314 -2.1226 -2.2642 -2.5489 -2.9984 -3.0226 -3.3188
 263  0.673947  3.6311  0.8527  2.8916  5.7922  4.2200  1.5037  0.7008 -0.4293 -0.9101 -1.7837 -2.1803 -2.3234 -2.6115 -3.0664 -3.0909 -3.3911
 264  0.673952  3.6289  0.8155  2.9199  5.7849  4.2579  1.5118  0.7074 -0.4575 -0.9471 -1.8342 -2.2362 -2.3807 -2.6722 -3.1324 -3.1573 -3.4615
 265  0.673957  3.6266  0.7785  2.9479  5.7766  4.2954  1.5206  0.7150 -0.4840 -0.9825 -1.8834 -2.2909 -2.4368 -2.7318 -3.1974 -3.2227 -3.5308
 266  0.673961  3.6245  0.7426  2.9752  5.7668  4.3302  1.5287  0.7224 -0.5094 -1.0166 -1.9311 -2.3441 -2.4914 -2.7898 -3.2607 -3.2865 -3.5985
 267  0.673965  3.6224  0.7074  3.0019  5.7561  4.3635  1.5369  0.7303 -0.5331 -1.0491 -1.9771 -2.3955 -2.5443 -2.8461 -3.3222 -3.3484 -3.6643
 268  0.673969  3.6203  0.6728  3.0282  5.7442  4.3950  1.5448  0.7383 -0.5559 -1.0805 -2.0221 -2.4460 -2.5961 -2.9012 -3.3827 -3.4093 -3.7291
 269  0.673973  3.6183  0.6389  3.0541  5.7311  4.4250  1.5521  0.7459 -0.5775 -1.1108 -2.0658 -2.4952 -2.6468 -2.9553 -3.4420 -3.4690 -3.7926
 270  0.673977  3.6163  0.6057  3.0793  5.7176  4.4546  1.5596  0.7541 -0.5975 -1.1393 -2.1079 -2.5428 -2.6957 -3.0077 -3.4996 -3.5270 -3.8545
 271  0.673980  3.6143  0.5733  3.1040  5.7027  4.4821  1.5659  0.7611 -0.6167 -1.1669 -2.1489 -2.5893 -2.7435 -3.0589 -3.5559 -3.5837 -3.9149
 272  0.673983  3.6124  0.5415  3.1283  5.6872  4.5091  1.5720  0.7683 -0.6346 -1.1932 -2.1887 -2.6345 -2.7901 -3.1088 -3.6110 -3.6392 -3.9742
 273  0.673986  3.6107  0.5107  3.1520  5.6700  4.5333  1.5761  0.7735 -0.6522 -1.2190 -2.2276 -2.6786 -2.8355 -3.1574 -3.6646 -3.6933 -4.0318
 274  0.673989  3.6088  0.4801  3.1752  5.6543  4.5626  1.5830  0.7816 -0.6657 -1.2410 -2.2637 -2.7205 -2.8787 -3.2042 -3.7168 -3.7459 -4.0883
 275  0.673992  3.6070  0.4501  3.1980  5.6385  4.5931  1.5903  0.7902 -0.6769 -1.2609 -2.2981 -2.7608 -2.9203 -3.2495 -3.7677 -3.7972 -4.1434
 276  0.673995  3.6053  0.4210  3.2202  5.6211  4.6209  1.5955  0.7968 -0.6881 -1.2806 -2.3318 -2.8001 -2.9610 -3.2936 -3.8172 -3.8471 -4.1971
 277  0.673997  3.6037  0.3929  3.2418  5.6026  4.6461  1.5990  0.8017 -0.6992 -1.2997 -2.3644 -2.8383 -3.0005 -3.3366 -3.8653 -3.8956 -4.2493
 278  0.673999  3.6019  0.3650  3.2626  5.5873  4.6775  1.6073  0.8116 -0.7052 -1.3141 -2.3933 -2.8731 -3.0365 -3.3762 -3.9105 -3.9413 -4.2989
 279  0.674002  3.6004  0.3407  3.2812  5.5698  4.6973  1.6092  0.8149 -0.7137 -1.3296 -2.4208 -2.9055 -3.0700 -3.4127 -3.9516 -3.9828 -4.3435
