#NUMBER OF AGES= 1
#----------------------------------------------------       
#MIX-LEN  Y      Z          Zeff        [Fe/H] [a/Fe]
# 1.9380  0.3300 9.8327E-04 5.0050E-04  -1.49   0.40 
#----------------------------------------------------       
#**PHOTOMETRIC SYSTEM**: HST WFPC2 (Vega)                   
#----------------------------------------------------       
#AGE=14.800 EEPS=265
#EEP   M/Mo    LogTeff  LogG   LogL/Lo F218W   F255W   F300W   F336W   F439W   F450W   F555W   F606W   F622W   F675W   F791W   F814W   F850LP
  15  0.109933  3.5360  5.2746 -2.6982 20.7112 20.4052 16.8581 16.0253 14.8784 14.2900 12.9087 12.3704 12.1805 11.7849 10.8931 10.8534 10.4261
  16  0.121677  3.5441  5.2348 -2.5818 20.3432 19.7879 16.3990 15.5540 14.4044 13.8552 12.5216 11.9853 11.7954 11.4109 10.5955 10.5575 10.1465
  17  0.132574  3.5507  5.2008 -2.4840 20.0207 19.2690 16.0157 15.1657 14.0200 13.4994 12.2046 11.6708 11.4812 11.1044 10.3458 10.3091  9.9103
  18  0.142679  3.5560  5.1724 -2.4026 19.7438 18.8459 15.7028 14.8515 13.7125 13.2121 11.9477 11.4168 11.2276 10.8562 10.1384 10.1028  9.7131
  19  0.152634  3.5603  5.1476 -2.3314 19.4913 18.4832 15.4370 14.5870 13.4563 12.9700 11.7295 11.2015 11.0130 10.6456  9.9577  9.9228  9.5402
  20  0.163602  3.5643  5.1239 -2.2618 19.2403 18.1356 15.1819 14.3344 13.2133 12.7388 11.5200 10.9952 10.8077 10.4437  9.7810  9.7468  9.3706
  21  0.176116  3.5681  5.1003 -2.1909 18.9822 17.7891 14.9260 14.0820 12.9721 12.5079 11.3102 10.7889 10.6025 10.2418  9.6016  9.5681  9.1977
  22  0.190050  3.5717  5.0776 -2.1204 18.7234 17.4507 14.6743 13.8343 12.7367 12.2815 11.1039 10.5867 10.4014 10.0438  9.4235  9.3905  9.0257
  23  0.204673  3.5751  5.0570 -2.0540 18.4771 17.1362 14.4382 13.6024 12.5175 12.0699 10.9110 10.3979 10.2137  9.8593  9.2556  9.2232  8.8634
  24  0.221488  3.5785  5.0368 -1.9861 18.2242 16.8210 14.1981 13.3668 12.2958 11.8553 10.7150 10.2065 10.0236  9.6723  9.0841  9.0522  8.6973
  25  0.236776  3.5813  5.0209 -1.9302 18.0160 16.5695 14.0010 13.1731 12.1142 11.6791 10.5540 10.0498  9.8680  9.5196  8.9430  8.9116  8.5607
  26  0.248359  3.5832  5.0101 -1.8909 17.8683 16.3949 13.8616 13.0360 11.9860 11.5547 10.4405  9.9396  9.7586  9.4124  8.8435  8.8124  8.4644
  27  0.256366  3.5844  5.0034 -1.8655 17.7724 16.2825 13.7713 12.9472 11.9031 11.4741 10.3672  9.8684  9.6879  9.3431  8.7792  8.7483  8.4021
  28  0.262221  3.5852  4.9993 -1.8482 17.7074 16.2068 13.7101 12.8870 11.8471 11.4196 10.3174  9.8202  9.6401  9.2962  8.7354  8.7047  8.3597
  29  0.266479  3.5859  4.9965 -1.8359 17.6609 16.1527 13.6664 12.8440 11.8071 11.3809 10.2821  9.7859  9.6061  9.2630  8.7044  8.6737  8.3297
  30  0.269646  3.5864  4.9944 -1.8268 17.6255 16.1113 13.6331 12.8114 11.7770 11.3515 10.2554  9.7602  9.5806  9.2380  8.6811  8.6505  8.3072
  31  0.272216  3.5868  4.9931 -1.8197 17.5969 16.0777 13.6064 12.7852 11.7529 11.3282 10.2345  9.7399  9.5605  9.2184  8.6630  8.6325  8.2899
  32  0.274363  3.5872  4.9915 -1.8131 17.5700 16.0461 13.5814 12.7606 11.7304 11.3064 10.2149  9.7211  9.5419  9.2003  8.6462  8.6158  8.2738
  33  0.276480  3.5876  4.9900 -1.8066 17.5432 16.0144 13.5565 12.7362 11.7081 11.2848 10.1956  9.7026  9.5235  9.1824  8.6298  8.5995  8.2580
  34  0.278646  3.5880  4.9883 -1.7998 17.5157 15.9822 13.5309 12.7111 11.6852 11.2625 10.1756  9.6833  9.5045  9.1638  8.6127  8.5824  8.2416
  35  0.280875  3.5884  4.9863 -1.7926 17.4872 15.9490 13.5043 12.6849 11.6612 11.2392 10.1547  9.6631  9.4845  9.1443  8.5945  8.5643  8.2240
  36  0.283187  3.5888  4.9838 -1.7851 17.4583 15.9158 13.4773 12.6584 11.6367 11.2154 10.1330  9.6422  9.4637  9.1240  8.5755  8.5454  8.2056
  37  0.285871  3.5892  4.9811 -1.7766 17.4269 15.8801 13.4478 12.6295 11.6098 11.1891 10.1089  9.6189  9.4407  9.1013  8.5542  8.5241  8.1849
  38  0.288661  3.5895  4.9776 -1.7677 17.3956 15.8451 13.4182 12.6003 11.5824 11.1623 10.0841  9.5947  9.4166  9.0777  8.5317  8.5016  8.1629
  39  0.292098  3.5899  4.9736 -1.7570 17.3593 15.8047 13.3836 12.5663 11.5503 11.1308 10.0549  9.5661  9.3882  9.0497  8.5049  8.4749  8.1368
  40  0.296156  3.5903  4.9685 -1.7445 17.3174 15.7587 13.3439 12.5270 11.5131 11.0943 10.0206  9.5326  9.3549  9.0169  8.4734  8.4435  8.1057
  41  0.302394  3.5909  4.9604 -1.7249 17.2512 15.6856 13.2810 12.4650 11.4547 11.0369  9.9670  9.4803  9.3029  8.9657  8.4243  8.3945  8.0576
  42  0.323063  3.5945  4.9335 -1.6548 16.9815 15.3799 13.0287 12.2173 11.2278 10.8155  9.7664  9.2867  9.1112  8.7782  8.2478  8.2185  7.8865
  43  0.348896  3.6016  4.8960 -1.5556 16.5564 14.8958 12.6346 11.8311 10.8828 10.4804  9.4703  9.0045  8.8328  8.5081  7.9967  7.9685  7.6456
  44  0.362217  3.6057  4.8749 -1.5017 16.3281 14.6398 12.4204 11.6205 10.6942 10.2972  9.3088  8.8513  8.6817  8.3618  7.8604  7.8329  7.5153
  45  0.372246  3.6092  4.8579 -1.4589 16.1469 14.4385 12.2487 11.4510 10.5420 10.1495  9.1789  8.7285  8.5606  8.2451  7.7519  7.7248  7.4117
  46  0.381308  3.6128  4.8425 -1.4187 15.9759 14.2492 12.0849 11.2889 10.3966 10.0085  9.0556  8.6123  8.4463  8.1351  7.6499  7.6234  7.3148
  47  0.390029  3.6166  4.8278 -1.3789 15.8060 14.0620 11.9203 11.1256 10.2503  9.8668  8.9322  8.4966  8.3325  8.0261  7.5490  7.5231  7.2194
  48  0.398556  3.6207  4.8140 -1.3393 15.6347 13.8736 11.7524 10.9583 10.1009  9.7224  8.8072  8.3799  8.2179  7.9167  7.4484  7.4230  7.1247
  49  0.406880  3.6252  4.8011 -1.2996 15.4598 13.6793 11.5786 10.7840  9.9462  9.5731  8.6791  8.2612  8.1015  7.8064  7.3476  7.3230  7.0306
  50  0.414879  3.6301  4.7897 -1.2600 15.2795 13.4759 11.3968 10.6006  9.7850  9.4182  8.5477  8.1406  7.9835  7.6952  7.2475  7.2236  6.9381
  51  0.422474  3.6352  4.7795 -1.2215 15.0988 13.2705 11.2110 10.4134  9.6229  9.2626  8.4168  8.0211  7.8669  7.5860  7.1498  7.1268  6.8487
  52  0.427484  3.6388  4.7732 -1.1957 14.9750 13.1289 11.0817 10.2834  9.5121  9.1564  8.3278  7.9403  7.7882  7.5126  7.0845  7.0621  6.7892
  53  0.432399  3.6425  4.7674 -1.1701 14.8512 12.9863 10.9494 10.1515  9.4011  9.0502  8.2392  7.8600  7.7101  7.4399  7.0201  6.9983  6.7307
  54  0.437223  3.6463  4.7621 -1.1449 14.7277 12.8424 10.8135 10.0173  9.2901  8.9442  8.1509  7.7803  7.6325  7.3681  6.9567  6.9355  6.6733
  55  0.441964  3.6500  4.7569 -1.1202 14.6021 12.6963 10.6773  9.8838  9.1819  8.8408  8.0647  7.7024  7.5569  7.2979  6.8947  6.8741  6.6172
  56  0.446632  3.6538  4.7519 -1.0958 14.4622 12.5364 10.5403  9.7493  9.0759  8.7395  7.9804  7.6260  7.4828  7.2289  6.8334  6.8133  6.5615
  57  0.451230  3.6574  4.7472 -1.0719 14.3050 12.3605 10.4030  9.6141  8.9730  8.6408  7.8982  7.5513  7.4106  7.1612  6.7729  6.7533  6.5065
  58  0.455756  3.6611  4.7427 -1.0483 14.1336 12.1730 10.2642  9.4780  8.8722  8.5441  7.8177  7.4779  7.3397  7.0945  6.7130  6.6940  6.4520
  59  0.460207  3.6648  4.7387 -1.0250 13.9492 11.9776 10.1201  9.3389  8.7714  8.4476  7.7376  7.4049  7.2695  7.0283  6.6536  6.6351  6.3981
  60  0.464553  3.6685  4.7347 -1.0022 13.7631 11.7875  9.9767  9.2032  8.6740  8.3546  7.6602  7.3342  7.2014  6.9643  6.5959  6.5779  6.3456
  61  0.468800  3.6723  4.7312 -0.9796 13.5656 11.5923  9.8297  9.0658  8.5773  8.2624  7.5834  7.2643  7.1340  6.9008  6.5389  6.5214  6.2940
  62  0.472981  3.6759  4.7276 -0.9575 13.3666 11.4020  9.6860  8.9327  8.4842  8.1737  7.5093  7.1963  7.0687  6.8391  6.4831  6.4662  6.2434
  63  0.477087  3.6796  4.7241 -0.9357 13.1617 11.2128  9.5430  8.8010  8.3929  8.0868  7.4366  7.1296  7.0045  6.7784  6.4283  6.4117  6.1935
  64  0.481096  3.6831  4.7205 -0.9144 12.9585 11.0316  9.4056  8.6750  8.3056  8.0040  7.3668  7.0654  6.9425  6.7197  6.3750  6.3590  6.1451
  65  0.485019  3.6866  4.7171 -0.8935 12.7522 10.8544  9.2711  8.5519  8.2208  7.9235  7.2988  7.0027  6.8820  6.6624  6.3229  6.3073  6.0976
  66  0.488858  3.6900  4.7134 -0.8730 12.5502 10.6851  9.1419  8.4343  8.1397  7.8468  7.2336  6.9422  6.8236  6.6068  6.2722  6.2570  6.0512
  67  0.492608  3.6932  4.7098 -0.8530 12.3485 10.5201  9.0157  8.3197  8.0610  7.7725  7.1703  6.8834  6.7667  6.5526  6.2225  6.2078  6.0058
  68  0.496254  3.6964  4.7061 -0.8335 12.1539 10.3639  8.8955  8.2108  7.9861  7.7018  7.1097  6.8270  6.7120  6.5003  6.1746  6.1601  5.9617
  69  0.499797  3.6994  4.7025 -0.8145 11.9638 10.2132  8.7787  8.1053  7.9132  7.6333  7.0510  6.7721  6.6588  6.4496  6.1279  6.1138  5.9189
  70  0.503238  3.7024  4.6985 -0.7960 11.7864 10.0733  8.6689  8.0060  7.8439  7.5680  6.9949  6.7196  6.6078  6.4007  6.0828  6.0691  5.8775
  71  0.506552  3.7053  4.6949 -0.7779 11.6133  9.9379  8.5620  7.9094  7.7763  7.5046  6.9403  6.6686  6.5581  6.3533  6.0392  6.0258  5.8373
  72  0.509733  3.7079  4.6909 -0.7606 11.4517  9.8122  8.4619  7.8191  7.7126  7.4447  6.8887  6.6201  6.5109  6.3081  5.9975  5.9843  5.7988
  73  0.512798  3.7106  4.6875 -0.7437 11.2902  9.6875  8.3628  7.7298  7.6496  7.3859  6.8380  6.5727  6.4647  6.2639  5.9568  5.9440  5.7614
  74  0.515756  3.7132  4.6836 -0.7273 11.1410  9.5724  8.2705  7.6465  7.5904  7.3303  6.7900  6.5274  6.4207  6.2218  5.9178  5.9053  5.7254
  75  0.518625  3.7157  4.6801 -0.7111 10.9907  9.4569  8.1783  7.5635  7.5316  7.2753  6.7425  6.4829  6.3773  6.1803  5.8795  5.8673  5.6901
  76  0.521409  3.7180  4.6762 -0.6955 10.8519  9.3501  8.0924  7.4862  7.4760  7.2233  6.6974  6.4403  6.3358  6.1404  5.8426  5.8306  5.6558
  77  0.524121  3.7204  4.6726 -0.6801 10.7117  9.2425  8.0064  7.4088  7.4206  7.1715  6.6526  6.3983  6.2946  6.1011  5.8061  5.7945  5.6222
  78  0.526767  3.7227  4.6688 -0.6649 10.5798  9.1409  7.9247  7.3353  7.3675  7.1219  6.6095  6.3576  6.2549  6.0629  5.7708  5.7593  5.5894
  79  0.529353  3.7249  4.6649 -0.6501 10.4522  9.0424  7.8452  7.2638  7.3156  7.0734  6.5674  6.3178  6.2160  6.0256  5.7361  5.7248  5.5572
  80  0.531892  3.7271  4.6610 -0.6353 10.3260  8.9447  7.7662  7.1931  7.2641  7.0254  6.5257  6.2785  6.1776  5.9887  5.7019  5.6908  5.5254
  81  0.534384  3.7292  4.6568 -0.6209 10.2066  8.8518  7.6908  7.1255  7.2144  6.9790  6.4852  6.2402  6.1402  5.9528  5.6684  5.6575  5.4942
  82  0.537855  3.7321  4.6511 -0.6005 10.0405  8.7224  7.5859  7.0314  7.1449  6.9141  6.4287  6.1867  6.0878  5.9025  5.6215  5.6110  5.4505
  83  0.541356  3.7351  4.6449 -0.5800  9.8765  8.5942  7.4821  6.9382  7.0753  6.8490  6.3718  6.1329  6.0351  5.8519  5.5743  5.5640  5.4064
  84  0.544905  3.7379  4.6381 -0.5591  9.7163  8.4682  7.3800  6.8463  7.0057  6.7838  6.3147  6.0786  5.9818  5.8006  5.5263  5.5163  5.3615
  85  0.548508  3.7407  4.6311 -0.5378  9.5570  8.3423  7.2778  6.7543  6.9356  6.7179  6.2568  6.0236  5.9279  5.7486  5.4777  5.4680  5.3159
  86  0.552170  3.7435  4.6234 -0.5162  9.4004  8.2176  7.1763  6.6631  6.8652  6.6518  6.1984  5.9681  5.8734  5.6961  5.4283  5.4188  5.2694
  87  0.555880  3.7462  4.6154 -0.4941  9.2462  8.0942  7.0754  6.5723  6.7945  6.5852  6.1395  5.9118  5.8182  5.6428  5.3782  5.3690  5.2220
  88  0.559622  3.7489  4.6067 -0.4718  9.0954  7.9727  6.9755  6.4823  6.7239  6.5186  6.0802  5.8553  5.7627  5.5891  5.3274  5.3185  5.1741
  89  0.563381  3.7515  4.5975 -0.4492  8.9474  7.8529  6.8767  6.3930  6.6532  6.4518  6.0205  5.7983  5.7066  5.5349  5.2762  5.2675  5.1255
  90  0.567143  3.7541  4.5880 -0.4264  8.8019  7.7346  6.7791  6.3047  6.5826  6.3849  5.9607  5.7410  5.6502  5.4803  5.2245  5.2161  5.0764
  91  0.570897  3.7566  4.5780 -0.4035  8.6598  7.6185  6.6836  6.2183  6.5123  6.3182  5.9006  5.6834  5.5935  5.4254  5.1724  5.1642  5.0268
  92  0.574624  3.7590  4.5674 -0.3805  8.5226  7.5056  6.5911  6.1346  6.4425  6.2518  5.8406  5.6257  5.5368  5.3703  5.1199  5.1120  4.9767
  93  0.578310  3.7614  4.5565 -0.3574  8.3888  7.3951  6.5006  6.0526  6.3731  6.1857  5.7807  5.5681  5.4799  5.3150  5.0674  5.0595  4.9263
  94  0.581937  3.7637  4.5453 -0.3344  8.2580  7.2865  6.4116  5.9722  6.3043  6.1199  5.7210  5.5106  5.4233  5.2600  5.0149  5.0073  4.8761
  95  0.585486  3.7659  4.5337 -0.3114  8.1319  7.1814  6.3248  5.8938  6.2364  6.0549  5.6617  5.4534  5.3669  5.2051  4.9625  4.9550  4.8257
  96  0.588940  3.7680  4.5220 -0.2886  8.0088  7.0784  6.2397  5.8169  6.1693  5.9906  5.6030  5.3967  5.3109  5.1507  4.9105  4.9032  4.7757
  97  0.592288  3.7701  4.5101 -0.2660  7.8897  6.9785  6.1568  5.7420  6.1032  5.9272  5.5449  5.3406  5.2556  5.0968  4.8589  4.8518  4.7261
  98  0.595518  3.7721  4.4981 -0.2437  7.7742  6.8811  6.0763  5.6690  6.0381  5.8647  5.4876  5.2852  5.2009  5.0436  4.8079  4.8009  4.6769
  99  0.598624  3.7739  4.4859 -0.2216  7.6642  6.7879  5.9988  5.5983  5.9744  5.8033  5.4310  5.2306  5.1471  4.9910  4.7574  4.7507  4.6283
 100  0.601603  3.7758  4.4737 -0.1999  7.5577  6.6973  5.9239  5.5295  5.9119  5.7431  5.3754  5.1769  5.0940  4.9393  4.7078  4.7012  4.5803
 101  0.604464  3.7775  4.4613 -0.1785  7.4551  6.6096  5.8515  5.4625  5.8505  5.6840  5.3205  5.1240  5.0418  4.8884  4.6589  4.6524  4.5330
 102  0.607211  3.7792  4.4489 -0.1574  7.3569  6.5252  5.7822  5.3974  5.7904  5.6258  5.2666  5.0719  4.9905  4.8382  4.6106  4.6043  4.4863
 103  0.609853  3.7808  4.4364 -0.1367  7.2627  6.4438  5.7155  5.3341  5.7316  5.5689  5.2134  5.0207  4.9399  4.7887  4.5630  4.5568  4.4400
 104  0.612394  3.7823  4.4238 -0.1163  7.1719  6.3649  5.6505  5.2726  5.6739  5.5129  5.1610  4.9702  4.8901  4.7399  4.5160  4.5099  4.3944
 105  0.614840  3.7837  4.4111 -0.0961  7.0849  6.2891  5.5872  5.2132  5.6174  5.4581  5.1096  4.9204  4.8409  4.6918  4.4694  4.4635  4.3491
 106  0.617195  3.7851  4.3984 -0.0763  7.0008  6.2155  5.5249  5.1556  5.5622  5.4043  5.0590  4.8712  4.7923  4.6441  4.4234  4.4174  4.3042
 107  0.619470  3.7864  4.3856 -0.0567  6.9201  6.1446  5.4641  5.0998  5.5079  5.3514  5.0094  4.8227  4.7442  4.5969  4.3776  4.3717  4.2595
 108  0.621671  3.7876  4.3727 -0.0374  6.8421  6.0759  5.4041  5.0458  5.4548  5.2996  4.9604  4.7747  4.6966  4.5502  4.3322  4.3265  4.2152
 109  0.623809  3.7887  4.3597 -0.0182  6.7665  6.0089  5.3455  4.9929  5.4024  5.2484  4.9121  4.7273  4.6495  4.5040  4.2873  4.2816  4.1712
 110  0.625893  3.7898  4.3467  0.0006  6.6930  5.9438  5.2882  4.9410  5.3508  5.1980  4.8644  4.6805  4.6030  4.4583  4.2428  4.2372  4.1276
 111  0.627933  3.7909  4.3336  0.0194  6.6214  5.8801  5.2319  4.8900  5.2998  5.1481  4.8172  4.6341  4.5569  4.4130  4.1987  4.1932  4.0843
 112  0.628601  3.7912  4.3292  0.0255  6.5980  5.8592  5.2135  4.8732  5.2829  5.1315  4.8015  4.6188  4.5418  4.3981  4.1842  4.1786  4.0701
 113  0.629269  3.7916  4.3248  0.0318  6.5737  5.8376  5.1945  4.8559  5.2657  5.1147  4.7856  4.6031  4.5263  4.3829  4.1693  4.1639  4.0556
 114  0.629933  3.7920  4.3204  0.0382  6.5490  5.8157  5.1753  4.8384  5.2482  5.0976  4.7694  4.5874  4.5107  4.3676  4.1545  4.1490  4.0410
 115  0.630595  3.7924  4.3161  0.0448  6.5219  5.7920  5.1549  4.8200  5.2299  5.0797  4.7527  4.5711  4.4946  4.3519  4.1392  4.1339  4.0262
 116  0.631257  3.7929  4.3118  0.0514  6.4945  5.7680  5.1343  4.8014  5.2114  5.0619  4.7360  4.5548  4.4785  4.3361  4.1240  4.1187  4.0114
 117  0.631921  3.7934  4.3075  0.0580  6.4664  5.7435  5.1134  4.7825  5.1926  5.0436  4.7191  4.5383  4.4622  4.3202  4.1087  4.1034  3.9965
 118  0.632584  3.7938  4.3032  0.0647  6.4383  5.7189  5.0924  4.7633  5.1737  5.0252  4.7019  4.5217  4.4458  4.3042  4.0933  4.0880  3.9815
 119  0.633247  3.7943  4.2985  0.0716  6.4109  5.6948  5.0717  4.7443  5.1547  5.0067  4.6845  4.5049  4.4291  4.2879  4.0776  4.0723  3.9661
 120  0.633908  3.7947  4.2936  0.0785  6.3844  5.6712  5.0511  4.7253  5.1356  4.9881  4.6670  4.4878  4.4121  4.2713  4.0614  4.0561  3.9503
 121  0.634565  3.7950  4.2883  0.0856  6.3588  5.6482  5.0308  4.7063  5.1164  4.9692  4.6490  4.4703  4.3948  4.2542  4.0447  4.0395  3.9339
 122  0.635219  3.7953  4.2828  0.0928  6.3337  5.6254  5.0105  4.6872  5.0970  4.9502  4.6308  4.4524  4.3771  4.2367  4.0277  4.0225  3.9171
 123  0.635870  3.7956  4.2770  0.1001  6.3090  5.6028  4.9902  4.6680  5.0775  4.9310  4.6124  4.4343  4.3590  4.2189  4.0102  4.0051  3.8998
 124  0.636518  3.7958  4.2710  0.1075  6.2844  5.5803  4.9698  4.6487  5.0577  4.9115  4.5937  4.4159  4.3407  4.2009  3.9925  3.9874  3.8823
 125  0.637164  3.7961  4.2649  0.1150  6.2598  5.5577  4.9494  4.6293  5.0377  4.8919  4.5747  4.3972  4.3222  4.1825  3.9745  3.9693  3.8645
 126  0.637807  3.7963  4.2588  0.1226  6.2347  5.5346  4.9285  4.6095  5.0174  4.8719  4.5555  4.3783  4.3035  4.1639  3.9562  3.9512  3.8466
 127  0.638449  3.7965  4.2525  0.1303  6.2102  5.5119  4.9078  4.5898  4.9972  4.8518  4.5361  4.3592  4.2844  4.1452  3.9378  3.9327  3.8282
 128  0.639088  3.7968  4.2460  0.1381  6.1858  5.4892  4.8871  4.5700  4.9767  4.8317  4.5166  4.3399  4.2653  4.1262  3.9191  3.9140  3.8097
 129  0.639726  3.7970  4.2394  0.1459  6.1616  5.4667  4.8664  4.5501  4.9561  4.8114  4.4969  4.3204  4.2458  4.1070  3.9001  3.8951  3.7908
 130  0.640360  3.7971  4.2326  0.1538  6.1374  5.4441  4.8455  4.5301  4.9353  4.7909  4.4769  4.3007  4.2262  4.0875  3.8809  3.8758  3.7718
 131  0.640990  3.7973  4.2257  0.1618  6.1136  5.4217  4.8247  4.5101  4.9144  4.7701  4.4567  4.2807  4.2064  4.0677  3.8613  3.8563  3.7524
 132  0.641616  3.7974  4.2185  0.1699  6.0906  5.3997  4.8040  4.4901  4.8934  4.7494  4.4363  4.2605  4.1862  4.0477  3.8415  3.8364  3.7325
 133  0.642236  3.7975  4.2110  0.1781  6.0681  5.3781  4.7834  4.4700  4.8724  4.7284  4.4156  4.2400  4.1657  4.0273  3.8212  3.8161  3.7123
 134  0.642852  3.7975  4.2032  0.1864  6.0461  5.3567  4.7628  4.4499  4.8512  4.7073  4.3947  4.2192  4.1449  4.0066  3.8006  3.7955  3.6917
 135  0.643461  3.7975  4.1953  0.1948  6.0243  5.3355  4.7423  4.4296  4.8298  4.6860  4.3737  4.1981  4.1239  3.9856  3.7796  3.7746  3.6708
 136  0.644064  3.7975  4.1872  0.2033  6.0031  5.3145  4.7217  4.4094  4.8084  4.6646  4.3524  4.1768  4.1026  3.9643  3.7583  3.7533  3.6495
 137  0.644660  3.7975  4.1787  0.2119  5.9824  5.2939  4.7013  4.3891  4.7868  4.6430  4.3308  4.1552  4.0811  3.9427  3.7368  3.7317  3.6278
 138  0.645251  3.7974  4.1700  0.2206  5.9622  5.2736  4.6809  4.3688  4.7651  4.6213  4.3090  4.1334  4.0592  3.9208  3.7148  3.7097  3.6057
 139  0.645832  3.7972  4.1611  0.2294  5.9429  5.2537  4.6606  4.3484  4.7433  4.5995  4.2870  4.1113  4.0371  3.8986  3.6925  3.6873  3.5832
 140  0.646405  3.7970  4.1518  0.2383  5.9242  5.2342  4.6405  4.3281  4.7215  4.5775  4.2648  4.0890  4.0146  3.8761  3.6698  3.6647  3.5603
 141  0.646970  3.7968  4.1422  0.2473  5.9062  5.2152  4.6205  4.3077  4.6996  4.5555  4.2424  4.0664  3.9920  3.8533  3.6467  3.6416  3.5370
 142  0.647525  3.7965  4.1323  0.2564  5.8892  5.1968  4.6008  4.2874  4.6777  4.5333  4.2198  4.0435  3.9690  3.8301  3.6233  3.6182  3.5133
 143  0.648070  3.7961  4.1221  0.2656  5.8730  5.1789  4.5813  4.2672  4.6557  4.5111  4.1969  4.0204  3.9458  3.8067  3.5995  3.5943  3.4892
 144  0.648604  3.7957  4.1116  0.2748  5.8580  5.1618  4.5620  4.2470  4.6338  4.4888  4.1739  3.9971  3.9224  3.7829  3.5753  3.5701  3.4646
 145  0.649128  3.7953  4.1006  0.2842  5.8441  5.1454  4.5430  4.2270  4.6118  4.4665  4.1508  3.9735  3.8986  3.7589  3.5508  3.5456  3.4396
 146  0.649640  3.7947  4.0893  0.2936  5.8315  5.1298  4.5244  4.2071  4.5899  4.4442  4.1275  3.9497  3.8746  3.7345  3.5259  3.5206  3.4142
 147  0.650141  3.7941  4.0776  0.3032  5.8203  5.1152  4.5063  4.1873  4.5682  4.4219  4.1040  3.9257  3.8504  3.7099  3.5006  3.4953  3.3883
 148  0.650628  3.7934  4.0655  0.3128  5.8108  5.1016  4.4886  4.1678  4.5465  4.3996  4.0804  3.9015  3.8260  3.6850  3.4750  3.4696  3.3620
 149  0.651103  3.7926  4.0531  0.3225  5.8017  5.0884  4.4710  4.1483  4.5248  4.3773  4.0567  3.8771  3.8014  3.6599  3.4491  3.4437  3.3354
 150  0.651567  3.7917  4.0402  0.3322  5.7956  5.0772  4.4543  4.1292  4.5034  4.3552  4.0328  3.8525  3.7766  3.6345  3.4228  3.4172  3.3083
 151  0.652016  3.7906  4.0263  0.3420  5.7939  5.0690  4.4392  4.1111  4.4827  4.3335  4.0092  3.8279  3.7516  3.6088  3.3958  3.3902  3.2804
 152  0.652451  3.7893  4.0114  0.3518  5.7980  5.0647  4.4263  4.0944  4.4630  4.3126  3.9856  3.8031  3.7263  3.5826  3.3683  3.3625  3.2516
 153  0.652872  3.7878  3.9958  0.3616  5.8058  5.0631  4.4146  4.0786  4.4438  4.2921  3.9621  3.7782  3.7009  3.5562  3.3403  3.3343  3.2221
 154  0.653280  3.7861  3.9792  0.3715  5.8186  5.0650  4.4050  4.0643  4.4256  4.2722  3.9388  3.7534  3.6755  3.5296  3.3117  3.3057  3.1920
 155  0.653673  3.7840  3.9614  0.3814  5.8396  5.0726  4.3987  4.0521  4.4087  4.2534  3.9157  3.7284  3.6499  3.5027  3.2825  3.2763  3.1609
 156  0.654054  3.7819  3.9434  0.3913  5.8616  5.0809  4.3930  4.0404  4.3919  4.2345  3.8926  3.7034  3.6242  3.4755  3.2531  3.2468  3.1297
 157  0.654422  3.7796  3.9244  0.4011  5.8910  5.0942  4.3904  4.0307  4.3764  4.2167  3.8697  3.6784  3.5984  3.4482  3.2232  3.2167  3.0977
 158  0.654777  3.7773  3.9054  0.4111  5.9224  5.1087  4.3885  4.0216  4.3611  4.1989  3.8468  3.6533  3.5725  3.4207  3.1933  3.1865  3.0656
 159  0.655121  3.7752  3.8873  0.4212  5.9488  5.1197  4.3844  4.0112  4.3447  4.1803  3.8236  3.6282  3.5467  3.3934  3.1638  3.1569  3.0341
 160  0.655453  3.7733  3.8699  0.4312  5.9714  5.1279  4.3788  3.9999  4.3275  4.1609  3.8001  3.6030  3.5208  3.3663  3.1345  3.1276  3.0031
 161  0.655772  3.7715  3.8528  0.4414  5.9918  5.1345  4.3724  3.9881  4.3098  4.1413  3.7765  3.5777  3.4950  3.3392  3.1055  3.0984  2.9724
 162  0.656083  3.7697  3.8356  0.4515  6.0144  5.1425  4.3669  3.9771  4.2925  4.1219  3.7530  3.5524  3.4690  3.3120  3.0762  3.0690  2.9415
 163  0.656390  3.7677  3.8175  0.4621  6.0403  5.1526  4.3623  3.9667  4.2750  4.1022  3.7287  3.5262  3.4421  3.2838  3.0458  3.0383  2.9090
 164  0.656693  3.7657  3.7984  0.4730  6.0699  5.1649  4.3589  3.9571  4.2574  4.0821  3.7037  3.4992  3.4143  3.2544  3.0141  3.0065  2.8753
 165  0.656991  3.7636  3.7788  0.4844  6.1006  5.1775  4.3555  3.9474  4.2392  4.0613  3.6777  3.4710  3.3855  3.2240  2.9812  2.9734  2.8403
 166  0.657283  3.7614  3.7583  0.4963  6.1356  5.1925  4.3537  3.9387  4.2210  4.0402  3.6507  3.4416  3.3553  3.1920  2.9465  2.9384  2.8033
 167  0.657568  3.7592  3.7372  0.5088  6.1694  5.2063  4.3506  3.9289  4.2014  4.0175  3.6224  3.4109  3.3237  3.1588  2.9105  2.9022  2.7651
 168  0.657846  3.7570  3.7154  0.5219  6.2036  5.2197  4.3467  3.9182  4.1802  3.9935  3.5925  3.3787  3.2907  3.1241  2.8731  2.8647  2.7255
 169  0.658113  3.7549  3.6933  0.5357  6.2339  5.2299  4.3400  3.9049  4.1568  3.9672  3.5609  3.3450  3.2562  3.0880  2.8346  2.8259  2.6847
 170  0.658370  3.7528  3.6709  0.5502  6.2598  5.2365  4.3304  3.8891  4.1311  3.9388  3.5275  3.3096  3.2202  3.0506  2.7948  2.7860  2.6430
 171  0.658616  3.7509  3.6485  0.5653  6.2804  5.2389  4.3178  3.8707  4.1031  3.9083  3.4925  3.2728  3.1828  3.0119  2.7540  2.7450  2.6001
 172  0.658852  3.7493  3.6264  0.5809  6.2945  5.2364  4.3017  3.8496  4.0728  3.8758  3.4559  3.2346  3.1440  2.9720  2.7122  2.7030  2.5566
 173  0.659079  3.7478  3.6043  0.5970  6.3025  5.2291  4.2825  3.8260  4.0406  3.8414  3.4179  3.1953  3.1041  2.9311  2.6696  2.6603  2.5124
 174  0.659298  3.7464  3.5824  0.6135  6.3051  5.2178  4.2607  3.8002  4.0067  3.8056  3.3788  3.1549  3.0634  2.8894  2.6263  2.6170  2.4678
 175  0.659509  3.7452  3.5610  0.6303  6.3018  5.2023  4.2359  3.7720  3.9711  3.7684  3.3387  3.1137  3.0219  2.8471  2.5826  2.5731  2.4228
 176  0.659714  3.7441  3.5396  0.6473  6.2953  5.1842  4.2093  3.7424  3.9345  3.7302  3.2980  3.0720  2.9797  2.8043  2.5386  2.5290  2.3776
 177  0.659914  3.7431  3.5186  0.6645  6.2842  5.1629  4.1804  3.7109  3.8966  3.6911  3.2565  3.0296  2.9371  2.7610  2.4942  2.4845  2.3321
 178  0.660110  3.7422  3.4977  0.6818  6.2715  5.1403  4.1506  3.6786  3.8583  3.6514  3.2147  2.9869  2.8942  2.7175  2.4497  2.4398  2.2866
 179  0.660302  3.7413  3.4769  0.6993  6.2567  5.1161  4.1197  3.6454  3.8194  3.6113  3.1725  2.9440  2.8509  2.6737  2.4048  2.3949  2.2408
 180  0.660491  3.7405  3.4562  0.7169  6.2402  5.0907  4.0879  3.6115  3.7800  3.5708  3.1300  2.9007  2.8074  2.6296  2.3598  2.3498  2.1949
 181  0.660677  3.7397  3.4357  0.7345  6.2226  5.0644  4.0554  3.5770  3.7402  3.5299  3.0873  2.8573  2.7637  2.5854  2.3147  2.3046  2.1489
 182  0.660825  3.7391  3.4192  0.7487  6.2080  5.0428  4.0291  3.5489  3.7081  3.4970  3.0529  2.8222  2.7285  2.5497  2.2783  2.2682  2.1119
 183  0.660973  3.7386  3.4028  0.7631  6.1918  5.0201  4.0018  3.5202  3.6753  3.4634  3.0180  2.7868  2.6929  2.5137  2.2417  2.2315  2.0746
 184  0.661120  3.7381  3.3862  0.7776  6.1739  4.9961  3.9736  3.4906  3.6420  3.4293  2.9826  2.7509  2.6568  2.4773  2.2046  2.1944  2.0370
 185  0.661267  3.7376  3.3696  0.7924  6.1560  4.9719  3.9450  3.4606  3.6082  3.3948  2.9468  2.7146  2.6203  2.4404  2.1671  2.1568  1.9989
 186  0.661413  3.7371  3.3527  0.8074  6.1371  4.9469  3.9157  3.4300  3.5737  3.3596  2.9104  2.6776  2.5832  2.4029  2.1289  2.1186  1.9602
 187  0.661559  3.7366  3.3356  0.8226  6.1173  4.9210  3.8857  3.3986  3.5386  3.3238  2.8733  2.6401  2.5455  2.3649  2.0903  2.0799  1.9210
 188  0.661703  3.7361  3.3183  0.8381  6.0971  4.8946  3.8550  3.3666  3.5028  3.2872  2.8356  2.6018  2.5071  2.3261  2.0509  2.0405  1.8810
 189  0.661847  3.7356  3.3007  0.8538  6.0765  4.8676  3.8239  3.3341  3.4665  3.2502  2.7973  2.5631  2.4682  2.2868  2.0111  2.0006  1.8406
 190  0.661990  3.7351  3.2828  0.8698  6.0551  4.8399  3.7919  3.3009  3.4294  3.2124  2.7583  2.5235  2.4285  2.2468  1.9704  1.9598  1.7993
 191  0.662132  3.7347  3.2647  0.8861  6.0333  4.8117  3.7594  3.2671  3.3916  3.1739  2.7186  2.4833  2.3882  2.2061  1.9290  1.9185  1.7574
 192  0.662273  3.7342  3.2466  0.9026  6.0098  4.7822  3.7259  3.2324  3.3531  3.1348  2.6784  2.4427  2.3473  2.1649  1.8874  1.8767  1.7152
 193  0.662413  3.7337  3.2278  0.9196  5.9861  4.7521  3.6915  3.1968  3.3136  3.0945  2.6369  2.4008  2.3053  2.1225  1.8443  1.8336  1.6716
 194  0.662549  3.7332  3.2080  0.9374  5.9614  4.7206  3.6555  3.1593  3.2719  3.0521  2.5933  2.3565  2.2609  2.0777  1.7989  1.7882  1.6256
 195  0.662682  3.7327  3.1873  0.9561  5.9362  4.6880  3.6180  3.1204  3.2286  3.0080  2.5478  2.3106  2.2148  2.0312  1.7518  1.7409  1.5778
 196  0.662813  3.7322  3.1662  0.9752  5.9089  4.6536  3.5789  3.0799  3.1838  2.9624  2.5010  2.2632  2.1672  1.9832  1.7032  1.6923  1.5286
 197  0.662940  3.7316  3.1441  0.9951  5.8828  4.6193  3.5392  3.0387  3.1377  2.9154  2.4525  2.2141  2.1180  1.9336  1.6528  1.6418  1.4775
 198  0.663065  3.7310  3.1214  1.0156  5.8556  4.5839  3.4981  2.9961  3.0902  2.8671  2.4027  2.1637  2.0673  1.8826  1.6010  1.5900  1.4250
 199  0.663186  3.7305  3.0981  1.0366  5.8272  4.5471  3.4557  2.9521  3.0413  2.8173  2.3514  2.1119  2.0154  1.8301  1.5478  1.5367  1.3711
 200  0.663305  3.7298  3.0743  1.0582  5.7987  4.5097  3.4124  2.9072  2.9912  2.7663  2.2989  2.0587  1.9619  1.7762  1.4932  1.4821  1.3157
 201  0.663420  3.7292  3.0497  1.0802  5.7702  4.4719  3.3684  2.8613  2.9400  2.7142  2.2451  2.0043  1.9074  1.7212  1.4373  1.4261  1.2592
 202  0.663533  3.7286  3.0247  1.1028  5.7413  4.4333  3.3233  2.8145  2.8877  2.6609  2.1901  1.9486  1.8515  1.6648  1.3801  1.3689  1.2012
 203  0.663641  3.7279  2.9989  1.1259  5.7131  4.3949  3.2779  2.7671  2.8345  2.6065  2.1340  1.8918  1.7944  1.6073  1.3217  1.3104  1.1419
 204  0.663748  3.7271  2.9726  1.1493  5.6864  4.3568  3.2322  2.7193  2.7804  2.5514  2.0770  1.8341  1.7365  1.5489  1.2623  1.2509  1.0817
 205  0.663850  3.7264  2.9455  1.1732  5.6608  4.3191  3.1862  2.6710  2.7255  2.4953  2.0190  1.7752  1.6774  1.4892  1.2018  1.1903  1.0201
 206  0.663950  3.7255  2.9180  1.1977  5.6358  4.2812  3.1398  2.6222  2.6699  2.4384  1.9599  1.7154  1.6174  1.4285  1.1401  1.1285  0.9575
 207  0.664046  3.7247  2.8898  1.2224  5.6116  4.2435  3.0929  2.5727  2.6134  2.3805  1.8999  1.6546  1.5562  1.3669  1.0773  1.0657  0.8938
 208  0.664139  3.7238  2.8613  1.2476  5.5886  4.2061  3.0460  2.5231  2.5563  2.3220  1.8391  1.5929  1.4943  1.3043  1.0136  1.0018  0.8290
 209  0.664229  3.7229  2.8322  1.2731  5.5673  4.1694  2.9990  2.4733  2.4986  2.2629  1.7775  1.5304  1.4315  1.2407  0.9490  0.9371  0.7632
 210  0.664315  3.7220  2.8025  1.2991  5.5465  4.1327  2.9517  2.4229  2.4402  2.2029  1.7150  1.4669  1.3677  1.1764  0.8834  0.8714  0.6965
 211  0.664398  3.7210  2.7725  1.3253  5.5274  4.0968  2.9044  2.3725  2.3813  2.1425  1.6520  1.4028  1.3033  1.1112  0.8169  0.8048  0.6289
 212  0.664477  3.7200  2.7421  1.3518  5.5093  4.0611  2.8569  2.3217  2.3220  2.0814  1.5881  1.3379  1.2380  1.0453  0.7497  0.7375  0.5605
 213  0.664553  3.7190  2.7112  1.3787  5.4922  4.0258  2.8093  2.2708  2.2620  2.0197  1.5236  1.2724  1.1722  0.9786  0.6818  0.6694  0.4912
 214  0.664626  3.7180  2.6800  1.4058  5.4767  3.9913  2.7618  2.2198  2.2018  1.9577  1.4586  1.2062  1.1057  0.9113  0.6131  0.6006  0.4213
 215  0.664695  3.7169  2.6485  1.4331  5.4624  3.9572  2.7145  2.1687  2.1412  1.8952  1.3930  1.1395  1.0386  0.8435  0.5438  0.5313  0.3507
 216  0.664762  3.7159  2.6166  1.4608  5.4490  3.9235  2.6669  2.1175  2.0802  1.8323  1.3270  1.0723  0.9710  0.7750  0.4739  0.4613  0.2795
 217  0.664772  3.7157  2.6114  1.4652  5.4469  3.9182  2.6593  2.1092  2.0705  1.8222  1.3164  1.0615  0.9601  0.7641  0.4628  0.4501  0.2681
 218  0.664783  3.7155  2.6063  1.4696  5.4450  3.9129  2.6517  2.1010  2.0607  1.8122  1.3058  1.0508  0.9493  0.7531  0.4516  0.4389  0.2567
 219  0.664793  3.7153  2.6012  1.4741  5.4430  3.9074  2.6441  2.0928  2.0509  1.8021  1.2951  1.0398  0.9384  0.7420  0.4403  0.4275  0.2452
 220  0.664803  3.7152  2.5960  1.4785  5.4412  3.9022  2.6366  2.0846  2.0411  1.7919  1.2845  1.0290  0.9275  0.7310  0.4290  0.4162  0.2337
 221  0.664813  3.7150  2.5909  1.4830  5.4390  3.8967  2.6288  2.0762  2.0312  1.7817  1.2738  1.0181  0.9165  0.7199  0.4176  0.4048  0.2221
 222  0.664823  3.7148  2.5856  1.4876  5.4373  3.8915  2.6212  2.0680  2.0213  1.7715  1.2629  1.0071  0.9054  0.7087  0.4062  0.3934  0.2105
 223  0.664833  3.7146  2.5803  1.4921  5.4356  3.8862  2.6135  2.0598  2.0114  1.7612  1.2522  0.9961  0.8944  0.6975  0.3948  0.3819  0.1988
 224  0.664843  3.7144  2.5751  1.4966  5.4337  3.8809  2.6058  2.0514  2.0014  1.7509  1.2413  0.9850  0.8833  0.6862  0.3832  0.3704  0.1870
 225  0.664853  3.7143  2.5698  1.5012  5.4319  3.8755  2.5981  2.0430  1.9913  1.7405  1.2304  0.9739  0.8720  0.6749  0.3717  0.3588  0.1753
 226  0.664863  3.7141  2.5645  1.5058  5.4301  3.8701  2.5903  2.0346  1.9813  1.7301  1.2195  0.9628  0.8609  0.6635  0.3600  0.3472  0.1634
 227  0.664957  3.7122  2.5111  1.5517  5.4151  3.8186  2.5139  1.9516  1.8810  1.6264  1.1101  0.8513  0.7487  0.5499  0.2439  0.2308  0.0449
 228  0.665043  3.7102  2.4576  1.5973  5.4104  3.7740  2.4420  1.8725  1.7835  1.5250  1.0023  0.7411  0.6378  0.4373  0.1285  0.1152 -0.0730
 229  0.665123  3.7080  2.4026  1.6438  5.4128  3.7335  2.3716  1.7941  1.6851  1.4224  0.8926  0.6288  0.5246  0.3224  0.0104 -0.0031 -0.1938
 230  0.665191  3.7060  2.3510  1.6872  5.4191  3.6987  2.3076  1.7226  1.5942  1.3274  0.7908  0.5243  0.4193  0.2154 -0.0996 -0.1134 -0.3064
 231  0.665258  3.7037  2.2957  1.7336  5.4308  3.6655  2.2416  1.6483  1.4981  1.2267  0.6824  0.4131  0.3073  0.1013 -0.2169 -0.2310 -0.4267
 232  0.665316  3.7016  2.2438  1.7769  5.4459  3.6380  2.1818  1.5805  1.4092  1.1334  0.5816  0.3095  0.2027 -0.0051 -0.3266 -0.3409 -0.5391
 233  0.665370  3.6994  2.1912  1.8207  5.4644  3.6132  2.1231  1.5136  1.3201  1.0395  0.4799  0.2049  0.0972 -0.1126 -0.4374 -0.4520 -0.6528
 234  0.665420  3.6971  2.1387  1.8642  5.4887  3.5932  2.0672  1.4491  1.2326  0.9471  0.3794  0.1013 -0.0074 -0.2192 -0.5475 -0.5623 -0.7658
 235  0.665464  3.6950  2.0885  1.9058  5.5139  3.5769  2.0155  1.3892  1.1499  0.8596  0.2840  0.0029 -0.1067 -0.3205 -0.6522 -0.6673 -0.8735
 236  0.665504  3.6929  2.0409  1.9450  5.5397  3.5648  1.9684  1.3344  1.0725  0.7776  0.1941 -0.0899 -0.2003 -0.4161 -0.7510 -0.7664 -0.9751
 237  0.665543  3.6909  1.9967  1.9815  5.5642  3.5558  1.9259  1.2844  1.0012  0.7017  0.1108 -0.1759 -0.2872 -0.5049 -0.8429 -0.8585 -1.0697
 238  0.665578  3.6895  1.9657  2.0072  5.5804  3.5497  1.8959  1.2493  0.9506  0.6481  0.0521 -0.2365 -0.3484 -0.5673 -0.9074 -0.9232 -1.1361
 239  0.665613  3.6892  1.9541  2.0172  5.5804  3.5432  1.8817  1.2336  0.9299  0.6264  0.0289 -0.2604 -0.3725 -0.5917 -0.9325 -0.9484 -1.1618
 240  0.665647  3.6875  1.9154  2.0494  5.5976  3.5355  1.8441  1.1897  0.8667  0.5593 -0.0445 -0.3361 -0.4489 -0.6697 -1.0131 -1.0292 -1.2447
 241  0.665680  3.6849  1.8609  2.0934  5.6359  3.5395  1.8015  1.1373  0.7842  0.4707 -0.1431 -0.4385 -0.5525 -0.7758 -1.1235 -1.1399 -1.3588
 242  0.665709  3.6822  1.8049  2.1385  5.6735  3.5479  1.7604  1.0863  0.7012  0.3811 -0.2434 -0.5427 -0.6579 -0.8838 -1.2360 -1.2528 -1.4752
 243  0.665736  3.6796  1.7512  2.1818  5.7050  3.5589  1.7228  1.0392  0.6223  0.2959 -0.3390 -0.6422 -0.7586 -0.9871 -1.3438 -1.3608 -1.5867
 244  0.665760  3.6769  1.6973  2.2250  5.7322  3.5732  1.6872  0.9941  0.5446  0.2116 -0.4339 -0.7412 -0.8589 -1.0900 -1.4512 -1.4687 -1.6981
 245  0.665782  3.6743  1.6456  2.2664  5.7542  3.5898  1.6552  0.9533  0.4715  0.1318 -0.5244 -0.8357 -0.9544 -1.1882 -1.5540 -1.5717 -1.8047
 246  0.665802  3.6718  1.5943  2.3076  5.7718  3.6090  1.6253  0.9146  0.3999  0.0534 -0.6136 -0.9291 -1.0492 -1.2856 -1.6559 -1.6741 -1.9105
 247  0.665820  3.6693  1.5438  2.3481  5.7848  3.6302  1.5977  0.8785  0.3305 -0.0229 -0.7011 -1.0207 -1.1420 -1.3813 -1.7561 -1.7746 -2.0146
 248  0.665837  3.6668  1.4950  2.3869  5.7956  3.6548  1.5742  0.8469  0.2656 -0.0948 -0.7842 -1.1081 -1.2307 -1.4727 -1.8521 -1.8710 -2.1144
 249  0.665853  3.6643  1.4462  2.4256  5.8061  3.6853  1.5548  0.8194  0.2030 -0.1648 -0.8660 -1.1944 -1.3183 -1.5632 -1.9474 -1.9666 -2.2136
 250  0.665866  3.6617  1.3981  2.4634  5.8153  3.7195  1.5388  0.7956  0.1435 -0.2320 -0.9451 -1.2781 -1.4035 -1.6512 -2.0403 -2.0598 -2.3105
 251  0.665879  3.6592  1.3514  2.5001  5.8222  3.7553  1.5255  0.7748  0.0868 -0.2964 -1.0214 -1.3591 -1.4857 -1.7364 -2.1303 -2.1502 -2.4045
 252  0.665891  3.6567  1.3049  2.5366  5.8275  3.7935  1.5145  0.7568  0.0318 -0.3592 -1.0965 -1.4388 -1.5668 -1.8205 -2.2193 -2.2395 -2.4976
 253  0.665901  3.6542  1.2593  2.5723  5.8309  3.8325  1.5056  0.7414 -0.0208 -0.4198 -1.1693 -1.5163 -1.6458 -1.9024 -2.3062 -2.3268 -2.5887
 254  0.665912  3.6518  1.2149  2.6070  5.8328  3.8723  1.4991  0.7288 -0.0708 -0.4776 -1.2392 -1.5909 -1.7218 -1.9814 -2.3902 -2.4112 -2.6768
 255  0.665921  3.6494  1.1713  2.6410  5.8335  3.9128  1.4945  0.7188 -0.1185 -0.5333 -1.3069 -1.6634 -1.7954 -2.0582 -2.4720 -2.4934 -2.7628
 256  0.665930  3.6470  1.1281  2.6746  5.8331  3.9542  1.4920  0.7113 -0.1643 -0.5871 -1.3729 -1.7343 -1.8677 -2.1336 -2.5525 -2.5743 -2.8476
 257  0.665937  3.6446  1.0862  2.7072  5.8313  3.9949  1.4909  0.7058 -0.2078 -0.6384 -1.4363 -1.8025 -1.9373 -2.2062 -2.6303 -2.6524 -2.9296
 258  0.665945  3.6423  1.0447  2.7394  5.8285  4.0358  1.4913  0.7023 -0.2492 -0.6880 -1.4982 -1.8693 -2.0054 -2.2776 -2.7068 -2.7294 -3.0105
 259  0.665952  3.6400  1.0040  2.7708  5.8247  4.0764  1.4931  0.7004 -0.2884 -0.7354 -1.5580 -1.9342 -2.0717 -2.3471 -2.7814 -2.8043 -3.0893
 260  0.665958  3.6376  0.9637  2.8017  5.8211  4.1184  1.4979  0.7019 -0.3245 -0.7802 -1.6158 -1.9972 -2.1361 -2.4148 -2.8544 -2.8777 -3.1666
 261  0.665964  3.6353  0.9239  2.8320  5.8170  4.1605  1.5043  0.7054 -0.3584 -0.8229 -1.6719 -2.0586 -2.1990 -2.4810 -2.9260 -2.9497 -3.2426
 262  0.665970  3.6330  0.8852  2.8615  5.8117  4.2010  1.5113  0.7101 -0.3900 -0.8634 -1.7257 -2.1178 -2.2596 -2.5449 -2.9952 -3.0194 -3.3163
 263  0.665975  3.6307  0.8470  2.8906  5.8049  4.2399  1.5188  0.7156 -0.4201 -0.9023 -1.7781 -2.1755 -2.3188 -2.6075 -3.0632 -3.0878 -3.3886
 264  0.665980  3.6285  0.8098  2.9189  5.7972  4.2775  1.5267  0.7221 -0.4482 -0.9391 -1.8285 -2.2313 -2.3760 -2.6681 -3.1291 -3.1541 -3.4589
 265  0.665984  3.6262  0.7729  2.9469  5.7886  4.3146  1.5354  0.7296 -0.4747 -0.9745 -1.8776 -2.2860 -2.4322 -2.7277 -3.1941 -3.2195 -3.5282
 266  0.665989  3.6241  0.7369  2.9743  5.7783  4.3489  1.5432  0.7368 -0.5001 -1.0088 -1.9255 -2.3393 -2.4868 -2.7858 -3.2575 -3.2833 -3.5960
 267  0.665993  3.6220  0.7018  3.0010  5.7672  4.3816  1.5512  0.7445 -0.5239 -1.0413 -1.9715 -2.3908 -2.5398 -2.8421 -3.3190 -3.3453 -3.6619
 268  0.665996  3.6199  0.6673  3.0272  5.7549  4.4126  1.5587  0.7522 -0.5466 -1.0726 -2.0164 -2.4412 -2.5915 -2.8972 -3.3794 -3.4061 -3.7265
 269  0.666000  3.6179  0.6334  3.0531  5.7414  4.4422  1.5658  0.7596 -0.5684 -1.1030 -2.0602 -2.4906 -2.6423 -2.9514 -3.4388 -3.4659 -3.7901
 270  0.666003  3.6159  0.6002  3.0784  5.7276  4.4714  1.5730  0.7676 -0.5883 -1.1315 -2.1023 -2.5381 -2.6912 -3.0037 -3.4964 -3.5239 -3.8519
 271  0.666006  3.6141  0.5679  3.1031  5.7122  4.4983  1.5789  0.7742 -0.6077 -1.1592 -2.1434 -2.5846 -2.7391 -3.0549 -3.5527 -3.5806 -3.9124
 272  0.666009  3.6122  0.5361  3.1274  5.6963  4.5250  1.5846  0.7810 -0.6256 -1.1856 -2.1832 -2.6299 -2.7856 -3.1049 -3.6079 -3.6362 -3.9717
 273  0.666012  3.6104  0.5053  3.1511  5.6787  4.5484  1.5881  0.7857 -0.6435 -1.2115 -2.2222 -2.6741 -2.8311 -3.1536 -3.6615 -3.6903 -4.0293
 274  0.666015  3.6086  0.4748  3.1744  5.6631  4.5788  1.5955  0.7943 -0.6562 -1.2329 -2.2580 -2.7158 -2.8742 -3.2002 -3.7137 -3.7429 -4.0858
 275  0.666017  3.6068  0.4448  3.1971  5.6468  4.6086  1.6022  0.8024 -0.6676 -1.2531 -2.2925 -2.7561 -2.9158 -3.2456 -3.7645 -3.7942 -4.1410
 276  0.666019  3.6051  0.4157  3.2194  5.6290  4.6357  1.6069  0.8084 -0.6791 -1.2729 -2.3264 -2.7956 -2.9567 -3.2899 -3.8143 -3.8443 -4.1949
 277  0.666022  3.6035  0.3876  3.2410  5.6100  4.6603  1.6099  0.8128 -0.6905 -1.2924 -2.3593 -2.8340 -2.9964 -3.3329 -3.8625 -3.8929 -4.2471
 278  0.666024  3.6016  0.3596  3.2618  5.5951  4.6927  1.6189  0.8234 -0.6957 -1.3061 -2.3877 -2.8684 -3.0321 -3.3724 -3.9077 -3.9385 -4.2967
 279  0.666026  3.6002  0.3350  3.2808  5.5759  4.7105  1.6191  0.8250 -0.7057 -1.3230 -2.4166 -2.9022 -3.0669 -3.4101 -3.9499 -3.9811 -4.3425
