#NUMBER OF AGES= 1
#----------------------------------------------------       
#MIX-LEN  Y      Z          Zeff        [Fe/H] [a/Fe]
# 1.9380  0.3300 2.7295E-04 1.3893E-04  -2.08   0.40 
#----------------------------------------------------       
#**PHOTOMETRIC SYSTEM**: HST WFPC2 (Vega)                   
#----------------------------------------------------       
#AGE=12.200 EEPS=265
#EEP   M/Mo    LogTeff  LogG   LogL/Lo F218W   F255W   F300W   F336W   F439W   F450W   F555W   F606W   F622W   F675W   F791W   F814W   F850LP
  15  0.115353  3.5527  5.2697 -2.6057 20.3672 19.7300 16.3497 15.4847 14.3436 13.7717 12.4418 11.8995 11.7066 11.3340 10.6258 10.5893 10.2074
  16  0.126470  3.5614  5.2337 -2.4951 20.0049 19.1306 15.8940 15.0259 13.8984 13.3688 12.0959 11.5611 11.3700 11.0045 10.3490 10.3140  9.9425
  17  0.136863  3.5683  5.2027 -2.4020 19.6909 18.6410 15.5158 14.6469 13.5358 13.0361 11.8097 11.2830 11.0941 10.7342 10.1147 10.0810  9.7177
  18  0.146775  3.5739  5.1764 -2.3230 19.4103 18.2306 15.2003 14.3328 13.2392 12.7602 11.5709 11.0521 10.8653 10.5103  9.9155  9.8827  9.5262
  19  0.157101  3.5786  5.1522 -2.2503 19.1444 17.8594 14.9164 14.0518 12.9759 12.5126 11.3551 10.8439 10.6593 10.3088  9.7325  9.7005  9.3496
  20  0.168765  3.5831  5.1285 -2.1776 18.8789 17.4969 14.6379 13.7771 12.7198 12.2700 11.1419 10.6385 10.4563 10.1101  9.5495  9.5183  9.1727
  21  0.182092  3.5875  5.1049 -2.1038 18.6092 17.1325 14.3589 13.5030 12.4650 12.0271 10.9276 10.4325 10.2525  9.9107  9.3641  9.3334  8.9930
  22  0.196803  3.5916  5.0825 -2.0310 18.3231 16.7609 14.0819 13.2328 12.2167 11.7893 10.7174 10.2304 10.0530  9.7156  9.1810  9.1510  8.8154
  23  0.214646  3.5960  5.0583 -1.9514 17.9596 16.3184 13.7734 12.9356 11.9491 11.5322 10.4892 10.0116  9.8369  9.5045  8.9816  8.9522  8.6217
  24  0.232437  3.5999  5.0390 -1.8820 17.6045 15.9072 13.4976 12.6722 11.7170 11.3083 10.2904  9.8212  9.6492  9.3211  8.8075  8.7787  8.4527
  25  0.246451  3.6027  5.0274 -1.8335 17.3509 15.6210 13.3028 12.4861 11.5547 11.1515 10.1511  9.6880  9.5179  9.1931  8.6858  8.6573  8.3346
  26  0.255979  3.6045  5.0214 -1.8039 17.1969 15.4501 13.1832 12.3718 11.4554 11.0553 10.0656  9.6064  9.4375  9.1148  8.6112  8.5831  8.2625
  27  0.262819  3.6057  5.0183 -1.7845 17.0971 15.3399 13.1044 12.2963 11.3899 10.9919 10.0092  9.5526  9.3845  9.0632  8.5621  8.5342  8.2151
  28  0.267986  3.6066  5.0155 -1.7696 17.0256 15.2614 13.0453 12.2392 11.3402 10.9437  9.9662  9.5116  9.3441  9.0238  8.5246  8.4968  8.1788
  29  0.272066  3.6074  5.0127 -1.7574 16.9662 15.1966 12.9961 12.1918 11.2990 10.9037  9.9306  9.4777  9.3107  8.9913  8.4936  8.4659  8.1489
  30  0.275645  3.6081  5.0099 -1.7463 16.9128 15.1386 12.9515 12.1488 11.2616 10.8675  9.8984  9.4468  9.2803  8.9618  8.4656  8.4380  8.1217
  31  0.278999  3.6087  5.0070 -1.7355 16.8605 15.0820 12.9078 12.1065 11.2252 10.8321  9.8670  9.4170  9.2509  8.9331  8.4383  8.4109  8.0956
  32  0.282028  3.6094  5.0043 -1.7256 16.8120 15.0294 12.8674 12.0676 11.1915 10.7995  9.8381  9.3895  9.2239  8.9068  8.4134  8.3860  8.0715
  33  0.284959  3.6100  5.0017 -1.7161 16.7647 14.9779 12.8280 12.0297 11.1589 10.7679  9.8101  9.3628  9.1976  8.8814  8.3893  8.3620  8.0482
  34  0.288201  3.6107  4.9990 -1.7059 16.7157 14.9247 12.7872 11.9902 11.1246 10.7346  9.7806  9.3346  9.1698  8.8544  8.3636  8.3364  8.0234
  35  0.292223  3.6113  4.9957 -1.6939 16.6610 14.8656 12.7411 11.9456 11.0855 10.6966  9.7464  9.3020  9.1376  8.8229  8.3335  8.3065  7.9944
  36  0.297625  3.6121  4.9916 -1.6787 16.5950 14.7946 12.6844 11.8906 11.0369 10.6491  9.7034  9.2606  9.0968  8.7831  8.2951  8.2682  7.9570
  37  0.305287  3.6132  4.9852 -1.6571 16.5032 14.6962 12.6051 11.8137 10.9684 10.5822  9.6427  9.2021  9.0390  8.7264  8.2406  8.2139  7.9040
  38  0.317933  3.6152  4.9725 -1.6182 16.3313 14.5119 12.4573 11.6703 10.8418 10.4589  9.5317  9.0959  8.9342  8.6241  8.1425  8.1160  7.8087
  39  0.330754  3.6181  4.9568 -1.5736 16.1208 14.2875 12.2780 11.4965 10.6908 10.3120  9.4014  8.9719  8.8123  8.5057  8.0300  8.0039  7.7002
  40  0.340627  3.6208  4.9430 -1.5361 15.9381 14.0944 12.1229 11.3459 10.5607 10.1857  9.2901  8.8664  8.7085  8.4052  7.9349  7.9093  7.6091
  41  0.348344  3.6231  4.9311 -1.5054 15.7911 13.9404 11.9965 11.2228 10.4545 10.0825  9.1988  8.7800  8.6236  8.3230  7.8573  7.8320  7.5347
  42  0.357309  3.6258  4.9172 -1.4698 15.6227 13.7648 11.8495 11.0791 10.3304  9.9618  9.0921  8.6791  8.5243  8.2270  7.7668  7.7419  7.4481
  43  0.368895  3.6298  4.8998 -1.4226 15.4002 13.5321 11.6512 10.8847 10.1632  9.7995  8.9491  8.5443  8.3920  8.0996  7.6470  7.6227  7.3342
  44  0.382284  3.6350  4.8807 -1.3669 15.1300 13.2496 11.4070 10.6447  9.9597  9.6026  8.7766  8.3826  8.2334  7.9476  7.5055  7.4820  7.2006
  45  0.395339  3.6408  4.8627 -1.3112 14.8436 12.9503 11.1488 10.3914  9.7497  9.3998  8.6005  8.2184  8.0728  7.7944  7.3640  7.3414  7.0679
  46  0.405336  3.6457  4.8489 -1.2669 14.6022 12.7004 10.9344 10.1825  9.5807  9.2369  8.4596  8.0874  7.9448  7.6725  7.2518  7.2300  6.9632
  47  0.413396  3.6501  4.8378 -1.2297 14.3849 12.4776 10.7458  9.9999  9.4363  9.0981  8.3401  7.9766  7.8367  7.5699  7.1576  7.1364  6.8756
  48  0.420844  3.6546  4.8279 -1.1942 14.1655 12.2551 10.5591  9.8199  9.2969  8.9645  8.2254  7.8705  7.7333  7.4719  7.0679  7.0474  6.7926
  49  0.428052  3.6592  4.8186 -1.1591 13.9392 12.0275 10.3692  9.6379  9.1579  8.8315  8.1117  7.7654  7.6311  7.3750  6.9796  6.9598  6.7111
  50  0.435338  3.6640  4.8096 -1.1233 13.6971 11.7881 10.1708  9.4487  9.0155  8.6956  7.9956  7.6582  7.5269  7.2764  6.8899  6.8707  6.6285
  51  0.442646  3.6691  4.8010 -1.0873 13.4386 11.5387  9.9657  9.2546  8.8716  8.5589  7.8788  7.5504  7.4221  7.1773  6.7997  6.7814  6.5457
  52  0.447017  3.6722  4.7959 -1.0658 13.2781 11.3873  9.8421  9.1384  8.7863  8.4780  7.8097  7.4865  7.3599  7.1185  6.7462  6.7282  6.4965
  53  0.451436  3.6752  4.7909 -1.0440 13.1109 11.2324  9.7163  9.0208  8.7009  8.3971  7.7404  7.4222  7.2975  7.0592  6.6920  6.6746  6.4468
  54  0.455902  3.6785  4.7860 -1.0219 12.9343 11.0722  9.5869  8.9007  8.6144  8.3152  7.6703  7.3572  7.2344  6.9993  6.6374  6.6203  6.3965
  55  0.460405  3.6818  4.7812 -0.9996 12.7522 10.9098  9.4563  8.7802  8.5284  8.2337  7.6003  7.2922  7.1711  6.9393  6.5824  6.5657  6.3460
  56  0.464945  3.6852  4.7765 -0.9770 12.5594 10.7411  9.3213  8.6562  8.4406  8.1509  7.5295  7.2263  7.1071  6.8784  6.5267  6.5105  6.2949
  57  0.469509  3.6887  4.7719 -0.9541 12.3624 10.5715  9.1858  8.5322  8.3532  8.0686  7.4587  7.1605  7.0429  6.8174  6.4709  6.4551  6.2436
  58  0.474082  3.6922  4.7673 -0.9311 12.1610 10.4006  9.0496  8.4080  8.2656  7.9861  7.3879  7.0944  6.9786  6.7562  6.4149  6.3995  6.1921
  59  0.478646  3.6958  4.7626 -0.9081 11.9585 10.2308  8.9143  8.2848  8.1785  7.9044  7.3177  7.0287  6.9147  6.6952  6.3592  6.3441  6.1409
  60  0.483178  3.6993  4.7579 -0.8853 11.7592 10.0652  8.7822  8.1647  8.0931  7.8242  7.2488  6.9643  6.8517  6.6353  6.3043  6.2897  6.0904
  61  0.487649  3.7028  4.7533 -0.8626 11.5585  9.9003  8.6505  8.0452  8.0083  7.7449  7.1806  6.9006  6.7896  6.5762  6.2503  6.2362  6.0409
  62  0.492033  3.7061  4.7485 -0.8405 11.3656  9.7428  8.5244  7.9309  7.9267  7.6685  7.1148  6.8391  6.7296  6.5192  6.1979  6.1843  5.9928
  63  0.496297  3.7094  4.7437 -0.8189 11.1771  9.5902  8.4022  7.8205  7.8480  7.5948  7.0512  6.7795  6.6715  6.4637  6.1471  6.1338  5.9459
  64  0.500399  3.7125  4.7389 -0.7982 10.9992  9.4469  8.2872  7.7168  7.7737  7.5252  6.9910  6.7230  6.6162  6.4110  6.0984  6.0854  5.9009
  65  0.504332  3.7155  4.7343 -0.7782 10.8273  9.3092  8.1767  7.6174  7.7025  7.4586  6.9333  6.6687  6.5631  6.3604  6.0517  6.0390  5.8577
  66  0.508100  3.7183  4.7296 -0.7589 10.6659  9.1801  8.0728  7.5240  7.6350  7.3956  6.8786  6.6171  6.5126  6.3120  6.0070  5.9946  5.8162
  67  0.511708  3.7211  4.7251 -0.7403 10.5103  9.0561  7.9729  7.4343  7.5700  7.3348  6.8258  6.5674  6.4640  6.2655  5.9640  5.9519  5.7763
  68  0.515165  3.7237  4.7205 -0.7224 10.3632  8.9390  7.8787  7.3497  7.5081  7.2769  6.7754  6.5199  6.4175  6.2210  5.9227  5.9110  5.7380
  69  0.518492  3.7263  4.7161 -0.7049 10.2199  8.8253  7.7875  7.2679  7.4480  7.2207  6.7265  6.4738  6.3724  6.1780  5.8829  5.8714  5.7010
  70  0.521703  3.7287  4.7116 -0.6881 10.0845  8.7178  7.7013  7.1905  7.3905  7.1669  6.6796  6.4295  6.3290  6.1363  5.8444  5.8331  5.6651
  71  0.524815  3.7311  4.7073 -0.6715  9.9517  8.6126  7.6171  7.1152  7.3342  7.1143  6.6337  6.3863  6.2866  6.0958  5.8068  5.7958  5.6303
  72  0.527842  3.7334  4.7028 -0.6555  9.8262  8.5132  7.5372  7.0434  7.2802  7.0636  6.5894  6.3443  6.2455  6.0565  5.7703  5.7595  5.5962
  73  0.530804  3.7357  4.6984 -0.6395  9.7024  8.4151  7.4584  6.9727  7.2269  7.0136  6.5457  6.3030  6.2051  6.0177  5.7343  5.7238  5.5627
  74  0.533712  3.7378  4.6938 -0.6239  9.5848  8.3218  7.3830  6.9051  7.1753  6.9651  6.5030  6.2627  6.1655  5.9798  5.6990  5.6887  5.5298
  75  0.536581  3.7400  4.6892 -0.6083  9.4682  8.2293  7.3084  6.8383  7.1241  6.9169  6.4607  6.2227  6.1264  5.9423  5.6642  5.6541  5.4973
  76  0.539419  3.7421  4.6845 -0.5930  9.3564  8.1403  7.2367  6.7739  7.0742  6.8699  6.4192  6.1833  6.0878  5.9052  5.6297  5.6198  5.4650
  77  0.542240  3.7441  4.6798 -0.5776  9.2451  8.0517  7.1655  6.7101  7.0244  6.8228  6.3777  6.1441  6.0493  5.8683  5.5953  5.5857  5.4328
  78  0.545050  3.7462  4.6749 -0.5624  9.1368  7.9652  7.0961  6.6478  6.9751  6.7763  6.3367  6.1052  6.0112  5.8317  5.5612  5.5517  5.4009
  79  0.547865  3.7482  4.6699 -0.5471  9.0303  7.8800  7.0275  6.5863  6.9261  6.7299  6.2956  6.0663  5.9730  5.7952  5.5271  5.5178  5.3689
  80  0.550675  3.7502  4.6647 -0.5318  8.9264  7.7965  6.9602  6.5257  6.8774  6.6838  6.2547  6.0276  5.9350  5.7587  5.4932  5.4841  5.3371
  81  0.553469  3.7521  4.6594 -0.5166  8.8246  7.7148  6.8938  6.4661  6.8289  6.6379  6.2140  5.9890  5.8973  5.7226  5.4595  5.4505  5.3054
  82  0.557545  3.7549  4.6515 -0.4942  8.6789  7.5972  6.7985  6.3802  6.7586  6.5711  6.1547  5.9330  5.8423  5.6699  5.4104  5.4018  5.2593
  83  0.561664  3.7577  4.6432 -0.4717  8.5349  7.4806  6.7042  6.2953  6.6881  6.5040  6.0949  5.8762  5.7866  5.6165  5.3604  5.3520  5.2123
  84  0.565814  3.7604  4.6345 -0.4488  8.3940  7.3661  6.6117  6.2121  6.6179  6.4371  6.0347  5.8189  5.7304  5.5623  5.3095  5.3014  5.1642
  85  0.569980  3.7631  4.6254 -0.4257  8.2553  7.2531  6.5205  6.1300  6.5477  6.3700  5.9743  5.7612  5.6736  5.5076  5.2580  5.2501  5.1154
  86  0.574148  3.7658  4.6160 -0.4024  8.1192  7.1418  6.4306  6.0491  6.4777  6.3030  5.9135  5.7032  5.6166  5.4524  5.2060  5.1984  5.0661
  87  0.578304  3.7685  4.6065 -0.3790  7.9850  7.0319  6.3416  5.9690  6.4076  6.2358  5.8525  5.6449  5.5593  5.3971  5.1537  5.1463  5.0165
  88  0.582434  3.7712  4.5968 -0.3555  7.8532  6.9237  6.2537  5.8900  6.3377  6.1687  5.7915  5.5865  5.5018  5.3416  5.1013  5.0942  4.9668
  89  0.586523  3.7738  4.5868 -0.3320  7.7241  6.8173  6.1670  5.8119  6.2680  6.1018  5.7305  5.5280  5.4444  5.2860  5.0489  5.0419  4.9170
  90  0.590556  3.7764  4.5767 -0.3085  7.5976  6.7125  6.0816  5.7351  6.1987  6.0350  5.6695  5.4697  5.3871  5.2306  4.9964  4.9897  4.8672
  91  0.594518  3.7790  4.5665 -0.2850  7.4734  6.6095  5.9972  5.6591  6.1296  5.9686  5.6087  5.4116  5.3298  5.1753  4.9441  4.9376  4.8175
  92  0.598397  3.7816  4.5563 -0.2616  7.3515  6.5080  5.9140  5.5840  6.0609  5.9024  5.5482  5.3537  5.2729  5.1203  4.8921  4.8859  4.7681
  93  0.602194  3.7841  4.5459 -0.2382  7.2323  6.4084  5.8321  5.5102  5.9925  5.8365  5.4879  5.2959  5.2160  5.0654  4.8402  4.8341  4.7186
  94  0.605907  3.7867  4.5353 -0.2147  7.1153  6.3106  5.7516  5.4376  5.9245  5.7709  5.4275  5.2382  5.1592  5.0105  4.7882  4.7824  4.6692
  95  0.609539  3.7892  4.5245 -0.1913  7.0008  6.2147  5.6726  5.3662  5.8567  5.7055  5.3674  5.1804  5.1025  4.9554  4.7362  4.7305  4.6195
  96  0.613086  3.7917  4.5136 -0.1680  6.8891  6.1210  5.5949  5.2962  5.7894  5.6404  5.3073  5.1228  5.0456  4.9004  4.6839  4.6785  4.5698
  97  0.616545  3.7941  4.5022 -0.1447  6.7806  6.0295  5.5187  5.2273  5.7225  5.5756  5.2474  5.0652  4.9890  4.8455  4.6318  4.6265  4.5199
  98  0.619914  3.7964  4.4906 -0.1214  6.6742  5.9396  5.4435  5.1592  5.6558  5.5112  5.1877  5.0079  4.9325  4.7908  4.5797  4.5747  4.4702
  99  0.623190  3.7986  4.4786 -0.0982  6.5710  5.8519  5.3696  5.0921  5.5898  5.4472  5.1284  4.9508  4.8763  4.7363  4.5279  4.5230  4.4205
 100  0.626371  3.8007  4.4663 -0.0751  6.4697  5.7655  5.2964  5.0256  5.5240  5.3835  5.0694  4.8941  4.8206  4.6823  4.4763  4.4717  4.3711
 101  0.629457  3.8028  4.4536 -0.0521  6.3710  5.6811  5.2245  4.9602  5.4588  5.3203  5.0107  4.8378  4.7650  4.6284  4.4250  4.4206  4.3218
 102  0.632445  3.8048  4.4406 -0.0292  6.2755  5.5991  5.1543  4.8960  5.3942  5.2576  4.9524  4.7816  4.7097  4.5747  4.3737  4.3694  4.2724
 103  0.635337  3.8067  4.4273 -0.0064  6.1840  5.5200  5.0862  4.8334  5.3304  5.1957  4.8943  4.7255  4.6544  4.5209  4.3222  4.3181  4.2227
 104  0.638135  3.8084  4.4135  0.0161  6.0967  5.4441  5.0203  4.7728  5.2675  5.1344  4.8365  4.6696  4.5991  4.4670  4.2704  4.2663  4.1726
 105  0.640840  3.8100  4.3995  0.0386  6.0128  5.3710  4.9564  4.7135  5.2054  5.0737  4.7791  4.6138  4.5440  4.4130  4.2185  4.2145  4.1223
 106  0.643456  3.8115  4.3853  0.0609  5.9322  5.3001  4.8942  4.6557  5.1442  5.0138  4.7221  4.5583  4.4891  4.3592  4.1665  4.1627  4.0719
 107  0.645987  3.8130  4.3707  0.0830  5.8540  5.2311  4.8332  4.5989  5.0836  4.9545  4.6654  4.5031  4.4344  4.3057  4.1148  4.1110  4.0215
 108  0.648437  3.8144  4.3559  0.1049  5.7770  5.1633  4.7732  4.5430  5.0236  4.8957  4.6093  4.4484  4.3803  4.2526  4.0634  4.0598  3.9714
 109  0.650810  3.8157  4.3408  0.1267  5.7018  5.0969  4.7142  4.4879  4.9643  4.8376  4.5537  4.3941  4.3265  4.1999  4.0123  4.0087  3.9215
 110  0.653113  3.8169  4.3256  0.1483  5.6280  5.0316  4.6560  4.4338  4.9055  4.7800  4.4986  4.3403  4.2732  4.1476  3.9615  3.9580  3.8719
 111  0.655351  3.8180  4.3100  0.1698  5.5559  4.9677  4.5989  4.3804  4.8474  4.7229  4.4438  4.2869  4.2202  4.0956  3.9109  3.9075  3.8224
 112  0.656031  3.8183  4.3051  0.1764  5.5340  4.9482  4.5815  4.3641  4.8295  4.7054  4.4271  4.2705  4.2040  4.0796  3.8954  3.8919  3.8071
 113  0.656709  3.8187  4.3002  0.1830  5.5116  4.9284  4.5638  4.3476  4.8114  4.6876  4.4100  4.2539  4.1875  4.0634  3.8796  3.8762  3.7917
 114  0.657384  3.8190  4.2954  0.1897  5.4896  4.9088  4.5462  4.3311  4.7934  4.6700  4.3931  4.2373  4.1711  4.0473  3.8639  3.8606  3.7763
 115  0.658057  3.8193  4.2905  0.1966  5.4663  4.8882  4.5279  4.3141  4.7747  4.6516  4.3756  4.2202  4.1542  4.0307  3.8478  3.8445  3.7605
 116  0.658727  3.8197  4.2856  0.2034  5.4434  4.8680  4.5098  4.2973  4.7562  4.6335  4.3582  4.2032  4.1374  4.0142  3.8318  3.8285  3.7448
 117  0.659393  3.8201  4.2807  0.2103  5.4197  4.8472  4.4913  4.2801  4.7372  4.6149  4.3405  4.1860  4.1203  3.9974  3.8156  3.8123  3.7290
 118  0.660056  3.8206  4.2759  0.2173  5.3951  4.8257  4.4724  4.2625  4.7179  4.5960  4.3224  4.1684  4.1029  3.9804  3.7992  3.7959  3.7130
 119  0.660716  3.8211  4.2710  0.2244  5.3704  4.8040  4.4534  4.2449  4.6983  4.5769  4.3042  4.1508  4.0854  3.9633  3.7826  3.7794  3.6969
 120  0.661374  3.8215  4.2662  0.2316  5.3457  4.7825  4.4343  4.2272  4.6787  4.5576  4.2859  4.1329  4.0678  3.9461  3.7660  3.7628  3.6807
 121  0.662027  3.8219  4.2611  0.2388  5.3210  4.7607  4.4149  4.2093  4.6588  4.5381  4.2673  4.1149  4.0500  3.9285  3.7490  3.7459  3.6642
 122  0.662678  3.8224  4.2559  0.2462  5.2967  4.7391  4.3957  4.1913  4.6388  4.5186  4.2486  4.0966  4.0318  3.9108  3.7318  3.7287  3.6473
 123  0.663323  3.8227  4.2504  0.2536  5.2729  4.7179  4.3764  4.1731  4.6186  4.4988  4.2295  4.0779  4.0134  3.8927  3.7142  3.7111  3.6301
 124  0.663963  3.8230  4.2446  0.2611  5.2495  4.6968  4.3571  4.1549  4.5984  4.4788  4.2103  4.0590  3.9946  3.8742  3.6962  3.6930  3.6123
 125  0.664598  3.8234  4.2386  0.2688  5.2264  4.6758  4.3377  4.1364  4.5779  4.4587  4.1907  4.0399  3.9756  3.8554  3.6778  3.6748  3.5943
 126  0.665228  3.8236  4.2323  0.2765  5.2035  4.6549  4.3184  4.1178  4.5573  4.4384  4.1710  4.0205  3.9563  3.8364  3.6592  3.6560  3.5759
 127  0.665853  3.8239  4.2259  0.2843  5.1808  4.6340  4.2988  4.0991  4.5366  4.4180  4.1511  4.0008  3.9367  3.8170  3.6402  3.6371  3.5570
 128  0.666472  3.8241  4.2192  0.2923  5.1581  4.6130  4.2791  4.0801  4.5156  4.3972  4.1309  3.9809  3.9170  3.7974  3.6209  3.6178  3.5380
 129  0.667087  3.8243  4.2123  0.3002  5.1357  4.5922  4.2594  4.0612  4.4946  4.3764  4.1106  3.9608  3.8970  3.7776  3.6014  3.5983  3.5186
 130  0.667697  3.8244  4.2053  0.3083  5.1135  4.5714  4.2397  4.0420  4.4736  4.3555  4.0900  3.9405  3.8767  3.7575  3.5815  3.5785  3.4989
 131  0.668301  3.8246  4.1981  0.3165  5.0912  4.5505  4.2197  4.0227  4.4522  4.3344  4.0693  3.9199  3.8562  3.7373  3.5615  3.5585  3.4790
 132  0.668901  3.8247  4.1907  0.3247  5.0690  4.5296  4.1997  4.0032  4.4308  4.3131  4.0484  3.8992  3.8356  3.7168  3.5412  3.5382  3.4588
 133  0.669494  3.8247  4.1831  0.3330  5.0472  4.5088  4.1797  3.9836  4.4092  4.2917  4.0273  3.8782  3.8147  3.6960  3.5206  3.5175  3.4382
 134  0.670080  3.8248  4.1751  0.3414  5.0258  4.4882  4.1596  3.9639  4.3875  4.2702  4.0059  3.8570  3.7936  3.6749  3.4996  3.4966  3.4173
 135  0.670659  3.8248  4.1669  0.3500  5.0046  4.4677  4.1395  3.9441  4.3658  4.2484  3.9844  3.8356  3.7721  3.6536  3.4783  3.4752  3.3959
 136  0.671231  3.8247  4.1585  0.3586  4.9838  4.4473  4.1193  3.9241  4.3439  4.2267  3.9627  3.8139  3.7504  3.6319  3.4567  3.4535  3.3742
 137  0.671796  3.8246  4.1497  0.3672  4.9633  4.4271  4.0991  3.9039  4.3219  4.2047  3.9408  3.7920  3.7286  3.6099  3.4347  3.4316  3.3521
 138  0.672352  3.8244  4.1407  0.3760  4.9432  4.4070  4.0789  3.8837  4.2999  4.1827  3.9187  3.7698  3.7064  3.5877  3.4123  3.4093  3.3296
 139  0.672900  3.8242  4.1314  0.3850  4.9233  4.3870  4.0585  3.8632  4.2778  4.1604  3.8964  3.7475  3.6839  3.5652  3.3897  3.3866  3.3068
 140  0.673439  3.8240  4.1218  0.3938  4.9040  4.3672  4.0382  3.8428  4.2556  4.1382  3.8739  3.7248  3.6613  3.5424  3.3667  3.3636  3.2835
 141  0.673969  3.8237  4.1119  0.4030  4.8851  4.3477  4.0179  3.8220  4.2332  4.1157  3.8512  3.7020  3.6384  3.5193  3.3434  3.3402  3.2599
 142  0.674490  3.8233  4.1016  0.4121  4.8668  4.3284  3.9976  3.8013  4.2109  4.0933  3.8283  3.6789  3.6151  3.4960  3.3197  3.3165  3.2358
 143  0.675000  3.8229  4.0910  0.4213  4.8492  4.3095  3.9773  3.7803  4.1886  4.0707  3.8053  3.6555  3.5917  3.4722  3.2955  3.2923  3.2113
 144  0.675499  3.8225  4.0800  0.4307  4.8323  4.2909  3.9571  3.7594  4.1663  4.0481  3.7821  3.6320  3.5680  3.4482  3.2710  3.2678  3.1862
 145  0.675986  3.8219  4.0687  0.4401  4.8167  4.2731  3.9372  3.7383  4.1440  4.0255  3.7587  3.6081  3.5439  3.4238  3.2460  3.2427  3.1606
 146  0.676463  3.8212  4.0568  0.4496  4.8025  4.2559  3.9173  3.7172  4.1218  4.0029  3.7351  3.5840  3.5196  3.3990  3.2206  3.2172  3.1346
 147  0.676927  3.8205  4.0447  0.4591  4.7896  4.2394  3.8979  3.6961  4.0997  3.9803  3.7114  3.5596  3.4950  3.3739  3.1946  3.1912  3.1080
 148  0.677380  3.8197  4.0320  0.4688  4.7790  4.2244  3.8788  3.6748  4.0778  3.9578  3.6874  3.5349  3.4699  3.3483  3.1681  3.1646  3.0806
 149  0.677819  3.8188  4.0190  0.4786  4.7708  4.2107  3.8603  3.6537  4.0562  3.9353  3.6633  3.5098  3.4445  3.3222  3.1409  3.1374  3.0526
 150  0.678245  3.8178  4.0054  0.4884  4.7651  4.1984  3.8422  3.6325  4.0348  3.9130  3.6391  3.4845  3.4188  3.2956  3.1132  3.1096  3.0238
 151  0.678657  3.8166  3.9912  0.4982  4.7617  4.1875  3.8248  3.6114  4.0138  3.8909  3.6147  3.4589  3.3927  3.2686  3.0848  3.0811  2.9944
 152  0.679056  3.8153  3.9766  0.5081  4.7602  4.1776  3.8078  3.5905  3.9930  3.8690  3.5904  3.4331  3.3664  3.2414  3.0561  3.0523  2.9644
 153  0.679441  3.8140  3.9614  0.5181  4.7592  4.1681  3.7911  3.5698  3.9724  3.8472  3.5660  3.4075  3.3402  3.2140  3.0272  3.0233  2.9342
 154  0.679812  3.8126  3.9457  0.5281  4.7578  4.1585  3.7744  3.5495  3.9519  3.8255  3.5419  3.3818  3.3140  3.1868  2.9983  2.9942  2.9039
 155  0.680169  3.8110  3.9296  0.5382  4.7560  4.1489  3.7579  3.5296  3.9315  3.8041  3.5177  3.3564  3.2880  3.1597  2.9694  2.9652  2.8735
 156  0.680513  3.8093  3.9128  0.5483  4.7553  4.1400  3.7419  3.5101  3.9114  3.7828  3.4938  3.3309  3.2621  3.1326  2.9403  2.9360  2.8427
 157  0.680843  3.8074  3.8955  0.5584  4.7565  4.1323  3.7265  3.4910  3.8917  3.7618  3.4700  3.3055  3.2360  3.1053  2.9110  2.9066  2.8116
 158  0.681160  3.8054  3.8777  0.5686  4.7604  4.1264  3.7120  3.4722  3.8725  3.7412  3.4462  3.2801  3.2100  3.0778  2.8813  2.8767  2.7800
 159  0.681464  3.8033  3.8593  0.5787  4.7672  4.1221  3.6982  3.4538  3.8537  3.7210  3.4227  3.2546  3.1838  3.0502  2.8513  2.8466  2.7480
 160  0.681755  3.8011  3.8405  0.5888  4.7771  4.1197  3.6855  3.4360  3.8356  3.7011  3.3992  3.2293  3.1576  3.0225  2.8211  2.8163  2.7156
 161  0.682034  3.7986  3.8206  0.5990  4.7919  4.1207  3.6746  3.4194  3.8186  3.6823  3.3762  3.2039  3.1315  2.9947  2.7905  2.7854  2.6825
 162  0.682269  3.7961  3.8016  0.6079  4.8126  4.1266  3.6676  3.4064  3.8051  3.6668  3.3563  3.1818  3.1084  2.9698  2.7628  2.7575  2.6523
 163  0.682504  3.7934  3.7822  0.6170  4.8375  4.1350  3.6620  3.3940  3.7918  3.6513  3.3360  3.1590  3.0848  2.9443  2.7341  2.7286  2.6210
 164  0.682734  3.7907  3.7621  0.6263  4.8679  4.1471  3.6580  3.3824  3.7790  3.6360  3.3154  3.1355  3.0603  2.9178  2.7043  2.6985  2.5885
 165  0.682962  3.7878  3.7413  0.6357  4.9025  4.1616  3.6553  3.3714  3.7663  3.6207  3.2943  3.1116  3.0352  2.8905  2.6736  2.6677  2.5550
 166  0.683187  3.7848  3.7198  0.6455  4.9391  4.1776  3.6534  3.3612  3.7536  3.6053  3.2730  3.0873  3.0099  2.8629  2.6425  2.6363  2.5209
 167  0.683407  3.7811  3.6954  0.6552  4.9910  4.2038  3.6576  3.3550  3.7435  3.5920  3.2524  3.0632  2.9844  2.8347  2.6101  2.6036  2.4848
 168  0.683622  3.7773  3.6705  0.6650  5.0496  4.2346  3.6647  3.3513  3.7344  3.5793  3.2317  3.0386  2.9584  2.8058  2.5767  2.5699  2.4476
 169  0.683834  3.7737  3.6460  0.6752  5.1077  4.2652  3.6717  3.3477  3.7246  3.5658  3.2105  3.0135  2.9319  2.7767  2.5431  2.5360  2.4103
 170  0.684047  3.7707  3.6236  0.6856  5.1516  4.2858  3.6727  3.3400  3.7111  3.5495  3.1878  2.9878  2.9052  2.7477  2.5105  2.5032  2.3747
 171  0.684255  3.7681  3.6024  0.6965  5.1861  4.2997  3.6697  3.3296  3.6950  3.5309  3.1638  2.9613  2.8777  2.7184  2.4782  2.4706  2.3396
 172  0.684458  3.7656  3.5816  0.7076  5.2174  4.3114  3.6650  3.3179  3.6776  3.5110  3.1389  2.9340  2.8496  2.6884  2.4454  2.4375  2.3043
 173  0.684656  3.7634  3.5611  0.7192  5.2448  4.3201  3.6583  3.3047  3.6586  3.4898  3.1130  2.9059  2.8207  2.6578  2.4122  2.4041  2.2688
 174  0.684846  3.7613  3.5410  0.7310  5.2682  4.3261  3.6497  3.2901  3.6380  3.4670  3.0859  2.8768  2.7910  2.6266  2.3786  2.3703  2.2330
 175  0.685030  3.7594  3.5212  0.7433  5.2882  4.3296  3.6394  3.2740  3.6161  3.4431  3.0578  2.8469  2.7603  2.5946  2.3442  2.3358  2.1967
 176  0.685206  3.7576  3.5015  0.7559  5.3046  4.3304  3.6274  3.2567  3.5928  3.4179  3.0288  2.8162  2.7291  2.5620  2.3096  2.3010  2.1602
 177  0.685376  3.7559  3.4823  0.7688  5.3176  4.3286  3.6135  3.2379  3.5681  3.3916  2.9990  2.7848  2.6971  2.5289  2.2745  2.2658  2.1234
 178  0.685540  3.7544  3.4631  0.7818  5.3278  4.3249  3.5984  3.2181  3.5425  3.3643  2.9684  2.7527  2.6645  2.4952  2.2390  2.2302  2.0862
 179  0.685699  3.7530  3.4444  0.7952  5.3337  4.3181  3.5813  3.1969  3.5158  3.3361  2.9371  2.7200  2.6313  2.4610  2.2033  2.1942  2.0489
 180  0.685853  3.7517  3.4258  0.8085  5.3378  4.3101  3.5635  3.1751  3.4886  3.3074  2.9053  2.6870  2.5979  2.4266  2.1672  2.1581  2.0116
 181  0.686002  3.7506  3.4076  0.8222  5.3383  4.2997  3.5442  3.1523  3.4604  3.2778  2.8731  2.6535  2.5640  2.3918  2.1310  2.1218  1.9741
 182  0.686143  3.7495  3.3905  0.8354  5.3362  4.2878  3.5244  3.1295  3.4326  3.2489  2.8418  2.6211  2.5311  2.3583  2.0961  2.0868  1.9381
 183  0.686284  3.7485  3.3732  0.8487  5.3318  4.2742  3.5035  3.1058  3.4041  3.2192  2.8097  2.5880  2.4977  2.3240  2.0608  2.0513  1.9017
 184  0.686423  3.7477  3.3560  0.8624  5.3251  4.2589  3.4815  3.0810  3.3746  3.1886  2.7769  2.5542  2.4635  2.2891  2.0247  2.0152  1.8647
 185  0.686561  3.7467  3.3388  0.8762  5.3175  4.2429  3.4588  3.0557  3.3446  3.1576  2.7438  2.5201  2.4291  2.2540  1.9885  1.9789  1.8274
 186  0.686698  3.7459  3.3217  0.8902  5.3077  4.2251  3.4350  3.0295  3.3139  3.1259  2.7100  2.4855  2.3942  2.2185  1.9518  1.9421  1.7899
 187  0.686836  3.7452  3.3048  0.9044  5.2953  4.2056  3.4098  3.0023  3.2823  3.0935  2.6759  2.4506  2.3590  2.1826  1.9151  1.9054  1.7524
 188  0.686972  3.7445  3.2877  0.9186  5.2828  4.1858  3.3844  2.9748  3.2507  3.0609  2.6415  2.4154  2.3236  2.1467  1.8783  1.8684  1.7147
 189  0.687109  3.7438  3.2706  0.9330  5.2684  4.1647  3.3580  2.9463  3.2181  3.0276  2.6066  2.3797  2.2877  2.1102  1.8410  1.8311  1.6767
 190  0.687243  3.7431  3.2535  0.9476  5.2531  4.1427  3.3309  2.9173  3.1850  2.9937  2.5712  2.3437  2.2514  2.0734  1.8034  1.7934  1.6384
 191  0.687378  3.7425  3.2362  0.9624  5.2369  4.1200  3.3031  2.8878  3.1514  2.9593  2.5353  2.3071  2.2146  2.0362  1.7654  1.7553  1.5996
 192  0.687511  3.7419  3.2189  0.9774  5.2197  4.0964  3.2747  2.8575  3.1171  2.9243  2.4989  2.2702  2.1774  1.9985  1.7269  1.7169  1.5605
 193  0.687644  3.7413  3.2015  0.9924  5.2015  4.0720  3.2455  2.8265  3.0823  2.8888  2.4621  2.2326  2.1397  1.9605  1.6882  1.6780  1.5210
 194  0.687775  3.7407  3.1839  1.0078  5.1825  4.0469  3.2157  2.7951  3.0469  2.8528  2.4248  2.1948  2.1017  1.9220  1.6490  1.6388  1.4813
 195  0.687906  3.7402  3.1662  1.0233  5.1631  4.0214  3.1854  2.7631  3.0110  2.8162  2.3869  2.1564  2.0632  1.8830  1.6094  1.5991  1.4410
 196  0.688036  3.7396  3.1483  1.0389  5.1429  3.9951  3.1545  2.7306  2.9746  2.7791  2.3487  2.1176  2.0242  1.8437  1.5694  1.5590  1.4004
 197  0.688164  3.7391  3.1304  1.0548  5.1217  3.9679  3.1229  2.6973  2.9376  2.7414  2.3099  2.0783  1.9848  1.8039  1.5290  1.5186  1.3594
 198  0.688292  3.7385  3.1120  1.0710  5.1006  3.9407  3.0909  2.6637  2.8998  2.7032  2.2703  2.0383  1.9446  1.7633  1.4877  1.4772  1.3175
 199  0.688418  3.7380  3.0937  1.0874  5.0782  3.9124  3.0581  2.6294  2.8616  2.6642  2.2303  1.9979  1.9040  1.7223  1.4461  1.4356  1.2753
 200  0.688540  3.7374  3.0746  1.1043  5.0550  3.8832  3.0243  2.5938  2.8220  2.6241  2.1890  1.9561  1.8620  1.6800  1.4032  1.3926  1.2318
 201  0.688659  3.7368  3.0551  1.1217  5.0314  3.8532  2.9893  2.5572  2.7812  2.5826  2.1463  1.9129  1.8187  1.6363  1.3589  1.3483  1.1869
 202  0.688776  3.7363  3.0351  1.1395  5.0072  3.8225  2.9536  2.5198  2.7395  2.5402  2.1028  1.8688  1.7744  1.5917  1.3137  1.3030  1.1410
 203  0.688890  3.7358  3.0146  1.1577  4.9828  3.7913  2.9172  2.4817  2.6970  2.4969  2.0583  1.8239  1.7293  1.5462  1.2674  1.2567  1.0941
 204  0.689000  3.7351  2.9938  1.1763  4.9582  3.7598  2.8803  2.4431  2.6536  2.4529  2.0131  1.7781  1.6833  1.4998  1.2204  1.2096  1.0464
 205  0.689108  3.7345  2.9724  1.1951  4.9350  3.7289  2.8435  2.4041  2.6097  2.4083  1.9669  1.7313  1.6364  1.4524  1.1722  1.1613  0.9975
 206  0.689213  3.7338  2.9506  1.2144  4.9114  3.6973  2.8059  2.3646  2.5650  2.3628  1.9200  1.6838  1.5887  1.4043  1.1232  1.1124  0.9478
 207  0.689316  3.7331  2.9283  1.2340  4.8879  3.6658  2.7680  2.3245  2.5197  2.3166  1.8723  1.6354  1.5402  1.3553  1.0735  1.0625  0.8972
 208  0.689414  3.7325  2.9058  1.2539  4.8645  3.6339  2.7296  2.2839  2.4737  2.2697  1.8239  1.5863  1.4908  1.3055  1.0228  1.0117  0.8458
 209  0.689511  3.7318  2.8828  1.2741  4.8418  3.6022  2.6911  2.2431  2.4271  2.2222  1.7747  1.5365  1.4407  1.2549  0.9714  0.9602  0.7934
 210  0.689605  3.7310  2.8596  1.2945  4.8183  3.5699  2.6519  2.2015  2.3799  2.1742  1.7249  1.4860  1.3901  1.2036  0.9193  0.9081  0.7406
 211  0.689694  3.7303  2.8360  1.3153  4.7961  3.5382  2.6127  2.1599  2.3324  2.1255  1.6745  1.4349  1.3386  1.1517  0.8664  0.8551  0.6869
 212  0.689783  3.7296  2.8122  1.3363  4.7737  3.5063  2.5732  2.1179  2.2843  2.0765  1.6235  1.3831  1.2866  1.0991  0.8129  0.8016  0.6325
 213  0.689867  3.7289  2.7880  1.3574  4.7517  3.4743  2.5334  2.0755  2.2357  2.0269  1.5719  1.3307  1.2340  1.0459  0.7588  0.7473  0.5776
 214  0.689950  3.7281  2.7637  1.3789  4.7304  3.4426  2.4936  2.0329  2.1868  1.9768  1.5199  1.2778  1.1808  0.9922  0.7040  0.6924  0.5219
 215  0.690029  3.7274  2.7390  1.4006  4.7092  3.4110  2.4535  1.9901  2.1375  1.9263  1.4672  1.2244  1.1271  0.9378  0.6487  0.6371  0.4657
 216  0.690105  3.7266  2.7142  1.4224  4.6887  3.3796  2.4135  1.9472  2.0878  1.8755  1.4142  1.1705  1.0729  0.8829  0.5929  0.5812  0.4089
 217  0.690120  3.7265  2.7096  1.4264  4.6849  3.3738  2.4061  1.9392  2.0787  1.8661  1.4045  1.1605  1.0629  0.8729  0.5826  0.5709  0.3986
 218  0.690133  3.7263  2.7050  1.4304  4.6814  3.3682  2.3988  1.9314  2.0695  1.8568  1.3947  1.1506  1.0529  0.8628  0.5723  0.5606  0.3881
 219  0.690147  3.7262  2.7004  1.4345  4.6777  3.3624  2.3914  1.9235  2.0604  1.8474  1.3849  1.1406  1.0429  0.8527  0.5620  0.5502  0.3775
 220  0.690161  3.7260  2.6958  1.4385  4.6738  3.3566  2.3839  1.9154  2.0512  1.8379  1.3751  1.1306  1.0329  0.8424  0.5516  0.5399  0.3670
 221  0.690174  3.7259  2.6911  1.4427  4.6702  3.3509  2.3766  1.9075  2.0420  1.8285  1.3652  1.1205  1.0227  0.8321  0.5411  0.5294  0.3564
 222  0.690187  3.7257  2.6864  1.4467  4.6667  3.3451  2.3691  1.8996  2.0327  1.8190  1.3553  1.1104  1.0125  0.8220  0.5307  0.5189  0.3459
 223  0.690201  3.7256  2.6817  1.4508  4.6631  3.3395  2.3617  1.8916  2.0234  1.8095  1.3453  1.1004  1.0023  0.8116  0.5202  0.5084  0.3351
 224  0.690215  3.7254  2.6770  1.4550  4.6596  3.3337  2.3543  1.8835  2.0141  1.7999  1.3353  1.0901  0.9921  0.8013  0.5097  0.4978  0.3243
 225  0.690228  3.7253  2.6722  1.4591  4.6558  3.3279  2.3467  1.8754  2.0047  1.7903  1.3253  1.0799  0.9818  0.7909  0.4991  0.4872  0.3136
 226  0.690241  3.7251  2.6675  1.4633  4.6521  3.3220  2.3392  1.8672  1.9952  1.7806  1.3152  1.0696  0.9715  0.7804  0.4884  0.4765  0.3028
 227  0.690371  3.7235  2.6187  1.5061  4.6153  3.2629  2.2619  1.7841  1.8984  1.6813  1.2115  0.9642  0.8655  0.6731  0.3791  0.3671  0.1917
 228  0.690493  3.7220  2.5689  1.5497  4.5796  3.2039  2.1838  1.7001  1.8000  1.5804  1.1060  0.8569  0.7577  0.5640  0.2678  0.2557  0.0786
 229  0.690599  3.7206  2.5215  1.5911  4.5477  3.1492  2.1103  1.6207  1.7066  1.4846  1.0058  0.7550  0.6552  0.4603  0.1622  0.1498 -0.0289
 230  0.690700  3.7189  2.4726  1.6336  4.5219  3.0978  2.0376  1.5414  1.6120  1.3873  0.9036  0.6509  0.5505  0.3543  0.0539  0.0413 -0.1392
 231  0.690791  3.7172  2.4239  1.6757  4.5001  3.0493  1.9669  1.4639  1.5187  1.2911  0.8025  0.5478  0.4468  0.2493 -0.0533 -0.0661 -0.2484
 232  0.690877  3.7155  2.3744  1.7183  4.4829  3.0035  1.8972  1.3870  1.4251  1.1944  0.7004  0.4437  0.3420  0.1430 -0.1620 -0.1749 -0.3592
 233  0.690953  3.7138  2.3264  1.7596  4.4691  2.9614  1.8309  1.3134  1.3348  1.1009  0.6017  0.3430  0.2407  0.0402 -0.2671 -0.2802 -0.4664
 234  0.691025  3.7121  2.2776  1.8015  4.4580  2.9208  1.7647  1.2399  1.2437  1.0065  0.5018  0.2409  0.1379 -0.0639 -0.3736 -0.3870 -0.5752
 235  0.691091  3.7103  2.2284  1.8437  4.4499  2.8821  1.6993  1.1667  1.1522  0.9116  0.4011  0.1381  0.0344 -0.1689 -0.4811 -0.4947 -0.6848
 236  0.691151  3.7086  2.1807  1.8845  4.4448  2.8469  1.6372  1.0971  1.0643  0.8203  0.3041  0.0390 -0.0654 -0.2702 -0.5849 -0.5986 -0.7909
 237  0.691205  3.7069  2.1338  1.9247  4.4420  2.8140  1.5772  1.0295  0.9782  0.7307  0.2088 -0.0585 -0.1635 -0.3698 -0.6869 -0.7009 -0.8950
 238  0.691256  3.7051  2.0857  1.9657  4.4424  2.7831  1.5173  0.9615  0.8908  0.6395  0.1115 -0.1581 -0.2637 -0.4715 -0.7912 -0.8054 -1.0015
 239  0.691303  3.7035  2.0395  2.0053  4.4451  2.7555  1.4607  0.8971  0.8071  0.5522  0.0180 -0.2537 -0.3601 -0.5695 -0.8916 -0.9060 -1.1041
 240  0.691345  3.7017  1.9934  2.0445  4.4532  2.7324  1.4070  0.8354  0.7253  0.4664 -0.0742 -0.3483 -0.4555 -0.6665 -0.9913 -1.0058 -1.2060
 241  0.691385  3.6999  1.9467  2.0839  4.4683  2.7149  1.3562  0.7762  0.6446  0.3814 -0.1664 -0.4432 -0.5511 -0.7639 -1.0914 -1.1062 -1.3087
 242  0.691421  3.6981  1.9024  2.1210  4.4865  2.7023  1.3099  0.7221  0.5693  0.3018 -0.2529 -0.5323 -0.6411 -0.8556 -1.1859 -1.2010 -1.4056
 243  0.691454  3.6964  1.8594  2.1572  4.5074  2.6931  1.2665  0.6711  0.4970  0.2251 -0.3366 -0.6188 -0.7284 -0.9446 -1.2778 -1.2930 -1.4999
 244  0.691485  3.6949  1.8215  2.1890  4.5252  2.6855  1.2284  0.6264  0.4334  0.1575 -0.4106 -0.6951 -0.8054 -1.0232 -1.3588 -1.3743 -1.5830
 245  0.691514  3.6937  1.7912  2.2147  4.5374  2.6785  1.1974  0.5900  0.3819  0.1029 -0.4701 -0.7565 -0.8675 -1.0864 -1.4241 -1.4396 -1.6499
 246  0.691542  3.6930  1.7697  2.2333  4.5400  2.6693  1.1723  0.5617  0.3433  0.0624 -0.5137 -0.8013 -0.9127 -1.1325 -1.4713 -1.4870 -1.6981
 247  0.691570  3.6916  1.7340  2.2634  4.5580  2.6649  1.1378  0.5209  0.2838 -0.0010 -0.5832 -0.8732 -0.9853 -1.2066 -1.5478 -1.5637 -1.7767
 248  0.691596  3.6896  1.6863  2.3032  4.5907  2.6667  1.0973  0.4715  0.2077 -0.0827 -0.6742 -0.9675 -1.0806 -1.3041 -1.6487 -1.6648 -1.8805
 249  0.691619  3.6877  1.6406  2.3412  4.6217  2.6696  1.0594  0.4249  0.1352 -0.1607 -0.7610 -1.0576 -1.1717 -1.3974 -1.7453 -1.7617 -1.9797
 250  0.691641  3.6859  1.5977  2.3771  4.6518  2.6743  1.0248  0.3822  0.0673 -0.2339 -0.8426 -1.1423 -1.2573 -1.4850 -1.8360 -1.8527 -2.0730
 251  0.691662  3.6842  1.5560  2.4118  4.6818  2.6810  0.9923  0.3418  0.0021 -0.3043 -0.9213 -1.2241 -1.3401 -1.5697 -1.9237 -1.9406 -2.1632
 252  0.691680  3.6824  1.5137  2.4470  4.7136  2.6907  0.9611  0.3025 -0.0633 -0.3751 -1.0007 -1.3066 -1.4235 -1.6551 -2.0124 -2.0295 -2.2545
 253  0.691697  3.6804  1.4696  2.4833  4.7513  2.7067  0.9324  0.2652 -0.1291 -0.4469 -1.0820 -1.3914 -1.5094 -1.7432 -2.1040 -2.1214 -2.3489
 254  0.691714  3.6785  1.4259  2.5193  4.7894  2.7257  0.9057  0.2301 -0.1935 -0.5173 -1.1621 -1.4750 -1.5940 -1.8301 -2.1944 -2.2121 -2.4422
 255  0.691728  3.6765  1.3829  2.5546  4.8283  2.7479  0.8816  0.1978 -0.2553 -0.5853 -1.2400 -1.5565 -1.6766 -1.9150 -2.2830 -2.3008 -2.5337
 256  0.691742  3.6747  1.3409  2.5889  4.8673  2.7731  0.8602  0.1682 -0.3143 -0.6508 -1.3155 -1.6358 -1.7569 -1.9976 -2.3692 -2.3875 -2.6229
 257  0.691754  3.6727  1.2994  2.6228  4.9073  2.8012  0.8407  0.1409 -0.3717 -0.7147 -1.3895 -1.7135 -1.8359 -2.0790 -2.4543 -2.4728 -2.7109
 258  0.691767  3.6709  1.2590  2.6558  4.9472  2.8320  0.8237  0.1162 -0.4263 -0.7758 -1.4610 -1.7887 -1.9122 -2.1577 -2.5368 -2.5555 -2.7963
 259  0.691778  3.6690  1.2190  2.6883  4.9866  2.8652  0.8084  0.0935 -0.4794 -0.8356 -1.5311 -1.8628 -1.9873 -2.2353 -2.6181 -2.6372 -2.8807
 260  0.691788  3.6672  1.1798  2.7202  5.0254  2.9014  0.7952  0.0730 -0.5302 -0.8932 -1.5994 -1.9349 -2.0606 -2.3110 -2.6976 -2.7170 -2.9632
 261  0.691798  3.6654  1.1413  2.7515  5.0624  2.9396  0.7837  0.0546 -0.5792 -0.9490 -1.6658 -2.0054 -2.1322 -2.3851 -2.7755 -2.7952 -3.0441
 262  0.691807  3.6636  1.1037  2.7821  5.0965  2.9796  0.7737  0.0379 -0.6261 -1.0029 -1.7304 -2.0739 -2.2017 -2.4571 -2.8514 -2.8713 -3.1231
 263  0.691815  3.6618  1.0666  2.8122  5.1276  3.0217  0.7653  0.0231 -0.6714 -1.0551 -1.7934 -2.1409 -2.2699 -2.5278 -2.9260 -2.9462 -3.2006
 264  0.691822  3.6601  1.0299  2.8418  5.1565  3.0664  0.7588  0.0102 -0.7148 -1.1056 -1.8548 -2.2064 -2.3366 -2.5971 -2.9991 -3.0196 -3.2768
 265  0.691829  3.6583  0.9942  2.8705  5.1839  3.1150  0.7552  0.0007 -0.7551 -1.1534 -1.9138 -2.2696 -2.4010 -2.6641 -3.0702 -3.0910 -3.3509
 266  0.691836  3.6566  0.9587  2.8988  5.2092  3.1673  0.7544 -0.0061 -0.7933 -1.1991 -1.9712 -2.3313 -2.4639 -2.7296 -3.1399 -3.1610 -3.4238
 267  0.691842  3.6548  0.9238  2.9267  5.2302  3.2216  0.7552 -0.0109 -0.8296 -1.2432 -2.0271 -2.3916 -2.5254 -2.7938 -3.2084 -3.2298 -3.4955
 268  0.691848  3.6531  0.8893  2.9540  5.2473  3.2775  0.7579 -0.0136 -0.8639 -1.2855 -2.0812 -2.4502 -2.5851 -2.8564 -3.2752 -3.2969 -3.5656
 269  0.691853  3.6512  0.8555  2.9808  5.2611  3.3347  0.7621 -0.0145 -0.8964 -1.3259 -2.1337 -2.5072 -2.6435 -2.9175 -3.3406 -3.3627 -3.6344
 270  0.691859  3.6495  0.8222  3.0071  5.2710  3.3917  0.7670 -0.0143 -0.9274 -1.3650 -2.1848 -2.5629 -2.7005 -2.9773 -3.4048 -3.4272 -3.7018
 271  0.691864  3.6478  0.7897  3.0328  5.2775  3.4476  0.7723 -0.0133 -0.9569 -1.4025 -2.2342 -2.6169 -2.7557 -3.0353 -3.4672 -3.4899 -3.7674
 272  0.691868  3.6461  0.7576  3.0581  5.2810  3.5033  0.7782 -0.0115 -0.9853 -1.4388 -2.2826 -2.6699 -2.8098 -3.0924 -3.5286 -3.5516 -3.8320
 273  0.691872  3.6444  0.7260  3.0831  5.2817  3.5580  0.7842 -0.0091 -1.0125 -1.4742 -2.3299 -2.7219 -2.8629 -3.1484 -3.5889 -3.6123 -3.8957
 274  0.691877  3.6428  0.6952  3.1074  5.2803  3.6112  0.7904 -0.0063 -1.0384 -1.5082 -2.3757 -2.7722 -2.9145 -3.2028 -3.6477 -3.6713 -3.9576
 275  0.691880  3.6412  0.6650  3.1311  5.2767  3.6629  0.7965 -0.0032 -1.0633 -1.5410 -2.4202 -2.8212 -2.9647 -3.2558 -3.7049 -3.7289 -4.0180
 276  0.691884  3.6397  0.6354  3.1546  5.2711  3.7130  0.8024 -0.0000 -1.0873 -1.5729 -2.4638 -2.8693 -3.0139 -3.3078 -3.7613 -3.7855 -4.0775
 277  0.691887  3.6381  0.6067  3.1772  5.2637  3.7608  0.8082  0.0034 -1.1099 -1.6033 -2.5056 -2.9156 -3.0613 -3.3581 -3.8156 -3.8402 -4.1350
 278  0.691891  3.6367  0.5790  3.1992  5.2548  3.8065  0.8138  0.0068 -1.1314 -1.6325 -2.5459 -2.9603 -3.1072 -3.4066 -3.8683 -3.8931 -4.1907
 279  0.691894  3.6354  0.5536  3.2195  5.2448  3.8469  0.8182  0.0095 -1.1512 -1.6593 -2.5831 -3.0015 -3.1494 -3.4515 -3.9169 -3.9420 -4.2421
