#NUMBER OF AGES= 1
#----------------------------------------------------       
#MIX-LEN  Y      Z          Zeff        [Fe/H] [a/Fe]
# 1.9380  0.3300 2.7295E-04 1.3893E-04  -2.08   0.40 
#----------------------------------------------------       
#**PHOTOMETRIC SYSTEM**: HST WFPC2 (Vega)                   
#----------------------------------------------------       
#AGE=12.400 EEPS=265
#EEP   M/Mo    LogTeff  LogG   LogL/Lo F218W   F255W   F300W   F336W   F439W   F450W   F555W   F606W   F622W   F675W   F791W   F814W   F850LP
  15  0.114453  3.5520  5.2726 -2.6148 20.3967 19.7805 16.3878 15.5232 14.3813 13.8056 12.4708 11.9280 11.7350 11.3618 10.6487 10.6122 10.2293
  16  0.125527  3.5607  5.2364 -2.5038 20.0334 19.1767 15.9293 15.0614 13.9325 13.3999 12.1226 11.5872 11.3959 11.0298 10.3707 10.3355  9.9632
  17  0.135867  3.5677  5.2052 -2.4101 19.7186 18.6831 15.5483 14.6794 13.5667 13.0646 11.8342 11.3068 11.1176 10.7573 10.1350 10.1011  9.7372
  18  0.145688  3.5734  5.1787 -2.3307 19.4383 18.2705 15.2308 14.3630 13.2675 12.7867 11.5939 11.0744 10.8873 10.5318  9.9348  9.9020  9.5448
  19  0.155834  3.5781  5.1545 -2.2582 19.1736 17.8997 14.9471 14.0821 13.0042 12.5393 11.3784 10.8664 10.6816 10.3305  9.7524  9.7203  9.3688
  20  0.167300  3.5826  5.1308 -2.1857 18.9082 17.5372 14.6688 13.8076 12.7482 12.2969 11.1656 10.6614 10.4788 10.1322  9.5700  9.5386  9.1924
  21  0.180474  3.5870  5.1072 -2.1119 18.6396 17.1728 14.3894 13.5329 12.4925 12.0534 10.9509 10.4548 10.2746  9.9323  9.3843  9.3535  9.0125
  22  0.195157  3.5912  5.0845 -2.0383 18.3534 16.7994 14.1102 13.2603 12.2416 11.8132 10.7385 10.2507 10.0731  9.7353  9.1995  9.1694  8.8333
  23  0.212743  3.5956  5.0604 -1.9591 17.9978 16.3634 13.8037 12.9646 11.9748 11.5569 10.5112 10.0327  9.8578  9.5248  9.0009  8.9714  8.6404
  24  0.230856  3.5996  5.0403 -1.8875 17.6332 15.9399 13.5196 12.6932 11.7354 11.3260 10.3062  9.8363  9.6641  9.3356  8.8213  8.7924  8.4660
  25  0.245411  3.6025  5.0279 -1.8367 17.3674 15.6395 13.3156 12.4984 11.5654 11.1618 10.1602  9.6967  9.5265  9.2015  8.6937  8.6652  8.3423
  26  0.255266  3.6044  5.0217 -1.8058 17.2068 15.4610 13.1909 12.3791 11.4618 11.0615 10.0711  9.6117  9.4427  9.1199  8.6160  8.5879  8.2672
  27  0.262307  3.6056  5.0184 -1.7858 17.1030 15.3464 13.1093 12.3010 11.3940 10.9960 10.0128  9.5561  9.3879  9.0665  8.5653  8.5373  8.2182
  28  0.267595  3.6065  5.0156 -1.7705 17.0299 15.2661 13.0490 12.2427 11.3433 10.9467  9.9689  9.5142  9.3466  9.0263  8.5270  8.4991  8.1811
  29  0.271738  3.6073  5.0128 -1.7582 16.9698 15.2005 12.9992 12.1948 11.3016 10.9062  9.9329  9.4798  9.3128  8.9934  8.4956  8.4679  8.1508
  30  0.275344  3.6080  5.0100 -1.7470 16.9161 15.1421 12.9544 12.1515 11.2640 10.8698  9.9005  9.4489  9.2823  8.9637  8.4675  8.4399  8.1236
  31  0.278714  3.6087  5.0071 -1.7362 16.8636 15.0853 12.9105 12.1092 11.2275 10.8344  9.8690  9.4189  9.2528  8.9350  8.4402  8.4126  8.0973
  32  0.281763  3.6094  5.0044 -1.7263 16.8149 15.0324 12.8699 12.0699 11.1936 10.8016  9.8400  9.3913  9.2256  8.9085  8.4151  8.3877  8.0731
  33  0.284682  3.6100  5.0018 -1.7168 16.7675 14.9809 12.8305 12.0321 11.1610 10.7700  9.8120  9.3647  9.1994  8.8831  8.3910  8.3637  8.0499
  34  0.287878  3.6106  4.9991 -1.7067 16.7190 14.9282 12.7900 11.9929 11.1271 10.7371  9.7827  9.3367  9.1719  8.8565  8.3655  8.3383  8.0253
  35  0.291805  3.6113  4.9960 -1.6950 16.6651 14.8699 12.7446 11.9491 11.0886 10.6997  9.7493  9.3047  9.1403  8.8256  8.3360  8.3090  7.9969
  36  0.297044  3.6120  4.9919 -1.6802 16.6007 14.8007 12.6895 11.8955 11.0414 10.6534  9.7075  9.2645  9.1007  8.7868  8.2988  8.2719  7.9606
  37  0.304430  3.6131  4.9859 -1.6594 16.5129 14.7065 12.6136 11.8220 10.9757 10.5894  9.6492  9.2084  9.0453  8.7325  8.2465  8.2198  7.9097
  38  0.316342  3.6149  4.9741 -1.6232 16.3540 14.5362 12.4768 11.6892 10.8584 10.4750  9.5461  9.1096  8.9477  8.6373  8.1552  8.1287  7.8210
  39  0.329031  3.6176  4.9589 -1.5797 16.1499 14.3185 12.3026 11.5204 10.7115 10.3321  9.4191  8.9888  8.8288  8.5218  8.0453  8.0191  7.7149
  40  0.338934  3.6203  4.9451 -1.5422 15.9682 14.1261 12.1486 11.3708 10.5822 10.2066  9.3084  8.8838  8.7256  8.4217  7.9506  7.9249  7.6240
  41  0.346563  3.6226  4.9334 -1.5119 15.8220 13.9727 12.0232 11.2488 10.4769 10.1042  9.2181  8.7982  8.6415  8.3403  7.8736  7.8483  7.5503
  42  0.354680  3.6250  4.9207 -1.4795 15.6696 13.8137 11.8906 11.1192 10.3649  9.9953  9.1216  8.7070  8.5518  8.2535  7.7917  7.7666  7.4718
  43  0.365427  3.6285  4.9043 -1.4359 15.4646 13.5995 11.7089 10.9413 10.2115  9.8464  8.9902  8.5829  8.4299  8.1360  7.6810  7.6565  7.3664
  44  0.378386  3.6335  4.8854 -1.3824 15.2077 13.3309 11.4773 10.7138 10.0176  9.6585  8.8253  8.4281  8.2779  7.9901  7.5449  7.5211  7.2375
  45  0.391882  3.6393  4.8666 -1.3251 14.9183 13.0280 11.2155 10.4567  9.8030  9.4512  8.6450  8.2597  8.1132  7.8329  7.3993  7.3765  7.1009
  46  0.402583  3.6444  4.8518 -1.2781 14.6665 12.7667 10.9907 10.2372  9.6243  9.2788  8.4957  8.1209  7.9775  7.7036  7.2803  7.2583  6.9897
  47  0.410960  3.6488  4.8403 -1.2398 14.4472 12.5412 10.7991 10.0514  9.4764  9.1366  8.3730  8.0071  7.8664  7.5980  7.1833  7.1619  6.8994
  48  0.418481  3.6533  4.8301 -1.2042 14.2303 12.3205 10.6136  9.8722  9.3369  9.0028  8.2581  7.9006  7.7626  7.4996  7.0932  7.0725  6.8159
  49  0.425685  3.6577  4.8207 -1.1692 14.0077 12.0958 10.4259  9.6920  9.1987  8.8704  8.1448  7.7959  7.6608  7.4031  7.0051  6.9851  6.7345
  50  0.432903  3.6625  4.8117 -1.1337 13.7716 11.8610 10.2308  9.5056  9.0578  8.7359  8.0298  7.6897  7.5575  7.3053  6.9160  6.8966  6.6524
  51  0.440111  3.6675  4.8029 -1.0981 13.5203 11.6164 10.0292  9.3145  8.9154  8.6004  7.9141  7.5829  7.4537  7.2072  6.8268  6.8082  6.5704
  52  0.444431  3.6705  4.7979 -1.0767 13.3630 11.4668  9.9066  9.1989  8.8304  8.5197  7.8452  7.5192  7.3918  7.1486  6.7735  6.7553  6.5215
  53  0.448803  3.6735  4.7928 -1.0551 13.1996 11.3139  9.7820  9.0821  8.7450  8.4388  7.7761  7.4552  7.3296  7.0895  6.7197  6.7020  6.4721
  54  0.453231  3.6768  4.7879 -1.0332 13.0280 11.1565  9.6546  8.9633  8.6591  8.3574  7.7062  7.3905  7.2667  7.0300  6.6653  6.6480  6.4222
  55  0.457700  3.6800  4.7829 -1.0111 12.8507 10.9968  9.5258  8.8441  8.5735  8.2763  7.6366  7.3259  7.2038  6.9703  6.6107  6.5938  6.3719
  56  0.462210  3.6834  4.7782 -0.9886 12.6623 10.8302  9.3923  8.7212  8.4861  8.1938  7.5660  7.2602  7.1400  6.9097  6.5552  6.5388  6.3210
  57  0.466748  3.6868  4.7734 -0.9658 12.4683 10.6618  9.2575  8.5977  8.3989  8.1115  7.4954  7.1945  7.0760  6.8488  6.4995  6.4835  6.2697
  58  0.471303  3.6903  4.7688 -0.9428 12.2679 10.4906  9.1211  8.4730  8.3111  8.0288  7.4243  7.1283  7.0116  6.7876  6.4435  6.4278  6.2182
  59  0.475859  3.6939  4.7641 -0.9198 12.0658 10.3201  8.9852  8.3491  8.2236  7.9466  7.3538  7.0624  6.9474  6.7263  6.3875  6.3722  6.1668
  60  0.480395  3.6974  4.7594 -0.8970 11.8659 10.1532  8.8521  8.2280  8.1376  7.8659  7.2843  6.9974  6.8840  6.6660  6.3322  6.3174  6.1159
  61  0.484885  3.7009  4.7548 -0.8741 11.6642  9.9866  8.7192  8.1073  8.0520  7.7858  7.2155  6.9331  6.8212  6.6061  6.2775  6.2632  6.0658
  62  0.489302  3.7043  4.7500 -0.8517 11.4683  9.8259  8.5907  7.9907  7.9689  7.7079  7.1485  6.8704  6.7601  6.5481  6.2244  6.2104  6.0169
  63  0.493618  3.7077  4.7452 -0.8298 11.2755  9.6694  8.4653  7.8774  7.8881  7.6323  7.0833  6.8096  6.7008  6.4916  6.1726  6.1591  5.9693
  64  0.497790  3.7108  4.7404 -0.8086 11.0929  9.5218  8.3470  7.7705  7.8116  7.5607  7.0215  6.7515  6.6441  6.4375  6.1228  6.1096  5.9233
  65  0.501797  3.7139  4.7357 -0.7883 10.9167  9.3804  8.2336  7.6685  7.7386  7.4923  6.9624  6.6960  6.5898  6.3857  6.0750  6.0621  5.8791
  66  0.505634  3.7168  4.7309 -0.7686 10.7514  9.2480  8.1271  7.5727  7.6697  7.4279  6.9063  6.6432  6.5381  6.3362  6.0293  6.0167  5.8367
  67  0.509304  3.7196  4.7264 -0.7496 10.5924  9.1211  8.0249  7.4808  7.6033  7.3658  6.8525  6.5924  6.4885  6.2888  5.9854  5.9731  5.7960
  68  0.512812  3.7222  4.7218 -0.7315 10.4423  9.0015  7.9286  7.3943  7.5402  7.3068  6.8011  6.5440  6.4411  6.2435  5.9434  5.9315  5.7571
  69  0.516178  3.7249  4.7174 -0.7138 10.2963  8.8856  7.8354  7.3108  7.4791  7.2496  6.7514  6.4972  6.3953  6.1997  5.9029  5.8913  5.7195
  70  0.519418  3.7273  4.7128 -0.6968 10.1588  8.7763  7.7477  7.2320  7.4208  7.1951  6.7039  6.4524  6.3513  6.1576  5.8639  5.8525  5.6831
  71  0.522546  3.7298  4.7085 -0.6800 10.0238  8.6693  7.6621  7.1553  7.3638  7.1418  6.6575  6.4086  6.3085  6.1166  5.8259  5.8148  5.6480
  72  0.525581  3.7321  4.7040 -0.6639  9.8968  8.5687  7.5813  7.0828  7.3093  7.0907  6.6129  6.3664  6.2670  6.0770  5.7892  5.7782  5.6137
  73  0.528539  3.7344  4.6997 -0.6479  9.7714  8.4694  7.5017  7.0114  7.2556  7.0404  6.5688  6.3248  6.2264  6.0380  5.7530  5.7423  5.5800
  74  0.531432  3.7365  4.6951 -0.6323  9.6530  8.3754  7.4259  6.9433  7.2038  6.9918  6.5261  6.2844  6.1868  6.0001  5.7177  5.7072  5.5471
  75  0.534276  3.7387  4.6905 -0.6168  9.5355  8.2823  7.3507  6.8760  7.1526  6.9436  6.4838  6.2444  6.1477  5.9626  5.6829  5.6726  5.5146
  76  0.537080  3.7408  4.6858 -0.6015  9.4234  8.1932  7.2788  6.8114  7.1027  6.8966  6.4425  6.2052  6.1093  5.9257  5.6486  5.6385  5.4825
  77  0.539857  3.7428  4.6813 -0.5863  9.3118  8.1044  7.2074  6.7474  7.0531  6.8497  6.4012  6.1662  6.0710  5.8890  5.6144  5.6046  5.4505
  78  0.542615  3.7449  4.6764 -0.5712  9.2036  8.0181  7.1380  6.6852  7.0042  6.8036  6.3606  6.1277  6.0331  5.8527  5.5806  5.5710  5.4188
  79  0.545369  3.7469  4.6716 -0.5561  9.0974  7.9331  7.0698  6.6240  6.9557  6.7577  6.3199  6.0892  5.9954  5.8165  5.5468  5.5374  5.3872
  80  0.548122  3.7489  4.6665 -0.5409  8.9933  7.8498  7.0027  6.5638  6.9075  6.7121  6.2794  6.0509  5.9577  5.7804  5.5131  5.5039  5.3556
  81  0.550871  3.7508  4.6613 -0.5259  8.8912  7.7679  6.9363  6.5042  6.8592  6.6664  6.2390  6.0125  5.9203  5.7445  5.4797  5.4706  5.3241
  82  0.554892  3.7536  4.6536 -0.5037  8.7446  7.6497  6.8407  6.4179  6.7891  6.5999  6.1800  5.9567  5.8655  5.6920  5.4308  5.4221  5.2783
  83  0.558963  3.7564  4.6454 -0.4812  8.5994  7.5323  6.7455  6.3322  6.7184  6.5327  6.1202  5.9001  5.8101  5.6389  5.3812  5.3727  5.2317
  84  0.563070  3.7591  4.6368 -0.4584  8.4572  7.4170  6.6522  6.2482  6.6480  6.4656  6.0602  5.8430  5.7539  5.5849  5.3306  5.3223  5.1839
  85  0.567200  3.7618  4.6277 -0.4353  8.3172  7.3030  6.5602  6.1654  6.5776  6.3984  5.9997  5.7853  5.6973  5.5303  5.2792  5.2712  5.1353
  86  0.571339  3.7645  4.6183 -0.4121  8.1799  7.1909  6.4697  6.0840  6.5074  6.3313  5.9388  5.7273  5.6403  5.4751  5.2273  5.2195  5.0860
  87  0.575471  3.7672  4.6089 -0.3887  8.0445  7.0802  6.3801  6.0033  6.4371  6.2640  5.8778  5.6688  5.5828  5.4197  5.1748  5.1674  5.0364
  88  0.579583  3.7699  4.5991 -0.3651  7.9117  6.9711  6.2916  5.9237  6.3670  6.1967  5.8166  5.6104  5.5253  5.3641  5.1224  5.1151  4.9865
  89  0.583662  3.7725  4.5891 -0.3415  7.7813  6.8638  6.2042  5.8450  6.2970  6.1295  5.7554  5.5517  5.4676  5.3083  5.0697  5.0626  4.9365
  90  0.587689  3.7751  4.5790 -0.3180  7.6538  6.7582  6.1181  5.7676  6.2274  6.0625  5.6942  5.4932  5.4100  5.2527  5.0169  5.0101  4.8865
  91  0.591653  3.7777  4.5686 -0.2943  7.5285  6.6544  6.0331  5.6910  6.1581  5.9957  5.6332  5.4347  5.3525  5.1970  4.9644  4.9577  4.8364
  92  0.595540  3.7803  4.5583 -0.2709  7.4054  6.5521  5.9493  5.6153  6.0890  5.9292  5.5723  5.3765  5.2952  5.1416  4.9120  4.9056  4.7866
  93  0.599339  3.7828  4.5478 -0.2473  7.2852  6.4517  5.8667  5.5409  6.0202  5.8630  5.5117  5.3184  5.2381  5.0865  4.8598  4.8536  4.7369
  94  0.603044  3.7854  4.5371 -0.2238  7.1674  6.3532  5.7856  5.4677  5.9520  5.7972  5.4512  5.2606  5.1811  5.0314  4.8077  4.8017  4.6873
  95  0.606668  3.7879  4.5262 -0.2004  7.0521  6.2566  5.7059  5.3957  5.8841  5.7317  5.3909  5.2027  5.1242  4.9763  4.7555  4.7497  4.6376
  96  0.610204  3.7904  4.5153 -0.1770  6.9394  6.1621  5.6277  5.3251  5.8165  5.6664  5.3307  5.1449  5.0673  4.9211  4.7031  4.6976  4.5877
  97  0.613653  3.7928  4.5039 -0.1536  6.8297  6.0698  5.5509  5.2556  5.7494  5.6015  5.2706  5.0872  5.0105  4.8660  4.6509  4.6455  4.5377
  98  0.617011  3.7951  4.4923 -0.1303  6.7227  5.9793  5.4754  5.1873  5.6827  5.5369  5.2108  5.0296  4.9538  4.8111  4.5986  4.5934  4.4877
  99  0.620277  3.7973  4.4803 -0.1071  6.6189  5.8912  5.4011  5.1198  5.6165  5.4727  5.1513  4.9723  4.8974  4.7564  4.5464  4.5415  4.4378
 100  0.623448  3.7994  4.4680 -0.0839  6.5172  5.8044  5.3279  5.0533  5.5506  5.4088  5.0921  4.9154  4.8413  4.7020  4.4946  4.4898  4.3881
 101  0.626522  3.8015  4.4553 -0.0608  6.4177  5.7194  5.2556  4.9875  5.4853  5.3455  5.0332  4.8589  4.7856  4.6479  4.4431  4.4385  4.3386
 102  0.629500  3.8035  4.4423 -0.0379  6.3210  5.6364  5.1846  4.9227  5.4204  5.2827  4.9748  4.8027  4.7302  4.5942  4.3918  4.3873  4.2892
 103  0.632381  3.8054  4.4290 -0.0151  6.2279  5.5562  5.1156  4.8593  5.3563  5.2204  4.9166  4.7465  4.6749  4.5404  4.3403  4.3360  4.2396
 104  0.635168  3.8072  4.4152  0.0076  6.1386  5.4788  5.0486  4.7977  5.2930  5.1589  4.8587  4.6907  4.6198  4.4867  4.2887  4.2845  4.1897
 105  0.637861  3.8089  4.4012  0.0301  6.0533  5.4045  4.9837  4.7378  5.2306  5.0980  4.8012  4.6348  4.5646  4.4327  4.2368  4.2328  4.1395
 106  0.640466  3.8104  4.3870  0.0524  5.9718  5.3329  4.9209  4.6794  5.1692  5.0378  4.7440  4.5792  4.5096  4.3789  4.1848  4.1809  4.0890
 107  0.642984  3.8119  4.3724  0.0746  5.8929  5.2634  4.8595  4.6222  5.1083  4.9784  4.6872  4.5238  4.4547  4.3252  4.1329  4.1291  4.0386
 108  0.645422  3.8133  4.3576  0.0966  5.8160  5.1954  4.7993  4.5659  5.0482  4.9194  4.6310  4.4689  4.4004  4.2719  4.0813  4.0775  3.9882
 109  0.647784  3.8146  4.3425  0.1184  5.7411  5.1290  4.7401  4.5106  4.9888  4.8611  4.5751  4.4144  4.3463  4.2188  4.0298  4.0262  3.9380
 110  0.650077  3.8158  4.3273  0.1401  5.6669  5.0634  4.6817  4.4561  4.9298  4.8033  4.5197  4.3604  4.2928  4.1663  3.9789  3.9753  3.8882
 111  0.652305  3.8169  4.3117  0.1617  5.5944  4.9991  4.6242  4.4024  4.8715  4.7461  4.4649  4.3068  4.2397  4.1141  3.9282  3.9246  3.8385
 112  0.652982  3.8172  4.3068  0.1683  5.5724  4.9795  4.6066  4.3860  4.8536  4.7285  4.4481  4.2903  4.2233  4.0981  3.9125  3.9090  3.8232
 113  0.653660  3.8176  4.3019  0.1749  5.5499  4.9595  4.5889  4.3693  4.8355  4.7107  4.4309  4.2736  4.2068  4.0818  3.8967  3.8933  3.8078
 114  0.654333  3.8179  4.2971  0.1816  5.5277  4.9398  4.5711  4.3527  4.8174  4.6930  4.4140  4.2570  4.1904  4.0656  3.8810  3.8775  3.7923
 115  0.655004  3.8182  4.2921  0.1885  5.5042  4.9191  4.5528  4.3356  4.7986  4.6745  4.3964  4.2399  4.1734  4.0490  3.8648  3.8614  3.7764
 116  0.655672  3.8186  4.2871  0.1953  5.4811  4.8987  4.5345  4.3188  4.7801  4.6564  4.3790  4.2229  4.1566  4.0325  3.8487  3.8454  3.7607
 117  0.656336  3.8190  4.2822  0.2023  5.4570  4.8776  4.5159  4.3014  4.7611  4.6378  4.3612  4.2056  4.1394  4.0157  3.8325  3.8292  3.7449
 118  0.656997  3.8195  4.2774  0.2094  5.4320  4.8558  4.4968  4.2838  4.7416  4.6188  4.3431  4.1880  4.1220  3.9987  3.8161  3.8128  3.7289
 119  0.657655  3.8200  4.2725  0.2165  5.4067  4.8337  4.4775  4.2660  4.7219  4.5996  4.3249  4.1703  4.1045  3.9816  3.7995  3.7963  3.7128
 120  0.658311  3.8204  4.2677  0.2237  5.3814  4.8118  4.4582  4.2482  4.7022  4.5802  4.3066  4.1524  4.0869  3.9644  3.7830  3.7797  3.6966
 121  0.658962  3.8208  4.2626  0.2309  5.3559  4.7895  4.4386  4.2302  4.6821  4.5606  4.2879  4.1344  4.0691  3.9468  3.7661  3.7628  3.6801
 122  0.659611  3.8213  4.2575  0.2383  5.3310  4.7676  4.4192  4.2120  4.6621  4.5410  4.2691  4.1161  4.0509  3.9291  3.7489  3.7456  3.6634
 123  0.660255  3.8216  4.2520  0.2457  5.3068  4.7460  4.3997  4.1938  4.6418  4.5211  4.2500  4.0974  4.0325  3.9110  3.7313  3.7280  3.6460
 124  0.660893  3.8219  4.2461  0.2532  5.2830  4.7247  4.3802  4.1754  4.6215  4.5011  4.2308  4.0785  4.0137  3.8925  3.7131  3.7099  3.6284
 125  0.661526  3.8223  4.2402  0.2610  5.2595  4.7034  4.3606  4.1568  4.6009  4.4808  4.2112  4.0593  3.9946  3.8737  3.6948  3.6917  3.6102
 126  0.662154  3.8225  4.2338  0.2688  5.2364  4.6823  4.3411  4.1381  4.5802  4.4605  4.1913  4.0398  3.9752  3.8545  3.6761  3.6729  3.5918
 127  0.662776  3.8228  4.2274  0.2766  5.2135  4.6612  4.3215  4.1193  4.5594  4.4399  4.1713  4.0201  3.9556  3.8351  3.6571  3.6539  3.5729
 128  0.663393  3.8231  4.2207  0.2846  5.1904  4.6399  4.3016  4.1002  4.5383  4.4191  4.1511  4.0000  3.9358  3.8155  3.6377  3.6345  3.5538
 129  0.664006  3.8233  4.2138  0.2925  5.1678  4.6189  4.2817  4.0811  4.5173  4.3982  4.1307  3.9799  3.9157  3.7956  3.6181  3.6150  3.5344
 130  0.664614  3.8234  4.2068  0.3007  5.1454  4.5979  4.2618  4.0618  4.4961  4.3772  4.1100  3.9596  3.8954  3.7754  3.5982  3.5951  3.5146
 131  0.665216  3.8236  4.1996  0.3088  5.1229  4.5768  4.2418  4.0424  4.4746  4.3560  4.0892  3.9389  3.8749  3.7552  3.5782  3.5750  3.4947
 132  0.665814  3.8237  4.1922  0.3172  5.1004  4.5557  4.2216  4.0228  4.4531  4.3346  4.0683  3.9181  3.8541  3.7345  3.5578  3.5547  3.4744
 133  0.666405  3.8238  4.1846  0.3255  5.0783  4.5348  4.2014  4.0031  4.4314  4.3131  4.0470  3.8971  3.8332  3.7137  3.5371  3.5340  3.4537
 134  0.666989  3.8238  4.1766  0.3339  5.0567  4.5140  4.1812  3.9833  4.4096  4.2915  4.0256  3.8757  3.8119  3.6925  3.5161  3.5129  3.4328
 135  0.667567  3.8238  4.1684  0.3425  5.0353  4.4934  4.1610  3.9634  4.3878  4.2697  4.0040  3.8543  3.7904  3.6711  3.4946  3.4915  3.4113
 136  0.668136  3.8237  4.1600  0.3511  5.0143  4.4728  4.1407  3.9433  4.3658  4.2478  3.9822  3.8325  3.7687  3.6494  3.4730  3.4698  3.3895
 137  0.668699  3.8236  4.1512  0.3599  4.9937  4.4525  4.1204  3.9230  4.3438  4.2258  3.9602  3.8105  3.7467  3.6273  3.4509  3.4477  3.3674
 138  0.669254  3.8235  4.1422  0.3687  4.9735  4.4323  4.1000  3.9026  4.3216  4.2036  3.9380  3.7883  3.7245  3.6050  3.4284  3.4254  3.3448
 139  0.669800  3.8233  4.1329  0.3777  4.9534  4.4121  4.0796  3.8821  4.2994  4.1813  3.9157  3.7658  3.7018  3.5825  3.4058  3.4026  3.3219
 140  0.670337  3.8231  4.1232  0.3865  4.9341  4.3923  4.0592  3.8615  4.2771  4.1589  3.8930  3.7431  3.6792  3.5595  3.3827  3.3795  3.2986
 141  0.670865  3.8228  4.1133  0.3957  4.9150  4.3726  4.0388  3.8407  4.2546  4.1364  3.8703  3.7201  3.6561  3.5364  3.3593  3.3561  3.2748
 142  0.671384  3.8224  4.1030  0.4049  4.8967  4.3533  4.0183  3.8198  4.2322  4.1138  3.8472  3.6968  3.6328  3.5129  3.3354  3.3322  3.2507
 143  0.671891  3.8220  4.0924  0.4142  4.8791  4.3344  3.9980  3.7988  4.2098  4.0912  3.8241  3.6734  3.6092  3.4891  3.3112  3.3079  3.2260
 144  0.672389  3.8216  4.0814  0.4236  4.8624  4.3158  3.9778  3.7778  4.1874  4.0684  3.8008  3.6497  3.5854  3.4649  3.2865  3.2833  3.2009
 145  0.672874  3.8210  4.0700  0.4330  4.8474  4.2982  3.9579  3.7566  4.1650  4.0457  3.7772  3.6256  3.5612  3.4403  3.2613  3.2580  3.1751
 146  0.673349  3.8203  4.0581  0.4426  4.8338  4.2814  3.9382  3.7354  4.1427  4.0230  3.7535  3.6013  3.5366  3.4153  3.2357  3.2323  3.1488
 147  0.673811  3.8196  4.0460  0.4522  4.8219  4.2655  3.9188  3.7142  4.1206  4.0004  3.7296  3.5768  3.5117  3.3899  3.2095  3.2059  3.1219
 148  0.674261  3.8188  4.0333  0.4619  4.8121  4.2509  3.8999  3.6929  4.0987  3.9777  3.7055  3.5518  3.4864  3.3640  3.1827  3.1791  3.0943
 149  0.674698  3.8179  4.0203  0.4717  4.8042  4.2374  3.8814  3.6716  4.0770  3.9552  3.6812  3.5266  3.4610  3.3377  3.1553  3.1517  3.0661
 150  0.675122  3.8169  4.0067  0.4815  4.7986  4.2251  3.8633  3.6504  4.0555  3.9327  3.6568  3.5012  3.4351  3.3111  3.1275  3.1238  3.0373
 151  0.675532  3.8157  3.9925  0.4914  4.7950  4.2141  3.8458  3.6293  4.0343  3.9106  3.6324  3.4754  3.4088  3.2840  3.0990  3.0952  3.0077
 152  0.675929  3.8144  3.9778  0.5014  4.7929  4.2038  3.8286  3.6083  4.0133  3.8885  3.6079  3.4496  3.3825  3.2567  3.0703  3.0665  2.9778
 153  0.676312  3.8131  3.9626  0.5114  4.7900  4.1932  3.8114  3.5877  3.9925  3.8665  3.5835  3.4240  3.3564  3.2295  3.0416  3.0376  2.9478
 154  0.676681  3.8117  3.9470  0.5214  4.7871  4.1827  3.7944  3.5674  3.9718  3.8446  3.5594  3.3984  3.3303  3.2024  3.0128  3.0087  2.9176
 155  0.677036  3.8101  3.9307  0.5316  4.7847  4.1728  3.7778  3.5474  3.9512  3.8230  3.5352  3.3729  3.3043  3.1753  2.9840  2.9797  2.8872
 156  0.677377  3.8084  3.9140  0.5418  4.7836  4.1636  3.7616  3.5278  3.9309  3.8016  3.5111  3.3474  3.2782  3.1481  2.9548  2.9505  2.8564
 157  0.677704  3.8065  3.8966  0.5519  4.7850  4.1560  3.7462  3.5087  3.9110  3.7805  3.4871  3.3218  3.2521  3.1207  2.9254  2.9210  2.8252
 158  0.678019  3.8046  3.8788  0.5621  4.7891  4.1501  3.7317  3.4898  3.8917  3.7597  3.4633  3.2963  3.2259  3.0931  2.8956  2.8910  2.7935
 159  0.678321  3.8025  3.8606  0.5723  4.7959  4.1458  3.7178  3.4713  3.8728  3.7393  3.4396  3.2707  3.1996  3.0654  2.8656  2.8607  2.7615
 160  0.678610  3.8003  3.8417  0.5825  4.8057  4.1434  3.7050  3.4535  3.8545  3.7194  3.4159  3.2452  3.1733  3.0376  2.8352  2.8304  2.7289
 161  0.678887  3.7978  3.8217  0.5927  4.8210  4.1447  3.6943  3.4369  3.8375  3.7004  3.3929  3.2198  3.1471  3.0096  2.8045  2.7993  2.6958
 162  0.679122  3.7952  3.8022  0.6017  4.8440  4.1521  3.6880  3.4243  3.8242  3.6851  3.3728  3.1975  3.1237  2.9845  2.7763  2.7710  2.6650
 163  0.679355  3.7924  3.7823  0.6109  4.8722  4.1627  3.6835  3.4125  3.8113  3.6698  3.3525  3.1743  3.0997  2.9585  2.7470  2.7415  2.6330
 164  0.679585  3.7896  3.7618  0.6202  4.9058  4.1767  3.6805  3.4015  3.7987  3.6547  3.3317  3.1506  3.0750  2.9315  2.7167  2.7108  2.5998
 165  0.679811  3.7867  3.7404  0.6298  4.9422  4.1925  3.6785  3.3909  3.7862  3.6394  3.3104  3.1265  3.0497  2.9040  2.6857  2.6796  2.5659
 166  0.680035  3.7836  3.7189  0.6396  4.9778  4.2077  3.6763  3.3805  3.7729  3.6236  3.2889  3.1020  3.0242  2.8763  2.6546  2.6482  2.5318
 167  0.680254  3.7801  3.6951  0.6495  5.0262  4.2316  3.6791  3.3736  3.7619  3.6094  3.2677  3.0775  2.9983  2.8479  2.6221  2.6155  2.4959
 168  0.680469  3.7766  3.6710  0.6595  5.0807  4.2597  3.6846  3.3688  3.7517  3.5957  3.2464  3.0524  2.9719  2.8187  2.5886  2.5818  2.4587
 169  0.680681  3.7732  3.6471  0.6699  5.1338  4.2867  3.6896  3.3637  3.7405  3.5811  3.2244  3.0268  2.9450  2.7894  2.5551  2.5479  2.4218
 170  0.680892  3.7702  3.6249  0.6805  5.1749  4.3053  3.6892  3.3551  3.7260  3.5638  3.2011  3.0007  2.9179  2.7600  2.5224  2.5150  2.3860
 171  0.681098  3.7677  3.6037  0.6916  5.2082  4.3184  3.6855  3.3441  3.7093  3.5446  3.1767  2.9737  2.8900  2.7303  2.4897  2.4820  2.3507
 172  0.681299  3.7653  3.5829  0.7029  5.2387  4.3294  3.6803  3.3320  3.6913  3.5243  3.1512  2.9460  2.8614  2.6999  2.4565  2.4486  2.3150
 173  0.681495  3.7631  3.5622  0.7147  5.2655  4.3376  3.6731  3.3184  3.6717  3.5025  3.1249  2.9174  2.8320  2.6689  2.4229  2.4148  2.2791
 174  0.681684  3.7610  3.5421  0.7267  5.2881  4.3430  3.6640  3.3032  3.6507  3.4793  3.0973  2.8879  2.8019  2.6373  2.3889  2.3805  2.2429
 175  0.681867  3.7591  3.5221  0.7391  5.3073  4.3457  3.6531  3.2867  3.6282  3.4548  3.0688  2.8576  2.7708  2.6049  2.3541  2.3457  2.2062
 176  0.682041  3.7573  3.5024  0.7519  5.3229  4.3459  3.6405  3.2688  3.6043  3.4291  3.0393  2.8264  2.7392  2.5719  2.3191  2.3105  2.1694
 177  0.682211  3.7556  3.4830  0.7649  5.3351  4.3435  3.6261  3.2496  3.5792  3.4023  3.0091  2.7945  2.7068  2.5384  2.2836  2.2749  2.1323
 178  0.682374  3.7541  3.4638  0.7781  5.3447  4.3392  3.6105  3.2294  3.5532  3.3746  2.9781  2.7621  2.6738  2.5043  2.2478  2.2389  2.0947
 179  0.682532  3.7527  3.4449  0.7917  5.3500  4.3320  3.5930  3.2078  3.5260  3.3460  2.9464  2.7290  2.6402  2.4697  2.2116  2.2025  2.0570
 180  0.682686  3.7514  3.4263  0.8052  5.3533  4.3233  3.5748  3.1856  3.4983  3.3169  2.9142  2.6956  2.6064  2.4349  2.1753  2.1661  2.0193
 181  0.682835  3.7503  3.4079  0.8189  5.3532  4.3124  3.5550  3.1623  3.4697  3.2869  2.8816  2.6617  2.5721  2.3997  2.1387  2.1295  1.9815
 182  0.682974  3.7492  3.3908  0.8321  5.3507  4.3001  3.5351  3.1394  3.4419  3.2578  2.8501  2.6292  2.5392  2.3662  2.1038  2.0944  1.9455
 183  0.683113  3.7483  3.3737  0.8456  5.3459  4.2863  3.5140  3.1155  3.4132  3.2281  2.8180  2.5961  2.5057  2.3319  2.0684  2.0589  1.9090
 184  0.683250  3.7475  3.3565  0.8592  5.3390  4.2708  3.4918  3.0907  3.3837  3.1975  2.7852  2.5623  2.4716  2.2970  2.0323  2.0227  1.8720
 185  0.683387  3.7466  3.3393  0.8731  5.3310  4.2546  3.4690  3.0654  3.3537  3.1664  2.7521  2.5282  2.4371  2.2619  1.9960  1.9865  1.8349
 186  0.683523  3.7458  3.3222  0.8871  5.3208  4.2366  3.4451  3.0390  3.3228  3.1346  2.7183  2.4936  2.4022  2.2264  1.9595  1.9498  1.7974
 187  0.683659  3.7451  3.3053  0.9011  5.3082  4.2169  3.4198  3.0117  3.2912  3.1022  2.6842  2.4587  2.3671  2.1905  1.9228  1.9131  1.7599
 188  0.683793  3.7444  3.2883  0.9154  5.2955  4.1969  3.3943  2.9842  3.2596  3.0696  2.6498  2.4235  2.3316  2.1546  1.8860  1.8761  1.7222
 189  0.683928  3.7437  3.2713  0.9298  5.2809  4.1757  3.3678  2.9556  3.2270  3.0363  2.6148  2.3878  2.2957  2.1181  1.8487  1.8388  1.6842
 190  0.684062  3.7430  3.2542  0.9444  5.2654  4.1536  3.3406  2.9266  3.1938  3.0024  2.5794  2.3518  2.2594  2.0813  1.8111  1.8011  1.6459
 191  0.684195  3.7424  3.2369  0.9592  5.2490  4.1307  3.3127  2.8969  3.1601  2.9678  2.5435  2.3152  2.2226  2.0441  1.7731  1.7630  1.6072
 192  0.684326  3.7418  3.2196  0.9741  5.2316  4.1070  3.2842  2.8666  3.1258  2.9329  2.5072  2.2783  2.1855  2.0064  1.7347  1.7246  1.5682
 193  0.684457  3.7412  3.2022  0.9893  5.2132  4.0825  3.2550  2.8356  3.0910  2.8973  2.4702  2.2407  2.1478  1.9684  1.6959  1.6857  1.5287
 194  0.684588  3.7406  3.1846  1.0046  5.1941  4.0573  3.2251  2.8041  3.0556  2.8613  2.4329  2.2029  2.1097  1.9299  1.6567  1.6465  1.4889
 195  0.684716  3.7401  3.1669  1.0201  5.1746  4.0317  3.1947  2.7721  3.0196  2.8246  2.3950  2.1644  2.0711  1.8909  1.6171  1.6068  1.4486
 196  0.684845  3.7395  3.1491  1.0358  5.1542  4.0052  3.1637  2.7395  2.9831  2.7875  2.3568  2.1256  2.0321  1.8516  1.5771  1.5667  1.4080
 197  0.684971  3.7390  3.1311  1.0517  5.1328  3.9780  3.1321  2.7062  2.9461  2.7498  2.3180  2.0863  1.9927  1.8118  1.5367  1.5263  1.3671
 198  0.685097  3.7384  3.1127  1.0679  5.1116  3.9506  3.1000  2.6724  2.9083  2.7115  2.2784  2.0462  1.9525  1.7711  1.4954  1.4849  1.3250
 199  0.685222  3.7379  3.0944  1.0843  5.0890  3.9221  3.0670  2.6379  2.8699  2.6723  2.2382  2.0056  1.9117  1.7300  1.4536  1.4431  1.2827
 200  0.685343  3.7373  3.0753  1.1012  5.0657  3.8928  3.0330  2.6023  2.8301  2.6320  2.1967  1.9637  1.8695  1.6875  1.4105  1.4000  1.2391
 201  0.685460  3.7367  3.0556  1.1188  5.0420  3.8627  2.9980  2.5656  2.7892  2.5905  2.1540  1.9204  1.8262  1.6437  1.3662  1.3556  1.1940
 202  0.685575  3.7362  3.0356  1.1366  5.0177  3.8319  2.9621  2.5281  2.7474  2.5480  2.1103  1.8763  1.7818  1.5990  1.3208  1.3101  1.1481
 203  0.685687  3.7357  3.0151  1.1548  4.9931  3.8006  2.9257  2.4898  2.7047  2.5046  2.0657  1.8312  1.7366  1.5534  1.2745  1.2638  1.1010
 204  0.685796  3.7350  2.9943  1.1734  4.9683  3.7689  2.8886  2.4510  2.6613  2.4604  2.0204  1.7852  1.6904  1.5069  1.2273  1.2165  1.0533
 205  0.685903  3.7344  2.9728  1.1924  4.9450  3.7378  2.8516  2.4120  2.6172  2.4157  1.9740  1.7384  1.6434  1.4593  1.1791  1.1682  1.0042
 206  0.686006  3.7337  2.9509  1.2117  4.9213  3.7062  2.8140  2.3723  2.5724  2.3701  1.9271  1.6907  1.5956  1.4111  1.1299  1.1191  0.9544
 207  0.686107  3.7330  2.9286  1.2313  4.8976  3.6745  2.7759  2.3321  2.5270  2.3237  1.8792  1.6422  1.5469  1.3620  1.0800  1.0690  0.9037
 208  0.686205  3.7324  2.9061  1.2513  4.8742  3.6425  2.7374  2.2914  2.4808  2.2767  1.8306  1.5930  1.4975  1.3120  1.0293  1.0182  0.8521
 209  0.686300  3.7317  2.8830  1.2715  4.8513  3.6107  2.6988  2.2504  2.4342  2.2291  1.7814  1.5430  1.4472  1.2613  0.9777  0.9665  0.7997
 210  0.686392  3.7309  2.8598  1.2920  4.8278  3.5783  2.6594  2.2088  2.3868  2.1809  1.7314  1.4924  1.3964  1.2099  0.9254  0.9142  0.7467
 211  0.686481  3.7302  2.8361  1.3128  4.8054  3.5465  2.6202  2.1670  2.3391  2.1322  1.6809  1.4412  1.3449  1.1578  0.8725  0.8612  0.6929
 212  0.686568  3.7295  2.8123  1.3338  4.7830  3.5145  2.5805  2.1249  2.2910  2.0830  1.6298  1.3892  1.2927  1.1051  0.8188  0.8075  0.6384
 213  0.686651  3.7288  2.7881  1.3551  4.7610  3.4824  2.5407  2.0824  2.2422  2.0332  1.5780  1.3367  1.2399  1.0518  0.7645  0.7531  0.5833
 214  0.686733  3.7280  2.7636  1.3766  4.7395  3.4507  2.5007  2.0397  2.1932  1.9831  1.5259  1.2837  1.1866  0.9979  0.7097  0.6981  0.5274
 215  0.686810  3.7273  2.7389  1.3983  4.7183  3.4189  2.4606  1.9968  2.1438  1.9324  1.4731  1.2301  1.1328  0.9434  0.6542  0.6426  0.4711
 216  0.686886  3.7265  2.7140  1.4202  4.6978  3.3875  2.4204  1.9538  2.0939  1.8815  1.4199  1.1760  1.0784  0.8884  0.5982  0.5865  0.4142
 217  0.686900  3.7264  2.7094  1.4243  4.6940  3.3817  2.4130  1.9458  2.0848  1.8720  1.4102  1.1660  1.0684  0.8783  0.5879  0.5762  0.4037
 218  0.686914  3.7262  2.7047  1.4283  4.6905  3.3760  2.4057  1.9379  2.0756  1.8627  1.4004  1.1561  1.0584  0.8681  0.5776  0.5659  0.3932
 219  0.686926  3.7261  2.7001  1.4324  4.6867  3.3701  2.3982  1.9300  2.0664  1.8533  1.3904  1.1461  1.0483  0.8580  0.5672  0.5554  0.3826
 220  0.686940  3.7259  2.6955  1.4364  4.6829  3.3643  2.3907  1.9219  2.0572  1.8438  1.3806  1.1359  1.0382  0.8477  0.5567  0.5450  0.3721
 221  0.686953  3.7258  2.6908  1.4406  4.6792  3.3586  2.3833  1.9140  2.0479  1.8342  1.3707  1.1259  1.0280  0.8374  0.5462  0.5345  0.3614
 222  0.686966  3.7256  2.6861  1.4446  4.6756  3.3528  2.3758  1.9059  2.0386  1.8247  1.3607  1.1157  1.0178  0.8272  0.5358  0.5240  0.3508
 223  0.686980  3.7255  2.6814  1.4487  4.6720  3.3472  2.3684  1.8979  2.0293  1.8152  1.3507  1.1057  1.0076  0.8167  0.5253  0.5134  0.3400
 224  0.686994  3.7253  2.6767  1.4529  4.6685  3.3414  2.3610  1.8898  2.0199  1.8056  1.3406  1.0954  0.9973  0.8064  0.5146  0.5028  0.3292
 225  0.687007  3.7252  2.6719  1.4570  4.6647  3.3355  2.3534  1.8817  2.0105  1.7959  1.3306  1.0851  0.9870  0.7960  0.5040  0.4921  0.3184
 226  0.687020  3.7250  2.6671  1.4612  4.6610  3.3296  2.3458  1.8735  2.0009  1.7861  1.3205  1.0748  0.9766  0.7855  0.4933  0.4814  0.3076
 227  0.687151  3.7234  2.6168  1.5054  4.6229  3.2686  2.2660  1.7878  1.9011  1.6838  1.2136  0.9661  0.8674  0.6749  0.3807  0.3686  0.1931
 228  0.687268  3.7219  2.5679  1.5482  4.5879  3.2106  2.1893  1.7052  1.8043  1.5846  1.1099  0.8606  0.7614  0.5676  0.2713  0.2591  0.0819
 229  0.687372  3.7205  2.5205  1.5896  4.5559  3.1559  2.1158  1.6258  1.7111  1.4889  1.0097  0.7587  0.6589  0.4640  0.1657  0.1533 -0.0255
 230  0.687473  3.7188  2.4707  1.6330  4.5298  3.1035  2.0417  1.5450  1.6146  1.3896  0.9055  0.6526  0.5522  0.3559  0.0554  0.0427 -0.1379
 231  0.687564  3.7171  2.4211  1.6758  4.5079  3.0545  1.9700  1.4662  1.5198  1.2918  0.8027  0.5478  0.4467  0.2491 -0.0538 -0.0665 -0.2491
 232  0.687648  3.7153  2.3712  1.7188  4.4906  3.0084  1.8997  1.3887  1.4254  1.1943  0.6998  0.4428  0.3411  0.1419 -0.1633 -0.1762 -0.3607
 233  0.687723  3.7136  2.3225  1.7606  4.4770  2.9659  1.8326  1.3143  1.3339  1.0996  0.5997  0.3407  0.2384  0.0377 -0.2699 -0.2831 -0.4695
 234  0.687794  3.7118  2.2737  1.8024  4.4661  2.9255  1.7666  1.2409  1.2428  1.0052  0.4999  0.2387  0.1356 -0.0663 -0.3763 -0.3897 -0.5781
 235  0.687858  3.7101  2.2245  1.8447  4.4581  2.8868  1.7012  1.1678  1.1513  0.9103  0.3992  0.1359  0.0321 -0.1714 -0.4838 -0.4974 -0.6879
 236  0.687917  3.7084  2.1764  1.8860  4.4531  2.8514  1.6385  1.0974  1.0625  0.8180  0.3011  0.0357 -0.0687 -0.2738 -0.5888 -0.6025 -0.7950
 237  0.687970  3.7066  2.1288  1.9266  4.4507  2.8185  1.5779  1.0292  0.9755  0.7274  0.2047 -0.0630 -0.1680 -0.3745 -0.6920 -0.7060 -0.9004
 238  0.688019  3.7049  2.0814  1.9672  4.4513  2.7882  1.5188  0.9621  0.8892  0.6374  0.1086 -0.1612 -0.2670 -0.4750 -0.7950 -0.8092 -1.0056
 239  0.688066  3.7032  2.0346  2.0072  4.4542  2.7604  1.4617  0.8970  0.8046  0.5491  0.0141 -0.2579 -0.3644 -0.5740 -0.8965 -0.9109 -1.1093
 240  0.688108  3.7014  1.9875  2.0472  4.4636  2.7377  1.4073  0.8345  0.7212  0.4617 -0.0801 -0.3546 -0.4618 -0.6731 -0.9984 -1.0129 -1.2135
 241  0.688146  3.6996  1.9410  2.0864  4.4790  2.7208  1.3571  0.7759  0.6412  0.3773 -0.1715 -0.4488 -0.5568 -0.7698 -1.0978 -1.1127 -1.3154
 242  0.688182  3.6978  1.8965  2.1237  4.4979  2.7086  1.3106  0.7216  0.5656  0.2973 -0.2586 -0.5384 -0.6474 -0.8621 -1.1930 -1.2081 -1.4131
 243  0.688214  3.6961  1.8537  2.1597  4.5189  2.6997  1.2676  0.6711  0.4937  0.2210 -0.3419 -0.6245 -0.7342 -0.9507 -1.2843 -1.2997 -1.5069
 244  0.688244  3.6946  1.8170  2.1905  4.5355  2.6920  1.2306  0.6277  0.4320  0.1555 -0.4135 -0.6984 -0.8088 -1.0268 -1.3629 -1.3784 -1.5873
 245  0.688273  3.6936  1.7891  2.2143  4.5463  2.6853  1.2017  0.5939  0.3843  0.1050 -0.4686 -0.7552 -0.8662 -1.0853 -1.4232 -1.4387 -1.6492
 246  0.688301  3.6927  1.7651  2.2350  4.5502  2.6758  1.1744  0.5628  0.3416  0.0601 -0.5170 -0.8050 -0.9164 -1.1364 -1.4756 -1.4913 -1.7028
 247  0.688328  3.6911  1.7252  2.2685  4.5730  2.6731  1.1372  0.5185  0.2761 -0.0099 -0.5941 -0.8847 -0.9970 -1.2188 -1.5607 -1.5767 -1.7902
 248  0.688353  3.6891  1.6775  2.3083  4.6050  2.6746  1.0967  0.4690  0.1998 -0.0918 -0.6851 -0.9792 -1.0925 -1.3164 -1.6618 -1.6779 -1.8942
 249  0.688376  3.6873  1.6321  2.3461  4.6360  2.6779  1.0593  0.4230  0.1279 -0.1692 -0.7713 -1.0687 -1.1829 -1.4091 -1.7576 -1.7742 -1.9926
 250  0.688396  3.6855  1.5894  2.3818  4.6661  2.6831  1.0251  0.3808  0.0605 -0.2418 -0.8523 -1.1528 -1.2680 -1.4961 -1.8478 -1.8645 -2.0853
 251  0.688417  3.6838  1.5475  2.4167  4.6961  2.6900  0.9925  0.3402 -0.0050 -0.3127 -0.9316 -1.2351 -1.3512 -1.5813 -1.9360 -1.9530 -2.1761
 252  0.688435  3.6819  1.5038  2.4529  4.7300  2.7014  0.9612  0.3004 -0.0721 -0.3854 -1.0132 -1.3199 -1.4371 -1.6692 -2.0273 -2.0446 -2.2702
 253  0.688451  3.6799  1.4598  2.4892  4.7677  2.7180  0.9329  0.2637 -0.1376 -0.4568 -1.0943 -1.4045 -1.5227 -1.7571 -2.1187 -2.1362 -2.3644
 254  0.688467  3.6780  1.4160  2.5252  4.8061  2.7377  0.9065  0.2289 -0.2018 -0.5272 -1.1744 -1.4882 -1.6075 -1.8442 -2.2093 -2.2271 -2.4579
 255  0.688481  3.6760  1.3728  2.5607  4.8456  2.7610  0.8829  0.1969 -0.2636 -0.5953 -1.2525 -1.5700 -1.6904 -1.9295 -2.2984 -2.3163 -2.5498
 256  0.688495  3.6742  1.3308  2.5950  4.8846  2.7868  0.8618  0.1678 -0.3224 -0.6605 -1.3279 -1.6491 -1.7705 -2.0119 -2.3844 -2.4028 -2.6389
 257  0.688507  3.6722  1.2891  2.6289  4.9250  2.8158  0.8428  0.1408 -0.3796 -0.7244 -1.4019 -1.7270 -1.8496 -2.0933 -2.4696 -2.4882 -2.7270
 258  0.688520  3.6704  1.2485  2.6622  4.9651  2.8477  0.8260  0.1165 -0.4344 -0.7857 -1.4739 -1.8026 -1.9264 -2.1726 -2.5527 -2.5716 -2.8131
 259  0.688531  3.6685  1.2084  2.6948  5.0046  2.8818  0.8111  0.0942 -0.4873 -0.8454 -1.5440 -1.8767 -2.0016 -2.2502 -2.6341 -2.6533 -2.8976
 260  0.688541  3.6667  1.1691  2.7267  5.0431  2.9187  0.7983  0.0741 -0.5379 -0.9029 -1.6121 -1.9488 -2.0748 -2.3259 -2.7137 -2.7331 -2.9801
 261  0.688549  3.6649  1.1306  2.7580  5.0797  2.9578  0.7872  0.0561 -0.5866 -0.9585 -1.6785 -2.0191 -2.1463 -2.3999 -2.7915 -2.8113 -3.0610
 262  0.688558  3.6630  1.0930  2.7886  5.1129  2.9985  0.7776  0.0398 -0.6334 -1.0122 -1.7430 -2.0876 -2.2158 -2.4720 -2.8675 -2.8874 -3.1400
 263  0.688566  3.6613  1.0557  2.8188  5.1433  3.0415  0.7694  0.0252 -0.6786 -1.0644 -1.8061 -2.1548 -2.2842 -2.5429 -2.9423 -2.9626 -3.2179
 264  0.688573  3.6596  1.0190  2.8483  5.1716  3.0873  0.7635  0.0131 -0.7215 -1.1146 -1.8673 -2.2202 -2.3507 -2.6120 -3.0154 -3.0359 -3.2940
 265  0.688580  3.6578  0.9831  2.8772  5.1990  3.1380  0.7611  0.0046 -0.7614 -1.1621 -1.9263 -2.2835 -2.4153 -2.6792 -3.0866 -3.1075 -3.3684
 266  0.688586  3.6560  0.9476  2.9055  5.2229  3.1910  0.7606 -0.0018 -0.7992 -1.2076 -1.9835 -2.3450 -2.4780 -2.7446 -3.1563 -3.1775 -3.4412
 267  0.688593  3.6542  0.9125  2.9336  5.2428  3.2466  0.7621 -0.0059 -0.8353 -1.2515 -2.0394 -2.4055 -2.5397 -2.8091 -3.2251 -3.2465 -3.5133
 268  0.688598  3.6524  0.8780  2.9607  5.2588  3.3030  0.7653 -0.0080 -0.8690 -1.2934 -2.0931 -2.4637 -2.5990 -2.8713 -3.2916 -3.3134 -3.5831
 269  0.688603  3.6506  0.8442  2.9876  5.2712  3.3606  0.7697 -0.0086 -0.9013 -1.3336 -2.1456 -2.5207 -2.6574 -2.9324 -3.3571 -3.3792 -3.6519
 270  0.688608  3.6489  0.8109  3.0140  5.2797  3.4176  0.7747 -0.0081 -0.9321 -1.3726 -2.1966 -2.5764 -2.7144 -2.9922 -3.4213 -3.4437 -3.7194
 271  0.688613  3.6471  0.7782  3.0397  5.2850  3.4737  0.7802 -0.0069 -0.9615 -1.4100 -2.2461 -2.6304 -2.7696 -3.0504 -3.4838 -3.5066 -3.7853
 272  0.688617  3.6455  0.7463  3.0650  5.2875  3.5292  0.7861 -0.0050 -0.9896 -1.4461 -2.2943 -2.6832 -2.8236 -3.1073 -3.5451 -3.5681 -3.8497
 273  0.688621  3.6438  0.7146  3.0900  5.2872  3.5836  0.7921 -0.0026 -1.0168 -1.4815 -2.3416 -2.7352 -2.8767 -3.1633 -3.6054 -3.6288 -3.9134
 274  0.688626  3.6421  0.6837  3.1143  5.2848  3.6368  0.7983  0.0004 -1.0425 -1.5154 -2.3874 -2.7856 -2.9284 -3.2177 -3.6642 -3.6880 -3.9754
 275  0.688629  3.6406  0.6537  3.1380  5.2802  3.6878  0.8042  0.0034 -1.0673 -1.5481 -2.4317 -2.8345 -2.9784 -3.2706 -3.7214 -3.7454 -4.0357
 276  0.688633  3.6390  0.6241  3.1615  5.2738  3.7376  0.8101  0.0067 -1.0910 -1.5798 -2.4751 -2.8824 -3.0275 -3.3225 -3.7776 -3.8020 -4.0951
 277  0.688636  3.6376  0.5954  3.1841  5.2656  3.7849  0.8158  0.0101 -1.1135 -1.6100 -2.5168 -2.9286 -3.0748 -3.3727 -3.8319 -3.8565 -4.1525
 278  0.688640  3.6362  0.5680  3.2059  5.2559  3.8294  0.8210  0.0132 -1.1348 -1.6390 -2.5568 -2.9730 -3.1203 -3.4208 -3.8842 -3.9090 -4.2078
 279  0.688643  3.6349  0.5439  3.2252  5.2455  3.8667  0.8245  0.0152 -1.1538 -1.6646 -2.5923 -3.0122 -3.1605 -3.4636 -3.9304 -3.9556 -4.2566
