#NUMBER OF AGES= 1
#----------------------------------------------------       
#MIX-LEN  Y      Z          Zeff        [Fe/H] [a/Fe]
# 1.9380  0.3300 2.7295E-04 1.3893E-04  -2.08   0.40 
#----------------------------------------------------       
#**PHOTOMETRIC SYSTEM**: HST WFPC2 (Vega)                   
#----------------------------------------------------       
#AGE=13.000 EEPS=265
#EEP   M/Mo    LogTeff  LogG   LogL/Lo F218W   F255W   F300W   F336W   F439W   F450W   F555W   F606W   F622W   F675W   F791W   F814W   F850LP
  15  0.111881  3.5499  5.2810 -2.6415 20.4819 19.9271 16.4982 15.6350 14.4913 13.9041 12.5554 12.0112 11.8179 11.4428 10.7153 10.6783 10.2929
  16  0.122845  3.5587  5.2443 -2.5288 20.1166 19.3115 16.0324 15.1649 14.0324 13.4908 12.2007 11.6633 11.4715 11.1039 10.4335 10.3981 10.0234
  17  0.133045  3.5660  5.2126 -2.4334 19.7986 18.8059 15.6431 14.7740 13.6570 13.1477 11.9059 11.3762 11.1864 10.8247 10.1938 10.1597  9.7937
  18  0.142628  3.5718  5.1855 -2.3529 19.5189 18.3869 15.3195 14.4512 13.3505 12.8641 11.6610 11.1391 10.9514 10.5946  9.9910  9.9579  9.5988
  19  0.152294  3.5766  5.1614 -2.2809 19.2574 18.0160 15.0357 14.1696 13.0861 12.6165 11.4457 10.9313 10.7457 10.3933  9.8096  9.7772  9.4240
  20  0.163170  3.5812  5.1377 -2.2093 18.9943 17.6546 14.7590 13.8964 12.8309 12.3754 11.2346 10.7278 10.5444 10.1963  9.6293  9.5976  9.2497
  21  0.175824  3.5856  5.1139 -2.1355 18.7278 17.2911 14.4792 13.6208 12.5741 12.1312 11.0196 10.5208 10.3397  9.9960  9.4437  9.4127  9.0700
  22  0.190372  3.5900  5.0904 -2.0601 18.4419 16.9128 14.1938 13.3415 12.3160 11.8845 10.8016 10.3112 10.1327  9.7936  9.2544  9.2240  8.8864
  23  0.207100  3.5943  5.0669 -1.9825 18.1121 16.4993 13.8957 13.0527 12.0534 11.6325 10.5782 10.0969  9.9211  9.5867  9.0595  9.0298  8.6973
  24  0.226015  3.5986  5.0444 -1.9048 17.7232 16.0431 13.5888 12.7592 11.7933 11.3819 10.3558  9.8837  9.7109  9.3814  8.8647  8.8357  8.5082
  25  0.242074  3.6019  5.0298 -1.8471 17.4217 15.7004 13.3574 12.5384 11.6002 11.1955 10.1901  9.7253  9.5547  9.2290  8.7198  8.6913  8.3676
  26  0.253057  3.6040  5.0224 -1.8119 17.2378 15.4954 13.2152 12.4023 11.4820 11.0810 10.0885  9.6283  9.4590  9.1358  8.6312  8.6029  8.2818
  27  0.260742  3.6054  5.0187 -1.7896 17.1216 15.3668 13.1247 12.3158 11.4070 11.0084 10.0240  9.5668  9.3985  9.0768  8.5751  8.5470  8.2275
  28  0.266413  3.6064  5.0158 -1.7734 17.0431 15.2805 13.0600 12.2535 11.3526 10.9558  9.9771  9.5220  9.3543  9.0338  8.5341  8.5063  8.1881
  29  0.270764  3.6071  5.0131 -1.7606 16.9805 15.2119 13.0082 12.2035 11.3092 10.9137  9.9397  9.4863  9.3192  8.9996  8.5016  8.4739  8.1566
  30  0.274464  3.6078  5.0104 -1.7492 16.9257 15.1524 12.9626 12.1595 11.2711 10.8767  9.9067  9.4548  9.2882  8.9694  8.4729  8.4452  8.1289
  31  0.277872  3.6086  5.0075 -1.7383 16.8729 15.0952 12.9185 12.1170 11.2342 10.8410  9.8750  9.4247  9.2585  8.9406  8.4454  8.4180  8.1025
  32  0.280991  3.6092  5.0048 -1.7282 16.8231 15.0411 12.8770 12.0768 11.1997 10.8075  9.8454  9.3965  9.2307  8.9136  8.4199  8.3925  8.0778
  33  0.283895  3.6099  5.0022 -1.7187 16.7757 14.9895 12.8376 12.0389 11.1671 10.7759  9.8174  9.3699  9.2045  8.8882  8.3958  8.3685  8.0546
  34  0.286974  3.6105  4.9995 -1.7089 16.7279 14.9376 12.7978 12.0006 11.1339 10.7437  9.7888  9.3427  9.1777  8.8621  8.3711  8.3438  8.0307
  35  0.290658  3.6112  4.9966 -1.6978 16.6761 14.8815 12.7543 11.9585 11.0971 10.7080  9.7570  9.3122  9.1477  8.8329  8.3430  8.3160  8.0037
  36  0.295474  3.6119  4.9929 -1.6841 16.6159 14.8168 12.7029 11.9087 11.0532 10.6651  9.7182  9.2749  9.1110  8.7969  8.3086  8.2816  7.9702
  37  0.302152  3.6128  4.9878 -1.6655 16.5377 14.7329 12.6352 11.8430 10.9947 10.6079  9.6662  9.2248  9.0615  8.7485  8.2620  8.2351  7.9248
  38  0.312219  3.6142  4.9783 -1.6358 16.4099 14.5960 12.5249 11.7359 10.8996 10.5151  9.5821  9.1441  8.9818  8.6705  8.1870  8.1603  7.8518
  39  0.324379  3.6167  4.9644 -1.5956 16.2261 14.3995 12.3671 11.5830 10.7657 10.3849  9.4659  9.0332  8.8725  8.5642  8.0855  8.0592  7.7537
  40  0.334323  3.6192  4.9510 -1.5590 16.0496 14.2119 12.2177 11.4381 10.6402 10.2629  9.3581  8.9309  8.7719  8.4665  7.9930  7.9671  7.6646
  41  0.341834  3.6213  4.9396 -1.5292 15.9054 14.0600 12.0948 11.3185 10.5371 10.1626  9.2696  8.8471  8.6895  8.3868  7.9175  7.8919  7.5923
  42  0.348641  3.6233  4.9285 -1.5016 15.7748 13.9234 11.9820 11.2086 10.4419 10.0702  9.1877  8.7695  8.6132  8.3129  7.8476  7.8223  7.5253
  43  0.356643  3.6257  4.9157 -1.4693 15.6237 13.7660 11.8500 11.0795 10.3303  9.9616  9.0915  8.6784  8.5236  8.2263  7.7658  7.7409  7.4470
  44  0.367624  3.6294  4.8989 -1.4246 15.4139 13.5465 11.6631 10.8963 10.1725  9.8084  8.9563  8.5508  8.3983  8.1055  7.6522  7.6279  7.3388
  45  0.380688  3.6345  4.8801 -1.3701 15.1512 13.2717 11.4254 10.6626  9.9739  9.6161  8.7879  8.3928  8.2434  7.9570  7.5138  7.4903  7.2081
  46  0.393471  3.6402  4.8622 -1.3151 14.8696 12.9771 11.1710 10.4130  9.7665  9.4158  8.6140  8.2307  8.0848  7.8056  7.3740  7.3514  7.0771
  47  0.403286  3.6450  4.8484 -1.2715 14.6338 12.7326 10.9609 10.2081  9.6001  9.2555  8.4751  8.1015  7.9585  7.6854  7.2634  7.2415  6.9738
  48  0.411377  3.6494  4.8371 -1.2341 14.4179 12.5109 10.7729 10.0258  9.4556  9.1165  8.3553  7.9904  7.8501  7.5824  7.1687  7.1474  6.8857
  49  0.418695  3.6537  4.8271 -1.1990 14.2037 12.2930 10.5899  9.8493  9.3184  8.9848  8.2423  7.8859  7.7482  7.4857  7.0802  7.0596  6.8036
  50  0.425824  3.6583  4.8177 -1.1642 13.9815 12.0690 10.4027  9.6697  9.1807  8.8530  8.1294  7.7815  7.6466  7.3895  6.9925  6.9725  6.7225
  51  0.432831  3.6630  4.8088 -1.1294 13.7488 11.8378 10.2108  9.4864  9.0424  8.7210  8.0166  7.6773  7.5453  7.2936  6.9052  6.8859  6.6421
  52  0.437058  3.6659  4.8036 -1.1083 13.6008 11.6933 10.0916  9.3733  8.9580  8.6407  7.9481  7.6141  7.4839  7.2355  6.8523  6.8334  6.5935
  53  0.441298  3.6688  4.7985 -1.0871 13.4470 11.5456  9.9703  9.2586  8.8733  8.5603  7.8795  7.5506  7.4222  7.1772  6.7993  6.7809  6.5449
  54  0.445579  3.6719  4.7935 -1.0657 13.2861 11.3936  9.8462  9.1419  8.7879  8.4793  7.8103  7.4868  7.3601  7.1184  6.7459  6.7279  6.4959
  55  0.449925  3.6749  4.7883 -1.0440 13.1226 11.2418  9.7227  9.0264  8.7036  8.3993  7.7417  7.4232  7.2983  7.0598  6.6923  6.6747  6.4466
  56  0.454326  3.6782  4.7833 -1.0221 12.9482 11.0831  9.5945  8.9074  8.6178  8.3180  7.6721  7.3586  7.2355  7.0002  6.6378  6.6206  6.3965
  57  0.458768  3.6814  4.7783 -0.9999 12.7677 10.9219  9.4647  8.7875  8.5319  8.2368  7.6023  7.2937  7.1724  6.9403  6.5829  6.5661  6.3460
  58  0.463243  3.6848  4.7735 -0.9772 12.5763 10.7541  9.3305  8.6641  8.4445  8.1543  7.5316  7.2280  7.1085  6.8795  6.5273  6.5110  6.2949
  59  0.467740  3.6883  4.7688 -0.9543 12.3795 10.5845  9.1950  8.5401  8.3571  8.0718  7.4607  7.1620  7.0443  6.8185  6.4714  6.4555  6.2436
  60  0.472248  3.6917  4.7640 -0.9314 12.1797 10.4148  9.0596  8.4166  8.2699  7.9897  7.3902  7.0962  6.9802  6.7574  6.4154  6.4000  6.1921
  61  0.476746  3.6953  4.7593 -0.9083 11.9779 10.2454  8.9247  8.2937  8.1829  7.9081  7.3200  7.0305  6.9161  6.6963  6.3596  6.3446  6.1408
  62  0.481213  3.6989  4.7545 -0.8855 11.7781 10.0793  8.7922  8.1732  8.0973  7.8278  7.2509  6.9658  6.8531  6.6362  6.3045  6.2899  6.0901
  63  0.485624  3.7023  4.7497 -0.8628 11.5778  9.9145  8.6606  8.0537  8.0124  7.7483  7.1826  6.9020  6.7909  6.5771  6.2504  6.2363  6.0404
  64  0.489941  3.7057  4.7449 -0.8406 11.3834  9.7557  8.5334  7.9386  7.9303  7.6714  7.1164  6.8402  6.7305  6.5196  6.1979  6.1842  5.9922
  65  0.494139  3.7090  4.7402 -0.8190 11.1936  9.6021  8.4105  7.8274  7.8510  7.5972  7.0525  6.7804  6.6721  6.4641  6.1469  6.1336  5.9452
  66  0.498195  3.7121  4.7352 -0.7982 11.0149  9.4581  8.2949  7.7232  7.7764  7.5274  6.9919  6.7235  6.6165  6.4110  6.0979  6.0849  5.8999
  67  0.502075  3.7151  4.7304 -0.7781 10.8440  9.3211  8.1850  7.6242  7.7053  7.4608  6.9342  6.6692  6.5634  6.3602  6.0510  6.0383  5.8564
  68  0.505775  3.7178  4.7256 -0.7589 10.6833  9.1926  8.0814  7.5310  7.6381  7.3979  6.8795  6.6176  6.5129  6.3120  6.0063  5.9939  5.8150
  69  0.509302  3.7206  4.7211 -0.7403 10.5279  9.0687  7.9816  7.4414  7.5732  7.3373  6.8269  6.5680  6.4644  6.2656  5.9634  5.9513  5.7752
  70  0.512671  3.7232  4.7165 -0.7226 10.3826  8.9528  7.8882  7.3575  7.5119  7.2798  6.7769  6.5209  6.4183  6.2213  5.9225  5.9107  5.7371
  71  0.515898  3.7258  4.7121 -0.7053 10.2401  8.8397  7.7975  7.2762  7.4521  7.2240  6.7285  6.4752  6.3735  6.1786  5.8829  5.8714  5.7004
  72  0.519000  3.7281  4.7075 -0.6887 10.1074  8.7343  7.7129  7.2002  7.3956  7.1711  6.6822  6.4315  6.3307  6.1377  5.8448  5.8335  5.6650
  73  0.521995  3.7305  4.7032 -0.6723  9.9759  8.6302  7.6296  7.1256  7.3400  7.1191  6.6369  6.3888  6.2889  6.0976  5.8078  5.7967  5.6306
  74  0.524894  3.7327  4.6986 -0.6566  9.8537  8.5332  7.5517  7.0556  7.2871  7.0695  6.5934  6.3476  6.2486  6.0590  5.7719  5.7611  5.5971
  75  0.527715  3.7349  4.6943 -0.6410  9.7321  8.4369  7.4743  6.9862  7.2349  7.0205  6.5506  6.3072  6.2090  6.0211  5.7366  5.7260  5.5643
  76  0.530467  3.7370  4.6896 -0.6258  9.6183  8.3466  7.4012  6.9205  7.1849  6.9735  6.5092  6.2680  6.1705  5.9841  5.7023  5.6919  5.5321
  77  0.533166  3.7391  4.6852 -0.6107  9.5043  8.2562  7.3284  6.8552  7.1350  6.9266  6.4680  6.2291  6.1324  5.9476  5.6685  5.6583  5.5006
  78  0.535818  3.7411  4.6806 -0.5958  9.3954  8.1696  7.2584  6.7924  7.0866  6.8809  6.4279  6.1910  6.0951  5.9118  5.6351  5.6251  5.4694
  79  0.538441  3.7431  4.6759 -0.5811  9.2892  8.0849  7.1903  6.7314  7.0388  6.8359  6.3881  6.1533  6.0581  5.8764  5.6021  5.5923  5.4384
  80  0.541044  3.7450  4.6711 -0.5664  9.1846  8.0014  7.1233  6.6712  6.9914  6.7911  6.3485  6.1159  6.0213  5.8411  5.5691  5.5595  5.4076
  81  0.543630  3.7469  4.6662 -0.5519  9.0832  7.9203  7.0580  6.6127  6.9448  6.7470  6.3094  6.0788  5.9850  5.8062  5.5365  5.5271  5.3769
  82  0.547418  3.7497  4.6589 -0.5305  8.9366  7.8029  6.9633  6.5276  6.8765  6.6823  6.2521  6.0244  5.9317  5.7551  5.4888  5.4797  5.3323
  83  0.551315  3.7525  4.6513 -0.5084  8.7889  7.6841  6.8671  6.4410  6.8063  6.6158  6.1932  5.9687  5.8771  5.7028  5.4402  5.4313  5.2865
  84  0.555278  3.7553  4.6430 -0.4859  8.6435  7.5666  6.7715  6.3548  6.7355  6.5485  6.1334  5.9120  5.8216  5.6496  5.3906  5.3820  5.2399
  85  0.559281  3.7581  4.6343 -0.4631  8.5000  7.4501  6.6772  6.2699  6.6646  6.4810  6.0730  5.8548  5.7654  5.5955  5.3400  5.3316  5.1922
  86  0.563310  3.7608  4.6252 -0.4400  8.3589  7.3353  6.5845  6.1864  6.5938  6.4136  6.0123  5.7969  5.7085  5.5408  5.2886  5.2805  5.1436
  87  0.567350  3.7635  4.6157 -0.4166  8.2200  7.2220  6.4931  6.1041  6.5232  6.3460  5.9512  5.7386  5.6512  5.4854  5.2363  5.2284  5.0941
  88  0.571388  3.7662  4.6060 -0.3930  8.0838  7.1106  6.4028  6.0228  6.4526  6.2783  5.8899  5.6799  5.5935  5.4296  5.1836  5.1760  5.0441
  89  0.575411  3.7688  4.5959 -0.3694  7.9502  7.0008  6.3136  5.9425  6.3820  6.2106  5.8282  5.6209  5.5355  5.3735  5.1306  5.1232  4.9937
  90  0.579401  3.7714  4.5856 -0.3457  7.8193  6.8930  6.2258  5.8632  6.3116  6.1430  5.7665  5.5619  5.4774  5.3173  5.0774  5.0703  4.9432
  91  0.583345  3.7740  4.5751 -0.3218  7.6907  6.7867  6.1390  5.7849  6.2413  6.0754  5.7048  5.5027  5.4191  5.2610  5.0241  5.0172  4.8925
  92  0.587228  3.7766  4.5646 -0.2980  7.5645  6.6820  6.0532  5.7077  6.1714  6.0080  5.6431  5.4437  5.3610  5.2048  4.9709  4.9642  4.8418
  93  0.591036  3.7791  4.5538 -0.2742  7.4411  6.5793  5.9689  5.6316  6.1018  5.9410  5.5817  5.3848  5.3031  5.1487  4.9177  4.9112  4.7912
  94  0.594754  3.7816  4.5428 -0.2505  7.3203  6.4784  5.8857  5.5564  6.0326  5.8743  5.5205  5.3261  5.2453  5.0929  4.8648  4.8585  4.7408
  95  0.598375  3.7842  4.5317 -0.2268  7.2023  6.3795  5.8040  5.4825  5.9640  5.8080  5.4596  5.2677  5.1879  5.0373  4.8121  4.8060  4.6905
  96  0.601889  3.7866  4.5204 -0.2033  7.0871  6.2828  5.7240  5.4102  5.8958  5.7423  5.3990  5.2095  5.1306  4.9817  4.7594  4.7536  4.6402
  97  0.605311  3.7889  4.5090 -0.1798  6.9745  6.1882  5.6456  5.3392  5.8281  5.6768  5.3385  5.1514  5.0734  4.9262  4.7067  4.7011  4.5899
  98  0.608641  3.7914  4.4973 -0.1563  6.8648  6.0957  5.5686  5.2695  5.7608  5.6117  5.2782  5.0934  5.0162  4.8708  4.6540  4.6485  4.5395
  99  0.611878  3.7936  4.4852 -0.1329  6.7588  6.0059  5.4933  5.2010  5.6942  5.5470  5.2182  5.0355  4.9592  4.8155  4.6013  4.5960  4.4889
 100  0.615019  3.7958  4.4729 -0.1096  6.6557  5.9182  5.4193  5.1338  5.6280  5.4829  5.1584  4.9780  4.9025  4.7603  4.5486  4.5435  4.4384
 101  0.618064  3.7979  4.4602 -0.0864  6.5546  5.8318  5.3462  5.0672  5.5622  5.4191  5.0990  4.9208  4.8461  4.7056  4.4964  4.4915  4.3883
 102  0.621012  3.7998  4.4472 -0.0633  6.4563  5.7476  5.2745  5.0017  5.4971  5.3559  5.0401  4.8640  4.7900  4.6511  4.4443  4.4396  4.3382
 103  0.623863  3.8018  4.4339 -0.0403  6.3600  5.6648  5.2036  4.9369  5.4323  5.2930  4.9816  4.8076  4.7345  4.5972  4.3927  4.3881  4.2884
 104  0.626618  3.8036  4.4202 -0.0175  6.2669  5.5844  5.1343  4.8733  5.3683  5.2309  4.9234  4.7515  4.6792  4.5433  4.3411  4.3367  4.2387
 105  0.629281  3.8053  4.4063  0.0052  6.1771  5.5066  5.0668  4.8112  5.3050  5.1693  4.8657  4.6957  4.6241  4.4896  4.2896  4.2852  4.1888
 106  0.631852  3.8070  4.3920  0.0277  6.0908  5.4314  5.0011  4.7504  5.2425  5.1084  4.8082  4.6401  4.5691  4.4360  4.2379  4.2337  4.1387
 107  0.634337  3.8085  4.3774  0.0500  6.0089  5.3594  4.9378  4.6915  5.1810  5.0482  4.7511  4.5845  4.5142  4.3821  4.1860  4.1819  4.0882
 108  0.636741  3.8099  4.3625  0.0722  5.9301  5.2898  4.8762  4.6340  5.1204  4.9888  4.6944  4.5292  4.4594  4.3284  4.1339  4.1300  4.0376
 109  0.639068  3.8112  4.3475  0.0942  5.8539  5.2222  4.8160  4.5775  5.0603  4.9299  4.6380  4.4742  4.4049  4.2749  4.0821  4.0781  3.9869
 110  0.641324  3.8124  4.3321  0.1161  5.7800  5.1562  4.7570  4.5221  5.0010  4.8717  4.5821  4.4194  4.3506  4.2216  4.0303  4.0265  3.9364
 111  0.643518  3.8136  4.3165  0.1378  5.7081  5.0919  4.6990  4.4675  4.9424  4.8140  4.5266  4.3651  4.2968  4.1687  3.9788  3.9751  3.8860
 112  0.644188  3.8139  4.3116  0.1445  5.6861  5.0722  4.6812  4.4507  4.9243  4.7962  4.5095  4.3484  4.2801  4.1523  3.9628  3.9592  3.8704
 113  0.644858  3.8143  4.3066  0.1514  5.6636  5.0520  4.6631  4.4337  4.9059  4.7782  4.4922  4.3314  4.2633  4.1357  3.9467  3.9430  3.8546
 114  0.645524  3.8146  4.3016  0.1581  5.6411  5.0320  4.6451  4.4169  4.8877  4.7603  4.4750  4.3146  4.2466  4.1193  3.9307  3.9271  3.8389
 115  0.646189  3.8150  4.2966  0.1651  5.6174  5.0110  4.6265  4.3994  4.8688  4.7417  4.4572  4.2973  4.2295  4.1025  3.9143  3.9107  3.8228
 116  0.646850  3.8154  4.2915  0.1720  5.5942  4.9904  4.6080  4.3822  4.8501  4.7234  4.4396  4.2800  4.2124  4.0857  3.8980  3.8944  3.8069
 117  0.647508  3.8158  4.2866  0.1790  5.5697  4.9689  4.5890  4.3645  4.8308  4.7046  4.4216  4.2626  4.1951  4.0687  3.8815  3.8779  3.7908
 118  0.648162  3.8162  4.2816  0.1861  5.5442  4.9466  4.5695  4.3465  4.8111  4.6853  4.4034  4.2447  4.1775  4.0514  3.8649  3.8613  3.7745
 119  0.648813  3.8166  4.2767  0.1934  5.5182  4.9240  4.5497  4.3283  4.7913  4.6659  4.3849  4.2268  4.1598  4.0342  3.8482  3.8447  3.7583
 120  0.649462  3.8171  4.2718  0.2006  5.4920  4.9013  4.5299  4.3101  4.7713  4.6463  4.3664  4.2088  4.1420  4.0168  3.8314  3.8279  3.7419
 121  0.650107  3.8176  4.2667  0.2080  5.4656  4.8784  4.5099  4.2916  4.7509  4.6266  4.3475  4.1905  4.1239  3.9991  3.8144  3.8108  3.7253
 122  0.650749  3.8180  4.2615  0.2154  5.4395  4.8556  4.4898  4.2731  4.7305  4.6066  4.3286  4.1721  4.1057  3.9812  3.7970  3.7936  3.7085
 123  0.651385  3.8184  4.2560  0.2229  5.4137  4.8330  4.4697  4.2545  4.7099  4.5864  4.3093  4.1533  4.0871  3.9631  3.7794  3.7759  3.6912
 124  0.652016  3.8188  4.2502  0.2306  5.3886  4.8106  4.4496  4.2358  4.6893  4.5662  4.2898  4.1343  4.0682  3.9445  3.7613  3.7579  3.6734
 125  0.652641  3.8191  4.2442  0.2384  5.3636  4.7884  4.4295  4.2168  4.6684  4.5456  4.2701  4.1149  4.0490  3.9256  3.7428  3.7395  3.6552
 126  0.653262  3.8194  4.2378  0.2462  5.3393  4.7664  4.4094  4.1978  4.6474  4.5250  4.2501  4.0953  4.0295  3.9063  3.7240  3.7207  3.6367
 127  0.653876  3.8197  4.2313  0.2541  5.3152  4.7444  4.3892  4.1786  4.6263  4.5041  4.2299  4.0754  4.0097  3.8868  3.7048  3.7015  3.6178
 128  0.654484  3.8199  4.2246  0.2623  5.2910  4.7223  4.3688  4.1591  4.6049  4.4830  4.2094  4.0552  3.9897  3.8670  3.6854  3.6820  3.5985
 129  0.655088  3.8201  4.2177  0.2704  5.2673  4.7005  4.3484  4.1396  4.5835  4.4619  4.1887  4.0349  3.9694  3.8470  3.6657  3.6623  3.5789
 130  0.655688  3.8203  4.2104  0.2786  5.2439  4.6788  4.3280  4.1201  4.5620  4.4406  4.1679  4.0143  3.9490  3.8267  3.6456  3.6423  3.5590
 131  0.656282  3.8204  4.2032  0.2869  5.2206  4.6572  4.3075  4.1003  4.5403  4.4191  4.1469  3.9935  3.9283  3.8062  3.6253  3.6220  3.5389
 132  0.656870  3.8205  4.1958  0.2952  5.1974  4.6355  4.2870  4.0804  4.5185  4.3975  4.1257  3.9725  3.9073  3.7854  3.6048  3.6015  3.5185
 133  0.657454  3.8206  4.1881  0.3037  5.1745  4.6138  4.2664  4.0604  4.4965  4.3757  4.1043  3.9512  3.8862  3.7643  3.5840  3.5807  3.4977
 134  0.658029  3.8207  4.1801  0.3122  5.1523  4.5927  4.2458  4.0402  4.4745  4.3539  4.0827  3.9297  3.8647  3.7430  3.5627  3.5594  3.4765
 135  0.658598  3.8207  4.1718  0.3209  5.1307  4.5717  4.2253  4.0200  4.4524  4.3318  4.0608  3.9080  3.8430  3.7213  3.5411  3.5378  3.4549
 136  0.659159  3.8207  4.1633  0.3296  5.1094  4.5509  4.2047  3.9996  4.4302  4.3097  4.0387  3.8860  3.8210  3.6993  3.5192  3.5158  3.4329
 137  0.659713  3.8206  4.1545  0.3385  5.0886  4.5303  4.1841  3.9791  4.4079  4.2874  4.0165  3.8637  3.7988  3.6770  3.4969  3.4935  3.4105
 138  0.660260  3.8205  4.1453  0.3474  5.0683  4.5100  4.1636  3.9584  4.3855  4.2650  3.9940  3.8412  3.7762  3.6544  3.4742  3.4708  3.3876
 139  0.660797  3.8203  4.1360  0.3564  5.0486  4.4899  4.1430  3.9376  4.3631  4.2424  3.9713  3.8184  3.7534  3.6316  3.4512  3.4477  3.3644
 140  0.661326  3.8200  4.1264  0.3655  5.0296  4.4701  4.1224  3.9168  4.3405  4.2199  3.9485  3.7954  3.7303  3.6083  3.4277  3.4243  3.3407
 141  0.661845  3.8198  4.1163  0.3747  5.0113  4.4507  4.1020  3.8957  4.3179  4.1971  3.9253  3.7721  3.7069  3.5848  3.4039  3.4004  3.3166
 142  0.662355  3.8194  4.1060  0.3840  4.9940  4.4319  4.0816  3.8746  4.2954  4.1743  3.9020  3.7485  3.6832  3.5608  3.3796  3.3761  3.2920
 143  0.662855  3.8190  4.0953  0.3934  4.9777  4.4136  4.0614  3.8533  4.2728  4.1514  3.8785  3.7246  3.6591  3.5365  3.3549  3.3514  3.2669
 144  0.663344  3.8185  4.0843  0.4028  4.9624  4.3958  4.0414  3.8320  4.2502  4.1285  3.8548  3.7004  3.6348  3.5118  3.3297  3.3262  3.2412
 145  0.663821  3.8180  4.0728  0.4124  4.9486  4.3788  4.0215  3.8106  4.2278  4.1056  3.8309  3.6759  3.6101  3.4868  3.3041  3.3004  3.2150
 146  0.664287  3.8174  4.0610  0.4220  4.9361  4.3626  4.0019  3.7892  4.2053  4.0826  3.8068  3.6513  3.5852  3.4613  3.2779  3.2743  3.1883
 147  0.664742  3.8167  4.0488  0.4318  4.9250  4.3471  3.9826  3.7678  4.1830  4.0597  3.7825  3.6262  3.5598  3.4355  3.2513  3.2476  3.1610
 148  0.665183  3.8159  4.0361  0.4417  4.9156  4.3327  3.9636  3.7463  4.1608  4.0368  3.7581  3.6010  3.5343  3.4093  3.2241  3.2204  3.1330
 149  0.665612  3.8150  4.0229  0.4515  4.9077  4.3190  3.9449  3.7249  4.1387  4.0139  3.7336  3.5755  3.5085  3.3827  3.1966  3.1928  3.1046
 150  0.666028  3.8140  4.0093  0.4615  4.9005  4.3058  3.9265  3.7036  4.1169  3.9912  3.7089  3.5499  3.4825  3.3560  3.1687  3.1648  3.0758
 151  0.666430  3.8129  3.9952  0.4715  4.8932  4.2925  3.9080  3.6824  4.0950  3.9684  3.6844  3.5243  3.4565  3.3292  3.1407  3.1367  3.0467
 152  0.666819  3.8117  3.9805  0.4816  4.8862  4.2795  3.8897  3.6615  4.0733  3.9458  3.6599  3.4987  3.4305  3.3023  3.1125  3.1085  3.0173
 153  0.667194  3.8104  3.9653  0.4918  4.8803  4.2672  3.8718  3.6409  4.0518  3.9235  3.6354  3.4731  3.4044  3.2754  3.0841  3.0799  2.9876
 154  0.667556  3.8090  3.9496  0.5020  4.8754  4.2556  3.8543  3.6206  4.0305  3.9012  3.6110  3.4474  3.3783  3.2483  3.0554  3.0512  2.9575
 155  0.667903  3.8074  3.9333  0.5122  4.8720  4.2450  3.8374  3.6006  4.0095  3.8791  3.5865  3.4217  3.3520  3.2211  3.0264  3.0221  2.9271
 156  0.668237  3.8057  3.9165  0.5225  4.8716  4.2361  3.8212  3.5808  3.9889  3.8574  3.5621  3.3959  3.3257  3.1935  2.9970  2.9925  2.8961
 157  0.668558  3.8039  3.8993  0.5328  4.8735  4.2287  3.8057  3.5614  3.9687  3.8359  3.5379  3.3700  3.2992  3.1658  2.9673  2.9626  2.8646
 158  0.668867  3.8020  3.8815  0.5431  4.8778  4.2227  3.7910  3.5424  3.9490  3.8148  3.5136  3.3441  3.2727  3.1380  2.9373  2.9325  2.8327
 159  0.669162  3.8000  3.8634  0.5534  4.8843  4.2183  3.7770  3.5238  3.9297  3.7940  3.4895  3.3182  3.2461  3.1100  2.9071  2.9021  2.8005
 160  0.669444  3.7979  3.8445  0.5638  4.8938  4.2157  3.7640  3.5059  3.9109  3.7736  3.4655  3.2923  3.2195  3.0820  2.8765  2.8714  2.7678
 161  0.669715  3.7953  3.8243  0.5741  4.9111  4.2183  3.7539  3.4898  3.8937  3.7546  3.4421  3.2666  3.1929  3.0536  2.8454  2.8401  2.7342
 162  0.669948  3.7924  3.8038  0.5833  4.9412  4.2303  3.7500  3.4783  3.8811  3.7395  3.4218  3.2435  3.1688  3.0274  2.8159  2.8103  2.7018
 163  0.670178  3.7895  3.7828  0.5927  4.9771  4.2458  3.7480  3.4679  3.8690  3.7246  3.4010  3.2198  3.1439  3.0003  2.7852  2.7794  2.6682
 164  0.670405  3.7864  3.7612  0.6023  5.0154  4.2630  3.7467  3.4578  3.8566  3.7095  3.3798  3.1954  3.1185  2.9725  2.7539  2.7478  2.6339
 165  0.670630  3.7833  3.7389  0.6121  5.0538  4.2801  3.7455  3.4481  3.8437  3.6939  3.3582  3.1709  3.0929  2.9447  2.7225  2.7162  2.5994
 166  0.670852  3.7804  3.7170  0.6223  5.0904  4.2961  3.7437  3.4382  3.8299  3.6774  3.3359  3.1457  3.0666  2.9163  2.6906  2.6840  2.5646
 167  0.671069  3.7772  3.6943  0.6326  5.1350  4.3174  3.7453  3.4306  3.8173  3.6618  3.3134  3.1199  3.0397  2.8869  2.6574  2.6506  2.5282
 168  0.671282  3.7741  3.6716  0.6430  5.1790  4.3382  3.7464  3.4229  3.8041  3.6455  3.2905  3.0939  3.0124  2.8573  2.6240  2.6169  2.4916
 169  0.671493  3.7711  3.6489  0.6539  5.2212  4.3575  3.7465  3.4145  3.7897  3.6282  3.2670  3.0673  2.9847  2.8274  2.5906  2.5833  2.4552
 170  0.671700  3.7684  3.6273  0.6651  5.2562  4.3717  3.7433  3.4037  3.7730  3.6089  3.2422  3.0398  2.9564  2.7970  2.5572  2.5496  2.4191
 171  0.671902  3.7660  3.6063  0.6766  5.2854  4.3818  3.7374  3.3909  3.7543  3.5879  3.2162  3.0116  2.9273  2.7663  2.5236  2.5158  2.3830
 172  0.672101  3.7638  3.5855  0.6885  5.3121  4.3899  3.7300  3.3770  3.7344  3.5657  3.1894  2.9825  2.8974  2.7348  2.4895  2.4815  2.3466
 173  0.672292  3.7617  3.5649  0.7007  5.3354  4.3955  3.7209  3.3617  3.7130  3.5423  3.1614  2.9527  2.8668  2.7026  2.4549  2.4467  2.3097
 174  0.672477  3.7597  3.5446  0.7133  5.3549  4.3984  3.7099  3.3450  3.6903  3.5174  3.1326  2.9218  2.8354  2.6698  2.4197  2.4114  2.2725
 175  0.672655  3.7579  3.5245  0.7262  5.3710  4.3987  3.6971  3.3269  3.6661  3.4914  3.1026  2.8902  2.8030  2.6361  2.3841  2.3754  2.2349
 176  0.672828  3.7563  3.5046  0.7395  5.3833  4.3962  3.6825  3.3072  3.6405  3.4641  3.0717  2.8577  2.7700  2.6021  2.3479  2.3393  2.1971
 177  0.672994  3.7547  3.4850  0.7530  5.3925  4.3914  3.6662  3.2864  3.6138  3.4357  3.0402  2.8246  2.7364  2.5673  2.3114  2.3026  2.1589
 178  0.673155  3.7532  3.4656  0.7667  5.3994  4.3851  3.6490  3.2647  3.5863  3.4067  3.0079  2.7909  2.7022  2.5320  2.2745  2.2654  2.1204
 179  0.673312  3.7519  3.4464  0.7807  5.4026  4.3760  3.6300  3.2418  3.5578  3.3767  2.9748  2.7566  2.6675  2.4963  2.2372  2.2280  2.0817
 180  0.673464  3.7507  3.4276  0.7947  5.4034  4.3654  3.6102  3.2183  3.5288  3.3462  2.9415  2.7220  2.6325  2.4604  2.1997  2.1905  2.0429
 181  0.673612  3.7496  3.4090  0.8090  5.4010  4.3525  3.5889  3.1936  3.4988  3.3150  2.9077  2.6870  2.5970  2.4241  2.1620  2.1527  2.0041
 182  0.673748  3.7486  3.3920  0.8222  5.3965  4.3390  3.5682  3.1701  3.4705  3.2855  2.8760  2.6542  2.5639  2.3902  2.1270  2.1175  1.9680
 183  0.673882  3.7477  3.3749  0.8358  5.3904  4.3242  3.5466  3.1458  3.4414  3.2553  2.8435  2.6208  2.5301  2.3558  2.0914  2.0818  1.9313
 184  0.674016  3.7469  3.3579  0.8495  5.3821  4.3078  3.5238  3.1205  3.4115  3.2244  2.8105  2.5868  2.4958  2.3207  2.0553  2.0456  1.8943
 185  0.674149  3.7460  3.3408  0.8634  5.3727  4.2905  3.5002  3.0947  3.3811  3.1930  2.7771  2.5526  2.4612  2.2855  2.0189  2.0092  1.8571
 186  0.674282  3.7453  3.3239  0.8775  5.3613  4.2716  3.4757  3.0679  3.3500  3.1611  2.7432  2.5178  2.4263  2.2500  1.9824  1.9727  1.8198
 187  0.674414  3.7446  3.3070  0.8916  5.3478  4.2513  3.4500  3.0403  3.3182  3.1285  2.7090  2.4828  2.3910  2.2141  1.9458  1.9360  1.7823
 188  0.674545  3.7439  3.2901  0.9058  5.3342  4.2307  3.4242  3.0124  3.2862  3.0956  2.6745  2.4476  2.3555  2.1781  1.9089  1.8990  1.7447
 189  0.674676  3.7432  3.2731  0.9203  5.3189  4.2090  3.3973  2.9837  3.2535  3.0621  2.6395  2.4119  2.3196  2.1417  1.8717  1.8617  1.7067
 190  0.674807  3.7426  3.2561  0.9349  5.3025  4.1862  3.3697  2.9543  3.2202  3.0280  2.6040  2.3757  2.2833  2.1049  1.8341  1.8241  1.6685
 191  0.674935  3.7420  3.2389  0.9497  5.2855  4.1629  3.3416  2.9244  3.1863  2.9935  2.5680  2.3391  2.2464  2.0676  1.7960  1.7859  1.6297
 192  0.675065  3.7414  3.2217  0.9647  5.2674  4.1388  3.3127  2.8938  3.1518  2.9583  2.5315  2.3021  2.2092  2.0300  1.7577  1.7475  1.5907
 193  0.675192  3.7408  3.2043  0.9798  5.2485  4.1138  3.2832  2.8626  3.1168  2.9226  2.4946  2.2646  2.1716  1.9918  1.7188  1.7086  1.5513
 194  0.675319  3.7403  3.1867  0.9952  5.2291  4.0884  3.2532  2.8309  3.0813  2.8864  2.4570  2.2266  2.1333  1.9533  1.6796  1.6693  1.5114
 195  0.675445  3.7397  3.1690  1.0107  5.2091  4.0624  3.2226  2.7986  3.0451  2.8496  2.4190  2.1880  2.0946  1.9142  1.6399  1.6295  1.4710
 196  0.675570  3.7392  3.1513  1.0265  5.1878  4.0354  3.1912  2.7658  3.0085  2.8124  2.3807  2.1492  2.0556  1.8748  1.5999  1.5895  1.4305
 197  0.675694  3.7386  3.1333  1.0424  5.1662  4.0080  3.1594  2.7324  2.9713  2.7746  2.3418  2.1099  2.0162  1.8349  1.5595  1.5491  1.3895
 198  0.675816  3.7381  3.1149  1.0587  5.1444  3.9802  3.1269  2.6984  2.9332  2.7359  2.3021  2.0695  1.9756  1.7941  1.5179  1.5075  1.3473
 199  0.675936  3.7376  3.0963  1.0753  5.1213  3.9512  3.0935  2.6633  2.8943  2.6964  2.2613  2.0284  1.9344  1.7524  1.4758  1.4652  1.3045
 200  0.676053  3.7370  3.0771  1.0923  5.0976  3.9214  3.0590  2.6273  2.8542  2.6556  2.2195  1.9861  1.8919  1.7097  1.4323  1.4217  1.2605
 201  0.676167  3.7365  3.0573  1.1100  5.0734  3.8909  3.0237  2.5903  2.8129  2.6138  2.1765  1.9426  1.8482  1.6656  1.3876  1.3769  1.2152
 202  0.676279  3.7360  3.0372  1.1279  5.0487  3.8597  2.9875  2.5525  2.7708  2.5709  2.1325  1.8981  1.8036  1.6206  1.3420  1.3313  1.1689
 203  0.676387  3.7354  3.0166  1.1463  5.0238  3.8281  2.9507  2.5139  2.7277  2.5271  2.0874  1.8526  1.7579  1.5745  1.2952  1.2844  1.1215
 204  0.676494  3.7348  2.9956  1.1651  4.9984  3.7958  2.9132  2.4745  2.6838  2.4826  2.0417  1.8062  1.7114  1.5276  1.2477  1.2368  1.0733
 205  0.676597  3.7341  2.9740  1.1842  4.9746  3.7644  2.8757  2.4352  2.6393  2.4374  1.9950  1.7590  1.6639  1.4797  1.1990  1.1881  1.0239
 206  0.676698  3.7334  2.9520  1.2037  4.9505  3.7323  2.8377  2.3950  2.5942  2.3914  1.9476  1.7110  1.6157  1.4310  1.1496  1.1386  0.9737
 207  0.676794  3.7328  2.9295  1.2234  4.9265  3.7002  2.7993  2.3545  2.5483  2.3447  1.8994  1.6621  1.5667  1.3815  1.0992  1.0882  0.9226
 208  0.676889  3.7321  2.9068  1.2436  4.9027  3.6679  2.7604  2.3135  2.5018  2.2973  1.8504  1.6125  1.5168  1.3312  1.0481  1.0370  0.8707
 209  0.676981  3.7314  2.8836  1.2640  4.8796  3.6359  2.7214  2.2721  2.4547  2.2493  1.8008  1.5621  1.4662  1.2800  0.9961  0.9849  0.8178
 210  0.677071  3.7307  2.8602  1.2846  4.8557  3.6031  2.6817  2.2301  2.4070  2.2007  1.7504  1.5110  1.4150  1.2283  0.9434  0.9322  0.7644
 211  0.677157  3.7300  2.8363  1.3056  4.8330  3.5709  2.6421  2.1880  2.3589  2.1515  1.6994  1.4594  1.3629  1.1757  0.8901  0.8787  0.7101
 212  0.677241  3.7293  2.8123  1.3268  4.8104  3.5385  2.6021  2.1454  2.3103  2.1018  1.6478  1.4070  1.3104  1.1226  0.8360  0.8245  0.6552
 213  0.677322  3.7285  2.7879  1.3482  4.7882  3.5062  2.5618  2.1026  2.2612  2.0517  1.5957  1.3540  1.2572  1.0688  0.7812  0.7698  0.5996
 214  0.677400  3.7277  2.7633  1.3700  4.7665  3.4743  2.5216  2.0595  2.2118  2.0011  1.5431  1.3006  1.2034  1.0145  0.7259  0.7143  0.5434
 215  0.677475  3.7270  2.7384  1.3918  4.7452  3.4422  2.4811  2.0163  2.1618  1.9501  1.4899  1.2465  1.1491  0.9595  0.6700  0.6583  0.4865
 216  0.677549  3.7262  2.7132  1.4139  4.7246  3.4105  2.4406  1.9729  2.1117  1.8987  1.4363  1.1920  1.0943  0.9041  0.6135  0.6018  0.4292
 217  0.677561  3.7261  2.7086  1.4180  4.7207  3.4046  2.4331  1.9649  2.1024  1.8893  1.4264  1.1820  1.0842  0.8939  0.6031  0.5914  0.4187
 218  0.677575  3.7259  2.7039  1.4221  4.7171  3.3989  2.4257  1.9569  2.0932  1.8798  1.4165  1.1719  1.0741  0.8837  0.5927  0.5809  0.4081
 219  0.677587  3.7258  2.6993  1.4261  4.7132  3.3930  2.4181  1.9489  2.0839  1.8702  1.4066  1.1618  1.0639  0.8734  0.5822  0.5705  0.3974
 220  0.677600  3.7256  2.6946  1.4303  4.7094  3.3872  2.4107  1.9408  2.0745  1.8607  1.3966  1.1517  1.0537  0.8631  0.5717  0.5598  0.3867
 221  0.677613  3.7255  2.6899  1.4344  4.7057  3.3814  2.4032  1.9327  2.0652  1.8511  1.3866  1.1415  1.0435  0.8527  0.5612  0.5493  0.3760
 222  0.677626  3.7253  2.6851  1.4385  4.7021  3.3755  2.3956  1.9247  2.0558  1.8415  1.3766  1.1313  1.0332  0.8423  0.5506  0.5387  0.3652
 223  0.677639  3.7252  2.6804  1.4427  4.6985  3.3698  2.3881  1.9166  2.0464  1.8318  1.3665  1.1210  1.0229  0.8318  0.5399  0.5280  0.3544
 224  0.677651  3.7250  2.6756  1.4469  4.6948  3.3639  2.3805  1.9084  2.0370  1.8222  1.3564  1.1107  1.0126  0.8213  0.5293  0.5173  0.3436
 225  0.677664  3.7249  2.6708  1.4511  4.6910  3.3580  2.3729  1.9002  2.0274  1.8124  1.3462  1.1004  1.0022  0.8108  0.5186  0.5066  0.3327
 226  0.677676  3.7247  2.6660  1.4553  4.6871  3.3520  2.3652  1.8919  2.0179  1.8025  1.3359  1.0899  0.9917  0.8003  0.5078  0.4958  0.3218
 227  0.677804  3.7231  2.6151  1.4999  4.6485  3.2901  2.2845  1.8051  1.9168  1.6990  1.2278  0.9800  0.8811  0.6884  0.3938  0.3818  0.2059
 228  0.677916  3.7216  2.5658  1.5431  4.6132  3.2317  2.2071  1.7218  1.8192  1.5990  1.1233  0.8737  0.7743  0.5804  0.2837  0.2714  0.0939
 229  0.678016  3.7202  2.5185  1.5846  4.5810  3.1769  2.1336  1.6424  1.7260  1.5032  1.0233  0.7719  0.6719  0.4767  0.1781  0.1656 -0.0135
 230  0.678113  3.7184  2.4681  1.6283  4.5548  3.1242  2.0589  1.5610  1.6287  1.4031  0.9180  0.6647  0.5642  0.3676  0.0666  0.0541 -0.1269
 231  0.678200  3.7168  2.4182  1.6715  4.5331  3.0749  1.9866  1.4816  1.5330  1.3045  0.8143  0.5591  0.4578  0.2599 -0.0433 -0.0562 -0.2390
 232  0.678281  3.7150  2.3677  1.7150  4.5156  3.0283  1.9155  1.4031  1.4374  1.2056  0.7101  0.4527  0.3508  0.1514 -0.1542 -0.1673 -0.3521
 233  0.678353  3.7132  2.3185  1.7572  4.5020  2.9855  1.8477  1.3281  1.3451  1.1102  0.6091  0.3497  0.2472  0.0463 -0.2618 -0.2750 -0.4618
 234  0.678420  3.7115  2.2695  1.7994  4.4913  2.9449  1.7814  1.2543  1.2535  1.0152  0.5086  0.2471  0.1439 -0.0584 -0.3690 -0.3824 -0.5712
 235  0.678481  3.7098  2.2202  1.8416  4.4834  2.9064  1.7160  1.1812  1.1620  0.9202  0.4079  0.1442  0.0403 -0.1635 -0.4765 -0.4901 -0.6810
 236  0.678537  3.7080  2.1718  1.8832  4.4785  2.8708  1.6530  1.1105  1.0725  0.8273  0.3092  0.0433 -0.0612 -0.2666 -0.5820 -0.5959 -0.7888
 237  0.678589  3.7062  2.1237  1.9244  4.4765  2.8379  1.5919  1.0415  0.9846  0.7357  0.2116 -0.0565 -0.1618 -0.3686 -0.6866 -0.7007 -0.8955
 238  0.678636  3.7046  2.0763  1.9649  4.4772  2.8077  1.5330  0.9747  0.8984  0.6459  0.1158 -0.1546 -0.2605 -0.4688 -0.7894 -0.8037 -1.0005
 239  0.678678  3.7029  2.0294  2.0050  4.4803  2.7801  1.4756  0.9094  0.8135  0.5572  0.0209 -0.2517 -0.3584 -0.5682 -0.8913 -0.9058 -1.1047
 240  0.678719  3.7010  1.9813  2.0458  4.4911  2.7580  1.4209  0.8462  0.7289  0.4684 -0.0750 -0.3501 -0.4575 -0.6692 -0.9951 -1.0098 -1.2107
 241  0.678756  3.6992  1.9352  2.0846  4.5069  2.7418  1.3711  0.7883  0.6496  0.3847 -0.1657 -0.4435 -0.5518 -0.7651 -1.0938 -1.1087 -1.3120
 242  0.678789  3.6974  1.8905  2.1222  4.5263  2.7300  1.3248  0.7341  0.5738  0.3044 -0.2530 -0.5335 -0.6426 -0.8578 -1.1893 -1.2044 -1.4099
 243  0.678820  3.6957  1.8481  2.1576  4.5475  2.7217  1.2826  0.6844  0.5030  0.2293 -0.3352 -0.6184 -0.7283 -0.9452 -1.2795 -1.2948 -1.5025
 244  0.678849  3.6944  1.8140  2.1865  4.5611  2.7133  1.2472  0.6432  0.4449  0.1677 -0.4024 -0.6876 -0.7982 -1.0165 -1.3529 -1.3685 -1.5778
 245  0.678876  3.6934  1.7896  2.2072  4.5701  2.7071  1.2219  0.6137  0.4031  0.1235 -0.4505 -0.7372 -0.8483 -1.0676 -1.4056 -1.4212 -1.6318
 246  0.678903  3.6923  1.7591  2.2334  4.5781  2.6975  1.1885  0.5753  0.3497  0.0672 -0.5115 -0.8002 -0.9118 -1.1322 -1.4721 -1.4879 -1.6998
 247  0.678929  3.6906  1.7154  2.2700  4.6050  2.6961  1.1491  0.5280  0.2788 -0.0088 -0.5954 -0.8870 -0.9996 -1.2220 -1.5648 -1.5809 -1.7952
 248  0.678952  3.6886  1.6681  2.3095  4.6363  2.6976  1.1090  0.4790  0.2032 -0.0899 -0.6856 -0.9807 -1.0943 -1.3189 -1.6651 -1.6814 -1.8982
 249  0.678974  3.6867  1.6233  2.3468  4.6670  2.7013  1.0722  0.4337  0.1322 -0.1664 -0.7709 -1.0691 -1.1837 -1.4104 -1.7598 -1.7764 -1.9956
 250  0.678995  3.6850  1.5813  2.3819  4.6967  2.7068  1.0388  0.3924  0.0660 -0.2378 -0.8505 -1.1518 -1.2673 -1.4959 -1.8485 -1.8652 -2.0867
 251  0.679013  3.6832  1.5385  2.4177  4.7268  2.7139  1.0056  0.3510 -0.0011 -0.3102 -0.9315 -1.2360 -1.3524 -1.5830 -1.9387 -1.9557 -2.1795
 252  0.679030  3.6813  1.4936  2.4548  4.7627  2.7270  0.9742  0.3110 -0.0694 -0.3844 -1.0150 -1.3228 -1.4403 -1.6731 -2.0322 -2.0495 -2.2759
 253  0.679045  3.6794  1.4496  2.4910  4.8002  2.7442  0.9463  0.2746 -0.1347 -0.4557 -1.0959 -1.4072 -1.5257 -1.7607 -2.1233 -2.1409 -2.3698
 254  0.679060  3.6774  1.4058  2.5270  4.8386  2.7647  0.9203  0.2403 -0.1986 -0.5257 -1.1758 -1.4907 -1.6103 -1.8476 -2.2139 -2.2318 -2.4634
 255  0.679073  3.6755  1.3624  2.5626  4.8785  2.7889  0.8972  0.2088 -0.2602 -0.5939 -1.2542 -1.5728 -1.6935 -1.9332 -2.3032 -2.3213 -2.5556
 256  0.679086  3.6735  1.3205  2.5969  4.9175  2.8153  0.8764  0.1801 -0.3187 -0.6589 -1.3292 -1.6516 -1.7733 -2.0154 -2.3891 -2.4075 -2.6445
 257  0.679097  3.6716  1.2788  2.6309  4.9579  2.8452  0.8577  0.1535 -0.3759 -0.7226 -1.4033 -1.7295 -1.8524 -2.0969 -2.4745 -2.4931 -2.7328
 258  0.679113  3.6697  1.2380  2.6642  4.9982  2.8780  0.8414  0.1294 -0.4305 -0.7840 -1.4753 -1.8054 -1.9295 -2.1764 -2.5577 -2.5767 -2.8192
 259  0.679123  3.6679  1.1980  2.6968  5.0372  2.9128  0.8268  0.1075 -0.4832 -0.8435 -1.5453 -1.8793 -2.0045 -2.2540 -2.6391 -2.6584 -2.9035
 260  0.679132  3.6660  1.1587  2.7287  5.0751  2.9503  0.8143  0.0879 -0.5335 -0.9007 -1.6132 -1.9513 -2.0775 -2.3295 -2.7186 -2.7381 -2.9860
 261  0.679140  3.6642  1.1202  2.7601  5.1108  2.9901  0.8035  0.0702 -0.5820 -0.9562 -1.6797 -2.0216 -2.1490 -2.4035 -2.7964 -2.8163 -3.0669
 262  0.679148  3.6625  1.0824  2.7907  5.1432  3.0317  0.7942  0.0542 -0.6287 -1.0099 -1.7442 -2.0902 -2.2187 -2.4758 -2.8725 -2.8926 -3.1460
 263  0.679155  3.6607  1.0451  2.8209  5.1724  3.0751  0.7863  0.0400 -0.6737 -1.0620 -1.8072 -2.1572 -2.2870 -2.5465 -2.9473 -2.9677 -3.2238
 264  0.679162  3.6589  1.0084  2.8505  5.2002  3.1224  0.7811  0.0286 -0.7161 -1.1118 -1.8682 -2.2225 -2.3534 -2.6156 -3.0203 -3.0410 -3.3000
 265  0.679169  3.6571  0.9723  2.8795  5.2269  3.1745  0.7794  0.0209 -0.7556 -1.1590 -1.9272 -2.2858 -2.4179 -2.6828 -3.0917 -3.1128 -3.3746
 266  0.679175  3.6553  0.9368  2.9079  5.2491  3.2283  0.7793  0.0150 -0.7933 -1.2044 -1.9843 -2.3474 -2.4808 -2.7484 -3.1616 -3.1828 -3.4476
 267  0.679181  3.6535  0.9015  2.9359  5.2674  3.2846  0.7813  0.0114 -0.8290 -1.2481 -2.0401 -2.4078 -2.5424 -2.8128 -3.2302 -3.2519 -3.5197
 268  0.679186  3.6518  0.8672  2.9630  5.2819  3.3415  0.7848  0.0097 -0.8625 -1.2895 -2.0936 -2.4657 -2.6016 -2.8748 -3.2967 -3.3186 -3.5894
 269  0.679191  3.6499  0.8333  2.9899  5.2929  3.3990  0.7894  0.0094 -0.8945 -1.3297 -2.1459 -2.5227 -2.6599 -2.9359 -3.3622 -3.3845 -3.6583
 270  0.679195  3.6482  0.8000  3.0163  5.2998  3.4558  0.7943  0.0098 -0.9252 -1.3686 -2.1970 -2.5784 -2.7167 -2.9958 -3.4264 -3.4490 -3.7257
 271  0.679199  3.6466  0.7673  3.0421  5.3038  3.5118  0.7998  0.0112 -0.9545 -1.4060 -2.2465 -2.6325 -2.7721 -3.0540 -3.4890 -3.5119 -3.7916
 272  0.679204  3.6448  0.7353  3.0673  5.3051  3.5666  0.8055  0.0131 -0.9824 -1.4420 -2.2945 -2.6851 -2.8260 -3.1107 -3.5501 -3.5733 -3.8559
 273  0.679208  3.6432  0.7037  3.0923  5.3036  3.6205  0.8113  0.0154 -1.0096 -1.4773 -2.3417 -2.7370 -2.8791 -3.1667 -3.6105 -3.6340 -3.9196
 274  0.679212  3.6415  0.6727  3.1168  5.3000  3.6734  0.8173  0.0183 -1.0354 -1.5112 -2.3877 -2.7876 -2.9308 -3.2213 -3.6695 -3.6933 -3.9818
 275  0.679215  3.6400  0.6428  3.1405  5.2943  3.7234  0.8229  0.0210 -1.0601 -1.5438 -2.4320 -2.8364 -2.9808 -3.2741 -3.7265 -3.7507 -4.0421
 276  0.679219  3.6384  0.6132  3.1639  5.2870  3.7727  0.8286  0.0243 -1.0837 -1.5755 -2.4753 -2.8844 -3.0299 -3.3260 -3.7828 -3.8072 -4.1015
 277  0.679222  3.6370  0.5847  3.1866  5.2776  3.8191  0.8338  0.0273 -1.1062 -1.6058 -2.5171 -2.9306 -3.0772 -3.3761 -3.8371 -3.8618 -4.1588
 278  0.679225  3.6356  0.5573  3.2084  5.2671  3.8627  0.8387  0.0302 -1.1275 -1.6347 -2.5571 -2.9749 -3.1226 -3.4243 -3.8893 -3.9143 -4.2141
 279  0.679227  3.6344  0.5332  3.2277  5.2560  3.8994  0.8421  0.0320 -1.1463 -1.6602 -2.5924 -3.0141 -3.1628 -3.4668 -3.9354 -3.9607 -4.2628
