1.318000000000001393e+00 2.322500000000000142e+01
1.575000000000002842e+00 2.347500000000000142e+01
1.054999999999999716e+00 2.315800000000000125e+01
7.490000000000023306e-01 2.104700000000000060e+01
4.759999999999990905e-01 2.060200000000000031e+01
3.270000000000017337e-01 2.073600000000000065e+01
6.989999999999980673e-01 2.146099999999999852e+01
9.980000000000011084e-01 2.214499999999999957e+01
3.550000000000004263e-01 2.112800000000000011e+01
6.320000000000014495e-01 2.262500000000000000e+01
4.479999999999968452e-01 2.111199999999999832e+01
1.881000000000000227e+00 2.279700000000000060e+01
2.106999999999999318e+00 2.421699999999999875e+01
1.717000000000002302e+00 2.221300000000000097e+01
5.890000000000021885e-01 2.060500000000000043e+01
3.620000000000018758e-01 2.307300000000000040e+01
5.500000000000007105e-01 1.975300000000000011e+01
4.639999999999986358e-01 1.880799999999999983e+01
1.208000000000001961e+00 1.957100000000000151e+01
1.477999999999997982e+00 2.299899999999999878e+01
6.059999999999980957e-01 1.886799999999999855e+01
4.660000000000010800e-01 2.000300000000000011e+01
3.619999999999983231e-01 1.974299999999999855e+01
8.079999999999998295e-01 1.930900000000000105e+01
6.099999999999994316e-01 1.696799999999999997e+01
1.224000000000000199e+00 2.082300000000000040e+01
2.949999999999981526e-01 1.956599999999999895e+01
1.131000000000000227e+00 2.334199999999999875e+01
4.920000000000008811e-01 1.962000000000000099e+01
5.079999999999991189e-01 1.841799999999999926e+01
1.153999999999999915e+00 2.235600000000000165e+01
5.239999999999973568e-01 2.201599999999999824e+01
4.600000000000008527e-01 1.861299999999999955e+01
1.367000000000000881e+00 2.379400000000000048e+01
4.239999999999994884e-01 1.893199999999999861e+01
1.106000000000001648e+00 2.062800000000000011e+01
3.479999999999989768e-01 1.982799999999999940e+01
1.155000000000001137e+00 2.299500000000000099e+01
4.890000000000007674e-01 2.112600000000000122e+01
5.210000000000007958e-01 1.961299999999999955e+01
1.867000000000000881e+00 2.250900000000000034e+01
3.969999999999984652e-01 2.068299999999999983e+01
1.255000000000002558e+00 2.314600000000000080e+01
5.850000000000008527e-01 2.338200000000000145e+01
1.887999999999998124e+00 2.420299999999999940e+01
1.481999999999999318e+00 2.287800000000000011e+01
1.303000000000000824e+00 2.350400000000000134e+01
5.129999999999981242e-01 2.102499999999999858e+01
1.024000000000000909e+00 2.369999999999999929e+01
4.510000000000005116e-01 2.011400000000000077e+01
4.639999999999986358e-01 2.071399999999999864e+01
4.209999999999993747e-01 2.289900000000000091e+01
1.059000000000001052e+00 2.321600000000000108e+01
2.549999999999990052e-01 2.158899999999999864e+01
4.409999999999989484e-01 1.894699999999999918e+01
1.155000000000001137e+00 2.201500000000000057e+01
8.000000000000007105e-01 2.245200000000000173e+01
5.009999999999976694e-01 2.160399999999999920e+01
4.029999999999986926e-01 1.985999999999999943e+01
1.083999999999999631e+00 2.356599999999999895e+01
4.589999999999996305e-01 2.049200000000000088e+01
5.749999999999992895e-01 2.111599999999999966e+01
6.410000000000017906e-01 1.753200000000000003e+01
5.239999999999973568e-01 1.986799999999999855e+01
8.499999999999978684e-01 2.184499999999999886e+01
5.299999999999975842e-01 2.110099999999999909e+01
7.869999999999990337e-01 2.061400000000000077e+01
1.384000000000000341e+00 2.244699999999999918e+01
4.349999999999987210e-01 1.965599999999999881e+01
4.860000000000006537e-01 1.962699999999999889e+01
1.348000000000002530e+00 2.213500000000000156e+01
5.730000000000003979e-01 2.183800000000000097e+01
1.471000000000000085e+00 2.402299999999999969e+01
4.460000000000015064e-01 2.031800000000000139e+01
2.490000000000001990e+00 2.442200000000000060e+01
4.340000000000010516e-01 1.901800000000000068e+01
1.237999999999999545e+00 2.221300000000000097e+01
5.559999999999973852e-01 2.218499999999999872e+01
1.690999999999998948e+00 2.427299999999999969e+01
7.270000000000003126e-01 2.066400000000000148e+01
5.470000000000005969e-01 2.086400000000000077e+01
7.820000000000000284e-01 2.335099999999999909e+01
7.500000000000000000e-01 2.185000000000000142e+01
5.080000000000026716e-01 2.005600000000000094e+01
1.013999999999999346e+00 2.264099999999999824e+01
9.009999999999998010e-01 2.080399999999999849e+01
4.009999999999998010e-01 2.220499999999999829e+01
1.088000000000000966e+00 2.194000000000000128e+01
5.249999999999985789e-01 2.067399999999999949e+01
1.083000000000001961e+00 2.309900000000000020e+01
7.019999999999981810e-01 2.317599999999999838e+01
1.748000000000001108e+00 2.437900000000000134e+01
5.169999999999994600e-01 2.193900000000000006e+01
8.020000000000013785e-01 1.617200000000000060e+01
7.530000000000001137e-01 2.304400000000000048e+01
5.949999999999988631e-01 2.329299999999999926e+01
6.589999999999989200e-01 1.799299999999999855e+01
4.659999999999975273e-01 1.933899999999999864e+01
3.940000000000019043e-01 1.960800000000000054e+01
6.159999999999996589e-01 2.013100000000000023e+01
1.293000000000002814e+00 2.166100000000000136e+01
6.490000000000009095e-01 1.954500000000000171e+01
9.340000000000010516e-01 1.981800000000000139e+01
1.806999999999998607e+00 2.447899999999999920e+01
4.420000000000001705e-01 2.013899999999999935e+01
1.053000000000000824e+00 2.346300000000000097e+01
4.080000000000012506e-01 2.038800000000000168e+01
3.769999999999988916e-01 2.087999999999999901e+01
5.279999999999986926e-01 2.348000000000000043e+01
9.959999999999986642e-01 2.381099999999999994e+01
2.189000000000000057e+00 2.452100000000000080e+01
4.679999999999999716e-01 2.309799999999999898e+01
5.579999999999998295e-01 2.200400000000000134e+01
5.990000000000001990e-01 2.255699999999999861e+01
1.731999999999999318e+00 2.132000000000000028e+01
6.090000000000017621e-01 2.164000000000000057e+01
4.349999999999987210e-01 2.326899999999999835e+01
8.649999999999984368e-01 2.271799999999999997e+01
3.879999999999981242e-01 2.033599999999999852e+01
4.379999999999988347e-01 2.135500000000000043e+01
4.780000000000015348e-01 1.679100000000000037e+01
3.769999999999988916e-01 2.332499999999999929e+01
1.285000000000000142e+00 2.379400000000000048e+01
7.290000000000027569e-01 2.231200000000000117e+01
8.689999999999997726e-01 2.269600000000000151e+01
4.740000000000001990e-01 1.986599999999999966e+01
1.332000000000000739e+00 2.285399999999999920e+01
4.269999999999996021e-01 2.087099999999999866e+01
3.970000000000020179e-01 1.956500000000000128e+01
3.599999999999994316e-01 1.955900000000000105e+01
1.898000000000003240e+00 2.395200000000000173e+01
6.209999999999986642e-01 2.174399999999999977e+01
1.980000000000000426e+00 2.370400000000000063e+01
5.530000000000008242e-01 1.825000000000000000e+01
6.439999999999983515e-01 2.258699999999999974e+01
1.832000000000000739e+00 2.408500000000000085e+01
9.220000000000005969e-01 2.155199999999999960e+01
9.980000000000011084e-01 1.962600000000000122e+01
9.700000000000024158e-01 2.167000000000000171e+01
4.559999999999995168e-01 1.829299999999999926e+01
4.349999999999987210e-01 2.349899999999999878e+01
5.369999999999990337e-01 1.788400000000000034e+01
5.710000000000015064e-01 2.256500000000000128e+01
6.499999999999985789e-01 1.989099999999999824e+01
6.320000000000014495e-01 2.037800000000000011e+01
1.035000000000000142e+00 2.179700000000000060e+01
7.130000000000009663e-01 2.306500000000000128e+01
6.909999999999989484e-01 2.136499999999999844e+01
1.693000000000001393e+00 2.249500000000000099e+01
8.750000000000000000e-01 2.350700000000000145e+01
1.231999999999999318e+00 2.127599999999999980e+01
5.549999999999997158e-01 2.169999999999999929e+01
5.149999999999970157e-01 2.276899999999999835e+01
7.360000000000006537e-01 2.272800000000000153e+01
2.358000000000000540e+00 2.319699999999999918e+01
1.310999999999999943e+00 2.374500000000000099e+01
4.309999999999973852e-01 2.273699999999999832e+01
7.629999999999981242e-01 2.296199999999999974e+01
7.259999999999990905e-01 2.254799999999999827e+01
5.860000000000020748e-01 1.901000000000000156e+01
1.321999999999999176e+00 2.257999999999999829e+01
4.540000000000006253e-01 1.998600000000000065e+01
1.222000000000001307e+00 2.117500000000000071e+01
7.289999999999992042e-01 2.180300000000000082e+01
8.539999999999992042e-01 2.147599999999999909e+01
9.870000000000018758e-01 2.137000000000000099e+01
4.920000000000008811e-01 1.994000000000000128e+01
7.630000000000016769e-01 2.049800000000000111e+01
1.618999999999999773e+00 2.302899999999999991e+01
9.649999999999998579e-01 2.257300000000000040e+01
1.254999999999999005e+00 2.245700000000000074e+01
5.180000000000006821e-01 2.224500000000000099e+01
4.390000000000000568e-01 1.718400000000000105e+01
5.730000000000003979e-01 2.148300000000000054e+01
6.849999999999987210e-01 2.357999999999999829e+01
6.089999999999982094e-01 2.171999999999999886e+01
1.121999999999999886e+00 2.327799999999999869e+01
4.480000000000003979e-01 2.176000000000000156e+01
5.429999999999992610e-01 2.114399999999999835e+01
6.809999999999973852e-01 2.261499999999999844e+01
5.500000000000007105e-01 2.132799999999999940e+01
6.180000000000021032e-01 1.861400000000000077e+01
6.849999999999987210e-01 2.202599999999999980e+01
1.599999999999997868e+00 2.331899999999999906e+01
1.614000000000000767e+00 2.257600000000000051e+01
5.689999999999990621e-01 2.136400000000000077e+01
6.950000000000002842e-01 2.312500000000000000e+01
5.800000000000018474e-01 2.132600000000000051e+01
6.309999999999966747e-01 2.130099999999999838e+01
1.001999999999998892e+00 2.128999999999999915e+01
1.096999999999997755e+00 2.153999999999999915e+01
4.540000000000006253e-01 1.987900000000000134e+01
6.990000000000016200e-01 2.317000000000000171e+01
5.309999999999988063e-01 2.073999999999999844e+01
8.170000000000001705e-01 1.708899999999999864e+01
1.042999999999999261e+00 2.174099999999999966e+01
1.940000000000001279e+00 2.330900000000000105e+01
8.309999999999995168e-01 1.892399999999999949e+01
7.099999999999972999e-01 2.246399999999999864e+01
2.213999999999998636e+00 2.443199999999999861e+01
6.059999999999980957e-01 2.202299999999999969e+01
7.650000000000005684e-01 2.239300000000000068e+01
5.350000000000001421e-01 2.339600000000000080e+01
8.460000000000000853e-01 2.358200000000000074e+01
7.779999999999986926e-01 1.733399999999999963e+01
7.210000000000000853e-01 2.348999999999999844e+01
6.429999999999971294e-01 2.186499999999999844e+01
5.229999999999996874e-01 2.075300000000000011e+01
5.710000000000015064e-01 2.127400000000000091e+01
1.739000000000000767e+00 2.404400000000000048e+01
8.359999999999985221e-01 2.303500000000000014e+01
5.590000000000010516e-01 1.976699999999999946e+01
7.519999999999988916e-01 2.249599999999999866e+01
3.949999999999995737e-01 1.941600000000000037e+01
9.750000000000014211e-01 2.299699999999999989e+01
6.600000000000001421e-01 2.090299999999999869e+01
1.550000000000000711e+00 2.251300000000000168e+01
5.009999999999976694e-01 2.085099999999999909e+01
4.310000000000009379e-01 1.890099999999999980e+01
1.373999999999998778e+00 2.086899999999999977e+01
1.095000000000002416e+00 2.212300000000000111e+01
7.950000000000017053e-01 2.278300000000000125e+01
1.308000000000003382e+00 2.298100000000000165e+01
1.091000000000001080e+00 2.326000000000000156e+01
5.880000000000009663e-01 2.041400000000000148e+01
4.720000000000013074e-01 1.981200000000000117e+01
1.390000000000000568e+00 2.097899999999999920e+01
7.240000000000001990e-01 2.175700000000000145e+01
4.409999999999989484e-01 2.148199999999999932e+01
5.519999999999996021e-01 2.114499999999999957e+01
6.310000000000002274e-01 2.071499999999999986e+01
1.737999999999999545e+00 2.439199999999999946e+01
6.469999999999984652e-01 1.975600000000000023e+01
1.957999999999998408e+00 2.366499999999999915e+01
5.410000000000003695e-01 2.082799999999999940e+01
1.030999999999998806e+00 2.086599999999999966e+01
1.285000000000000142e+00 2.321900000000000119e+01
8.130000000000023874e-01 1.876000000000000156e+01
1.257999999999999119e+00 2.233599999999999852e+01
8.989999999999973568e-01 2.298999999999999844e+01
5.739999999999980673e-01 2.135399999999999920e+01
2.025999999999999801e+00 2.395799999999999841e+01
9.400000000000012790e-01 2.184299999999999997e+01
6.580000000000012506e-01 1.700900000000000034e+01
2.281000000000002359e+00 2.403300000000000125e+01
5.189999999999983515e-01 2.075199999999999889e+01
8.200000000000002842e-01 2.254700000000000060e+01
1.230000000000000426e+00 2.200100000000000122e+01
7.739999999999973568e-01 2.242599999999999838e+01
6.269999999999988916e-01 2.302499999999999858e+01
1.768000000000000682e+00 2.407799999999999940e+01
1.230999999999998096e+00 2.202599999999999980e+01
5.919999999999987494e-01 1.933299999999999841e+01
5.649999999999977263e-01 2.117899999999999849e+01
1.429000000000002046e+00 2.319900000000000162e+01
5.069999999999978968e-01 2.121699999999999875e+01
6.409999999999982379e-01 2.165399999999999991e+01
4.929999999999985505e-01 2.070799999999999841e+01
9.530000000000029559e-01 2.370200000000000173e+01
6.700000000000017053e-01 2.046799999999999997e+01
7.959999999999993747e-01 1.782799999999999940e+01
6.800000000000032685e-01 2.263800000000000168e+01
8.009999999999983800e-01 1.727799999999999869e+01
9.530000000000029559e-01 2.119000000000000128e+01
4.460000000000015064e-01 1.746799999999999997e+01
6.920000000000001705e-01 2.242000000000000171e+01
1.803999999999998494e+00 2.264999999999999858e+01
5.180000000000006821e-01 2.027100000000000080e+01
8.309999999999995168e-01 2.049399999999999977e+01
1.749000000000002331e+00 2.280900000000000105e+01
1.071999999999999176e+00 2.371799999999999997e+01
5.739999999999980673e-01 1.889699999999999847e+01
1.692000000000000171e+00 2.341499999999999915e+01
9.160000000000003695e-01 2.347800000000000153e+01
4.789999999999992042e-01 1.977599999999999980e+01
3.290000000000006253e-01 2.301000000000000156e+01
1.131999999999997897e+00 2.157499999999999929e+01
7.830000000000012506e-01 2.280600000000000094e+01
7.289999999999992042e-01 2.232300000000000040e+01
5.779999999999994031e-01 1.920700000000000074e+01
1.096000000000000085e+00 2.248400000000000176e+01
1.594000000000001194e+00 2.204400000000000048e+01
5.779999999999994031e-01 2.098199999999999932e+01
8.559999999999980957e-01 2.328099999999999881e+01
5.730000000000003979e-01 2.360200000000000031e+01
5.120000000000004547e-01 2.119399999999999906e+01
4.870000000000018758e-01 2.039300000000000068e+01
8.389999999999986358e-01 2.065399999999999991e+01
7.940000000000004832e-01 2.168900000000000006e+01
7.510000000000012221e-01 1.754500000000000171e+01
1.219999999999998863e+00 2.269699999999999918e+01
4.749999999999978684e-01 1.826099999999999923e+01
4.349999999999987210e-01 1.701999999999999957e+01
1.509000000000000341e+00 2.225100000000000122e+01
4.979999999999993321e-01 1.615599999999999881e+01
9.959999999999986642e-01 2.275799999999999912e+01
1.016000000000001791e+00 2.051000000000000156e+01
5.449999999999981526e-01 1.977499999999999858e+01
1.318999999999999062e+00 2.156700000000000017e+01
7.010000000000005116e-01 1.972100000000000009e+01
6.660000000000003695e-01 1.823100000000000165e+01
7.469999999999998863e-01 2.040500000000000114e+01
5.270000000000010232e-01 1.955199999999999960e+01
5.789999999999970726e-01 2.202499999999999858e+01
7.130000000000009663e-01 2.176300000000000168e+01
6.619999999999990337e-01 2.137399999999999878e+01
5.339999999999989200e-01 2.107300000000000040e+01
2.455000000000001847e+00 2.454200000000000159e+01
1.021000000000000796e+00 2.082700000000000173e+01
6.340000000000003411e-01 2.025300000000000011e+01
9.589999999999996305e-01 2.316799999999999926e+01
5.269999999999974705e-01 1.856899999999999906e+01
6.879999999999988347e-01 2.360699999999999932e+01
1.143999999999998352e+00 1.964199999999999946e+01
8.369999999999997442e-01 2.333599999999999852e+01
2.003000000000000114e+00 2.402899999999999991e+01
1.506999999999997897e+00 2.300799999999999912e+01
1.877000000000002444e+00 2.092800000000000082e+01
1.358000000000000540e+00 2.335200000000000031e+01
7.590000000000003411e-01 2.252400000000000091e+01
1.269000000000001904e+00 2.272700000000000031e+01
5.590000000000010516e-01 2.319000000000000128e+01
8.620000000000018758e-01 2.332600000000000051e+01
7.800000000000011369e-01 2.259900000000000020e+01
4.740000000000001990e-01 2.065899999999999892e+01
2.149999999999998579e-01 1.832300000000000040e+01
1.882000000000001450e+00 2.449699999999999989e+01
1.449999999999999289e+00 2.286100000000000065e+01
1.104000000000002757e+00 2.053900000000000148e+01
5.689999999999990621e-01 1.969999999999999929e+01
1.375000000000000000e+00 2.264099999999999824e+01
4.020000000000010232e-01 1.935200000000000031e+01
4.939999999999997726e-01 1.759499999999999886e+01
6.109999999999971010e-01 2.170499999999999829e+01
6.709999999999993747e-01 2.289199999999999946e+01
6.849999999999987210e-01 1.691300000000000026e+01
5.199999999999995737e-01 2.128500000000000014e+01
9.649999999999998579e-01 2.291799999999999926e+01
5.880000000000009663e-01 1.929599999999999937e+01
6.400000000000005684e-01 2.162999999999999901e+01
9.559999999999995168e-01 2.313899999999999935e+01
7.620000000000004547e-01 2.032900000000000063e+01
4.700000000000024158e-01 2.087300000000000111e+01
1.186999999999997613e+00 2.025499999999999901e+01
7.139999999999986358e-01 2.299599999999999866e+01
9.320000000000021600e-01 2.021000000000000085e+01
1.980999999999998096e+00 2.459799999999999898e+01
1.073999999999998067e+00 2.313899999999999935e+01
1.285000000000000142e+00 2.312699999999999889e+01
6.209999999999986642e-01 2.285500000000000043e+01
2.079000000000000625e+00 2.421199999999999974e+01
1.972999999999998977e+00 2.305799999999999983e+01
5.370000000000025864e-01 2.169600000000000151e+01
5.609999999999999432e-01 1.896600000000000108e+01
5.979999999999989768e-01 1.748300000000000054e+01
1.442000000000000171e+00 2.324800000000000111e+01
3.130000000000023874e-01 2.227400000000000091e+01
6.649999999999991473e-01 2.147899999999999920e+01
1.405999999999998806e+00 2.317299999999999827e+01
4.229999999999982663e-01 2.002499999999999858e+01
9.849999999999994316e-01 2.210200000000000031e+01
8.990000000000009095e-01 2.302299999999999969e+01
6.070000000000028706e-01 1.962300000000000111e+01
6.419999999999994600e-01 2.227799999999999869e+01
1.388000000000001677e+00 2.219800000000000040e+01
1.314000000000000057e+00 2.300700000000000145e+01
1.220000000000002416e+00 2.349800000000000111e+01
9.259999999999983800e-01 2.347100000000000009e+01
4.669999999999987494e-01 2.024399999999999977e+01
6.829999999999998295e-01 2.214199999999999946e+01
4.460000000000015064e-01 1.864600000000000080e+01
3.090000000000010516e-01 1.906700000000000017e+01
7.390000000000007674e-01 2.266799999999999926e+01
4.199999999999981526e-01 2.007999999999999829e+01
1.141999999999999460e+00 2.317299999999999827e+01
5.279999999999986926e-01 1.621399999999999864e+01
9.939999999999997726e-01 2.295899999999999963e+01
1.114000000000000767e+00 2.247700000000000031e+01
1.082999999999998408e+00 2.337800000000000011e+01
1.570000000000000284e+00 2.257000000000000028e+01
4.190000000000004832e-01 2.302700000000000102e+01
6.539999999999999147e-01 2.158599999999999852e+01
8.520000000000003126e-01 1.978600000000000136e+01
4.960000000000022169e-01 2.106500000000000128e+01
5.649999999999977263e-01 2.280999999999999872e+01
1.376999999999998892e+00 2.296999999999999886e+01
1.290999999999996817e+00 2.273999999999999844e+01
1.426999999999999602e+00 2.353600000000000136e+01
6.009999999999990905e-01 2.230000000000000071e+01
4.359999999999999432e-01 1.913500000000000156e+01
4.230000000000018190e-01 2.171300000000000097e+01
5.839999999999996305e-01 2.171300000000000097e+01
7.759999999999998010e-01 2.288400000000000034e+01
1.089999999999999858e+00 2.371199999999999974e+01
8.490000000000001990e-01 2.324200000000000088e+01
6.290000000000013358e-01 2.262800000000000011e+01
5.960000000000000853e-01 2.197599999999999909e+01
5.940000000000011937e-01 2.285500000000000043e+01
4.840000000000017621e-01 2.079400000000000048e+01
5.940000000000011937e-01 2.164799999999999969e+01
6.849999999999987210e-01 2.330499999999999972e+01
9.739999999999966462e-01 1.945499999999999829e+01
1.070000000000000284e+00 2.341300000000000026e+01
7.869999999999990337e-01 2.149599999999999866e+01
1.146999999999998465e+00 2.309499999999999886e+01
4.209999999999993747e-01 1.876800000000000068e+01
1.652999999999998693e+00 2.291600000000000037e+01
5.519999999999996021e-01 2.121499999999999986e+01
6.900000000000012790e-01 2.247700000000000031e+01
5.160000000000017906e-01 2.122400000000000020e+01
7.900000000000027001e-01 2.350700000000000145e+01
1.370000000000000995e+00 2.357600000000000051e+01
8.260000000000005116e-01 2.362000000000000099e+01
3.739999999999987779e-01 1.917899999999999849e+01
4.900000000000019895e-01 2.091700000000000159e+01
4.809999999999980957e-01 2.167899999999999849e+01
5.040000000000013358e-01 2.203200000000000003e+01
5.719999999999991758e-01 1.934799999999999898e+01
1.333000000000001961e+00 2.289300000000000068e+01
1.000999999999997669e+00 2.249899999999999878e+01
4.169999999999980389e-01 1.857199999999999918e+01
6.980000000000003979e-01 2.244999999999999929e+01
8.750000000000000000e-01 2.297899999999999920e+01
1.341999999999998749e+00 2.302499999999999858e+01
4.900000000000019895e-01 1.673400000000000176e+01
6.559999999999988063e-01 2.181400000000000006e+01
5.030000000000001137e-01 2.079100000000000037e+01
1.888999999999999346e+00 2.444999999999999929e+01
5.109999999999992326e-01 2.127100000000000080e+01
6.559999999999988063e-01 2.112500000000000000e+01
5.480000000000018190e-01 2.253900000000000148e+01
4.319999999999986073e-01 1.880399999999999849e+01
2.167000000000001592e+00 2.412500000000000000e+01
5.719999999999991758e-01 2.176899999999999835e+01
4.500000000000028422e-01 2.066100000000000136e+01
9.729999999999989768e-01 2.291499999999999915e+01
1.974000000000000199e+00 2.400700000000000145e+01
3.390000000000021885e-01 2.095700000000000074e+01
7.370000000000018758e-01 2.035600000000000165e+01
5.640000000000000568e-01 2.065800000000000125e+01
4.370000000000011653e-01 2.152100000000000080e+01
4.019999999999974705e-01 2.082999999999999829e+01
7.740000000000009095e-01 2.035699999999999932e+01
1.634000000000000341e+00 2.377799999999999869e+01
6.950000000000002842e-01 2.224500000000000099e+01
6.350000000000015632e-01 2.004400000000000048e+01
6.720000000000005969e-01 2.251399999999999935e+01
8.060000000000009379e-01 2.272899999999999920e+01
5.760000000000005116e-01 1.993299999999999983e+01
5.189999999999983515e-01 2.130699999999999861e+01
7.250000000000014211e-01 2.253600000000000136e+01
6.389999999999993463e-01 2.103200000000000003e+01
1.050000000000000711e+00 2.388100000000000023e+01
4.929999999999985505e-01 2.108699999999999974e+01
1.307999999999999829e+00 2.368199999999999861e+01
1.019999999999999574e+00 2.362000000000000099e+01
5.410000000000003695e-01 2.150100000000000122e+01
1.060999999999999943e+00 2.296900000000000119e+01
7.459999999999986642e-01 2.244800000000000040e+01
4.220000000000005969e-01 2.019600000000000151e+01
6.140000000000007674e-01 2.177899999999999991e+01
1.026000000000003354e+00 1.792000000000000171e+01
5.790000000000006253e-01 2.182300000000000040e+01
7.199999999999988631e-01 2.298799999999999955e+01
4.409999999999989484e-01 2.051599999999999824e+01
1.623999999999998778e+00 2.247400000000000020e+01
1.609999999999999432e+00 2.376500000000000057e+01
4.589999999999996305e-01 2.073199999999999932e+01
4.570000000000007390e-01 1.979899999999999949e+01
3.919999999999994600e-01 1.975799999999999912e+01
3.800000000000025580e-01 2.327400000000000091e+01
6.649999999999991473e-01 2.314699999999999847e+01
9.719999999999977547e-01 2.342399999999999949e+01
4.160000000000003695e-01 2.023000000000000043e+01
9.890000000000007674e-01 2.366799999999999926e+01
9.409999999999989484e-01 2.316000000000000014e+01
7.300000000000004263e-01 2.244200000000000017e+01
6.709999999999993747e-01 2.187399999999999878e+01
4.630000000000009663e-01 2.038200000000000145e+01
8.899999999999970157e-01 2.220799999999999841e+01
2.367000000000000881e+00 2.404400000000000048e+01
5.069999999999978968e-01 1.799599999999999866e+01
5.270000000000010232e-01 2.133999999999999986e+01
4.939999999999997726e-01 2.132600000000000051e+01
4.710000000000000853e-01 2.055799999999999983e+01
5.030000000000001137e-01 1.928000000000000114e+01
5.399999999999991473e-01 2.208999999999999986e+01
4.669999999999987494e-01 2.062500000000000000e+01
6.939999999999990621e-01 2.289300000000000068e+01
5.350000000000001421e-01 2.071000000000000085e+01
7.650000000000005684e-01 2.291300000000000026e+01
7.149999999999998579e-01 2.222899999999999920e+01
5.670000000000001705e-01 2.260000000000000142e+01
4.400000000000012790e-01 1.670400000000000063e+01
4.349999999999987210e-01 2.048000000000000043e+01
4.950000000000009948e-01 2.103500000000000014e+01
1.607000000000002871e+00 2.051300000000000168e+01
7.690000000000019043e-01 2.324500000000000099e+01
1.169000000000000483e+00 2.283500000000000085e+01
4.619999999999997442e-01 1.729299999999999926e+01
4.299999999999997158e-01 2.196600000000000108e+01
1.359000000000001762e+00 2.353300000000000125e+01
5.890000000000021885e-01 2.230900000000000105e+01
1.519999999999999574e+00 2.343100000000000094e+01
4.060000000000023590e-01 2.049500000000000099e+01
6.290000000000013358e-01 2.251200000000000045e+01
5.129999999999981242e-01 2.324399999999999977e+01
1.458999999999999631e+00 2.238700000000000045e+01
8.090000000000010516e-01 2.327599999999999980e+01
6.750000000000007105e-01 2.257100000000000151e+01
8.629999999999995453e-01 2.345499999999999829e+01
7.959999999999993747e-01 1.861400000000000077e+01
5.470000000000005969e-01 1.802700000000000102e+01
1.568999999999999062e+00 2.122700000000000031e+01
6.679999999999992610e-01 2.274699999999999989e+01
5.000000000000000000e-01 2.026099999999999923e+01
8.659999999999996589e-01 2.076500000000000057e+01
7.669999999999994600e-01 2.290399999999999991e+01
4.729999999999989768e-01 2.211299999999999955e+01
5.429999999999992610e-01 2.037099999999999866e+01
5.329999999999976978e-01 2.135699999999999932e+01
4.899999999999984368e-01 1.781099999999999994e+01
5.449999999999981526e-01 2.100499999999999901e+01
5.229999999999996874e-01 2.303500000000000014e+01
2.033000000000001251e+00 2.422400000000000020e+01
2.632000000000001450e+00 2.447800000000000153e+01
7.439999999999997726e-01 2.316900000000000048e+01
1.086000000000002075e+00 2.052400000000000091e+01
4.619999999999997442e-01 2.184600000000000009e+01
4.459999999999979536e-01 2.148699999999999832e+01
6.170000000000008811e-01 2.273499999999999943e+01
6.460000000000007958e-01 2.289499999999999957e+01
3.559999999999980957e-01 2.326699999999999946e+01
4.480000000000003979e-01 2.057199999999999918e+01
1.771000000000000796e+00 2.324699999999999989e+01
3.050000000000032685e-01 2.285600000000000165e+01
5.700000000000002842e-01 2.211899999999999977e+01
5.950000000000024158e-01 2.208500000000000085e+01
3.560000000000016485e-01 2.159600000000000009e+01
1.028999999999999915e+00 2.374099999999999966e+01
4.009999999999998010e-01 1.968299999999999983e+01
5.739999999999980673e-01 2.267399999999999949e+01
5.310000000000023590e-01 2.068700000000000117e+01
5.139999999999993463e-01 2.027599999999999980e+01
6.850000000000022737e-01 2.367000000000000171e+01
5.779999999999994031e-01 2.334799999999999898e+01
7.369999999999983231e-01 1.862099999999999866e+01
1.073000000000000398e+00 2.208500000000000085e+01
6.239999999999987779e-01 2.343799999999999883e+01
6.010000000000026432e-01 1.926300000000000168e+01
1.160000000000000142e+00 2.293199999999999861e+01
5.069999999999978968e-01 2.206899999999999906e+01
5.510000000000019327e-01 1.911400000000000077e+01
4.090000000000024727e-01 2.096600000000000108e+01
9.339999999999974989e-01 2.339399999999999835e+01
6.499999999999985789e-01 2.209299999999999997e+01
8.060000000000009379e-01 2.064000000000000057e+01
3.729999999999975557e-01 1.930999999999999872e+01
4.199999999999981526e-01 2.059499999999999886e+01
6.139999999999972147e-01 1.693199999999999861e+01
5.010000000000012221e-01 2.132600000000000051e+01
4.409999999999989484e-01 2.072299999999999898e+01
8.529999999999979821e-01 2.237099999999999866e+01
3.999999999999985789e-01 1.995899999999999963e+01
5.929999999999999716e-01 2.295400000000000063e+01
3.860000000000027853e-01 2.082400000000000162e+01
4.849999999999994316e-01 2.096499999999999986e+01
2.450000000000009948e-01 2.157600000000000051e+01
6.529999999999986926e-01 2.357999999999999829e+01
6.000000000000014211e-01 2.104200000000000159e+01
3.999999999999985789e-01 1.965399999999999991e+01
2.749999999999985789e-01 2.065700000000000003e+01
5.829999999999984084e-01 2.200799999999999912e+01
4.659999999999975273e-01 2.128699999999999903e+01
1.045000000000001705e+00 2.084299999999999997e+01
5.429999999999992610e-01 2.216600000000000037e+01
2.506999999999997897e+00 2.406899999999999906e+01
7.729999999999996874e-01 1.805300000000000082e+01
6.379999999999981242e-01 2.299399999999999977e+01
5.210000000000007958e-01 2.306099999999999994e+01
6.239999999999987779e-01 2.271399999999999864e+01
5.929999999999999716e-01 2.147599999999999909e+01
7.820000000000000284e-01 2.303699999999999903e+01
1.698000000000000398e+00 2.282499999999999929e+01
1.249000000000002331e+00 2.217000000000000171e+01
6.179999999999985505e-01 2.182199999999999918e+01
6.890000000000000568e-01 2.292899999999999849e+01
4.340000000000010516e-01 2.148900000000000077e+01
1.529999999999986926e-01 2.249399999999999977e+01
5.030000000000001137e-01 2.187500000000000000e+01
5.259999999999998010e-01 2.121999999999999886e+01
4.179999999999992610e-01 1.951200000000000045e+01
1.000999999999997669e+00 1.965599999999999881e+01
3.670000000000008811e-01 2.209700000000000131e+01
8.489999999999966462e-01 2.270799999999999841e+01
6.149999999999984368e-01 1.713899999999999935e+01
9.940000000000033253e-01 2.079200000000000159e+01
4.559999999999995168e-01 1.873199999999999932e+01
4.969999999999998863e-01 2.154299999999999926e+01
3.739999999999987779e-01 2.241300000000000026e+01
6.069999999999993179e-01 2.204899999999999949e+01
4.329999999999998295e-01 1.994699999999999918e+01
5.229999999999996874e-01 1.875400000000000134e+01
9.320000000000021600e-01 2.248900000000000077e+01
6.030000000000015348e-01 2.326200000000000045e+01
4.759999999999990905e-01 2.189000000000000057e+01
4.510000000000005116e-01 2.138400000000000034e+01
5.100000000000015632e-01 1.680900000000000105e+01
5.049999999999990052e-01 2.135800000000000054e+01
6.269999999999988916e-01 2.320599999999999952e+01
4.980000000000011084e-01 2.285000000000000142e+01
4.579999999999984084e-01 2.006599999999999895e+01
4.849999999999994316e-01 1.795599999999999952e+01
1.850000000000001421e+00 2.378000000000000114e+01
3.780000000000001137e-01 1.930199999999999960e+01
3.629999999999995453e-01 2.306400000000000006e+01
9.969999999999998863e-01 2.136299999999999955e+01
1.644999999999999574e+00 2.399299999999999855e+01
4.980000000000011084e-01 2.072700000000000031e+01
4.480000000000003979e-01 1.947500000000000142e+01
1.120999999999998664e+00 2.297599999999999909e+01
5.590000000000010516e-01 1.814300000000000068e+01
3.850000000000015632e-01 1.978900000000000148e+01
9.639999999999986358e-01 2.314999999999999858e+01
1.379999999999999005e+00 2.223699999999999832e+01
7.330000000000005400e-01 2.072500000000000142e+01
5.310000000000023590e-01 1.842200000000000060e+01
5.949999999999988631e-01 2.281299999999999883e+01
8.299999999999982947e-01 2.173799999999999955e+01
4.750000000000014211e-01 2.171900000000000119e+01
4.400000000000012790e-01 1.968700000000000117e+01
5.539999999999984936e-01 2.203999999999999915e+01
7.150000000000034106e-01 2.323400000000000176e+01
1.175999999999998380e+00 2.359600000000000009e+01
4.659999999999975273e-01 2.231599999999999895e+01
7.800000000000011369e-01 1.830199999999999960e+01
5.300000000000011369e-01 2.180300000000000082e+01
4.480000000000003979e-01 2.227799999999999869e+01
1.900000000000012790e-01 2.293700000000000117e+01
6.129999999999995453e-01 1.502999999999999936e+01
4.059999999999988063e-01 2.142399999999999949e+01
4.060000000000023590e-01 2.137900000000000134e+01
4.359999999999999432e-01 1.996600000000000108e+01
6.920000000000001705e-01 2.292200000000000060e+01
7.019999999999981810e-01 2.194699999999999918e+01
5.650000000000012790e-01 2.162900000000000134e+01
4.299999999999997158e-01 2.028099999999999881e+01
4.510000000000005116e-01 2.063400000000000034e+01
6.639999999999979252e-01 2.311199999999999832e+01
1.432999999999999829e+00 2.353900000000000148e+01
5.820000000000007390e-01 2.160900000000000176e+01
5.709999999999979536e-01 2.228399999999999892e+01
5.779999999999994031e-01 2.268700000000000117e+01
3.840000000000003411e-01 1.912999999999999901e+01
6.219999999999998863e-01 2.175000000000000000e+01
6.250000000000000000e-01 2.193499999999999872e+01
5.040000000000013358e-01 2.146199999999999974e+01
6.509999999999998010e-01 2.038599999999999923e+01
6.960000000000015064e-01 2.263800000000000168e+01
4.310000000000009379e-01 2.085200000000000031e+01
3.769999999999988916e-01 1.943299999999999983e+01
9.269999999999996021e-01 2.126999999999999957e+01
8.390000000000021885e-01 2.368100000000000094e+01
8.149999999999977263e-01 2.335999999999999943e+01
1.012999999999998124e+00 2.180999999999999872e+01
8.329999999999984084e-01 2.215299999999999869e+01
3.919999999999994600e-01 1.999800000000000111e+01
6.459999999999972431e-01 2.294099999999999895e+01
7.820000000000000284e-01 2.282900000000000063e+01
6.099999999999994316e-01 2.280099999999999838e+01
1.256000000000000227e+00 2.209100000000000108e+01
1.408000000000001251e+00 2.294300000000000139e+01
2.890000000000014779e-01 2.044800000000000040e+01
1.024999999999998579e+00 2.359600000000000009e+01
8.109999999999999432e-01 2.308200000000000074e+01
7.240000000000001990e-01 2.307499999999999929e+01
5.160000000000017906e-01 2.270100000000000051e+01
4.839999999999982094e-01 2.111299999999999955e+01
5.649999999999977263e-01 2.171099999999999852e+01
4.499999999999992895e-01 2.261899999999999977e+01
3.819999999999978968e-01 2.200499999999999901e+01
4.020000000000010232e-01 1.907900000000000063e+01
2.215999999999997527e+00 2.304799999999999827e+01
5.670000000000001705e-01 2.173799999999999955e+01
7.249999999999978684e-01 2.306299999999999883e+01
1.426999999999999602e+00 2.301800000000000068e+01
4.819999999999993179e-01 2.165099999999999980e+01
5.770000000000017337e-01 1.949800000000000111e+01
5.549999999999997158e-01 1.707900000000000063e+01
3.849999999999980105e-01 2.025499999999999901e+01
7.020000000000017337e-01 2.329500000000000171e+01
3.900000000000005684e-01 1.986700000000000088e+01
8.860000000000027853e-01 2.340200000000000102e+01
3.949999999999995737e-01 1.994699999999999918e+01
1.493000000000002103e+00 2.367500000000000071e+01
5.869999999999997442e-01 2.196799999999999997e+01
4.489999999999980673e-01 2.077599999999999980e+01
7.010000000000005116e-01 2.230600000000000094e+01
7.880000000000002558e-01 2.300400000000000134e+01
7.149999999999998579e-01 2.259600000000000009e+01
4.869999999999983231e-01 2.208699999999999974e+01
6.530000000000022453e-01 2.358800000000000097e+01
4.390000000000000568e-01 2.009400000000000119e+01
1.695000000000000284e+00 2.365399999999999991e+01
7.139999999999986358e-01 2.197599999999999909e+01
6.370000000000004547e-01 2.280600000000000094e+01
5.670000000000001705e-01 2.007300000000000040e+01
8.170000000000001705e-01 2.352700000000000102e+01
4.200000000000017053e-01 2.063400000000000034e+01
3.969999999999984652e-01 1.983099999999999952e+01
3.149999999999977263e-01 2.170299999999999940e+01
4.550000000000018474e-01 2.109600000000000009e+01
5.359999999999995879e-01 1.598399999999999999e+01
6.479999999999996874e-01 2.306599999999999895e+01
5.889999999999986358e-01 2.272100000000000009e+01
5.730000000000003979e-01 2.271900000000000119e+01
3.990000000000009095e-01 2.119999999999999929e+01
4.780000000000015348e-01 2.199200000000000088e+01
5.129999999999981242e-01 1.899399999999999977e+01
5.160000000000017906e-01 2.261100000000000065e+01
5.060000000000002274e-01 1.800700000000000145e+01
2.112999999999999545e+00 2.392699999999999960e+01
5.150000000000005684e-01 2.175900000000000034e+01
1.178000000000000824e+00 2.275300000000000011e+01
5.949999999999988631e-01 2.312199999999999989e+01
7.399999999999984368e-01 2.282799999999999940e+01
5.199999999999995737e-01 2.199599999999999866e+01
6.069999999999993179e-01 2.208800000000000097e+01
1.202999999999999403e+00 2.373199999999999932e+01
-4.299999999999926104e-02 1.676999999999999957e+01
1.100999999999999091e+00 2.137199999999999989e+01
1.800999999999998380e+00 2.430699999999999861e+01
1.682999999999999829e+00 2.351899999999999835e+01
5.850000000000008527e-01 2.259700000000000131e+01
1.180000000000003268e+00 2.341700000000000159e+01
4.939999999999997726e-01 2.198000000000000043e+01
4.299999999999997158e-01 1.805900000000000105e+01
6.959999999999979536e-01 2.359799999999999898e+01
5.019999999999988916e-01 2.306400000000000006e+01
5.869999999999997442e-01 2.250300000000000011e+01
6.170000000000008811e-01 2.222899999999999920e+01
4.080000000000012506e-01 1.880300000000000082e+01
8.359999999999985221e-01 2.208099999999999952e+01
7.830000000000012506e-01 2.074699999999999989e+01
5.990000000000001990e-01 2.237900000000000134e+01
4.059999999999988063e-01 2.244200000000000017e+01
6.509999999999998010e-01 2.274099999999999966e+01
7.129999999999974136e-01 2.248699999999999832e+01
3.950000000000031264e-01 1.978600000000000136e+01
3.699999999999974420e-01 2.017299999999999827e+01
4.499999999999992895e-01 2.112099999999999866e+01
1.935999999999999943e+00 2.381200000000000117e+01
1.516999999999999460e+00 2.323300000000000054e+01
4.969999999999998863e-01 2.264099999999999824e+01
5.680000000000013927e-01 2.007900000000000063e+01
5.589999999999974989e-01 2.161799999999999855e+01
4.669999999999987494e-01 2.207300000000000040e+01
4.429999999999978400e-01 2.076399999999999935e+01
4.870000000000018758e-01 2.132000000000000028e+01
5.289999999999999147e-01 2.267899999999999849e+01
6.170000000000008811e-01 2.253600000000000136e+01
8.070000000000021600e-01 2.233800000000000097e+01
7.789999999999999147e-01 2.371000000000000085e+01
6.769999999999996021e-01 2.283299999999999841e+01
7.139999999999986358e-01 2.286199999999999832e+01
3.770000000000024443e-01 2.247800000000000153e+01
1.818000000000001393e+00 2.327299999999999969e+01
7.390000000000007674e-01 2.239499999999999957e+01
6.350000000000015632e-01 2.346799999999999997e+01
6.189999999999997726e-01 2.309400000000000119e+01
4.759999999999990905e-01 2.221799999999999997e+01
6.099999999999994316e-01 2.239799999999999969e+01
8.399999999999998579e-01 2.322200000000000131e+01
1.256999999999997897e+00 2.308299999999999841e+01
4.379999999999988347e-01 2.033099999999999952e+01
4.570000000000007390e-01 1.800799999999999912e+01
7.430000000000021032e-01 2.214300000000000068e+01
4.439999999999990621e-01 1.921699999999999875e+01
7.669999999999994600e-01 2.286299999999999955e+01
1.630000000000002558e-01 2.321199999999999974e+01
1.006000000000000227e+00 2.191100000000000136e+01
5.079999999999991189e-01 2.128999999999999915e+01
8.440000000000011937e-01 2.040099999999999980e+01
5.420000000000015916e-01 2.296799999999999997e+01
6.060000000000016485e-01 2.380000000000000071e+01
1.239000000000000767e+00 2.215800000000000125e+01
1.545000000000001705e+00 2.368400000000000105e+01
3.429999999999999716e-01 2.063299999999999912e+01
4.050000000000011369e-01 1.873000000000000043e+01
4.840000000000017621e-01 2.053300000000000125e+01
3.780000000000001137e-01 1.915500000000000114e+01
1.844000000000001194e+00 2.447100000000000009e+01
4.080000000000012506e-01 2.220100000000000051e+01
5.030000000000001137e-01 2.167399999999999949e+01
6.250000000000000000e-01 2.200100000000000122e+01
5.459999999999993747e-01 2.148000000000000043e+01
4.369999999999976126e-01 2.227499999999999858e+01
7.920000000000015916e-01 2.320700000000000074e+01
5.399999999999991473e-01 2.034199999999999875e+01
5.189999999999983515e-01 2.197100000000000009e+01
4.550000000000018474e-01 2.197700000000000031e+01
1.944000000000002615e+00 2.431200000000000117e+01
6.020000000000003126e-01 2.112600000000000122e+01
5.229999999999996874e-01 2.252299999999999969e+01
3.780000000000001137e-01 1.965099999999999980e+01
7.560000000000002274e-01 2.263299999999999912e+01
6.050000000000004263e-01 2.350000000000000000e+01
1.032000000000000028e+00 2.309700000000000131e+01
9.470000000000027285e-01 2.257700000000000173e+01
6.050000000000004263e-01 1.830900000000000105e+01
5.259999999999998010e-01 1.881899999999999906e+01
6.879999999999988347e-01 2.295100000000000051e+01
8.599999999999994316e-01 2.319500000000000028e+01
7.030000000000029559e-01 1.973100000000000165e+01
1.480000000000000426e+00 2.209299999999999997e+01
4.150000000000027001e-01 2.138200000000000145e+01
5.320000000000000284e-01 2.078800000000000026e+01
3.190000000000026148e-01 2.171000000000000085e+01
2.301999999999999602e+00 2.374500000000000099e+01
2.050000000000018474e-01 2.315200000000000102e+01
7.160000000000010800e-01 2.316300000000000026e+01
5.869999999999997442e-01 2.187099999999999866e+01
4.779999999999979821e-01 2.187999999999999901e+01
7.289999999999992042e-01 2.296999999999999886e+01
5.270000000000010232e-01 2.192800000000000082e+01
5.399999999999991473e-01 1.942299999999999827e+01
1.829999999999998295e-01 2.221799999999999997e+01
7.880000000000002558e-01 2.245599999999999952e+01
3.960000000000007958e-01 2.058800000000000097e+01
3.409999999999975273e-01 2.012099999999999866e+01
4.429999999999978400e-01 2.082499999999999929e+01
6.289999999999977831e-01 2.279299999999999926e+01
4.879999999999995453e-01 2.099299999999999855e+01
3.309999999999995168e-01 2.297100000000000009e+01
1.554999999999999716e+00 2.387600000000000122e+01
5.739999999999980673e-01 2.011199999999999832e+01
2.899999999999991473e-02 2.312199999999999989e+01
3.570000000000028706e-01 1.953600000000000136e+01
7.639999999999993463e-01 2.262699999999999889e+01
4.390000000000000568e-01 1.867800000000000082e+01
4.359999999999999432e-01 2.184100000000000108e+01
3.900000000000005684e-01 2.101800000000000068e+01
7.430000000000021032e-01 2.232100000000000151e+01
3.629999999999995453e-01 2.211299999999999955e+01
4.149999999999991473e-01 2.167599999999999838e+01
2.970000000000005969e-01 2.048100000000000165e+01
4.649999999999998579e-01 1.880699999999999861e+01
6.059999999999980957e-01 1.886799999999999855e+01
6.099999999999994316e-01 1.696799999999999997e+01
5.079999999999991189e-01 1.841799999999999926e+01
4.609999999999985221e-01 1.861299999999999955e+01
6.409999999999982379e-01 1.753099999999999881e+01
6.589999999999989200e-01 1.799299999999999855e+01
4.780000000000015348e-01 1.678800000000000026e+01
5.530000000000008242e-01 1.825000000000000000e+01
4.570000000000007390e-01 1.829200000000000159e+01
5.369999999999990337e-01 1.788299999999999912e+01
5.860000000000020748e-01 1.901000000000000156e+01
4.379999999999988347e-01 1.718299999999999983e+01
6.180000000000021032e-01 1.861400000000000077e+01
8.170000000000001705e-01 1.708899999999999864e+01
8.309999999999995168e-01 1.892399999999999949e+01
7.779999999999986926e-01 1.733399999999999963e+01
9.309999999999991616e-01 1.451699999999999946e+01
6.570000000000000284e-01 1.700799999999999912e+01
7.969999999999970441e-01 1.782999999999999829e+01
8.009999999999983800e-01 1.727799999999999869e+01
4.460000000000015064e-01 1.746799999999999997e+01
5.739999999999980673e-01 1.889699999999999847e+01
7.530000000000001137e-01 1.754500000000000171e+01
4.749999999999978684e-01 1.826099999999999923e+01
4.349999999999987210e-01 1.701999999999999957e+01
4.979999999999993321e-01 1.615599999999999881e+01
6.660000000000003695e-01 1.823100000000000165e+01
5.269999999999974705e-01 1.856899999999999906e+01
2.149999999999998579e-01 1.832300000000000040e+01
4.939999999999997726e-01 1.759400000000000119e+01
6.849999999999987210e-01 1.691300000000000026e+01
5.979999999999989768e-01 1.748300000000000054e+01
4.460000000000015064e-01 1.864600000000000080e+01
5.279999999999986926e-01 1.621399999999999864e+01
4.220000000000005969e-01 1.876300000000000168e+01
4.169999999999980389e-01 1.857199999999999918e+01
4.910000000000032117e-01 1.673400000000000176e+01
4.319999999999986073e-01 1.880399999999999849e+01
1.026000000000003354e+00 1.792000000000000171e+01
5.069999999999978968e-01 1.799599999999999866e+01
4.400000000000012790e-01 1.670400000000000063e+01
4.619999999999997442e-01 1.729299999999999926e+01
7.950000000000017053e-01 1.861400000000000077e+01
5.470000000000005969e-01 1.802700000000000102e+01
4.899999999999984368e-01 1.781099999999999994e+01
7.369999999999983231e-01 1.862099999999999866e+01
6.139999999999972147e-01 1.693199999999999861e+01
7.729999999999996874e-01 1.805300000000000082e+01
6.149999999999984368e-01 1.713899999999999935e+01
4.570000000000007390e-01 1.873000000000000043e+01
5.229999999999996874e-01 1.875400000000000134e+01
5.090000000000003411e-01 1.680799999999999983e+01
4.849999999999994316e-01 1.795599999999999952e+01
5.599999999999987210e-01 1.813400000000000034e+01
5.549999999999997158e-01 1.707900000000000063e+01
5.359999999999995879e-01 1.598399999999999999e+01
5.060000000000002274e-01 1.800700000000000145e+01
-4.299999999999926104e-02 1.676999999999999957e+01
4.280000000000008242e-01 1.805600000000000094e+01
4.080000000000012506e-01 1.880300000000000082e+01
4.570000000000007390e-01 1.800799999999999912e+01
4.050000000000011369e-01 1.873000000000000043e+01
6.039999999999992042e-01 1.830999999999999872e+01
4.400000000000012790e-01 1.867800000000000082e+01
