5.899999999999998579e-01 2.125700000000000145e+01
1.000000000000014211e-01 1.944800000000000040e+01
-1.139999999999972147e-01 1.912600000000000122e+01
1.950000000000002842e-01 2.284299999999999997e+01
4.909999999999996589e-01 2.123900000000000077e+01
1.025000000000002132e+00 2.292500000000000071e+01
9.520000000000017337e-01 2.196000000000000085e+01
6.649999999999991473e-01 2.208299999999999841e+01
6.750000000000007105e-01 2.234600000000000009e+01
4.550000000000018474e-01 2.132700000000000173e+01
1.360000000000027853e-01 1.837600000000000122e+01
7.499999999999928946e-02 1.947299999999999898e+01
3.559999999999980957e-01 2.028399999999999892e+01
3.680000000000021032e-01 2.055300000000000082e+01
3.019999999999996021e-01 1.974500000000000099e+01
1.890000000000000568e-01 1.840399999999999991e+01
6.370000000000004547e-01 2.197299999999999898e+01
5.859999999999985221e-01 2.319699999999999918e+01
6.899999999999977263e-01 2.223199999999999932e+01
5.030000000000001137e-01 2.070799999999999841e+01
3.349999999999972999e-01 1.936799999999999855e+01
8.709999999999986642e-01 2.218199999999999861e+01
6.630000000000002558e-01 2.267200000000000060e+01
4.179999999999992610e-01 2.083299999999999841e+01
6.779999999999972715e-01 2.105999999999999872e+01
4.759999999999990905e-01 2.085699999999999932e+01
8.240000000000016200e-01 2.291700000000000159e+01
2.769999999999974705e-01 1.936199999999999832e+01
5.369999999999990337e-01 2.157799999999999940e+01
5.539999999999984936e-01 2.084299999999999997e+01
1.769999999999996021e-01 1.710999999999999943e+01
5.320000000000000284e-01 2.150600000000000023e+01
9.160000000000003695e-01 2.231200000000000117e+01
7.199999999999988631e-01 2.257600000000000051e+01
7.469999999999998863e-01 2.323199999999999932e+01
3.740000000000023306e-01 2.040500000000000114e+01
2.310000000000016485e-01 2.057600000000000051e+01
3.539999999999992042e-01 1.976699999999999946e+01
5.249999999999985789e-01 2.129899999999999949e+01
7.590000000000003411e-01 2.241100000000000136e+01
5.519999999999996021e-01 2.065200000000000102e+01
9.500000000000241585e-02 1.758800000000000097e+01
8.949999999999995737e-01 2.316499999999999915e+01
3.429999999999999716e-01 2.061100000000000065e+01
7.420000000000008811e-01 2.203999999999999915e+01
-3.500000000000014211e-02 1.852299999999999969e+01
6.749999999999971578e-01 2.311799999999999855e+01
3.269999999999981810e-01 2.031899999999999906e+01
3.440000000000011937e-01 1.975900000000000034e+01
6.389999999999993463e-01 2.186199999999999832e+01
1.267999999999997129e+00 2.309199999999999875e+01
6.870000000000011653e-01 2.123300000000000054e+01
8.249999999999992895e-01 2.305099999999999838e+01
1.195000000000000284e+00 2.313299999999999912e+01
6.060000000000016485e-01 2.153200000000000003e+01
6.400000000000005684e-02 1.962500000000000000e+01
1.780000000000008242e-01 1.686700000000000088e+01
7.729999999999996874e-01 2.190599999999999881e+01
2.420000000000008811e-01 2.018299999999999983e+01
7.959999999999993747e-01 2.195100000000000051e+01
5.249999999999985789e-01 2.109199999999999875e+01
9.460000000000015064e-01 2.223100000000000165e+01
2.740000000000009095e-01 1.907199999999999918e+01
7.939999999999969305e-01 2.207999999999999829e+01
1.799999999999997158e-01 1.821099999999999852e+01
4.819999999999993179e-01 2.092800000000000082e+01
7.070000000000007390e-01 2.281800000000000139e+01
6.849999999999987210e-01 2.159600000000000009e+01
7.910000000000003695e-01 2.154899999999999949e+01
1.819999999999986073e-01 1.910399999999999920e+01
8.670000000000008811e-01 2.342999999999999972e+01
1.670000000000015916e-01 2.067800000000000082e+01
6.189999999999997726e-01 2.250000000000000000e+01
8.149999999999977263e-01 2.208299999999999841e+01
2.409999999999996589e-01 2.053399999999999892e+01
2.330000000000005400e-01 1.914199999999999946e+01
1.033000000000001251e+00 2.305600000000000094e+01
7.450000000000009948e-01 2.120700000000000074e+01
1.890000000000000568e-01 1.719500000000000028e+01
2.830000000000012506e-01 2.032900000000000063e+01
3.849999999999980105e-01 2.236299999999999955e+01
1.570000000000000284e-01 1.943199999999999861e+01
7.379999999999995453e-01 2.227400000000000091e+01
8.409999999999975273e-01 2.216799999999999926e+01
3.490000000000001990e-01 1.973499999999999943e+01
8.120000000000011653e-01 2.216000000000000014e+01
4.020000000000010232e-01 2.066000000000000014e+01
6.849999999999987210e-01 2.204400000000000048e+01
1.570000000000000284e-01 1.995700000000000074e+01
2.489999999999987779e-01 1.671099999999999852e+01
2.339999999999982094e-01 1.921699999999999875e+01
6.499999999999985789e-01 2.275499999999999901e+01
5.340000000000024727e-01 2.044900000000000162e+01
1.909999999999989484e-01 1.682799999999999940e+01
6.969999999999991758e-01 2.095499999999999829e+01
1.547999999999998266e+00 2.364699999999999847e+01
5.579999999999998295e-01 2.115399999999999991e+01
2.730000000000032401e-01 1.901000000000000156e+01
4.609999999999985221e-01 2.060999999999999943e+01
2.049999999999982947e-01 1.822899999999999920e+01
5.940000000000011937e-01 2.222100000000000009e+01
6.739999999999994884e-01 2.293199999999999861e+01
5.420000000000015916e-01 2.270400000000000063e+01
6.720000000000005969e-01 2.125100000000000122e+01
8.039999999999984936e-01 2.299899999999999878e+01
1.266000000000001791e+00 2.330300000000000082e+01
1.170000000000008811e-01 1.953800000000000026e+01
2.179999999999999716e-01 1.942099999999999937e+01
7.109999999999985221e-01 2.074399999999999977e+01
6.340000000000003411e-01 2.126200000000000045e+01
9.149999999999991473e-01 2.256299999999999883e+01
3.910000000000017906e-01 2.068400000000000105e+01
7.339999999999982094e-01 2.228099999999999881e+01
4.349999999999987210e-01 2.133899999999999864e+01
7.069999999999971863e-01 2.220799999999999841e+01
1.999999999999992895e-01 1.822100000000000009e+01
1.201999999999998181e+00 2.278099999999999881e+01
1.603999999999999204e+00 2.401099999999999923e+01
7.150000000000034106e-01 2.223400000000000176e+01
6.429999999999971294e-01 2.158299999999999841e+01
3.969999999999984652e-01 1.970599999999999952e+01
1.790000000000020464e-01 1.988500000000000156e+01
7.179999999999999716e-01 2.203399999999999892e+01
5.769999999999981810e-01 2.121099999999999852e+01
1.015999999999998238e+00 2.275199999999999889e+01
1.859999999999999432e-01 1.859400000000000119e+01
1.644999999999999574e+00 2.389199999999999946e+01
3.699999999999974420e-01 2.078399999999999892e+01
7.759999999999998010e-01 2.160699999999999932e+01
7.989999999999994884e-01 2.162000000000000099e+01
-6.099999999999994316e-02 2.025199999999999889e+01
5.080000000000026716e-01 2.133800000000000097e+01
7.420000000000008811e-01 2.270400000000000063e+01
1.614000000000000767e+00 2.399200000000000088e+01
-1.739999999999994884e-01 2.033500000000000085e+01
4.729999999999989768e-01 2.091600000000000037e+01
8.610000000000006537e-01 2.285300000000000153e+01
1.106999999999999318e+00 2.349500000000000099e+01
7.569999999999978968e-01 2.313899999999999935e+01
2.490000000000023306e-01 2.026800000000000068e+01
7.010000000000005116e-01 2.192800000000000082e+01
4.699999999999988631e-01 2.131700000000000017e+01
8.490000000000001990e-01 2.261400000000000077e+01
8.240000000000016200e-01 2.176000000000000156e+01
8.530000000000015348e-01 2.332600000000000051e+01
1.980000000000003979e-01 1.835699999999999932e+01
4.370000000000011653e-01 1.956800000000000139e+01
2.240000000000001990e-01 2.040800000000000125e+01
6.720000000000005969e-01 2.191300000000000026e+01
3.980000000000032401e-01 2.144900000000000162e+01
6.890000000000000568e-01 2.223999999999999844e+01
1.720000000000005969e-01 1.837300000000000111e+01
7.949999999999981526e-01 2.320499999999999829e+01
5.619999999999976126e-01 2.103999999999999915e+01
4.950000000000009948e-01 2.204500000000000171e+01
6.660000000000003695e-01 2.279700000000000060e+01
7.699999999999995737e-01 2.324500000000000099e+01
8.029999999999972715e-01 2.309799999999999898e+01
8.269999999999981810e-01 2.251599999999999824e+01
4.719999999999977547e-01 2.201399999999999935e+01
1.720000000000005969e-01 1.916000000000000014e+01
1.090999999999997527e+00 2.339099999999999824e+01
6.370000000000004547e-01 2.208699999999999974e+01
5.350000000000001421e-01 2.056099999999999994e+01
4.119999999999990337e-01 2.216199999999999903e+01
7.179999999999999716e-01 2.235600000000000165e+01
2.950000000000017053e-01 2.025000000000000000e+01
4.649999999999998579e-01 2.020100000000000051e+01
7.929999999999992610e-01 2.317099999999999937e+01
1.140000000000000568e+00 2.329200000000000159e+01
8.970000000000020179e-01 2.281500000000000128e+01
2.989999999999994884e-01 2.003000000000000114e+01
6.389999999999993463e-01 2.158099999999999952e+01
5.210000000000007958e-01 2.136100000000000065e+01
5.990000000000001990e-01 2.122800000000000153e+01
7.870000000000025864e-01 2.281500000000000128e+01
8.420000000000023022e-01 2.254500000000000171e+01
7.460000000000022169e-01 2.152100000000000080e+01
1.550000000000011369e-01 1.845100000000000051e+01
5.620000000000011653e-01 2.223600000000000065e+01
1.639999999999979252e-01 1.768799999999999883e+01
7.439999999999997726e-01 2.301200000000000045e+01
8.850000000000015632e-01 2.313200000000000145e+01
6.419999999999994600e-01 2.176699999999999946e+01
5.199999999999995737e-01 2.103699999999999903e+01
5.500000000000007105e-01 2.242000000000000171e+01
7.229999999999989768e-01 2.200300000000000011e+01
1.052999999999997272e+00 2.305099999999999838e+01
5.199999999999995737e-01 2.076800000000000068e+01
4.370000000000011653e-01 2.130000000000000071e+01
5.090000000000003411e-01 2.085000000000000142e+01
7.279999999999979821e-01 2.283599999999999852e+01
8.479999999999989768e-01 2.282999999999999829e+01
2.069999999999971863e-01 1.870499999999999829e+01
5.430000000000028137e-01 2.301300000000000168e+01
5.440000000000004832e-01 2.097800000000000153e+01
2.639999999999993463e-01 1.925900000000000034e+01
2.750000000000021316e-01 1.664900000000000091e+01
1.699999999999981526e-01 2.004299999999999926e+01
6.350000000000015632e-01 2.196300000000000097e+01
5.220000000000020179e-01 2.152100000000000080e+01
9.119999999999990337e-01 2.314999999999999858e+01
1.006000000000000227e+00 2.322299999999999898e+01
1.228999999999999204e+00 2.342800000000000082e+01
3.750000000000000000e-01 1.977799999999999869e+01
8.940000000000019043e-01 2.190500000000000114e+01
1.570000000000000284e-01 1.909799999999999898e+01
3.520000000000003126e-01 2.109499999999999886e+01
4.490000000000016200e-01 2.063100000000000023e+01
2.429999999999985505e-01 1.674399999999999977e+01
8.790000000000013358e-01 2.270200000000000173e+01
5.250000000000021316e-01 2.295700000000000074e+01
8.320000000000007390e-01 2.288100000000000023e+01
4.600000000000008527e-01 2.135200000000000031e+01
7.160000000000010800e-01 2.184600000000000009e+01
7.149999999999998579e-01 2.198999999999999844e+01
2.200000000000201794e-02 1.801300000000000168e+01
1.011000000000002785e+00 2.278600000000000136e+01
2.799999999999869260e-02 1.937500000000000000e+01
2.869999999999990337e-01 2.028800000000000026e+01
6.799999999999997158e-01 2.285800000000000054e+01
2.059999999999995168e-01 1.892800000000000082e+01
1.790000000000020464e-01 1.964000000000000057e+01
7.340000000000017621e-01 2.228200000000000003e+01
4.420000000000001705e-01 2.111299999999999955e+01
4.660000000000010800e-01 2.323000000000000043e+01
6.110000000000006537e-01 2.137800000000000011e+01
1.065000000000001279e+00 2.301800000000000068e+01
2.219999999999977547e-01 1.883299999999999841e+01
1.679999999999992610e-01 1.750499999999999901e+01
5.410000000000003695e-01 2.088700000000000045e+01
-4.299999999999926104e-02 1.878200000000000003e+01
5.559999999999973852e-01 2.317299999999999827e+01
5.740000000000016200e-01 2.194600000000000151e+01
1.999999999999992895e-01 1.814199999999999946e+01
5.170000000000030127e-01 2.257700000000000173e+01
8.330000000000019611e-01 2.272700000000000031e+01
8.799999999999741362e-02 1.824899999999999878e+01
3.100000000000235900e-02 1.969600000000000151e+01
5.159999999999982379e-01 2.139999999999999858e+01
3.850000000000015632e-01 2.028600000000000136e+01
1.459999999999972431e-01 1.733899999999999864e+01
5.360000000000013642e-01 2.186700000000000088e+01
6.530000000000022453e-01 2.184400000000000119e+01
1.210000000000022169e-01 1.935300000000000153e+01
4.170000000000015916e-01 2.025100000000000122e+01
7.010000000000005116e-01 2.225199999999999889e+01
3.930000000000006821e-01 2.029899999999999949e+01
1.690000000000004832e-01 1.865200000000000102e+01
4.469999999999991758e-01 2.042800000000000082e+01
1.370000000000004547e-01 1.783800000000000097e+01
4.480000000000003979e-01 2.037600000000000122e+01
1.609999999999978115e-01 1.812699999999999889e+01
6.700000000000017053e-01 2.208800000000000097e+01
5.369999999999990337e-01 2.135399999999999920e+01
6.290000000000013358e-01 2.183399999999999963e+01
5.120000000000004547e-01 2.294000000000000128e+01
2.930000000000028137e-01 2.075100000000000122e+01
1.859999999999999432e-01 1.888500000000000156e+01
5.579999999999998295e-01 2.300799999999999912e+01
1.749999999999971578e-01 1.967299999999999827e+01
2.149999999999998579e-01 1.686599999999999966e+01
5.459999999999993747e-01 2.128099999999999881e+01
6.320000000000014495e-01 2.300900000000000034e+01
1.140000000000007674e-01 2.019300000000000139e+01
4.839999999999982094e-01 2.062999999999999901e+01
4.260000000000019327e-01 2.071600000000000108e+01
8.049999999999997158e-01 2.250400000000000134e+01
6.939999999999990621e-01 2.205199999999999960e+01
8.140000000000000568e-01 2.169000000000000128e+01
7.500000000000000000e-01 2.179100000000000037e+01
6.930000000000013927e-01 2.275900000000000034e+01
5.229999999999996874e-01 2.049599999999999866e+01
2.530000000000001137e-01 1.955099999999999838e+01
4.179999999999992610e-01 2.304899999999999949e+01
2.510000000000012221e-01 1.967000000000000171e+01
3.380000000000009663e-01 2.021000000000000085e+01
1.769999999999996021e-01 1.821699999999999875e+01
1.780000000000008242e-01 1.816000000000000014e+01
3.399999999999998579e-01 2.048999999999999844e+01
7.540000000000013358e-01 2.305499999999999972e+01
2.290000000000027569e-01 1.871900000000000119e+01
1.149000000000000909e+00 2.351099999999999923e+01
4.439999999999990621e-01 1.642599999999999838e+01
5.279999999999986926e-01 2.134799999999999898e+01
5.599999999999987210e-01 2.155399999999999849e+01
7.409999999999996589e-01 2.296699999999999875e+01
6.529999999999986926e-01 2.254599999999999937e+01
7.019999999999981810e-01 2.281099999999999994e+01
4.959999999999986642e-01 2.037699999999999889e+01
1.510000000000033538e-01 1.994900000000000162e+01
7.400000000000019895e-01 2.257700000000000173e+01
7.820000000000000284e-01 2.293700000000000117e+01
6.879999999999988347e-01 2.207199999999999918e+01
1.950000000000002842e-01 2.000900000000000034e+01
2.199999999999988631e-01 1.883599999999999852e+01
4.679999999999999716e-01 2.083399999999999963e+01
1.018999999999998352e+00 2.374699999999999989e+01
1.759999999999983800e-01 1.961799999999999855e+01
4.230000000000018190e-01 2.100100000000000122e+01
2.510000000000012221e-01 1.896600000000000108e+01
6.310000000000002274e-01 2.162199999999999989e+01
8.550000000000004263e-01 2.290500000000000114e+01
4.239999999999994884e-01 1.999800000000000111e+01
1.700000000000017053e-01 1.741700000000000159e+01
7.620000000000004547e-01 2.192999999999999972e+01
2.739999999999973568e-01 1.905999999999999872e+01
1.347000000000001307e+00 2.388700000000000045e+01
7.119999999999997442e-01 2.257600000000000051e+01
6.649999999999991473e-01 2.254100000000000037e+01
2.780000000000022453e-01 1.992500000000000071e+01
8.810000000000002274e-01 2.339699999999999847e+01
1.880000000000023874e-01 1.694000000000000128e+01
5.369999999999990337e-01 1.968199999999999861e+01
1.410000000000017906e-01 1.860800000000000054e+01
7.759999999999998010e-01 2.308800000000000097e+01
2.780000000000022453e-01 2.000100000000000122e+01
9.860000000000006537e-01 2.294800000000000040e+01
6.530000000000022453e-01 2.176800000000000068e+01
5.579999999999998295e-01 2.124500000000000099e+01
5.329999999999976978e-01 2.276099999999999923e+01
3.870000000000004547e-01 2.041300000000000026e+01
7.369999999999983231e-01 2.268199999999999861e+01
4.299999999999926104e-02 1.787800000000000011e+01
2.210000000000000853e-01 1.916499999999999915e+01
5.470000000000005969e-01 2.089799999999999969e+01
6.219999999999998863e-01 2.248900000000000077e+01
9.060000000000023590e-01 2.297500000000000142e+01
1.028999999999999915e+00 2.338599999999999923e+01
6.690000000000004832e-01 2.200600000000000023e+01
3.290000000000006253e-01 1.944500000000000028e+01
6.749999999999971578e-01 2.259199999999999875e+01
5.949999999999988631e-01 2.064199999999999946e+01
2.059999999999995168e-01 1.692800000000000082e+01
4.429999999999978400e-01 1.989699999999999847e+01
6.090000000000017621e-01 2.139600000000000080e+01
2.689999999999983515e-01 1.933399999999999963e+01
5.280000000000022453e-01 2.192200000000000060e+01
4.950000000000009948e-01 2.182700000000000173e+01
3.799999999999990052e-01 2.050000000000000000e+01
7.330000000000005400e-01 2.252400000000000091e+01
7.509999999999976694e-01 2.247899999999999920e+01
-6.599999999999894840e-02 1.881800000000000139e+01
7.040000000000006253e-01 2.200600000000000023e+01
6.570000000000000284e-01 2.184199999999999875e+01
5.830000000000019611e-01 2.133200000000000074e+01
5.709999999999979536e-01 2.264699999999999847e+01
1.719999999999970441e-01 1.849599999999999866e+01
1.610000000000013642e-01 2.080799999999999983e+01
3.160000000000025011e-01 1.970700000000000074e+01
6.859999999999999432e-01 2.199800000000000111e+01
6.699999999999981526e-01 2.305099999999999838e+01
7.129999999999974136e-01 2.252199999999999847e+01
2.280000000000015348e-01 1.928600000000000136e+01
7.979999999999982663e-01 2.320499999999999829e+01
1.810000000000009379e-01 1.888700000000000045e+01
4.480000000000003979e-01 2.109799999999999898e+01
8.679999999999985505e-01 2.227199999999999847e+01
3.130000000000023874e-01 1.959100000000000108e+01
3.949999999999995737e-01 2.019000000000000128e+01
6.849999999999987210e-01 2.301699999999999946e+01
1.629999999999967031e-01 1.717299999999999827e+01
2.004000000000001336e+00 2.222700000000000031e+01
7.040000000000006253e-01 2.160900000000000176e+01
1.640000000000014779e-01 2.034900000000000020e+01
1.720000000000005969e-01 1.914499999999999957e+01
6.229999999999975557e-01 2.298699999999999832e+01
3.209999999999979536e-01 1.950799999999999912e+01
7.669999999999994600e-01 2.262699999999999889e+01
1.539999999999999147e-01 1.784700000000000131e+01
5.659999999999989484e-01 2.302499999999999858e+01
1.170000000000008811e-01 1.753200000000000003e+01
2.109999999999985221e-01 1.736599999999999966e+01
3.319999999999971863e-01 2.109199999999999875e+01
2.669999999999994600e-01 1.895100000000000051e+01
7.369999999999983231e-01 2.274599999999999866e+01
4.160000000000003695e-01 2.092399999999999949e+01
9.249999999999971578e-01 2.290299999999999869e+01
7.770000000000010232e-01 2.217000000000000171e+01
9.070000000000000284e-01 2.354400000000000048e+01
3.949999999999995737e-01 1.989499999999999957e+01
8.010000000000019327e-01 2.272400000000000020e+01
9.190000000000004832e-01 2.310399999999999920e+01
7.050000000000018474e-01 2.194600000000000151e+01
1.929999999999978400e-01 1.817699999999999960e+01
7.059999999999995168e-01 2.212199999999999989e+01
8.029999999999972715e-01 2.262399999999999878e+01
5.740000000000016200e-01 2.172100000000000009e+01
6.359999999999992326e-01 2.205099999999999838e+01
5.060000000000002274e-01 2.167000000000000171e+01
1.014999999999997016e+00 2.314999999999999858e+01
-1.000000000000156319e-02 2.353099999999999881e+01
8.270000000000017337e-01 2.321799999999999997e+01
1.539999999999999147e-01 1.763200000000000145e+01
1.389999999999993463e-01 1.796799999999999997e+01
7.479999999999975557e-01 2.215599999999999881e+01
7.080000000000019611e-01 2.294600000000000151e+01
3.490000000000001990e-01 2.241300000000000026e+01
1.550000000000011369e-01 2.012300000000000111e+01
6.200000000000009948e-01 2.169500000000000028e+01
7.599999999999980105e-01 2.342099999999999937e+01
2.560000000000002274e-01 2.078900000000000148e+01
8.709999999999986642e-01 2.336499999999999844e+01
8.019999999999996021e-01 2.242099999999999937e+01
4.220000000000005969e-01 2.085900000000000176e+01
5.359999999999978115e-01 2.139499999999999957e+01
5.390000000000014779e-01 2.220200000000000173e+01
8.419999999999987494e-01 2.285099999999999909e+01
6.349999999999980105e-01 2.183899999999999864e+01
5.500000000000007105e-01 2.173199999999999932e+01
1.448999999999998067e+00 2.335999999999999943e+01
6.149999999999984368e-01 2.179899999999999949e+01
3.679999999999985505e-01 2.058899999999999864e+01
3.069999999999986073e-01 2.265299999999999869e+01
4.269999999999996021e-01 2.046699999999999875e+01
5.979999999999989768e-01 2.171099999999999852e+01
2.610000000000027853e-01 1.934700000000000131e+01
2.169999999999987494e-01 1.826999999999999957e+01
4.299999999999926104e-02 1.795299999999999940e+01
6.270000000000024443e-01 2.138800000000000168e+01
5.850000000000008527e-01 2.208999999999999986e+01
-1.689999999999969305e-01 2.316400000000000148e+01
6.950000000000002842e-01 2.187800000000000011e+01
3.399999999999998579e-01 1.952799999999999869e+01
4.310000000000009379e-01 2.031500000000000128e+01
5.590000000000010516e-01 2.111100000000000065e+01
7.089999999999996305e-01 2.217500000000000071e+01
5.760000000000005116e-01 2.281700000000000017e+01
1.490000000000009095e-01 1.844600000000000151e+01
4.089999999999989200e-01 2.048600000000000065e+01
1.527000000000001023e+00 2.228600000000000136e+01
1.799999999999997158e-01 1.810399999999999920e+01
3.170000000000001705e-01 1.936700000000000088e+01
5.650000000000012790e-01 2.213100000000000023e+01
2.309999999999980957e-01 1.977299999999999969e+01
9.099999999999752731e-02 1.817599999999999838e+01
2.550000000000025580e-01 1.905600000000000094e+01
1.930000000000013927e-01 1.828600000000000136e+01
4.969999999999998863e-01 2.081899999999999906e+01
1.089999999999982094e-01 1.709499999999999886e+01
4.359999999999999432e-01 2.066799999999999926e+01
1.400000000000005684e-01 1.741499999999999915e+01
7.319999999999993179e-01 2.251899999999999835e+01
6.920000000000001705e-01 2.277799999999999869e+01
5.180000000000006821e-01 2.238500000000000156e+01
4.960000000000022169e-01 2.301200000000000045e+01
5.880000000000009663e-01 2.212000000000000099e+01
-5.400000000000204636e-02 1.786199999999999832e+01
5.049999999999990052e-01 2.139099999999999824e+01
3.140000000000000568e-01 1.983299999999999841e+01
4.920000000000008811e-01 2.038899999999999935e+01
4.280000000000008242e-01 1.978900000000000148e+01
2.980000000000018190e-01 2.062900000000000134e+01
7.660000000000017906e-01 2.280300000000000082e+01
5.640000000000000568e-01 2.178000000000000114e+01
2.459999999999986642e-01 1.963100000000000023e+01
6.950000000000002842e-01 2.175799999999999912e+01
6.050000000000004263e-01 2.186400000000000077e+01
1.539999999999999147e-01 1.737800000000000011e+01
1.580000000000012506e-01 1.801300000000000168e+01
1.819999999999986073e-01 1.862999999999999901e+01
1.062999999999998835e+00 2.286299999999999955e+01
4.009999999999998010e-01 2.099699999999999989e+01
2.420999999999999375e+00 2.429899999999999949e+01
7.340000000000017621e-01 2.179700000000000060e+01
5.719999999999991758e-01 2.198799999999999955e+01
3.919999999999994600e-01 2.019800000000000040e+01
8.610000000000006537e-01 2.242399999999999949e+01
7.289999999999992042e-01 2.215399999999999991e+01
9.330000000000033822e-01 2.323400000000000176e+01
6.840000000000010516e-01 2.136899999999999977e+01
1.310000000000002274e-01 1.970700000000000074e+01
2.729999999999996874e-01 1.953800000000000026e+01
4.920000000000008811e-01 2.098400000000000176e+01
6.099999999999994316e-01 2.295899999999999963e+01
2.750000000000021316e-01 2.035300000000000153e+01
1.899999999999977263e-01 1.837999999999999901e+01
5.000000000000071054e-02 1.976000000000000156e+01
2.639999999999993463e-01 1.884100000000000108e+01
4.980000000000011084e-01 2.085000000000000142e+01
7.929999999999992610e-01 2.301800000000000068e+01
6.329999999999991189e-01 2.341600000000000037e+01
5.060000000000002274e-01 2.207900000000000063e+01
1.819999999999986073e-01 1.760200000000000031e+01
9.199999999999981526e-01 2.309499999999999886e+01
2.289999999999992042e-01 1.942699999999999960e+01
6.630000000000002558e-01 2.137199999999999989e+01
1.006999999999997897e+00 2.321999999999999886e+01
5.790000000000006253e-01 2.317099999999999937e+01
7.280000000000015348e-01 2.294300000000000139e+01
8.339999999999996305e-01 2.341300000000000026e+01
9.689999999999976410e-01 2.357499999999999929e+01
8.200000000000002842e-01 2.302299999999999969e+01
2.090000000000031832e-01 1.851300000000000168e+01
6.650000000000027001e-01 2.296600000000000108e+01
1.560000000000023590e-01 1.860000000000000142e+01
5.640000000000000568e-01 2.115299999999999869e+01
5.009999999999976694e-01 1.804799999999999827e+01
5.859999999999985221e-01 2.106400000000000006e+01
2.449999999999974420e-01 1.950799999999999912e+01
8.550000000000004263e-01 2.315899999999999892e+01
5.000000000000000000e-01 2.225300000000000011e+01
2.190000000000011937e-01 1.985800000000000054e+01
6.109999999999971010e-01 2.249299999999999855e+01
5.670000000000001705e-01 2.095100000000000051e+01
1.749999999999971578e-01 1.758299999999999841e+01
4.759999999999990905e-01 2.089799999999999969e+01
7.169999999999987494e-01 2.257999999999999829e+01
3.699999999999903366e-02 1.837800000000000011e+01
3.119999999999976126e-01 1.998999999999999844e+01
8.649999999999984368e-01 2.335099999999999909e+01
3.140000000000000568e-01 2.005900000000000105e+01
7.549999999999990052e-01 2.233699999999999974e+01
3.890000000000028990e-01 2.175400000000000134e+01
1.420999999999999375e+00 2.093299999999999983e+01
4.670000000000023022e-01 2.046600000000000108e+01
1.430000000000006821e-01 1.784600000000000009e+01
2.739999999999973568e-01 2.138299999999999912e+01
6.719999999999970441e-01 2.214999999999999858e+01
1.900000000000012790e-01 2.035200000000000031e+01
9.000000000000021316e-01 2.321900000000000119e+01
1.479999999999996874e-01 1.817500000000000071e+01
3.840000000000003411e-01 2.030300000000000082e+01
4.170000000000015916e-01 2.165700000000000003e+01
1.409999999999982379e-01 1.776699999999999946e+01
4.379999999999988347e-01 2.029700000000000060e+01
1.141999999999999460e+00 2.333099999999999952e+01
5.369999999999990337e-01 2.145799999999999841e+01
8.899999999999863576e-02 1.833699999999999974e+01
6.379999999999981242e-01 2.221199999999999974e+01
2.579999999999991189e-01 1.942200000000000060e+01
5.250000000000021316e-01 2.173100000000000165e+01
4.349999999999987210e-01 1.987800000000000011e+01
5.399999999999991473e-01 2.186400000000000077e+01
2.139999999999986358e-01 1.800000000000000000e+01
6.859999999999999432e-01 2.166199999999999903e+01
8.369999999999997442e-01 2.275600000000000023e+01
3.239999999999980673e-01 1.953099999999999881e+01
4.220000000000005969e-01 2.268599999999999994e+01
4.190000000000004832e-01 2.077400000000000091e+01
7.839999999999989200e-01 2.283099999999999952e+01
5.190000000000019043e-01 2.235600000000000165e+01
5.910000000000010800e-01 2.172800000000000153e+01
4.599999999999937472e-02 2.052700000000000102e+01
7.130000000000009663e-01 2.340500000000000114e+01
4.819999999999993179e-01 2.174200000000000088e+01
2.469999999999998863e-01 2.003000000000000114e+01
6.030000000000015348e-01 2.158500000000000085e+01
3.670000000000008811e-01 2.010900000000000176e+01
2.880000000000002558e-01 2.001800000000000068e+01
4.800000000000004263e-01 2.167399999999999949e+01
5.990000000000001990e-01 2.185699999999999932e+01
1.780000000000008242e-01 1.826800000000000068e+01
1.619999999999990337e-01 1.741300000000000026e+01
6.100000000000012079e-01 1.573900000000000077e+01
7.539999999999977831e-01 2.273499999999999943e+01
2.270000000000003126e-01 1.874500000000000099e+01
3.339999999999996305e-01 2.020899999999999963e+01
1.209999999999986642e-01 1.757300000000000040e+01
6.529999999999986926e-01 2.310999999999999943e+01
4.740000000000001990e-01 2.112199999999999989e+01
1.430000000000006821e-01 1.773600000000000065e+01
5.150000000000005684e-01 2.094900000000000162e+01
4.039999999999999147e-01 2.050100000000000122e+01
2.920000000000015916e-01 1.980600000000000094e+01
1.890000000000000568e-01 1.821499999999999986e+01
3.079999999999998295e-01 1.975600000000000023e+01
9.919999999999973284e-01 2.278699999999999903e+01
7.369999999999983231e-01 2.240700000000000003e+01
1.373000000000001108e+00 2.345100000000000051e+01
7.369999999999983231e-01 2.257999999999999829e+01
3.949999999999995737e-01 2.294800000000000040e+01
3.039999999999984936e-01 2.116499999999999915e+01
6.989999999999980673e-01 2.265299999999999869e+01
6.539999999999999147e-01 2.167999999999999972e+01
1.869999999999976126e-01 2.162999999999999901e+01
7.100000000000008527e-01 2.144699999999999918e+01
1.880000000000023874e-01 1.819300000000000139e+01
1.539999999999999147e-01 1.826399999999999935e+01
1.469999999999984652e-01 1.782999999999999829e+01
8.659999999999996589e-01 2.307199999999999918e+01
8.730000000000011084e-01 2.274800000000000111e+01
3.659999999999996589e-01 2.007999999999999829e+01
2.089999999999996305e-01 1.838899999999999935e+01
4.809999999999980957e-01 2.040099999999999980e+01
9.109999999999978115e-01 2.328699999999999903e+01
8.530000000000015348e-01 2.265500000000000114e+01
5.249999999999985789e-01 2.093900000000000006e+01
1.470000000000020179e-01 2.055300000000000082e+01
7.199999999999988631e-01 2.206599999999999895e+01
1.849999999999987210e-01 1.816199999999999903e+01
3.460000000000000853e-01 2.062800000000000011e+01
6.590000000000024727e-01 2.289600000000000080e+01
1.680000000000028137e-01 1.782100000000000151e+01
5.489999999999994884e-01 2.130000000000000071e+01
7.130000000000009663e-01 2.215700000000000003e+01
6.820000000000021600e-01 2.278300000000000125e+01
3.840000000000003411e-01 2.078099999999999881e+01
8.569999999999993179e-01 2.207900000000000063e+01
4.220000000000005969e-01 2.034499999999999886e+01
3.579999999999969873e-01 2.021399999999999864e+01
4.900000000000019895e-01 2.055000000000000071e+01
5.159999999999982379e-01 2.207999999999999829e+01
6.870000000000011653e-01 2.185200000000000031e+01
1.092999999999999972e+00 2.293700000000000117e+01
2.450000000000009948e-01 1.971199999999999974e+01
7.199999999999988631e-01 2.189199999999999946e+01
7.530000000000001137e-01 2.311400000000000077e+01
1.559999999999988063e-01 1.738299999999999912e+01
8.440000000000011937e-01 2.305499999999999972e+01
1.129999999999995453e-01 1.703099999999999881e+01
3.509999999999990905e-01 2.175900000000000034e+01
5.689999999999990621e-01 2.247899999999999920e+01
8.170000000000001705e-01 2.261299999999999955e+01
3.079999999999998295e-01 1.796099999999999852e+01
7.059999999999995168e-01 2.302199999999999847e+01
6.289999999999977831e-01 2.161299999999999955e+01
8.210000000000015064e-01 2.256400000000000006e+01
8.750000000000000000e-01 2.251500000000000057e+01
6.030000000000015348e-01 2.316400000000000148e+01
3.300000000000018474e-01 1.975100000000000122e+01
8.399999999999963052e-02 1.736799999999999855e+01
8.849999999999980105e-01 2.283099999999999952e+01
1.489999999999973568e-01 1.835099999999999909e+01
2.149999999999998579e-01 1.905000000000000071e+01
3.629999999999995453e-01 2.044399999999999906e+01
5.180000000000006821e-01 2.121900000000000119e+01
6.920000000000001705e-01 2.258099999999999952e+01
6.479999999999996874e-01 2.284400000000000119e+01
9.750000000000014211e-01 2.346900000000000119e+01
1.670000000000015916e-01 1.787500000000000000e+01
-4.199999999999803890e-02 1.919900000000000162e+01
4.969999999999998863e-01 2.067299999999999827e+01
4.990000000000023306e-01 2.055300000000000082e+01
4.599999999999972999e-01 2.053099999999999881e+01
4.930000000000021032e-01 2.273600000000000065e+01
7.029999999999994031e-01 2.341900000000000048e+01
1.849999999999987210e-01 1.799599999999999866e+01
3.350000000000008527e-01 2.036700000000000088e+01
2.860000000000013642e-01 1.991700000000000159e+01
7.789999999999999147e-01 2.253600000000000136e+01
2.669999999999994600e-01 1.941199999999999903e+01
4.749999999999978684e-01 2.118799999999999883e+01
9.639999999999986358e-01 2.310200000000000031e+01
7.739999999999973568e-01 2.225799999999999912e+01
6.020000000000003126e-01 2.206599999999999895e+01
4.839999999999982094e-01 2.092599999999999838e+01
1.299999999999990052e-01 1.983299999999999841e+01
6.520000000000010232e-01 2.225300000000000011e+01
8.619999999999983231e-01 2.285399999999999920e+01
5.399999999999991473e-01 2.146499999999999986e+01
6.699999999999981526e-01 2.253099999999999881e+01
4.349999999999987210e-01 2.135999999999999943e+01
9.890000000000007674e-01 2.353999999999999915e+01
6.350000000000015632e-01 2.224200000000000088e+01
7.459999999999986642e-01 2.216799999999999926e+01
3.589999999999982094e-01 1.992599999999999838e+01
6.090000000000017621e-01 2.238100000000000023e+01
3.759999999999976694e-01 1.999599999999999866e+01
7.990000000000030411e-01 2.200700000000000145e+01
7.409999999999996589e-01 2.297599999999999909e+01
1.001000000000001222e+00 2.051300000000000168e+01
6.089999999999982094e-01 2.224099999999999966e+01
7.420000000000008811e-01 2.255900000000000105e+01
9.400000000000012790e-01 2.351500000000000057e+01
6.130000000000030980e-01 2.207100000000000151e+01
8.290000000000006253e-01 2.278000000000000114e+01
7.050000000000018474e-01 2.229500000000000171e+01
1.102999999999997982e+00 2.272599999999999909e+01
5.380000000000002558e-01 2.083599999999999852e+01
5.500000000000007105e-01 2.179100000000000037e+01
4.980000000000011084e-01 2.084900000000000020e+01
4.200000000000017053e-01 2.062000000000000099e+01
7.149999999999998579e-01 2.272400000000000020e+01
7.380000000000030980e-01 2.106800000000000139e+01
8.189999999999990621e-01 2.144699999999999918e+01
3.990000000000009095e-01 2.108399999999999963e+01
6.299999999999883471e-02 1.721199999999999974e+01
5.199999999999995737e-01 2.328200000000000003e+01
5.289999999999999147e-01 1.596700000000000053e+01
7.480000000000011084e-01 2.170700000000000074e+01
1.810000000000009379e-01 1.736700000000000088e+01
3.210000000000015064e-01 2.074800000000000111e+01
1.700000000000017053e-01 1.700000000000000000e+01
5.440000000000004832e-01 2.303800000000000026e+01
3.979999999999996874e-01 1.937500000000000000e+01
4.289999999999984936e-01 2.076999999999999957e+01
3.580000000000005400e-01 2.068299999999999983e+01
1.198999999999998067e+00 2.374599999999999866e+01
8.069999999999986073e-01 2.348799999999999955e+01
4.429999999999978400e-01 2.060699999999999932e+01
1.539999999999999147e-01 1.755300000000000082e+01
1.699999999999981526e-01 1.742399999999999949e+01
4.649999999999998579e-01 2.098999999999999844e+01
6.809999999999973852e-01 2.128999999999999915e+01
1.123999999999998778e+00 2.344500000000000028e+01
2.769999999999974705e-01 1.967599999999999838e+01
6.639999999999979252e-01 2.254599999999999937e+01
5.060000000000002274e-01 2.101800000000000068e+01
4.640000000000021885e-01 2.060300000000000153e+01
6.140000000000007674e-01 2.189000000000000057e+01
6.539999999999999147e-01 2.316600000000000037e+01
1.730000000000018190e-01 1.819800000000000040e+01
1.679999999999992610e-01 1.804899999999999949e+01
1.180000000000003268e+00 2.382100000000000151e+01
4.450000000000002842e-01 2.234900000000000020e+01
4.229999999999982663e-01 2.052499999999999858e+01
7.950000000000017053e-01 2.352100000000000080e+01
2.270000000000003126e-01 2.025499999999999901e+01
7.949999999999981526e-01 2.216799999999999926e+01
1.009999999999990905e-01 1.902100000000000080e+01
3.309999999999995168e-01 1.955199999999999960e+01
6.460000000000007958e-01 2.172800000000000153e+01
8.399999999999998579e-01 2.211899999999999977e+01
4.080000000000012506e-01 2.110300000000000153e+01
2.220000000000013074e-01 2.086299999999999955e+01
1.930000000000013927e-01 1.953600000000000136e+01
1.609000000000001762e+00 2.299800000000000111e+01
8.339999999999996305e-01 2.247700000000000031e+01
9.679999999999999716e-01 2.285600000000000165e+01
8.290000000000006253e-01 2.353999999999999915e+01
3.140000000000000568e-01 1.989600000000000080e+01
5.579999999999998295e-01 2.110699999999999932e+01
5.030000000000001137e-01 2.089900000000000091e+01
7.540000000000013358e-01 2.208399999999999963e+01
8.990000000000009095e-01 2.261299999999999955e+01
1.219000000000001194e+00 2.349099999999999966e+01
3.669999999999973284e-01 2.118799999999999883e+01
2.379999999999995453e-01 2.030999999999999872e+01
1.009999999999998010e+00 2.316799999999999926e+01
1.570000000000000284e-01 1.783599999999999852e+01
8.240000000000016200e-01 2.345400000000000063e+01
7.170000000000023022e-01 2.327100000000000080e+01
5.099999999999980105e-01 2.080099999999999838e+01
4.849999999999994316e-01 2.039999999999999858e+01
7.850000000000001421e-01 2.244800000000000040e+01
8.589999999999982094e-01 2.123199999999999932e+01
5.300000000000011369e-01 2.148900000000000077e+01
6.189999999999997726e-01 2.194600000000000151e+01
9.130000000000002558e-01 2.321699999999999875e+01
4.799999999999968736e-01 2.058899999999999864e+01
6.850000000000022737e-01 2.138800000000000168e+01
6.250000000000000000e-01 2.256500000000000128e+01
5.820000000000007390e-01 2.122100000000000009e+01
2.439999999999997726e-01 1.888400000000000034e+01
5.859999999999985221e-01 1.995499999999999829e+01
9.240000000000030411e-01 2.319000000000000128e+01
2.940000000000004832e-01 2.069900000000000162e+01
5.480000000000018190e-01 2.185900000000000176e+01
3.460000000000000853e-01 1.969500000000000028e+01
1.092999999999999972e+00 2.332499999999999929e+01
1.500000000000021316e-01 2.082600000000000051e+01
7.680000000000006821e-01 2.193100000000000094e+01
1.024000000000000909e+00 2.324099999999999966e+01
3.279999999999994031e-01 1.987300000000000111e+01
3.189999999999990621e-01 1.873799999999999955e+01
3.219999999999991758e-01 1.964399999999999835e+01
1.161999999999999034e+00 2.362500000000000000e+01
9.070000000000000284e-01 2.281599999999999895e+01
5.359999999999978115e-01 2.119099999999999895e+01
2.699999999999995737e-01 1.923000000000000043e+01
7.810000000000023590e-01 2.326800000000000068e+01
3.550000000000004263e-01 1.999800000000000111e+01
1.829999999999998295e-01 1.838400000000000034e+01
1.980000000000003979e-01 1.853699999999999903e+01
9.570000000000007390e-01 2.323900000000000077e+01
2.850000000000001421e-01 2.098499999999999943e+01
5.199999999999995737e-01 2.130300000000000082e+01
8.389999999999986358e-01 2.310999999999999943e+01
5.839999999999996305e-01 2.220299999999999940e+01
9.380000000000023874e-01 2.301800000000000068e+01
3.099999999999987210e-01 1.965700000000000003e+01
8.670000000000008811e-01 2.223900000000000077e+01
3.870000000000004547e-01 2.016199999999999903e+01
2.100000000000008527e-01 1.867800000000000082e+01
1.999999999999992895e-01 1.977400000000000091e+01
7.960000000000029274e-01 2.225100000000000122e+01
1.730000000000018190e-01 1.802100000000000080e+01
7.139999999999986358e-01 2.163100000000000023e+01
3.359999999999985221e-01 1.991199999999999903e+01
4.719999999999977547e-01 2.063299999999999912e+01
1.829999999999998295e-01 2.003900000000000148e+01
1.489999999999973568e-01 1.735099999999999909e+01
1.810000000000009379e-01 1.841400000000000148e+01
7.940000000000004832e-01 2.248400000000000176e+01
3.119999999999976126e-01 1.971099999999999852e+01
5.549999999999997158e-01 2.152299999999999969e+01
6.440000000000019043e-01 2.245100000000000051e+01
9.039999999999999147e-01 2.330600000000000094e+01
1.102000000000000313e+00 2.380000000000000071e+01
1.690000000000004832e-01 1.767500000000000071e+01
5.320000000000000284e-01 2.107400000000000162e+01
5.199999999999995737e-01 2.111100000000000065e+01
6.400000000000005684e-01 2.248100000000000165e+01
2.570000000000014495e-01 1.901800000000000068e+01
1.039999999999992042e-01 1.821699999999999875e+01
3.039999999999984936e-01 1.955699999999999861e+01
5.650000000000012790e-01 2.125400000000000134e+01
7.329999999999969873e-01 2.208899999999999864e+01
8.159999999999989484e-01 2.268900000000000006e+01
6.110000000000006537e-01 2.173900000000000077e+01
1.679999999999992610e-01 1.724899999999999878e+01
9.989999999999987779e-01 2.281099999999999994e+01
6.799999999999997158e-01 2.290700000000000003e+01
5.670000000000001705e-01 2.155799999999999983e+01
3.879999999999981242e-01 2.131899999999999906e+01
1.820000000000021600e-01 1.789900000000000091e+01
2.199999999999988631e-01 1.853800000000000026e+01
9.909999999999996589e-01 2.349500000000000099e+01
6.829999999999998295e-01 2.248799999999999955e+01
1.990000000000016200e-01 1.852100000000000080e+01
9.059999999999988063e-01 2.300199999999999889e+01
1.600000000000001421e-01 1.759499999999999886e+01
8.010000000000019327e-01 2.158500000000000085e+01
7.789999999999999147e-01 1.552999999999999936e+01
4.169999999999980389e-01 2.120899999999999963e+01
3.870000000000004547e-01 2.055900000000000105e+01
1.460000000000007958e-01 1.800900000000000034e+01
2.349999999999994316e-01 1.932000000000000028e+01
8.460000000000000853e-01 2.274800000000000111e+01
8.170000000000001705e-01 2.236499999999999844e+01
2.320000000000028706e-01 1.872800000000000153e+01
6.230000000000011084e-01 2.193400000000000105e+01
1.126999999999998892e+00 2.271099999999999852e+01
8.010000000000019327e-01 2.235600000000000165e+01
3.279999999999994031e-01 2.157799999999999940e+01
4.780000000000015348e-01 1.770400000000000063e+01
9.269999999999996021e-01 2.252799999999999869e+01
3.760000000000012221e-01 2.026200000000000045e+01
1.999999999999992895e-01 1.830999999999999872e+01
6.329999999999991189e-01 2.209600000000000009e+01
3.049999999999997158e-01 1.954700000000000060e+01
6.329999999999991189e-01 2.225900000000000034e+01
7.359999999999971010e-01 2.218799999999999883e+01
5.839999999999996305e-01 2.089699999999999847e+01
1.940000000000026148e-01 1.934100000000000108e+01
3.290000000000006253e-01 1.825600000000000023e+01
6.059999999999980957e-01 2.151599999999999824e+01
7.040000000000006253e-01 2.235600000000000165e+01
2.839999999999989200e-01 1.961799999999999855e+01
7.509999999999976694e-01 2.189099999999999824e+01
1.380000000000016769e-01 1.953800000000000026e+01
2.689999999999983515e-01 1.904799999999999827e+01
6.409999999999982379e-01 2.312099999999999866e+01
7.910000000000003695e-01 2.228200000000000003e+01
7.340000000000017621e-01 2.347400000000000020e+01
1.110000000000006537e-01 1.934799999999999898e+01
9.659999999999975273e-01 2.292899999999999849e+01
1.819999999999986073e-01 1.884199999999999875e+01
1.950000000000002842e-01 1.812800000000000011e+01
7.750000000000021316e-01 2.286700000000000088e+01
1.529999999999986926e-01 1.755799999999999983e+01
1.180000000000021032e-01 2.189300000000000068e+01
7.599999999999980105e-01 2.301399999999999935e+01
2.339999999999982094e-01 1.878699999999999903e+01
1.699999999999981526e-01 1.721399999999999864e+01
1.190999999999998948e+00 2.369099999999999895e+01
2.789999999999999147e-01 1.918199999999999861e+01
9.169999999999980389e-01 2.348499999999999943e+01
5.949999999999988631e-01 2.278099999999999881e+01
2.620000000000004547e-01 1.956099999999999994e+01
7.980000000000018190e-01 2.296900000000000119e+01
4.790000000000027569e-01 2.201000000000000156e+01
7.869999999999990337e-01 2.268299999999999983e+01
7.280000000000015348e-01 2.221499999999999986e+01
7.530000000000001137e-01 2.337600000000000122e+01
7.420000000000008811e-01 2.287500000000000000e+01
6.690000000000004832e-01 2.276500000000000057e+01
4.140000000000014779e-01 2.033999999999999986e+01
4.700000000000024158e-01 2.105000000000000071e+01
2.449999999999974420e-01 1.910399999999999920e+01
2.720000000000020179e-01 1.955000000000000071e+01
5.999999999999978684e-01 2.116499999999999915e+01
2.259999999999990905e-01 1.904100000000000037e+01
4.720000000000013074e-01 2.091300000000000026e+01
1.409999999999982379e-01 1.871399999999999864e+01
5.140000000000028990e-01 2.170200000000000173e+01
5.719999999999991758e-01 2.090700000000000003e+01
2.420000000000008811e-01 1.895899999999999963e+01
7.029999999999994031e-01 2.257600000000000051e+01
7.169999999999987494e-01 2.306099999999999994e+01
7.130000000000009663e-01 2.224399999999999977e+01
7.020000000000017337e-01 2.201000000000000156e+01
7.399999999999984368e-01 2.211499999999999844e+01
2.469999999999998863e-01 1.935000000000000142e+01
1.007999999999999119e+00 2.311199999999999832e+01
8.820000000000014495e-01 2.336700000000000088e+01
6.519999999999974705e-01 2.327199999999999847e+01
4.589999999999996305e-01 2.121499999999999986e+01
9.609999999999985221e-01 2.284799999999999898e+01
4.469999999999991758e-01 2.108099999999999952e+01
6.479999999999996874e-01 2.105600000000000094e+01
7.860000000000013642e-01 2.281700000000000017e+01
2.800000000000011369e-01 1.934100000000000108e+01
4.699999999999988631e-01 2.138299999999999912e+01
2.270000000000003126e-01 2.023000000000000043e+01
7.900000000000062528e-02 2.303300000000000125e+01
6.620000000000025864e-01 2.160300000000000153e+01
2.880000000000002558e-01 1.921900000000000119e+01
4.259999999999983800e-01 2.153699999999999903e+01
4.959999999999986642e-01 2.096499999999999986e+01
4.160000000000003695e-01 2.315700000000000003e+01
1.960000000000015064e-01 1.843299999999999983e+01
5.229999999999996874e-01 2.244500000000000028e+01
9.929999999999985505e-01 2.292399999999999949e+01
5.629999999999988347e-01 2.133699999999999974e+01
7.139999999999986358e-01 2.323199999999999932e+01
9.939999999999997726e-01 2.277199999999999847e+01
9.699999999999988631e-01 2.279899999999999949e+01
8.419999999999987494e-01 2.357199999999999918e+01
4.669999999999987494e-01 2.131599999999999895e+01
6.150000000000019895e-01 2.124500000000000099e+01
8.049999999999997158e-01 2.199599999999999866e+01
4.579999999999984084e-01 2.108699999999999974e+01
3.049999999999997158e-01 1.992500000000000071e+01
7.260000000000026432e-01 2.272200000000000131e+01
6.469999999999984652e-01 2.168199999999999861e+01
2.719999999999984652e-01 1.906400000000000006e+01
5.760000000000005116e-01 2.199699999999999989e+01
3.389999999999986358e-01 1.961899999999999977e+01
5.240000000000009095e-01 2.096600000000000108e+01
3.840000000000003411e-01 2.008899999999999864e+01
7.609999999999992326e-01 2.311299999999999955e+01
6.519999999999974705e-01 2.223699999999999832e+01
6.820000000000021600e-01 2.308200000000000074e+01
9.430000000000013927e-01 2.295700000000000074e+01
1.970000000000027285e-01 1.817000000000000171e+01
5.049999999999990052e-01 2.189300000000000068e+01
4.649999999999998579e-01 2.184900000000000020e+01
8.339999999999996305e-01 2.212000000000000099e+01
2.319999999999993179e-01 1.696600000000000108e+01
8.800000000000025580e-01 2.249500000000000099e+01
2.250000000000014211e-01 1.891900000000000048e+01
7.000000000000028422e-01 2.251300000000000168e+01
5.069999999999978968e-01 2.063299999999999912e+01
7.139999999999986358e-01 2.165599999999999881e+01
2.820000000000000284e-01 1.905999999999999872e+01
9.599999999999972999e-01 2.280699999999999861e+01
5.979999999999989768e-01 2.163400000000000034e+01
1.750000000000007105e-01 1.804299999999999926e+01
6.720000000000005969e-01 2.053500000000000014e+01
1.204999999999998295e+00 2.365700000000000003e+01
7.210000000000000853e-01 2.207000000000000028e+01
3.179999999999978400e-01 1.998699999999999832e+01
6.440000000000019043e-01 2.233200000000000074e+01
2.859999999999978115e-01 1.781599999999999895e+01
7.619999999999969020e-01 2.264999999999999858e+01
3.099999999999987210e-01 1.970299999999999940e+01
3.789999999999977831e-01 2.013299999999999912e+01
7.880000000000002558e-01 2.303300000000000125e+01
1.340000000000003411e-01 2.305699999999999861e+01
2.149999999999998579e-01 1.862199999999999989e+01
4.049999999999975842e-01 2.005999999999999872e+01
5.700000000000002842e-01 2.156899999999999906e+01
6.039999999999992042e-01 2.322299999999999898e+01
1.290000000000013358e-01 1.933999999999999986e+01
7.100000000000008527e-01 2.144300000000000139e+01
8.279999999999994031e-01 2.341600000000000037e+01
7.429999999999985505e-01 2.166199999999999903e+01
1.157000000000000028e+00 2.368499999999999872e+01
5.889999999999986358e-01 2.194800000000000040e+01
3.629999999999995453e-01 1.967200000000000060e+01
6.639999999999979252e-01 2.296399999999999864e+01
7.250000000000014211e-01 2.308999999999999986e+01
6.630000000000002558e-01 2.235800000000000054e+01
6.719999999999970441e-01 2.176899999999999835e+01
6.080000000000005400e-01 2.140800000000000125e+01
6.859999999999999432e-01 1.495700000000000074e+01
6.619999999999990337e-01 2.231400000000000006e+01
3.049999999999997158e-01 1.996900000000000119e+01
3.590000000000017621e-01 1.985200000000000031e+01
5.229999999999996874e-01 2.144800000000000040e+01
5.990000000000001990e-01 2.139699999999999847e+01
1.490000000000009095e-01 2.190800000000000125e+01
6.039999999999992042e-01 2.151599999999999824e+01
6.290000000000013358e-01 2.137000000000000099e+01
1.954000000000000625e+00 2.267999999999999972e+01
9.840000000000017621e-01 2.312000000000000099e+01
9.400000000000012790e-01 2.341400000000000148e+01
5.479999999999982663e-01 2.059299999999999997e+01
3.189999999999990621e-01 1.956899999999999906e+01
4.630000000000009663e-01 1.664000000000000057e+01
7.749999999999985789e-01 2.322100000000000009e+01
7.959999999999993747e-01 2.312000000000000099e+01
5.960000000000000853e-01 2.118700000000000117e+01
2.409999999999996589e-01 1.959400000000000119e+01
6.520000000000010232e-01 2.147700000000000031e+01
3.330000000000019611e-01 1.963700000000000045e+01
6.789999999999984936e-01 2.313599999999999923e+01
1.397000000000002018e+00 2.400900000000000034e+01
3.320000000000007390e-01 2.315700000000000003e+01
6.350000000000015632e-01 2.205000000000000071e+01
7.859999999999978115e-01 2.231899999999999906e+01
4.029999999999986926e-01 2.017099999999999937e+01
4.420000000000001705e-01 2.189999999999999858e+01
5.979999999999989768e-01 2.101099999999999923e+01
1.790000000000020464e-01 1.831500000000000128e+01
3.439999999999976410e-01 2.071699999999999875e+01
5.850000000000008527e-01 2.137800000000000011e+01
7.599999999999980105e-01 2.166799999999999926e+01
7.339999999999982094e-01 2.253399999999999892e+01
4.229999999999982663e-01 1.630099999999999838e+01
5.039999999999977831e-01 2.010999999999999943e+01
8.009999999999983800e-01 2.245299999999999940e+01
7.319999999999993179e-01 2.195799999999999841e+01
6.929999999999978400e-01 2.245499999999999829e+01
6.099999999999994316e-01 2.157900000000000063e+01
8.210000000000015064e-01 2.323900000000000077e+01
1.809999999999973852e-01 1.925799999999999912e+01
5.689999999999990621e-01 2.054899999999999949e+01
7.689999999999983515e-01 2.276399999999999935e+01
6.260000000000012221e-01 2.138800000000000168e+01
6.400000000000005684e-01 2.057499999999999929e+01
6.739999999999994884e-01 2.247899999999999920e+01
5.749999999999992895e-01 2.176200000000000045e+01
1.549999999999975842e-01 1.772899999999999920e+01
3.270000000000017337e-01 1.976800000000000068e+01
1.310999999999999943e+00 2.291799999999999926e+01
1.205999999999999517e+00 2.347599999999999909e+01
9.280000000000008242e-01 2.326500000000000057e+01
1.580000000000012506e-01 1.743100000000000094e+01
1.566999999999996618e+00 2.048699999999999832e+01
9.579999999999984084e-01 2.308399999999999963e+01
8.079999999999998295e-01 1.541999999999999993e+01
6.400000000000005684e-01 2.111700000000000088e+01
7.250000000000014211e-01 2.287600000000000122e+01
6.840000000000010516e-01 2.265800000000000125e+01
9.119999999999990337e-01 2.198799999999999955e+01
6.759999999999983800e-01 2.160699999999999932e+01
2.259999999999990905e-01 1.888400000000000034e+01
9.080000000000012506e-01 2.336700000000000088e+01
3.040000000000020464e-01 1.960600000000000165e+01
4.849999999999994316e-01 2.061100000000000065e+01
9.720000000000013074e-01 2.345400000000000063e+01
3.750000000000000000e-01 1.980399999999999849e+01
4.750000000000014211e-01 2.088800000000000168e+01
3.339999999999996305e-01 1.925100000000000122e+01
-4.149999999999991473e-01 1.632300000000000040e+01
8.780000000000001137e-01 2.283599999999999852e+01
1.111999999999998323e+00 2.364699999999999847e+01
5.599999999999987210e-01 2.094200000000000017e+01
4.570000000000007390e-01 2.014499999999999957e+01
9.149999999999991473e-01 2.302100000000000080e+01
8.490000000000001990e-01 2.313400000000000034e+01
1.039999999999999147e+00 2.275000000000000000e+01
7.620000000000004547e-01 2.291799999999999926e+01
9.250000000000007105e-01 2.291499999999999915e+01
3.000000000000007105e-01 1.924099999999999966e+01
3.900000000000005684e-01 2.014000000000000057e+01
-4.320000000000021600e-01 1.800499999999999901e+01
3.300000000000018474e-01 1.961400000000000077e+01
2.010000000000005116e-01 1.818100000000000094e+01
1.900999999999999801e+00 2.261499999999999844e+01
8.009999999999983800e-01 2.286499999999999844e+01
9.359999999999999432e-01 2.305900000000000105e+01
7.190000000000011937e-01 2.215399999999999991e+01
1.185999999999999943e+00 2.341400000000000148e+01
2.910000000000003695e-01 1.939900000000000091e+01
8.269999999999981810e-01 2.198199999999999932e+01
5.020000000000024443e-01 2.081800000000000139e+01
5.560000000000009379e-01 2.203900000000000148e+01
8.719999999999998863e-01 2.221000000000000085e+01
8.990000000000009095e-01 2.285200000000000031e+01
4.540000000000006253e-01 2.018599999999999994e+01
3.449999999999988631e-01 1.993799999999999883e+01
3.919999999999994600e-01 1.999599999999999866e+01
7.330000000000005400e-01 2.180900000000000105e+01
6.750000000000007105e-01 2.137300000000000111e+01
7.310000000000016485e-01 2.308800000000000097e+01
7.759999999999998010e-01 2.172500000000000142e+01
7.570000000000014495e-01 2.322400000000000020e+01
7.539999999999995595e-01 1.598099999999999987e+01
4.250000000000007105e-01 2.097299999999999898e+01
7.530000000000001137e-01 2.195599999999999952e+01
5.180000000000006821e-01 2.110000000000000142e+01
6.430000000000006821e-01 2.341000000000000014e+01
3.550000000000004263e-01 1.963100000000000023e+01
8.359999999999985221e-01 2.293799999999999883e+01
6.800000000000032685e-01 2.204500000000000171e+01
2.150000000000034106e-01 1.838800000000000168e+01
1.414999999999999147e+00 2.350600000000000023e+01
6.250000000000000000e-01 2.156700000000000017e+01
5.010000000000012221e-01 2.064900000000000091e+01
7.950000000000017053e-01 2.245100000000000051e+01
7.680000000000006821e-01 2.182199999999999918e+01
6.849999999999987210e-01 2.148999999999999844e+01
1.047000000000000597e+00 2.341600000000000037e+01
1.015000000000000568e+00 2.003000000000000114e+01
1.006000000000000227e+00 2.351099999999999923e+01
5.890000000000021885e-01 2.166700000000000159e+01
3.820000000000014495e-01 2.008699999999999974e+01
1.714000000000002188e+00 1.819900000000000162e+01
5.180000000000006821e-01 2.199200000000000088e+01
6.200000000000009948e-01 2.225000000000000000e+01
3.870000000000004547e-01 1.994999999999999929e+01
2.229999999999989768e-01 1.882600000000000051e+01
1.250000000000000000e-01 1.875900000000000034e+01
4.610000000000020748e-01 2.023100000000000165e+01
5.689999999999990621e-01 2.116000000000000014e+01
8.290000000000006253e-01 2.239000000000000057e+01
5.830000000000019611e-01 2.092800000000000082e+01
4.409999999999989484e-01 1.987099999999999866e+01
5.960000000000000853e-01 2.296799999999999997e+01
5.289999999999999147e-01 2.101300000000000168e+01
1.850000000000022737e-01 2.010600000000000165e+01
6.640000000000014779e-01 2.272700000000000031e+01
8.010000000000019327e-01 2.313200000000000145e+01
2.289999999999992042e-01 1.921099999999999852e+01
1.570000000000000284e-01 1.785000000000000142e+01
1.315000000000001279e+00 2.356500000000000128e+01
9.460000000000015064e-01 2.337300000000000111e+01
6.899999999999977263e-01 2.220799999999999841e+01
2.064000000000000057e+00 2.404500000000000171e+01
9.980000000000011084e-01 2.291000000000000014e+01
2.599999999999980105e-01 1.903399999999999892e+01
6.539999999999999147e-01 2.192999999999999972e+01
1.559999999999988063e-01 1.761599999999999966e+01
8.620000000000018758e-01 2.328600000000000136e+01
8.810000000000002274e-01 2.312199999999999989e+01
7.899999999999991473e-01 2.255099999999999838e+01
9.220000000000005969e-01 2.310800000000000054e+01
1.766999999999999460e+00 2.180699999999999861e+01
1.477000000000000313e+00 2.296900000000000119e+01
6.909999999999989484e-01 2.159900000000000020e+01
7.839999999999989200e-01 2.252899999999999991e+01
8.490000000000001990e-01 2.362600000000000122e+01
3.070000000000021600e-01 2.196000000000000085e+01
8.460000000000000853e-01 2.351300000000000168e+01
8.480000000000025295e-01 2.268700000000000117e+01
1.099999999999994316e-01 1.967899999999999849e+01
6.350000000000015632e-01 2.218599999999999994e+01
7.899999999999991473e-01 2.359199999999999875e+01
3.109999999999999432e-01 1.952799999999999869e+01
2.439999999999997726e-01 1.872100000000000009e+01
1.909999999999989484e-01 1.721799999999999997e+01
5.940000000000011937e-01 2.108800000000000097e+01
7.500000000000284217e-02 1.938800000000000168e+01
6.809999999999973852e-01 2.205099999999999838e+01
2.069999999999971863e-01 1.807999999999999829e+01
1.790000000000020464e-01 1.807600000000000051e+01
9.500000000000028422e-01 2.360900000000000176e+01
7.029999999999994031e-01 2.150600000000000023e+01
1.337999999999997414e+00 2.344399999999999906e+01
7.610000000000027853e-01 2.293400000000000105e+01
3.039999999999984936e-01 2.145799999999999841e+01
8.870000000000004547e-01 2.267399999999999949e+01
8.610000000000006537e-01 2.265500000000000114e+01
3.580000000000005400e-01 2.067800000000000082e+01
5.999999999999872102e-02 1.852199999999999847e+01
2.420000000000008811e-01 1.965200000000000102e+01
2.060000000000030695e-01 1.937900000000000134e+01
-3.350000000000008527e-01 2.229599999999999937e+01
5.470000000000005969e-01 2.094399999999999906e+01
8.880000000000016769e-01 2.307100000000000151e+01
5.040000000000013358e-01 1.949399999999999977e+01
9.630000000000009663e-01 2.290800000000000125e+01
1.336000000000002075e+00 2.387300000000000111e+01
1.434000000000001052e+00 2.326200000000000045e+01
9.649999999999998579e-01 2.303800000000000026e+01
2.289999999999992042e-01 1.855199999999999960e+01
2.330000000000005400e-01 1.843900000000000006e+01
1.129999999999995453e-01 1.832999999999999829e+01
1.129999999999995453e-01 1.958099999999999952e+01
9.679999999999999716e-01 2.317800000000000082e+01
2.339999999999982094e-01 1.923499999999999943e+01
9.329999999999998295e-01 2.309299999999999997e+01
8.320000000000007390e-01 2.183800000000000097e+01
5.239999999999973568e-01 2.141199999999999903e+01
5.770000000000017337e-01 2.269200000000000017e+01
7.900000000000027001e-01 2.332100000000000151e+01
9.249999999999971578e-01 2.230099999999999838e+01
6.400000000000005684e-01 2.140399999999999991e+01
7.000000000000028422e-02 2.040899999999999892e+01
9.469999999999991758e-01 2.342399999999999949e+01
2.109999999999985221e-01 2.044399999999999906e+01
1.460000000000000853e+00 2.157799999999999940e+01
1.086999999999999744e+00 2.267200000000000060e+01
5.489999999999994884e-01 2.160099999999999909e+01
9.149999999999991473e-01 2.360099999999999909e+01
6.230000000000011084e-01 2.173600000000000065e+01
3.490000000000001990e-01 2.013599999999999923e+01
2.689999999999983515e-01 1.667999999999999972e+01
1.366999999999997328e+00 2.277799999999999869e+01
1.608000000000000540e+00 2.394500000000000028e+01
9.160000000000003695e-01 2.338899999999999935e+01
5.100000000000193268e-02 1.831200000000000117e+01
5.839999999999996305e-01 2.222200000000000131e+01
8.930000000000006821e-01 2.287999999999999901e+01
9.559999999999995168e-01 2.301099999999999923e+01
1.879999999999988347e-01 1.751599999999999824e+01
8.470000000000013074e-01 2.324099999999999966e+01
5.199999999999995737e-01 2.097400000000000020e+01
2.999999999999758415e-02 1.756899999999999906e+01
5.279999999999986926e-01 2.220599999999999952e+01
8.159999999999989484e-01 2.217699999999999960e+01
2.850000000000001421e-01 2.002799999999999869e+01
3.470000000000013074e-01 2.015500000000000114e+01
2.159999999999975273e-01 1.992899999999999849e+01
7.349999999999994316e-01 2.199599999999999866e+01
2.920000000000015916e-01 2.021000000000000085e+01
6.370000000000004547e-01 2.181400000000000006e+01
5.120000000000004547e-01 2.115299999999999869e+01
4.850000000000029843e-01 2.313500000000000156e+01
5.360000000000013642e-01 2.096900000000000119e+01
8.309999999999995168e-01 2.320100000000000051e+01
6.630000000000002558e-01 2.183500000000000085e+01
2.089999999999996305e-01 1.799399999999999977e+01
6.430000000000006821e-01 2.216799999999999926e+01
9.849999999999994316e-01 2.348300000000000054e+01
7.429999999999985505e-01 2.274399999999999977e+01
7.680000000000006821e-01 2.288299999999999912e+01
1.048999999999999488e+00 2.369999999999999929e+01
1.145000000000003126e+00 2.373100000000000165e+01
6.849999999999987210e-01 2.197700000000000031e+01
9.670000000000023022e-01 2.309100000000000108e+01
6.480000000000032401e-01 2.219600000000000151e+01
6.419999999999994600e-01 2.290500000000000114e+01
9.619999999999997442e-01 2.294200000000000017e+01
3.529999999999979821e-01 2.023499999999999943e+01
6.370000000000004547e-01 2.244200000000000017e+01
8.629999999999995453e-01 2.301200000000000045e+01
1.010000000000001563e+00 2.345200000000000173e+01
6.690000000000004832e-01 2.235000000000000142e+01
1.230000000000011084e-01 1.785900000000000176e+01
-4.499999999999815259e-02 2.319500000000000028e+01
9.020000000000010232e-01 2.334700000000000131e+01
4.969999999999998863e-01 2.181299999999999883e+01
7.600000000000015632e-01 2.214600000000000080e+01
4.310000000000009379e-01 2.025100000000000122e+01
7.700000000000173372e-02 1.840500000000000114e+01
3.500000000000014211e-01 1.680900000000000105e+01
-4.540000000000006253e-01 1.977499999999999858e+01
7.099999999999972999e-01 2.295799999999999841e+01
7.719999999999984652e-01 2.228099999999999881e+01
1.780000000000008242e-01 1.935300000000000153e+01
4.299999999999997158e-01 2.025600000000000023e+01
5.390000000000014779e-01 2.151000000000000156e+01
3.729999999999993321e-01 1.599399999999999977e+01
8.300000000000018474e-01 2.351500000000000057e+01
7.560000000000002274e-01 2.320200000000000173e+01
1.920000000000001705e-01 1.856500000000000128e+01
7.820000000000000284e-01 2.180399999999999849e+01
3.549999999999968736e-01 1.992599999999999838e+01
3.009999999999983800e-01 1.998499999999999943e+01
4.860000000000006537e-01 2.128800000000000026e+01
5.620000000000011653e-01 2.294600000000000151e+01
3.270000000000017337e-01 1.976200000000000045e+01
4.450000000000002842e-01 2.083399999999999963e+01
8.440000000000011937e-01 2.272200000000000131e+01
7.409999999999996589e-01 2.336700000000000088e+01
6.010000000000026432e-01 2.324200000000000088e+01
7.800000000000011369e-01 2.233099999999999952e+01
1.720000000000005969e-01 1.824399999999999977e+01
9.089999999999989200e-01 2.291199999999999903e+01
1.899999999999977263e-01 1.796099999999999852e+01
2.390000000000007674e-01 1.887800000000000011e+01
8.019999999999996021e-01 2.251099999999999923e+01
3.120000000000011653e-01 2.004200000000000159e+01
9.089999999999989200e-01 2.326200000000000045e+01
8.260000000000005116e-01 2.226500000000000057e+01
2.800000000000011369e-01 1.946799999999999997e+01
8.739999999999987779e-01 2.254299999999999926e+01
7.400000000000019895e-01 2.222800000000000153e+01
8.889999999999993463e-01 2.346000000000000085e+01
2.350000000000029843e-01 1.838500000000000156e+01
9.059999999999988063e-01 2.299299999999999855e+01
7.229999999999989768e-01 2.314499999999999957e+01
9.499999999999992895e-01 2.367399999999999949e+01
8.629999999999995453e-01 2.335500000000000043e+01
2.500000000000213163e-02 1.887600000000000122e+01
3.149999999999977263e-01 1.761199999999999832e+01
3.939999999999983515e-01 2.024699999999999989e+01
3.869999999999969020e-01 2.017299999999999827e+01
2.360000000000006537e-01 1.850900000000000034e+01
6.799999999999997158e-01 2.191499999999999915e+01
6.990000000000016200e-01 2.325400000000000134e+01
1.859999999999999432e-01 1.988599999999999923e+01
9.830000000000005400e-01 2.288599999999999923e+01
6.909999999999989484e-01 2.177599999999999980e+01
5.210000000000007958e-01 2.238700000000000045e+01
9.430000000000013927e-01 2.273100000000000165e+01
1.929999999999978400e-01 1.707499999999999929e+01
1.115999999999999659e+00 2.365500000000000114e+01
1.959999999999979536e-01 1.988599999999999923e+01
5.509999999999983800e-01 2.161299999999999955e+01
3.049999999999997158e-01 1.985200000000000031e+01
9.260000000000019327e-01 2.360000000000000142e+01
3.850000000000015632e-01 1.995700000000000074e+01
6.069999999999993179e-01 2.166499999999999915e+01
7.119999999999997442e-01 1.579800000000000004e+01
7.930000000000028137e-01 2.225400000000000134e+01
1.632000000000001450e+00 2.279200000000000159e+01
1.338000000000000966e+00 2.364199999999999946e+01
2.549999999999990052e-01 1.759299999999999997e+01
2.280000000000015348e-01 2.005600000000000094e+01
7.949999999999981526e-01 2.281599999999999895e+01
6.780000000000008242e-01 2.228999999999999915e+01
9.340000000000010516e-01 2.358699999999999974e+01
5.050000000000025580e-01 2.210600000000000165e+01
6.119999999999983231e-01 2.223199999999999932e+01
3.960000000000007958e-01 2.010500000000000043e+01
2.530000000000001137e-01 1.885500000000000043e+01
7.930000000000028137e-01 2.281800000000000139e+01
4.460000000000015064e-01 2.143900000000000006e+01
1.134999999999998010e+00 2.102199999999999847e+01
8.300000000000018474e-01 2.233800000000000097e+01
3.130000000000023874e-01 1.930600000000000094e+01
6.079999999999969873e-01 2.233299999999999841e+01
6.720000000000005969e-01 2.169800000000000040e+01
7.719999999999984652e-01 2.261799999999999855e+01
8.230000000000003979e-01 2.326399999999999935e+01
1.589999999999989200e-01 1.750900000000000034e+01
7.429999999999985505e-01 2.161799999999999855e+01
2.929999999999992610e-01 1.988400000000000034e+01
6.980000000000003979e-01 2.319200000000000017e+01
6.759999999999983800e-01 2.248699999999999832e+01
6.040000000000009805e-01 1.647700000000000031e+01
1.739999999999994884e-01 1.771199999999999974e+01
1.523999999999997357e+00 2.366199999999999903e+01
3.900000000000005684e-01 2.088299999999999912e+01
1.670000000000015916e-01 1.698100000000000165e+01
2.379999999999995453e-01 1.987699999999999889e+01
6.699999999999981526e-01 2.227599999999999980e+01
9.120000000000025864e-01 2.348100000000000165e+01
6.630000000000002558e-01 1.869099999999999895e+01
8.320000000000007390e-01 2.243900000000000006e+01
1.400000000000005684e-01 2.013800000000000168e+01
8.849999999999980105e-01 2.250199999999999889e+01
5.910000000000010800e-01 2.173900000000000077e+01
7.609999999999992326e-01 2.177899999999999991e+01
9.540000000000006253e-01 2.293900000000000006e+01
2.459999999999986642e-01 1.869200000000000017e+01
6.460000000000007958e-01 2.266700000000000159e+01
8.200000000000002842e-01 2.091400000000000148e+01
9.580000000000019611e-01 2.271000000000000085e+01
5.519999999999996021e-01 1.979899999999999949e+01
2.809999999999988063e-01 1.942399999999999949e+01
6.530000000000022453e-01 2.242000000000000171e+01
1.870000000000011653e-01 1.817699999999999960e+01
3.719999999999998863e-01 1.521199999999999974e+01
8.689999999999997726e-01 2.321000000000000085e+01
6.539999999999999147e-01 2.293599999999999994e+01
7.450000000000009948e-01 2.332000000000000028e+01
7.269999999999985363e-01 1.458799999999999919e+01
3.599999999999994316e-01 1.992699999999999960e+01
4.720000000000013074e-01 2.110200000000000031e+01
2.770000000000010232e-01 2.239600000000000080e+01
8.910000000000017906e-01 2.279400000000000048e+01
7.469999999999998863e-01 2.196199999999999974e+01
4.740000000000001990e-01 1.605499999999999972e+01
8.599999999999852207e-02 2.044099999999999895e+01
3.499999999999978684e-01 1.996399999999999864e+01
7.689999999999983515e-01 2.224299999999999855e+01
6.970000000000027285e-01 2.240800000000000125e+01
3.330000000000019611e-01 1.998000000000000043e+01
-3.899999999999792522e-02 1.733200000000000074e+01
3.479999999999989768e-01 2.109799999999999898e+01
2.159999999999975273e-01 1.889999999999999858e+01
4.260000000000019327e-01 2.119200000000000017e+01
-9.400000000000119371e-02 1.924299999999999855e+01
5.889999999999986358e-01 2.255799999999999983e+01
5.889999999999986358e-01 2.273199999999999932e+01
1.066000000000002501e+00 2.358500000000000085e+01
5.410000000000003695e-01 2.221900000000000119e+01
6.909999999999989484e-01 1.850000000000000000e+01
1.270000000000024443e-01 1.880000000000000071e+01
4.909999999999996589e-01 2.095299999999999940e+01
3.999999999999985789e-01 2.084799999999999898e+01
-2.629999999999981242e-01 1.661400000000000077e+01
1.775999999999999801e+00 2.388599999999999923e+01
2.520000000000024443e-01 2.089300000000000068e+01
6.890000000000000568e-01 2.305199999999999960e+01
8.350000000000008527e-01 2.348799999999999955e+01
5.519999999999996021e-01 2.259900000000000020e+01
2.770000000000010232e-01 1.941900000000000048e+01
3.129999999999988347e-01 1.960699999999999932e+01
6.370000000000004547e-01 2.306899999999999906e+01
5.929999999999999716e-01 2.252100000000000080e+01
7.280000000000015348e-01 2.228000000000000114e+01
7.469999999999998863e-01 2.245299999999999940e+01
1.294999999999998153e+00 2.374699999999999989e+01
8.359999999999985221e-01 2.290399999999999991e+01
9.349999999999987210e-01 2.338700000000000045e+01
2.174000000000003041e+00 2.466400000000000148e+01
1.272999999999999687e+00 2.317099999999999937e+01
2.019999999999981810e-01 1.871099999999999852e+01
3.539999999999992042e-01 1.990899999999999892e+01
4.699999999999988631e-01 2.058399999999999963e+01
8.670000000000008811e-01 2.295100000000000051e+01
3.069999999999986073e-01 2.046999999999999886e+01
6.149999999999984368e-01 2.142999999999999972e+01
7.759999999999998010e-01 2.246499999999999986e+01
3.230000000000003979e-01 1.988800000000000168e+01
6.730000000000018190e-01 2.275400000000000134e+01
5.190000000000019043e-01 2.084900000000000020e+01
1.289999999999977831e-01 1.956899999999999906e+01
8.670000000000008811e-01 2.304599999999999937e+01
1.829999999999998295e-01 1.899200000000000088e+01
2.450000000000009948e-01 1.889499999999999957e+01
8.810000000000002274e-01 2.340899999999999892e+01
4.570000000000007390e-01 2.122100000000000009e+01
7.199999999999917577e-02 1.951099999999999923e+01
4.659999999999993037e-01 1.617399999999999949e+01
2.710000000000007958e-01 1.556600000000000072e+01
9.100000000000001421e-01 2.282600000000000051e+01
5.590000000000010516e-01 2.145200000000000173e+01
7.709999999999972431e-01 2.197299999999999898e+01
9.759999999999990905e-01 2.314799999999999969e+01
4.840000000000017621e-01 2.176300000000000168e+01
1.879000000000001336e+00 2.335300000000000153e+01
3.330000000000019611e-01 1.975400000000000134e+01
4.229999999999982663e-01 2.116499999999999915e+01
1.325999999999996959e+00 2.346099999999999852e+01
4.879999999999995453e-01 2.108699999999999974e+01
2.300000000000004263e-01 1.886100000000000065e+01
8.790000000000013358e-01 2.257100000000000151e+01
9.969999999999998863e-01 2.175000000000000000e+01
6.379999999999981242e-01 2.298199999999999932e+01
7.880000000000002558e-01 2.330699999999999861e+01
4.020000000000010232e-01 2.282900000000000063e+01
7.660000000000017906e-01 2.187900000000000134e+01
2.950000000000017053e-01 1.982100000000000151e+01
1.100000000000001421e+00 2.256099999999999994e+01
4.059999999999988063e-01 2.095100000000000051e+01
4.770000000000003126e-01 2.128999999999999915e+01
5.390000000000014779e-01 2.183999999999999986e+01
6.090000000000017621e-01 2.157700000000000173e+01
4.579999999999984084e-01 2.298799999999999955e+01
2.719999999999984652e-01 1.985999999999999943e+01
3.440000000000011937e-01 2.048000000000000043e+01
1.499999999999985789e-01 1.861599999999999966e+01
8.129999999999988347e-01 2.219800000000000040e+01
1.529999999999986926e-01 2.109299999999999997e+01
2.079999999999984084e-01 1.990899999999999892e+01
4.329999999999998295e-01 2.095899999999999963e+01
2.900000000000027001e-01 1.996900000000000119e+01
5.760000000000005116e-01 2.194000000000000128e+01
1.769999999999996021e-01 1.710999999999999943e+01
9.500000000000241585e-02 1.758800000000000097e+01
1.790000000000020464e-01 1.686700000000000088e+01
1.810000000000009379e-01 1.821199999999999974e+01
1.890000000000000568e-01 1.719500000000000028e+01
2.480000000000011084e-01 1.670899999999999963e+01
1.890000000000000568e-01 1.682300000000000040e+01
2.049999999999982947e-01 1.822899999999999920e+01
1.999999999999992895e-01 1.821999999999999886e+01
1.739999999999994884e-01 1.837399999999999878e+01
1.639999999999979252e-01 1.768799999999999883e+01
2.750000000000021316e-01 1.664900000000000091e+01
2.429999999999985505e-01 1.674399999999999977e+01
2.200000000000201794e-02 1.801300000000000168e+01
1.679999999999992610e-01 1.750499999999999901e+01
1.999999999999992895e-01 1.814099999999999824e+01
8.899999999999863576e-02 1.824899999999999878e+01
1.459999999999972431e-01 1.733899999999999864e+01
1.380000000000016769e-01 1.783800000000000097e+01
1.619999999999990337e-01 1.812800000000000011e+01
2.149999999999998579e-01 1.686599999999999966e+01
1.769999999999996021e-01 1.815800000000000125e+01
4.439999999999990621e-01 1.642599999999999838e+01
1.700000000000017053e-01 1.741700000000000159e+01
1.880000000000023874e-01 1.694000000000000128e+01
4.299999999999926104e-02 1.787800000000000011e+01
2.069999999999971863e-01 1.692899999999999849e+01
1.639999999999979252e-01 1.717299999999999827e+01
1.549999999999975842e-01 1.784799999999999898e+01
1.170000000000008811e-01 1.753300000000000125e+01
2.109999999999985221e-01 1.736499999999999844e+01
1.929999999999978400e-01 1.817699999999999960e+01
1.550000000000011369e-01 1.763200000000000145e+01
1.389999999999993463e-01 1.796699999999999875e+01
2.169999999999987494e-01 1.826999999999999957e+01
4.200000000000159162e-02 1.795100000000000051e+01
1.810000000000009379e-01 1.810500000000000043e+01
9.100000000000108002e-02 1.817500000000000071e+01
1.930000000000013927e-01 1.828600000000000136e+01
1.089999999999982094e-01 1.709499999999999886e+01
1.390000000000028990e-01 1.741400000000000148e+01
-5.400000000000204636e-02 1.786199999999999832e+01
1.539999999999999147e-01 1.737699999999999889e+01
1.590000000000024727e-01 1.801300000000000168e+01
1.909999999999989484e-01 1.837999999999999901e+01
1.819999999999986073e-01 1.760200000000000031e+01
5.009999999999976694e-01 1.804799999999999827e+01
1.739999999999994884e-01 1.758699999999999974e+01
3.699999999999903366e-02 1.837800000000000011e+01
1.430000000000006821e-01 1.784600000000000009e+01
1.490000000000009095e-01 1.817500000000000071e+01
1.409999999999982379e-01 1.776699999999999946e+01
8.899999999999863576e-02 1.833699999999999974e+01
2.139999999999986358e-01 1.800000000000000000e+01
1.780000000000008242e-01 1.826800000000000068e+01
1.619999999999990337e-01 1.741300000000000026e+01
1.209999999999986642e-01 1.757300000000000040e+01
1.430000000000006821e-01 1.773600000000000065e+01
1.879999999999988347e-01 1.821399999999999864e+01
1.880000000000023874e-01 1.819300000000000139e+01
1.539999999999999147e-01 1.826399999999999935e+01
1.469999999999984652e-01 1.782999999999999829e+01
2.089999999999996305e-01 1.838700000000000045e+01
1.849999999999987210e-01 1.816199999999999903e+01
1.690000000000004832e-01 1.782100000000000151e+01
1.559999999999988063e-01 1.738299999999999912e+01
1.129999999999995453e-01 1.703099999999999881e+01
3.079999999999998295e-01 1.796099999999999852e+01
8.499999999999729994e-02 1.736799999999999855e+01
1.489999999999973568e-01 1.835099999999999909e+01
1.670000000000015916e-01 1.787500000000000000e+01
1.849999999999987210e-01 1.799599999999999866e+01
6.299999999999883471e-02 1.721099999999999852e+01
1.810000000000009379e-01 1.736700000000000088e+01
1.700000000000017053e-01 1.700000000000000000e+01
1.550000000000011369e-01 1.755300000000000082e+01
1.699999999999981526e-01 1.742399999999999949e+01
1.730000000000018190e-01 1.819800000000000040e+01
1.669999999999980389e-01 1.804799999999999827e+01
1.570000000000000284e-01 1.783599999999999852e+01
1.730000000000018190e-01 1.802100000000000080e+01
1.489999999999973568e-01 1.735099999999999909e+01
1.810000000000009379e-01 1.841400000000000148e+01
1.690000000000004832e-01 1.767500000000000071e+01
1.690000000000004832e-01 1.725000000000000000e+01
1.810000000000009379e-01 1.789799999999999969e+01
1.600000000000001421e-01 1.759499999999999886e+01
7.789999999999999147e-01 1.552999999999999936e+01
1.460000000000007958e-01 1.801000000000000156e+01
4.780000000000015348e-01 1.770400000000000063e+01
1.999999999999992895e-01 1.830999999999999872e+01
3.299999999999982947e-01 1.825499999999999901e+01
1.950000000000002842e-01 1.812800000000000011e+01
1.529999999999986926e-01 1.755799999999999983e+01
1.719999999999970441e-01 1.721399999999999864e+01
1.970000000000027285e-01 1.817000000000000171e+01
2.319999999999993179e-01 1.696600000000000108e+01
1.760000000000019327e-01 1.804400000000000048e+01
2.859999999999978115e-01 1.781599999999999895e+01
6.859999999999999432e-01 1.495700000000000074e+01
4.630000000000009663e-01 1.664000000000000057e+01
1.790000000000020464e-01 1.831500000000000128e+01
4.229999999999982663e-01 1.630099999999999838e+01
1.549999999999975842e-01 1.772899999999999920e+01
1.580000000000012506e-01 1.743100000000000094e+01
8.079999999999998295e-01 1.541999999999999993e+01
-4.149999999999991473e-01 1.632300000000000040e+01
-4.320000000000021600e-01 1.800499999999999901e+01
2.010000000000005116e-01 1.818100000000000094e+01
2.150000000000034106e-01 1.838800000000000168e+01
1.714000000000002188e+00 1.819900000000000162e+01
1.570000000000000284e-01 1.785000000000000142e+01
1.559999999999988063e-01 1.761599999999999966e+01
1.899999999999977263e-01 1.721699999999999875e+01
2.069999999999971863e-01 1.807999999999999829e+01
1.790000000000020464e-01 1.807600000000000051e+01
2.289999999999992042e-01 1.855199999999999960e+01
2.330000000000005400e-01 1.843900000000000006e+01
1.129999999999995453e-01 1.832999999999999829e+01
2.689999999999983515e-01 1.667899999999999849e+01
5.199999999999960210e-02 1.831200000000000117e+01
1.879999999999988347e-01 1.751599999999999824e+01
3.000000000000113687e-02 1.756700000000000017e+01
2.089999999999996305e-01 1.799399999999999977e+01
1.219999999999998863e-01 1.785800000000000054e+01
3.500000000000014211e-01 1.680900000000000105e+01
3.740000000000005542e-01 1.599399999999999977e+01
1.719999999999970441e-01 1.824299999999999855e+01
1.910000000000025011e-01 1.796000000000000085e+01
2.349999999999994316e-01 1.838400000000000034e+01
3.149999999999977263e-01 1.761199999999999832e+01
2.360000000000006537e-01 1.850900000000000034e+01
1.929999999999978400e-01 1.707499999999999929e+01
7.119999999999997442e-01 1.579800000000000004e+01
2.550000000000025580e-01 1.759100000000000108e+01
1.589999999999989200e-01 1.750799999999999912e+01
6.050000000000022027e-01 1.647800000000000153e+01
1.739999999999994884e-01 1.771199999999999974e+01
1.670000000000015916e-01 1.698100000000000165e+01
6.630000000000002558e-01 1.869099999999999895e+01
1.870000000000011653e-01 1.817699999999999960e+01
4.740000000000001990e-01 1.605499999999999972e+01
-3.899999999999792522e-02 1.733200000000000074e+01
6.909999999999989484e-01 1.850000000000000000e+01
-2.629999999999981242e-01 1.661400000000000077e+01
7.349999999999994316e-01 1.537299999999999933e+01
4.659999999999993037e-01 1.617399999999999949e+01
2.710000000000007958e-01 1.556600000000000072e+01
