#NUMBER OF AGES= 1
#----------------------------------------------------       
#MIX-LEN  Y      Z          Zeff        [Fe/H] [a/Fe]
# 1.9380  0.3300 3.0995E-03 1.5777E-03  -0.99   0.40 
#----------------------------------------------------       
#**PHOTOMETRIC SYSTEM**: HST WFPC2 (Vega)                   
#----------------------------------------------------       
#AGE=11.600 EEPS=266
#EEP   M/Mo    LogTeff  LogG   LogL/Lo F218W   F255W   F300W   F336W   F439W   F450W   F555W   F606W   F622W   F675W   F791W   F814W   F850LP
  14  0.121956  3.5240  5.2212 -2.6476 20.6314 20.5925 16.8035 16.0052 14.8466 14.3454 13.0227 12.5085 12.3205 11.8982 10.7997 10.7564 10.2619
  15  0.140915  3.5281  5.1641 -2.5116 20.2639 20.1418 16.3830 15.5715 14.4061 13.9240 12.6245 12.1117 11.9240 11.5094 10.4525 10.4103  9.9254
  16  0.158318  3.5326  5.1232 -2.4019 19.9609 19.7549 16.0287 15.2051 14.0342 13.5679 12.2900 11.7787 11.5913 11.1845 10.1704 10.1295  9.6553
  17  0.174177  3.5375  5.0937 -2.3112 19.7037 19.4140 15.7216 14.8870 13.7103 13.2579 12.0007 11.4910 11.3038 10.9048  9.9353  9.8958  9.4332
  18  0.188629  3.5421  5.0710 -2.2358 19.4870 19.1232 15.4627 14.6194 13.4384 12.9970 11.7575 11.2493 11.0623 10.6700  9.7397  9.7013  9.2493
  19  0.201888  3.5457  5.0519 -2.1725 19.3054 18.8823 15.2485 14.3991 13.2151 12.7820 11.5566 11.0496 10.8627 10.4755  9.5760  9.5386  9.0949
  20  0.215987  3.5491  5.0339 -2.1116 19.1312 18.6538 15.0454 14.1911 13.0049 12.5786 11.3662 10.8602 10.6737 10.2907  9.4192  9.3826  8.9465
  21  0.229259  3.5521  5.0186 -2.0585 18.9789 18.4545 14.8691 14.0111 12.8230 12.4025 11.2008 10.6960 10.5096 10.1303  9.2826  9.2468  8.8172
  22  0.240679  3.5545  5.0060 -2.0152 18.8544 18.2924 14.7260 13.8652 12.6761 12.2596 11.0668 10.5627 10.3765 10.0000  9.1714  9.1359  8.7118
  23  0.249602  3.5563  4.9961 -1.9823 18.7600 18.1698 14.6181 13.7554 12.5655 12.1519 10.9655 10.4621 10.2761  9.9017  9.0871  9.0521  8.6319
  24  0.256389  3.5576  4.9890 -1.9581 18.6911 18.0809 14.5403 13.6764 12.4857 12.0738 10.8919 10.3889 10.2030  9.8301  9.0254  8.9907  8.5734
  25  0.261645  3.5587  4.9837 -1.9402 18.6400 18.0150 14.4827 13.6178 12.4266 12.0159 10.8372 10.3346 10.1489  9.7770  8.9797  8.9452  8.5299
  26  0.265792  3.5594  4.9798 -1.9264 18.6006 17.9642 14.4383 13.5728 12.3814 11.9714 10.7952 10.2929 10.1073  9.7362  8.9444  8.9101  8.4965
  27  0.269061  3.5600  4.9767 -1.9156 18.5696 17.9242 14.4035 13.5375 12.3458 11.9365 10.7623 10.2603 10.0747  9.7041  8.9169  8.8827  8.4703
  28  0.271870  3.5605  4.9746 -1.9068 18.5442 17.8905 14.3746 13.5081 12.3163 11.9075 10.7350 10.2332 10.0476  9.6777  8.8945  8.8603  8.4492
  29  0.274302  3.5610  4.9725 -1.8989 18.5211 17.8601 14.3486 13.4817 12.2898 11.8814 10.7104 10.2088 10.0233  9.6540  8.8741  8.8401  8.4301
  30  0.276699  3.5615  4.9705 -1.8912 18.4988 17.8306 14.3233 13.4559 12.2639 11.8560 10.6865 10.1850  9.9996  9.6308  8.8545  8.8206  8.4115
  31  0.279257  3.5620  4.9685 -1.8831 18.4751 17.7990 14.2965 13.4287 12.2366 11.8292 10.6613 10.1600  9.9747  9.6064  8.8338  8.8000  8.3921
  32  0.282017  3.5626  4.9662 -1.8744 18.4497 17.7654 14.2677 13.3996 12.2074 11.8004 10.6342 10.1332  9.9479  9.5802  8.8115  8.7778  8.3711
  33  0.285025  3.5631  4.9634 -1.8648 18.4219 17.7290 14.2366 13.3680 12.1757 11.7692 10.6048 10.1040  9.9188  9.5516  8.7870  8.7534  8.3479
  34  0.288367  3.5637  4.9601 -1.8541 18.3910 17.6892 14.2022 13.3333 12.1408 11.7348 10.5723 10.0717  9.8866  9.5201  8.7597  8.7262  8.3219
  35  0.292294  3.5644  4.9560 -1.8415 18.3553 17.6434 14.1625 13.2931 12.1005 11.6950 10.5347 10.0344  9.8494  9.4835  8.7278  8.6945  8.2916
  36  0.296994  3.5651  4.9507 -1.8262 18.3122 17.5890 14.1151 13.2452 12.0524 11.6476 10.4897  9.9897  9.8048  9.4397  8.6893  8.6561  8.2547
  37  0.316018  3.5688  4.9294 -1.7636 18.1298 17.3504 13.9127 13.0407 11.8480 11.4456 10.2990  9.8007  9.6163  9.2550  8.5300  8.4974  8.1039
  38  0.356932  3.5802  4.8771 -1.6125 17.6653 16.7029 13.3925 12.5175 11.3320 10.9328  9.8208  9.3289  9.1466  8.7971  8.1459  8.1153  7.7458
  39  0.372538  3.5854  4.8543 -1.5505 17.4645 16.4117 13.1682 12.2934 11.1158 10.7170  9.6213  9.1337  8.9524  8.6086  7.9880  7.9582  7.5994
  40  0.384842  3.5899  4.8356 -1.4993 17.2939 16.1613 12.9778 12.1037 10.9349 10.5362  9.4554  8.9722  8.7919  8.4535  7.8578  7.8287  7.4792
  41  0.396564  3.5946  4.8179 -1.4496 17.1233 15.9098 12.7871 11.9140 10.7557 10.3573  9.2927  8.8146  8.6356  8.3027  7.7312  7.7028  7.3627
  42  0.407633  3.5995  4.8016 -1.4018 16.9550 15.6626 12.5990 11.7272 10.5806 10.1829  9.1354  8.6635  8.4857  8.1588  7.6099  7.5821  7.2512
  43  0.417362  3.6042  4.7874 -1.3587 16.7984 15.4375 12.4244 11.5538 10.4185 10.0225  8.9925  8.5273  8.3510  8.0300  7.5003  7.4732  7.1506
  44  0.426213  3.6088  4.7748 -1.3186 16.6492 15.2294 12.2585 11.3888 10.2645  9.8712  8.8595  8.4018  8.2270  7.9119  7.3987  7.3723  7.0572
  45  0.434537  3.6134  4.7635 -1.2805 16.5041 15.0313 12.0968 11.2278 10.1147  9.7249  8.7322  8.2825  8.1093  7.8003  7.3021  7.2763  6.9686
  46  0.442511  3.6180  4.7530 -1.2437 16.3617 14.8408 11.9370 11.0683  9.9672  9.5814  8.6085  8.1675  7.9959  7.6935  7.2090  7.1839  6.8832
  47  0.450539  3.6229  4.7432 -1.2067 16.2166 14.6523 11.7730 10.9038  9.8157  9.4347  8.4832  8.0518  7.8821  7.5864  7.1154  7.0911  6.7976
  48  0.458529  3.6280  4.7341 -1.1694 16.0747 14.4786 11.6061 10.7342  9.6585  9.2831  8.3546  7.9338  7.7662  7.4782  7.0214  6.9978  6.7121
  49  0.466538  3.6336  4.7260 -1.1315 15.9246 14.2987 11.4282 10.5528  9.4933  9.1244  8.2214  7.8124  7.6473  7.3676  6.9256  6.9029  6.6254
  50  0.474418  3.6395  4.7190 -1.0935 15.7621 14.1024 11.2384 10.3594  9.3228  8.9610  8.0858  7.6899  7.5274  7.2566  6.8294  6.8077  6.5388
  51  0.482251  3.6457  4.7127 -1.0551 15.5775 13.8619 11.0279 10.1469  9.1467  8.7920  7.9471  7.5650  7.4061  7.1443  6.7322  6.7114  6.4514
  52  0.487009  3.6497  4.7090 -1.0317 15.4513 13.6866 10.8888 10.0080  9.0381  8.6876  7.8620  7.4884  7.3320  7.0757  6.6726  6.6524  6.3979
  53  0.491714  3.6536  4.7056 -1.0084 15.3140 13.4937 10.7437  9.8642  8.9297  8.5832  7.7774  7.4124  7.2586  7.0075  6.6134  6.5937  6.3446
  54  0.496371  3.6575  4.7026 -0.9852 15.1637 13.2846 10.5932  9.7167  8.8216  8.4791  7.6932  7.3369  7.1860  6.9399  6.5544  6.5354  6.2916
  55  0.500965  3.6615  4.6995 -0.9623 15.0011 13.0629 10.4398  9.5678  8.7154  8.3768  7.6107  7.2626  7.1147  6.8735  6.4962  6.4777  6.2391
  56  0.505498  3.6654  4.6966 -0.9398 14.8261 12.8264 10.2845  9.4194  8.6117  8.2769  7.5297  7.1896  7.0447  6.8080  6.4383  6.4203  6.1869
  57  0.509981  3.6694  4.6939 -0.9174 14.6347 12.5776 10.1264  9.2702  8.5098  8.1788  7.4502  7.1178  6.9760  6.7434  6.3809  6.3634  6.1351
  58  0.514394  3.6732  4.6910 -0.8954 14.4290 12.3237  9.9687  9.1233  8.4111  8.0839  7.3730  7.0478  6.9092  6.6805  6.3246  6.3075  6.0841
  59  0.518749  3.6771  4.6883 -0.8736 14.2034 12.0621  9.8088  8.9762  8.3144  7.9910  7.2973  6.9792  6.8437  6.6187  6.2690  6.2525  6.0338
  60  0.523055  3.6808  4.6854 -0.8523 13.9539 11.7976  9.6489  8.8309  8.2204  7.9011  7.2238  6.9124  6.7800  6.5584  6.2146  6.1986  5.9844
  61  0.527313  3.6845  4.6825 -0.8311 13.6525 11.5206  9.4834  8.6839  8.1282  7.8136  7.1523  6.8472  6.7179  6.4996  6.1614  6.1459  5.9361
  62  0.531517  3.6881  4.6795 -0.8104 13.3378 11.2480  9.3202  8.5401  8.0389  7.7291  7.0829  6.7839  6.6576  6.4423  6.1095  6.0944  5.8888
  63  0.535669  3.6916  4.6764 -0.7899 13.0237 10.9854  9.1611  8.4005  7.9521  7.6472  7.0154  6.7221  6.5987  6.3865  6.0586  6.0439  5.8425
  64  0.539772  3.6949  4.6731 -0.7698 12.7264 10.7416  9.0099  8.2678  7.8686  7.5686  6.9501  6.6622  6.5413  6.3319  6.0087  5.9945  5.7970
  65  0.543838  3.6982  4.6696 -0.7501 12.4577 10.5222  8.8687  8.1431  7.7883  7.4930  6.8867  6.6037  6.4853  6.2785  5.9599  5.9460  5.7523
  66  0.547853  3.7014  4.6659 -0.7306 12.2746 10.3590  8.7490  8.0340  7.7123  7.4210  6.8253  6.5468  6.4303  6.2261  5.9119  5.8984  5.7083
  67  0.551825  3.7044  4.6621 -0.7115 12.1229 10.2197  8.6393  7.9325  7.6392  7.3516  6.7657  6.4912  6.3765  6.1748  5.8648  5.8517  5.6650
  68  0.555751  3.7074  4.6582 -0.6925 11.9933 10.0981  8.5367  7.8368  7.5682  7.2844  6.7076  6.4369  6.3238  6.1244  5.8185  5.8057  5.6224
  69  0.559622  3.7103  4.6543 -0.6739 11.8723  9.9860  8.4386  7.7448  7.4992  7.2191  6.6508  6.3837  6.2720  6.0750  5.7730  5.7606  5.5806
  70  0.563447  3.7131  4.6502 -0.6555 11.7541  9.8796  8.3434  7.6556  7.4319  7.1553  6.5953  6.3316  6.2213  6.0265  5.7283  5.7162  5.5393
  71  0.567212  3.7159  4.6462 -0.6374 11.6220  9.7688  8.2474  7.5666  7.3657  7.0929  6.5410  6.2806  6.1716  5.9789  5.6845  5.6726  5.4989
  72  0.570931  3.7186  4.6420 -0.6195 11.4603  9.6448  8.1479  7.4761  7.3005  7.0317  6.4879  6.2307  6.1231  5.9324  5.6415  5.6299  5.4591
  73  0.574595  3.7213  4.6377 -0.6018 11.2888  9.5179  8.0485  7.3864  7.2367  6.9719  6.4360  6.1819  6.0757  5.8870  5.5994  5.5881  5.4200
  74  0.578203  3.7239  4.6335 -0.5844 11.1126  9.3905  7.9502  7.2982  7.1741  6.9133  6.3853  6.1343  6.0292  5.8424  5.5580  5.5470  5.3817
  75  0.581750  3.7264  4.6290 -0.5673 10.9373  9.2657  7.8542  7.2121  7.1132  6.8563  6.3358  6.0877  5.9839  5.7988  5.5175  5.5067  5.3441
  76  0.585230  3.7289  4.6246 -0.5504 10.7634  9.1431  7.7601  7.1281  7.0535  6.8006  6.2874  6.0421  5.9395  5.7562  5.4779  5.4674  5.3073
  77  0.588647  3.7313  4.6200 -0.5338 10.5956  9.0252  7.6694  7.0470  6.9956  6.7464  6.2404  5.9977  5.8962  5.7145  5.4390  5.4287  5.2711
  78  0.592005  3.7335  4.6153 -0.5175 10.4412  8.9147  7.5829  6.9694  6.9392  6.6937  6.1944  5.9542  5.8538  5.6737  5.4010  5.3909  5.2356
  79  0.595287  3.7357  4.6105 -0.5015 10.2945  8.8092  7.4998  6.8947  6.8845  6.6425  6.1496  5.9119  5.8124  5.6339  5.3638  5.3540  5.2008
  80  0.598500  3.7378  4.6056 -0.4859 10.1561  8.7087  7.4201  6.8229  6.8313  6.5926  6.1060  5.8706  5.7721  5.5951  5.3274  5.3179  5.1668
  81  0.601633  3.7399  4.6006 -0.4705 10.0235  8.6123  7.3431  6.7537  6.7796  6.5441  6.0636  5.8303  5.7328  5.5572  5.2920  5.2825  5.1336
  82  0.605697  3.7425  4.5940 -0.4505  9.8559  8.4898  7.2451  6.6653  6.7130  6.4816  6.0087  5.7783  5.6818  5.5080  5.2458  5.2367  5.0902
  83  0.609694  3.7450  4.5871 -0.4308  9.6953  8.3716  7.1502  6.5796  6.6479  6.4206  5.9549  5.7271  5.6317  5.4596  5.2003  5.1914  5.0474
  84  0.613631  3.7474  4.5802 -0.4112  9.5406  8.2570  7.0579  6.4964  6.5841  6.3606  5.9019  5.6767  5.5823  5.4119  5.1554  5.1467  5.0050
  85  0.617517  3.7498  4.5729 -0.3919  9.3944  8.1473  6.9691  6.4164  6.5217  6.3018  5.8498  5.6269  5.5334  5.3645  5.1106  5.1021  4.9626
  86  0.621354  3.7521  4.5655 -0.3725  9.2532  8.0404  6.8825  6.3381  6.4603  6.2440  5.7982  5.5775  5.4850  5.3176  5.0661  5.0579  4.9205
  87  0.625144  3.7543  4.5578 -0.3534  9.1179  7.9368  6.7983  6.2621  6.3999  6.1870  5.7472  5.5286  5.4369  5.2709  5.0218  5.0138  4.8784
  88  0.628890  3.7564  4.5498 -0.3342  8.9867  7.8356  6.7158  6.1877  6.3403  6.1306  5.6968  5.4802  5.3893  5.2245  4.9778  4.9699  4.8364
  89  0.632589  3.7585  4.5416 -0.3152  8.8599  7.7369  6.6352  6.1147  6.2814  6.0749  5.6467  5.4321  5.3419  5.1785  4.9340  4.9262  4.7946
  90  0.636240  3.7604  4.5330 -0.2963  8.7379  7.6409  6.5565  6.0434  6.2234  6.0199  5.5971  5.3843  5.2949  5.1327  4.8903  4.8828  4.7528
  91  0.639836  3.7623  4.5242 -0.2774  8.6193  7.5469  6.4793  5.9735  6.1659  5.9654  5.5479  5.3369  5.2482  5.0872  4.8469  4.8395  4.7113
  92  0.643375  3.7642  4.5151 -0.2586  8.5024  7.4531  6.4024  5.9038  6.1089  5.9114  5.4991  5.2901  5.2020  5.0424  4.8040  4.7967  4.6701
  93  0.646852  3.7660  4.5059 -0.2399  8.3886  7.3610  6.3269  5.8352  6.0524  5.8579  5.4509  5.2436  5.1564  4.9978  4.7614  4.7543  4.6292
  94  0.650260  3.7677  4.4963 -0.2213  8.2786  7.2713  6.2531  5.7681  5.9967  5.8050  5.4031  5.1976  5.1111  4.9537  4.7191  4.7122  4.5885
  95  0.653593  3.7693  4.4865 -0.2029  8.1725  7.1841  6.1811  5.7026  5.9419  5.7529  5.3557  5.1520  5.0662  4.9099  4.6771  4.6704  4.5481
  96  0.656843  3.7708  4.4765 -0.1847  8.0707  7.0998  6.1114  5.6391  5.8881  5.7017  5.3091  5.1070  5.0218  4.8666  4.6355  4.6289  4.5079
  97  0.660010  3.7722  4.4665 -0.1667  7.9728  7.0185  6.0438  5.5773  5.8351  5.6511  5.2629  5.0624  4.9778  4.8238  4.5943  4.5878  4.4680
  98  0.663089  3.7735  4.4561 -0.1489  7.8802  6.9409  5.9789  5.5178  5.7835  5.6017  5.2176  5.0185  4.9345  4.7813  4.5534  4.5470  4.4283
  99  0.666077  3.7748  4.4457 -0.1313  7.7910  6.8658  5.9160  5.4601  5.7328  5.5531  5.1728  4.9750  4.8916  4.7394  4.5129  4.5066  4.3891
 100  0.668979  3.7761  4.4350 -0.1140  7.7057  6.7936  5.8553  5.4042  5.6832  5.5055  5.1287  4.9322  4.8493  4.6980  4.4728  4.4666  4.3501
 101  0.671793  3.7773  4.4245 -0.0970  7.6235  6.7238  5.7963  5.3499  5.6345  5.4586  5.0852  4.8900  4.8076  4.6571  4.4333  4.4272  4.3116
 102  0.674526  3.7784  4.4138 -0.0802  7.5463  6.6580  5.7403  5.2981  5.5871  5.4127  5.0424  4.8483  4.7663  4.6166  4.3940  4.3880  4.2733
 103  0.677179  3.7794  4.4031 -0.0635  7.4726  6.5952  5.6864  5.2482  5.5405  5.3676  5.0001  4.8070  4.7255  4.5765  4.3551  4.3491  4.2353
 104  0.679757  3.7804  4.3925 -0.0472  7.4018  6.5347  5.6342  5.1998  5.4949  5.3233  4.9584  4.7664  4.6852  4.5369  4.3166  4.3108  4.1978
 105  0.682266  3.7814  4.3818 -0.0311  7.3338  6.4763  5.5838  5.1528  5.4501  5.2798  4.9174  4.7262  4.6454  4.4978  4.2786  4.2727  4.1606
 106  0.684715  3.7823  4.3711 -0.0152  7.2678  6.4196  5.5345  5.1069  5.4061  5.2369  4.8769  4.6867  4.6061  4.4592  4.2410  4.2353  4.1237
 107  0.687112  3.7831  4.3603  0.0004  7.2047  6.3649  5.4868  5.0623  5.3629  5.1947  4.8369  4.6476  4.5674  4.4210  4.2038  4.1980  4.0873
 108  0.689466  3.7839  4.3496  0.0159  7.1429  6.3112  5.4399  5.0186  5.3204  5.1532  4.7975  4.6090  4.5291  4.3833  4.1669  4.1613  4.0511
 109  0.691784  3.7847  4.3388  0.0312  7.0831  6.2591  5.3942  4.9757  5.2785  5.1122  4.7586  4.5708  4.4912  4.3459  4.1305  4.1249  4.0153
 110  0.694075  3.7855  4.3281  0.0464  7.0252  6.2083  5.3495  4.9338  5.2372  5.0719  4.7201  4.5330  4.4537  4.3089  4.0944  4.0888  3.9799
 111  0.696291  3.7862  4.3175  0.0613  6.9680  6.1582  5.3054  4.8925  5.1965  5.0320  4.6820  4.4957  4.4167  4.2724  4.0587  4.0532  3.9448
 112  0.697156  3.7865  4.3133  0.0673  6.9442  6.1375  5.2874  4.8757  5.1799  5.0158  4.6667  4.4807  4.4018  4.2577  4.0443  4.0389  3.9308
 113  0.698022  3.7869  4.3091  0.0734  6.9199  6.1164  5.2690  4.8586  5.1631  4.9993  4.6511  4.4655  4.3867  4.2429  4.0299  4.0244  3.9166
 114  0.698888  3.7872  4.3049  0.0796  6.8955  6.0953  5.2506  4.8414  5.1461  4.9828  4.6355  4.4501  4.3714  4.2279  4.0153  4.0098  3.9023
 115  0.699754  3.7875  4.3004  0.0858  6.8717  6.0745  5.2323  4.8242  5.1291  4.9662  4.6197  4.4346  4.3560  4.2127  4.0005  3.9950  3.8877
 116  0.700617  3.7878  4.2959  0.0921  6.8481  6.0537  5.2140  4.8070  5.1120  4.9495  4.6036  4.4189  4.3404  4.1973  3.9854  3.9800  3.8729
 117  0.701476  3.7881  4.2911  0.0985  6.8249  6.0331  5.1957  4.7898  5.0947  4.9325  4.5874  4.4029  4.3246  4.1817  3.9701  3.9647  3.8578
 118  0.702332  3.7884  4.2862  0.1050  6.8021  6.0126  5.1774  4.7725  5.0773  4.9154  4.5710  4.3868  4.3085  4.1658  3.9545  3.9491  3.8424
 119  0.703186  3.7886  4.2811  0.1116  6.7795  5.9922  5.1591  4.7551  5.0598  4.8982  4.5544  4.3704  4.2923  4.1497  3.9387  3.9333  3.8268
 120  0.704037  3.7888  4.2759  0.1182  6.7568  5.9717  5.1406  4.7376  5.0422  4.8808  4.5376  4.3538  4.2758  4.1334  3.9226  3.9173  3.8109
 121  0.704884  3.7890  4.2706  0.1249  6.7345  5.9514  5.1222  4.7201  5.0244  4.8633  4.5206  4.3371  4.2591  4.1169  3.9064  3.9010  3.7948
 122  0.705730  3.7892  4.2652  0.1317  6.7122  5.9312  5.1037  4.7025  5.0066  4.8457  4.5035  4.3202  4.2423  4.1002  3.8900  3.8846  3.7786
 123  0.706571  3.7894  4.2596  0.1385  6.6899  5.9108  5.0851  4.6848  4.9885  4.8278  4.4863  4.3032  4.2253  4.0833  3.8733  3.8680  3.7621
 124  0.707405  3.7897  4.2540  0.1455  6.6671  5.8900  5.0661  4.6667  4.9701  4.8097  4.4687  4.2858  4.2081  4.0662  3.8564  3.8512  3.7454
 125  0.708240  3.7898  4.2482  0.1524  6.6447  5.8695  5.0473  4.6488  4.9518  4.7916  4.4511  4.2684  4.1908  4.0491  3.8395  3.8342  3.7285
 126  0.709074  3.7900  4.2424  0.1594  6.6225  5.8490  5.0285  4.6308  4.9334  4.7734  4.4334  4.2509  4.1733  4.0318  3.8224  3.8171  3.7115
 127  0.709904  3.7902  4.2365  0.1665  6.6006  5.8286  5.0097  4.6127  4.9149  4.7552  4.4156  4.2333  4.1558  4.0143  3.8051  3.7999  3.6944
 128  0.710732  3.7903  4.2305  0.1736  6.5789  5.8084  4.9909  4.5946  4.8964  4.7368  4.3977  4.2155  4.1380  3.9967  3.7877  3.7825  3.6771
 129  0.711557  3.7904  4.2244  0.1808  6.5572  5.7881  4.9721  4.5765  4.8777  4.7183  4.3796  4.1976  4.1202  3.9790  3.7701  3.7649  3.6596
 130  0.712377  3.7905  4.2181  0.1880  6.5363  5.7683  4.9534  4.5584  4.8590  4.6998  4.3615  4.1796  4.1022  3.9610  3.7523  3.7471  3.6419
 131  0.713193  3.7906  4.2115  0.1953  6.5161  5.7489  4.9350  4.5405  4.8403  4.6813  4.3432  4.1614  4.0840  3.9429  3.7343  3.7291  3.6238
 132  0.714003  3.7906  4.2049  0.2027  6.4960  5.7295  4.9164  4.5224  4.8216  4.6626  4.3247  4.1430  4.0657  3.9246  3.7161  3.7108  3.6056
 133  0.714810  3.7906  4.1981  0.2101  6.4763  5.7104  4.8980  4.5044  4.8027  4.6438  4.3061  4.1244  4.0472  3.9062  3.6976  3.6924  3.5872
 134  0.715609  3.7906  4.1911  0.2176  6.4573  5.6916  4.8797  4.4864  4.7839  4.6250  4.2874  4.1057  4.0285  3.8875  3.6790  3.6737  3.5685
 135  0.716402  3.7906  4.1839  0.2251  6.4387  5.6730  4.8615  4.4684  4.7650  4.6061  4.2686  4.0869  4.0097  3.8686  3.6601  3.6548  3.5496
 136  0.717189  3.7905  4.1764  0.2327  6.4209  5.6549  4.8434  4.4505  4.7460  4.5872  4.2496  4.0678  3.9907  3.8496  3.6410  3.6357  3.5304
 137  0.717969  3.7904  4.1688  0.2403  6.4035  5.6370  4.8254  4.4326  4.7271  4.5682  4.2306  4.0487  3.9715  3.8304  3.6216  3.6164  3.5109
 138  0.718741  3.7903  4.1611  0.2481  6.3868  5.6196  4.8076  4.4147  4.7081  4.5492  4.2114  4.0294  3.9522  3.8109  3.6021  3.5969  3.4912
 139  0.719507  3.7901  4.1531  0.2558  6.3709  5.6026  4.7900  4.3969  4.6891  4.5301  4.1921  4.0100  3.9327  3.7913  3.5824  3.5771  3.4713
 140  0.720263  3.7899  4.1449  0.2637  6.3558  5.5860  4.7727  4.3793  4.6702  4.5110  4.1726  3.9904  3.9130  3.7715  3.5624  3.5571  3.4511
 141  0.721010  3.7896  4.1364  0.2716  6.3419  5.5702  4.7556  4.3618  4.6513  4.4919  4.1531  3.9706  3.8932  3.7515  3.5421  3.5368  3.4306
 142  0.721749  3.7894  4.1277  0.2796  6.3285  5.5547  4.7386  4.3444  4.6325  4.4729  4.1335  3.9508  3.8732  3.7314  3.5217  3.5163  3.4098
 143  0.722479  3.7890  4.1186  0.2876  6.3165  5.5400  4.7222  4.3272  4.6138  4.4539  4.1138  3.9308  3.8531  3.7111  3.5010  3.4955  3.3887
 144  0.723199  3.7886  4.1094  0.2956  6.3054  5.5260  4.7059  4.3101  4.5951  4.4349  4.0940  3.9106  3.8328  3.6906  3.4800  3.4745  3.3673
 145  0.723910  3.7882  4.1000  0.3037  6.2949  5.5121  4.6898  4.2931  4.5764  4.4158  4.0742  3.8904  3.8125  3.6699  3.4588  3.4534  3.3458
 146  0.724610  3.7876  4.0902  0.3119  6.2866  5.4997  4.6745  4.2765  4.5580  4.3969  4.0543  3.8700  3.7919  3.6490  3.4374  3.4319  3.3239
 147  0.725299  3.7871  4.0800  0.3201  6.2794  5.4879  4.6594  4.2603  4.5398  4.3781  4.0343  3.8496  3.7713  3.6280  3.4157  3.4102  3.3017
 148  0.725977  3.7864  4.0695  0.3283  6.2747  5.4777  4.6453  4.2445  4.5219  4.3595  4.0144  3.8290  3.7505  3.6068  3.3938  3.3882  3.2791
 149  0.726645  3.7857  4.0587  0.3366  6.2712  5.4683  4.6315  4.2290  4.5041  4.3411  3.9944  3.8084  3.7297  3.5855  3.3717  3.3660  3.2562
 150  0.727300  3.7848  4.0473  0.3448  6.2715  5.4613  4.6191  4.2144  4.4869  4.3230  3.9745  3.7877  3.7087  3.5639  3.3491  3.3434  3.2329
 151  0.727944  3.7838  4.0357  0.3532  6.2736  5.4553  4.6074  4.2003  4.4699  4.3052  3.9546  3.7670  3.6877  3.5422  3.3264  3.3206  3.2093
 152  0.728576  3.7827  4.0232  0.3615  6.2804  5.4524  4.5974  4.1875  4.4537  4.2878  3.9349  3.7462  3.6666  3.5203  3.3033  3.2974  3.1851
 153  0.729197  3.7815  4.0103  0.3698  6.2910  5.4521  4.5890  4.1756  4.4382  4.2709  3.9153  3.7254  3.6454  3.4983  3.2799  3.2739  3.1606
 154  0.729806  3.7801  3.9966  0.3782  6.3072  5.4554  4.5828  4.1655  4.4235  4.2547  3.8959  3.7047  3.6242  3.4762  3.2562  3.2501  3.1355
 155  0.730404  3.7785  3.9825  0.3865  6.3280  5.4621  4.5785  4.1570  4.4095  4.2389  3.8766  3.6840  3.6030  3.4538  3.2322  3.2259  3.1100
 156  0.730992  3.7768  3.9674  0.3948  6.3586  5.4763  4.5788  4.1518  4.3968  4.2240  3.8575  3.6632  3.5815  3.4313  3.2077  3.2013  3.0838
 157  0.731570  3.7750  3.9524  0.4032  6.3928  5.4935  4.5809  4.1482  4.3845  4.2092  3.8382  3.6422  3.5599  3.4084  3.1828  3.1763  3.0573
 158  0.732142  3.7734  3.9378  0.4116  6.4240  5.5088  4.5819  4.1438  4.3714  4.1937  3.8186  3.6210  3.5381  3.3856  3.1582  3.1515  3.0310
 159  0.732708  3.7717  3.9229  0.4201  6.4590  5.5266  4.5844  4.1407  4.3589  4.1787  3.7990  3.5998  3.5163  3.3626  3.1333  3.1265  3.0045
 160  0.733268  3.7698  3.9072  0.4285  6.5016  5.5497  4.5902  4.1401  4.3476  4.1644  3.7797  3.5787  3.4945  3.3395  3.1081  3.1011  2.9775
 161  0.733818  3.7677  3.8909  0.4369  6.5506  5.5771  4.5986  4.1415  4.3373  4.1509  3.7608  3.5577  3.4727  3.3163  3.0827  3.0756  2.9501
 162  0.734347  3.7653  3.8736  0.4448  6.6151  5.6150  4.6139  4.1486  4.3302  4.1400  3.7432  3.5378  3.4518  3.2938  3.0575  3.0501  2.9225
 163  0.734871  3.7626  3.8546  0.4531  6.6909  5.6591  4.6332  4.1586  4.3244  4.1299  3.7257  3.5174  3.4304  3.2705  3.0311  3.0235  2.8935
 164  0.735392  3.7595  3.8339  0.4617  6.7759  5.7070  4.6551  4.1707  4.3199  4.1209  3.7085  3.4970  3.4089  3.2469  3.0039  2.9960  2.8631
 165  0.735906  3.7561  3.8117  0.4708  6.8709  5.7599  4.6800  4.1850  4.3160  4.1120  3.6906  3.4758  3.3865  3.2221  2.9752  2.9671  2.8311
 166  0.736410  3.7526  3.7881  0.4808  6.9722  5.8145  4.7055  4.1997  4.3112  4.1020  3.6712  3.4530  3.3624  3.1956  2.9445  2.9361  2.7968
 167  0.736896  3.7491  3.7632  0.4920  7.0756  5.8682  4.7296  4.2131  4.3039  4.0895  3.6493  3.4274  3.3355  3.1663  2.9111  2.9023  2.7597
 168  0.737358  3.7458  3.7377  0.5046  7.1727  5.9159  4.7486  4.2219  4.2924  4.0728  3.6237  3.3985  3.3053  3.1338  2.8746  2.8655  2.7197
 169  0.737792  3.7429  3.7120  0.5186  7.2579  5.9540  4.7603  4.2246  4.2758  4.0516  3.5943  3.3660  3.2718  3.0981  2.8354  2.8260  2.6774
 170  0.738197  3.7403  3.6868  0.5338  7.3273  5.9809  4.7638  4.2202  4.2542  4.0259  3.5615  3.3305  3.2353  3.0598  2.7939  2.7843  2.6331
 171  0.738575  3.7381  3.6620  0.5499  7.3810  5.9970  4.7596  4.2094  4.2282  3.9963  3.5258  3.2925  3.1965  3.0195  2.7509  2.7410  2.5876
 172  0.738932  3.7362  3.6378  0.5667  7.4212  6.0040  4.7489  4.1932  4.1985  3.9636  3.4880  3.2527  3.1560  2.9776  2.7066  2.6966  2.5412
 173  0.739270  3.7345  3.6143  0.5840  7.4495  6.0032  4.7328  4.1724  4.1659  3.9285  3.4484  3.2115  3.1141  2.9346  2.6617  2.6515  2.4944
 174  0.739593  3.7331  3.5913  0.6016  7.4678  5.9959  4.7121  4.1479  4.1310  3.8914  3.4076  3.1692  3.0714  2.8908  2.6162  2.6058  2.4474
 175  0.739905  3.7319  3.5687  0.6195  7.4801  5.9842  4.6883  4.1206  4.0944  3.8528  3.3657  3.1261  3.0279  2.8464  2.5704  2.5599  2.4001
 176  0.740206  3.7308  3.5466  0.6376  7.4883  5.9693  4.6619  4.0911  4.0562  3.8131  3.3232  3.0824  2.9838  2.8017  2.5242  2.5137  2.3528
 177  0.740500  3.7299  3.5249  0.6558  7.4897  5.9501  4.6328  4.0594  4.0169  3.7722  3.2799  3.0382  2.9393  2.7565  2.4780  2.4673  2.3054
 178  0.740788  3.7291  3.5034  0.6741  7.4868  5.9284  4.6020  4.0261  3.9767  3.7306  3.2362  2.9937  2.8945  2.7111  2.4315  2.4208  2.2580
 179  0.741069  3.7283  3.4818  0.6924  7.4837  5.9065  4.5709  3.9929  3.9363  3.6890  3.1925  2.9491  2.8496  2.6657  2.3850  2.3742  2.2105
 180  0.741345  3.7275  3.4605  0.7108  7.4773  5.8828  4.5387  3.9585  3.8954  3.6470  3.1485  2.9042  2.8046  2.6201  2.3384  2.3275  2.1629
 181  0.741618  3.7268  3.4393  0.7294  7.4670  5.8568  4.5050  3.9231  3.8540  3.6044  3.1041  2.8592  2.7593  2.5743  2.2917  2.2807  2.1154
 182  0.741823  3.7263  3.4233  0.7434  7.4575  5.8360  4.4787  3.8955  3.8221  3.5718  3.0702  2.8249  2.7247  2.5393  2.2561  2.2451  2.0792
 183  0.742028  3.7258  3.4070  0.7578  7.4465  5.8142  4.4516  3.8671  3.7895  3.5384  3.0356  2.7898  2.6895  2.5038  2.2200  2.2089  2.0425
 184  0.742232  3.7253  3.3906  0.7725  7.4341  5.7913  4.4235  3.8379  3.7562  3.5043  3.0003  2.7540  2.6535  2.4674  2.1830  2.1719  2.0049
 185  0.742436  3.7248  3.3739  0.7873  7.4215  5.7680  4.3949  3.8082  3.7223  3.4697  2.9645  2.7177  2.6171  2.4307  2.1456  2.1344  1.9669
 186  0.742639  3.7243  3.3569  0.8024  7.4082  5.7441  4.3657  3.7778  3.6877  3.4344  2.9280  2.6807  2.5798  2.3931  2.1074  2.0962  1.9281
 187  0.742842  3.7238  3.3396  0.8179  7.3945  5.7196  4.3358  3.7468  3.6524  3.3983  2.8906  2.6428  2.5419  2.3548  2.0683  2.0570  1.8884
 188  0.743044  3.7234  3.3221  0.8337  7.3783  5.6935  4.3048  3.7146  3.6163  3.3614  2.8526  2.6042  2.5032  2.3157  2.0288  2.0174  1.8482
 189  0.743245  3.7229  3.3041  0.8498  7.3617  5.6667  4.2728  3.6817  3.5791  3.3235  2.8135  2.5647  2.4635  2.2757  1.9880  1.9765  1.8069
 190  0.743444  3.7224  3.2855  0.8666  7.3443  5.6389  4.2397  3.6474  3.5406  3.2843  2.7730  2.5237  2.4222  2.2340  1.9457  1.9343  1.7641
 191  0.743639  3.7219  3.2660  0.8843  7.3238  5.6083  4.2041  3.6107  3.4997  3.2427  2.7302  2.4804  2.3788  2.1903  1.9013  1.8897  1.7189
 192  0.743831  3.7214  3.2453  0.9030  7.3033  5.5769  4.1669  3.5725  3.4569  3.1990  2.6852  2.4347  2.3330  2.1441  1.8543  1.8427  1.6713
 193  0.744018  3.7208  3.2235  0.9225  7.2830  5.5447  4.1286  3.5329  3.4123  3.1535  2.6382  2.3871  2.2851  2.0958  1.8052  1.7936  1.6215
 194  0.744202  3.7202  3.2012  0.9427  7.2600  5.5103  4.0882  3.4913  3.3659  3.1062  2.5894  2.3377  2.2355  2.0458  1.7544  1.7427  1.5700
 195  0.744383  3.7196  3.1780  0.9635  7.2375  5.4756  4.0470  3.4487  3.3181  3.0575  2.5390  2.2867  2.1843  1.9940  1.7018  1.6901  1.5166
 196  0.744561  3.7190  3.1540  0.9851  7.2140  5.4397  4.0044  3.4048  3.2688  3.0071  2.4870  2.2339  2.1314  1.9406  1.6475  1.6357  1.4615
 197  0.744734  3.7183  3.1290  1.0074  7.1915  5.4038  3.9612  3.3600  3.2181  2.9554  2.4334  2.1795  2.0767  1.8853  1.5913  1.5794  1.4045
 198  0.744903  3.7176  3.1035  1.0302  7.1673  5.3664  3.9166  3.3138  3.1661  2.9024  2.3785  2.1238  2.0207  1.8288  1.5338  1.5218  1.3461
 199  0.745069  3.7168  3.0772  1.0537  7.1426  5.3284  3.8709  3.2666  3.1128  2.8480  2.3221  2.0666  1.9632  1.7708  1.4747  1.4626  1.2861
 200  0.745231  3.7161  3.0501  1.0778  7.1174  5.2895  3.8243  3.2183  3.0582  2.7921  2.2641  2.0077  1.9042  1.7110  1.4139  1.4017  1.2242
 201  0.745387  3.7153  3.0222  1.1025  7.0852  5.2467  3.7758  3.1684  3.0024  2.7350  2.2049  1.9475  1.8438  1.6499  1.3516  1.3394  1.1610
 202  0.745540  3.7144  2.9936  1.1278  7.0520  5.2031  3.7266  3.1175  2.9456  2.6769  2.1445  1.8862  1.7820  1.5875  1.2880  1.2756  1.0962
 203  0.745688  3.7135  2.9641  1.1537  7.0213  5.1606  3.6777  3.0668  2.8881  2.6181  2.0829  1.8236  1.7192  1.5239  1.2230  1.2105  1.0299
 204  0.745832  3.7125  2.9338  1.1801  6.9904  5.1178  3.6281  3.0152  2.8295  2.5580  2.0202  1.7597  1.6550  1.4588  1.1566  1.1440  0.9623
 205  0.745971  3.7114  2.9027  1.2071  6.9607  5.0757  3.5785  2.9634  2.7702  2.4971  1.9563  1.6946  1.5896  1.3926  1.0888  1.0762  0.8932
 206  0.746104  3.7103  2.8709  1.2345  6.9315  5.0338  3.5285  2.9112  2.7100  2.4353  1.8915  1.6286  1.5231  1.3252  1.0199  1.0071  0.8228
 207  0.746233  3.7092  2.8384  1.2625  6.9029  4.9922  3.4783  2.8585  2.6491  2.3726  1.8257  1.5615  1.4556  1.2568  0.9498  0.9369  0.7512
 208  0.746357  3.7080  2.8054  1.2908  6.8757  4.9516  3.4281  2.8056  2.5874  2.3092  1.7589  1.4934  1.3871  1.1874  0.8787  0.8656  0.6784
 209  0.746476  3.7067  2.7717  1.3196  6.8502  4.9121  3.3780  2.7527  2.5251  2.2451  1.6913  1.4244  1.3177  1.1170  0.8065  0.7932  0.6046
 210  0.746590  3.7055  2.7374  1.3489  6.8267  4.8740  3.3281  2.6998  2.4623  2.1803  1.6229  1.3545  1.2475  1.0457  0.7334  0.7200  0.5297
 211  0.746699  3.7041  2.7026  1.3785  6.8056  4.8375  3.2785  2.6469  2.3989  2.1149  1.5537  1.2839  1.1764  0.9735  0.6593  0.6458  0.4539
 212  0.746803  3.7028  2.6673  1.4084  6.7875  4.8033  3.2295  2.5943  2.3352  2.0490  1.4839  1.2125  1.1045  0.9006  0.5843  0.5707  0.3771
 213  0.746902  3.7014  2.6315  1.4387  6.7734  4.7719  3.1813  2.5424  2.2712  1.9827  1.4136  1.1405  1.0321  0.8269  0.5086  0.4948  0.2995
 214  0.746997  3.6999  2.5952  1.4693  6.7634  4.7433  3.1341  2.4910  2.2070  1.9160  1.3427  1.0680  0.9590  0.7527  0.4322  0.4182  0.2211
 215  0.747086  3.6985  2.5586  1.5001  6.7689  4.7231  3.0897  2.4417  2.1429  1.8492  1.2713  0.9948  0.8851  0.6777  0.3549  0.3407  0.1419
 216  0.747172  3.6970  2.5215  1.5312  6.8023  4.7168  3.0506  2.3962  2.0793  1.7823  1.1994  0.9209  0.8106  0.6018  0.2768  0.2625  0.0618
 217  0.747184  3.6968  2.5162  1.5356  6.8079  4.7165  3.0453  2.3900  2.0703  1.7728  1.1892  0.9104  0.8000  0.5910  0.2657  0.2513  0.0504
 218  0.747196  3.6965  2.5109  1.5401  6.8128  4.7158  3.0398  2.3836  2.0612  1.7633  1.1789  0.8998  0.7894  0.5802  0.2546  0.2402  0.0390
 219  0.747207  3.6963  2.5056  1.5445  6.8181  4.7154  3.0343  2.3771  2.0521  1.7537  1.1686  0.8892  0.7787  0.5693  0.2434  0.2289  0.0275
 220  0.747219  3.6961  2.5002  1.5490  6.8244  4.7156  3.0292  2.3710  2.0432  1.7442  1.1583  0.8786  0.7680  0.5585  0.2322  0.2177  0.0160
 221  0.747230  3.6959  2.4948  1.5535  6.8304  4.7156  3.0240  2.3648  2.0341  1.7346  1.1479  0.8680  0.7572  0.5475  0.2208  0.2064  0.0044
 222  0.747241  3.6956  2.4894  1.5580  6.8365  4.7158  3.0189  2.3587  2.0252  1.7251  1.1376  0.8573  0.7465  0.5365  0.2095  0.1950 -0.0073
 223  0.747253  3.6954  2.4839  1.5625  6.8429  4.7162  3.0139  2.3526  2.0162  1.7156  1.1272  0.8466  0.7357  0.5255  0.1981  0.1836 -0.0190
 224  0.747265  3.6951  2.4784  1.5671  6.8495  4.7168  3.0088  2.3465  2.0071  1.7060  1.1168  0.8358  0.7248  0.5144  0.1866  0.1720 -0.0308
 225  0.747276  3.6949  2.4729  1.5716  6.8565  4.7175  3.0039  2.3405  1.9981  1.6964  1.1064  0.8251  0.7139  0.5034  0.1751  0.1606 -0.0426
 226  0.747288  3.6947  2.4673  1.5762  6.8637  4.7184  2.9990  2.3345  1.9891  1.6868  1.0959  0.8143  0.7029  0.4922  0.1636  0.1490 -0.0545
 227  0.747398  3.6922  2.4108  1.6227  6.9415  4.7327  2.9513  2.2754  1.8978  1.5896  0.9897  0.7045  0.5921  0.3790  0.0466  0.0317 -0.1747
 228  0.747498  3.6896  2.3543  1.6690  7.0302  4.7583  2.9083  2.2203  1.8084  1.4939  0.8844  0.5956  0.4819  0.2666 -0.0699 -0.0851 -0.2946
 229  0.747589  3.6870  2.2994  1.7139  7.1226  4.7929  2.8706  2.1703  1.7231  1.4021  0.7830  0.4905  0.3755  0.1579 -0.1827 -0.1982 -0.4107
 230  0.747670  3.6846  2.2467  1.7567  7.2120  4.8332  2.8372  2.1249  1.6426  1.3152  0.6865  0.3902  0.2740  0.0541 -0.2905 -0.3063 -0.5217
 231  0.747745  3.6822  2.1966  1.7974  7.2921  4.8754  2.8067  2.0831  1.5667  1.2331  0.5952  0.2954  0.1779 -0.0443 -0.3927 -0.4087 -0.6270
 232  0.747815  3.6802  2.1529  1.8329  7.3364  4.9070  2.7778  2.0448  1.5005  1.1618  0.5159  0.2130  0.0946 -0.1296 -0.4814 -0.4976 -0.7184
 233  0.747881  3.6791  2.1270  1.8544  7.3435  4.9168  2.7558  2.0180  1.4590  1.1175  0.4674  0.1629  0.0439 -0.1814 -0.5350 -0.5514 -0.7736
 234  0.747946  3.6796  2.1306  1.8529  7.3213  4.8937  2.7461  2.0105  1.4574  1.1170  0.4688  0.1649  0.0461 -0.1786 -0.5314 -0.5477 -0.7693
 235  0.748014  3.6780  2.0957  1.8816  7.3329  4.9119  2.7193  1.9769  1.4032  1.0591  0.4048  0.0986 -0.0209 -0.2473 -0.6027 -0.6192 -0.8427
 236  0.748081  3.6748  2.0308  1.9337  7.3583  4.9656  2.6803  1.9244  1.3091  0.9571  0.2906 -0.0204 -0.1415 -0.3710 -0.7318 -0.7487 -0.9765
 237  0.748138  3.6716  1.9691  1.9828  7.3718  5.0257  2.6474  1.8786  1.2222  0.8625  0.1841 -0.1318 -0.2543 -0.4869 -0.8531 -0.8704 -1.1023
 238  0.748191  3.6685  1.9089  2.0305  7.3783  5.0961  2.6208  1.8393  1.1403  0.7728  0.0822 -0.2386 -0.3626 -0.5984 -0.9702 -0.9879 -1.2241
 239  0.748238  3.6653  1.8490  2.0778  7.3779  5.1744  2.5981  1.8041  1.0610  0.6856 -0.0177 -0.3435 -0.4690 -0.7082 -1.0857 -1.1038 -1.3446
 240  0.748280  3.6622  1.7913  2.1232  7.3738  5.2602  2.5804  1.7744  0.9868  0.6034 -0.1125 -0.4434 -0.5705 -0.8129 -1.1962 -1.2147 -1.4599
 241  0.748317  3.6592  1.7340  2.1681  7.3666  5.3600  2.5671  1.7494  0.9146  0.5230 -0.2058 -0.5419 -0.6705 -0.9164 -1.3052 -1.3242 -1.5738
 242  0.748352  3.6561  1.6787  2.2112  7.3534  5.4602  2.5570  1.7284  0.8466  0.4469 -0.2946 -0.6358 -0.7660 -1.0152 -1.4098 -1.4292 -1.6832
 243  0.748383  3.6531  1.6231  2.2547  7.3339  5.5629  2.5489  1.7101  0.7797  0.3715 -0.3833 -0.7298 -0.8616 -1.1143 -1.5147 -1.5345 -1.7930
 244  0.748411  3.6501  1.5693  2.2966  7.3094  5.6618  2.5429  1.6953  0.7167  0.3002 -0.4679 -0.8197 -0.9530 -1.2091 -1.6153 -1.6356 -1.8985
 245  0.748437  3.6472  1.5167  2.3374  7.2803  5.7566  2.5385  1.6832  0.6566  0.2317 -0.5496 -0.9067 -1.0415 -1.3011 -1.7132 -1.7339 -2.0012
 246  0.748460  3.6441  1.4644  2.3776  7.2488  5.8528  2.5385  1.6764  0.5998  0.1664 -0.6289 -0.9915 -1.1280 -1.3911 -1.8093 -1.8304 -2.1023
 247  0.748482  3.6411  1.4131  2.4169  7.2152  5.9424  2.5417  1.6747  0.5466  0.1044 -0.7051 -1.0734 -1.2116 -1.4784 -1.9026 -1.9242 -2.2008
 248  0.748501  3.6382  1.3627  2.4553  7.1793  6.0251  2.5468  1.6763  0.4963  0.0454 -0.7785 -1.1526 -1.2926 -1.5629 -1.9933 -2.0154 -2.2968
 249  0.748519  3.6351  1.3126  2.4934  7.1407  6.1021  2.5532  1.6804  0.4481 -0.0116 -0.8503 -1.2303 -1.3720 -1.6461 -2.0831 -2.1057 -2.3918
 250  0.748535  3.6322  1.2645  2.5299  7.1011  6.1702  2.5605  1.6867  0.4037 -0.0646 -0.9179 -1.3036 -1.4470 -1.7249 -2.1684 -2.1915 -2.4825
 251  0.748550  3.6293  1.2167  2.5661  7.0597  6.2313  2.5682  1.6946  0.3612 -0.1157 -0.9838 -1.3755 -1.5206 -1.8023 -2.2527 -2.2762 -2.5722
 252  0.748565  3.6264  1.1694  2.6018  7.0168  6.2850  2.5764  1.7040  0.3208 -0.1646 -1.0478 -1.4454 -1.5922 -1.8777 -2.3354 -2.3595 -2.6606
 253  0.748578  3.6237  1.1239  2.6362  6.9738  6.3297  2.5844  1.7142  0.2834 -0.2102 -1.1084 -1.5119 -1.6603 -1.9497 -2.4147 -2.4392 -2.7454
 254  0.748589  3.6209  1.0787  2.6703  6.9302  6.3636  2.5923  1.7258  0.2482 -0.2539 -1.1676 -1.5772 -1.7274 -2.0206 -2.4928 -2.5178 -2.8292
 255  0.748600  3.6182  1.0347  2.7035  6.8864  6.3896  2.5998  1.7377  0.2152 -0.2952 -1.2245 -1.6402 -1.7921 -2.0891 -2.5687 -2.5942 -2.9107
 256  0.748610  3.6155  0.9913  2.7360  6.8425  6.4100  2.6070  1.7500  0.1846 -0.3339 -1.2789 -1.7007 -1.8544 -2.1553 -2.6426 -2.6687 -2.9905
 257  0.748620  3.6128  0.9485  2.7680  6.7990  6.4261  2.6147  1.7635  0.1566 -0.3699 -1.3309 -1.7588 -1.9142 -2.2191 -2.7147 -2.7412 -3.0686
 258  0.748629  3.6101  0.9069  2.7991  6.7554  6.4365  2.6207  1.7757  0.1306 -0.4038 -1.3805 -1.8143 -1.9713 -2.2802 -2.7845 -2.8115 -3.1444
 259  0.748637  3.6075  0.8658  2.8298  6.7113  6.4419  2.6250  1.7865  0.1057 -0.4361 -1.4285 -1.8682 -2.0268 -2.3397 -2.8531 -2.8807 -3.2193
 260  0.748645  3.6050  0.8257  2.8596  6.6678  6.4433  2.6281  1.7964  0.0830 -0.4659 -1.4738 -1.9192 -2.0794 -2.3963 -2.9194 -2.9474 -3.2918
 261  0.748652  3.6025  0.7867  2.8888  6.6240  6.4402  2.6283  1.8035  0.0611 -0.4946 -1.5177 -1.9686 -2.1303 -2.4511 -2.9842 -3.0127 -3.3629
 262  0.748658  3.6000  0.7479  2.9177  6.5804  6.4342  2.6267  1.8087  0.0406 -0.5216 -1.5604 -2.0169 -2.1803 -2.5046 -3.0477 -3.0767 -3.4328
 263  0.748664  3.5976  0.7104  2.9456  6.5372  6.4255  2.6228  1.8116  0.0215 -0.5470 -1.6014 -2.0631 -2.2281 -2.5560 -3.1093 -3.1388 -3.5007
 264  0.748670  3.5953  0.6736  2.9730  6.4945  6.4148  2.6175  1.8129  0.0037 -0.5706 -1.6401 -2.1070 -2.2735 -2.6050 -3.1692 -3.1991 -3.5670
 265  0.748676  3.5930  0.6375  3.0000  6.4518  6.4024  2.6104  1.8126 -0.0129 -0.5925 -1.6771 -2.1490 -2.3169 -2.6521 -3.2280 -3.2583 -3.6325
 266  0.748681  3.5908  0.6023  3.0263  6.4098  6.3887  2.6021  1.8109 -0.0283 -0.6128 -1.7118 -2.1884 -2.3577 -2.6967 -3.2847 -3.3156 -3.6959
 267  0.748686  3.5886  0.5675  3.0523  6.3680  6.3739  2.5924  1.8079 -0.0423 -0.6315 -1.7446 -2.2259 -2.3965 -2.7395 -3.3406 -3.3719 -3.7588
 268  0.748691  3.5864  0.5335  3.0776  6.3267  6.3585  2.5816  1.8038 -0.0551 -0.6483 -1.7753 -2.2611 -2.4328 -2.7798 -3.3949 -3.4267 -3.8200
 269  0.748695  3.5843  0.5001  3.1024  6.2859  6.3424  2.5695  1.7982 -0.0666 -0.6636 -1.8039 -2.2941 -2.4667 -2.8181 -3.4479 -3.4801 -3.8803
 270  0.748699  3.5821  0.4672  3.1267  6.2464  6.3275  2.5577  1.7932 -0.0737 -0.6743 -1.8285 -2.3230 -2.4966 -2.8528 -3.4991 -3.5318 -3.9392
 271  0.748703  3.5800  0.4351  3.1505  6.2075  6.3120  2.5446  1.7869 -0.0800 -0.6836 -1.8512 -2.3499 -2.5243 -2.8852 -3.5488 -3.5820 -3.9968
 272  0.748707  3.5779  0.4036  3.1737  6.1689  6.2963  2.5300  1.7789 -0.0860 -0.6922 -1.8734 -2.3756 -2.5510 -2.9159 -3.5975 -3.6313 -4.0534
 273  0.748711  3.5758  0.3724  3.1965  6.1310  6.2807  2.5149  1.7708 -0.0907 -0.6989 -1.8933 -2.3988 -2.5751 -2.9442 -3.6451 -3.6794 -4.1092
 274  0.748714  3.5737  0.3414  3.2188  6.0949  6.2676  2.5016  1.7649 -0.0912 -0.7007 -1.9084 -2.4171 -2.5941 -2.9679 -3.6906 -3.7253 -4.1633
 275  0.748717  3.5717  0.3118  3.2406  6.0583  6.2519  2.4849  1.7552 -0.0945 -0.7050 -1.9242 -2.4357 -2.6132 -2.9918 -3.7351 -3.7703 -4.2163
 276  0.748720  3.5698  0.2827  3.2619  6.0223  6.2364  2.4681  1.7454 -0.0967 -0.7076 -1.9377 -2.4519 -2.6295 -3.0132 -3.7784 -3.8142 -4.2682
 277  0.748723  3.5679  0.2546  3.2825  5.9872  6.2207  2.4506  1.7350 -0.0988 -0.7096 -1.9495 -2.4660 -2.6437 -3.0328 -3.8201 -3.8565 -4.3183
 278  0.748726  3.5661  0.2275  3.3025  5.9534  6.2060  2.4335  1.7251 -0.0995 -0.7096 -1.9586 -2.4772 -2.6548 -3.0496 -3.8595 -3.8966 -4.3665
 279  0.748746  3.5645  0.2032  3.3205  5.9225  6.1920  2.4172  1.7152 -0.1002 -0.7096 -1.9659 -2.4864 -2.6635 -3.0640 -3.8952 -3.9328 -4.4101
