#NUMBER OF AGES= 1
#----------------------------------------------------       
#MIX-LEN  Y      Z          Zeff        [Fe/H] [a/Fe]
# 1.9380  0.3300 3.0995E-03 1.5777E-03  -0.99   0.40 
#----------------------------------------------------       
#**PHOTOMETRIC SYSTEM**: HST WFPC2 (Vega)                   
#----------------------------------------------------       
#AGE=12.000 EEPS=266
#EEP   M/Mo    LogTeff  LogG   LogL/Lo F218W   F255W   F300W   F336W   F439W   F450W   F555W   F606W   F622W   F675W   F791W   F814W   F850LP
  14  0.119033  3.5234  5.2307 -2.6702 20.6918 20.6655 16.8721 16.0760 14.9186 14.4142 13.0878 12.5734 12.3854 11.9618 10.8571 10.8135 10.3176
  15  0.137782  3.5274  5.1723 -2.5322 20.3201 20.2116 16.4476 15.6382 14.4739 13.9889 12.6857 12.1727 11.9850 11.5691 10.5053 10.4629  9.9764
  16  0.155083  3.5317  5.1294 -2.4207 20.0135 19.8234 16.0909 15.2697 14.1000 13.6308 12.3489 11.8373 11.6499 11.2415 10.2190 10.1778  9.7015
  17  0.170879  3.5365  5.0986 -2.3285 19.7531 19.4803 15.7809 14.9484 13.7727 13.3178 12.0565 11.5464 11.3592 10.9587  9.9802  9.9404  9.4754
  18  0.185403  3.5411  5.0750 -2.2511 19.5310 19.1824 15.5152 14.6736 13.4934 13.0499 11.8068 11.2983 11.1112 10.7176  9.7792  9.7406  9.2864
  19  0.198778  3.5450  5.0554 -2.1858 19.3436 18.9327 15.2932 14.4450 13.2617 12.8269 11.5987 11.0914 10.9045 10.5162  9.6104  9.5728  9.1274
  20  0.212588  3.5484  5.0372 -2.1248 19.1691 18.7036 15.0895 14.2363 13.0504 12.6228 11.4076 10.9014 10.7147 10.3308  9.4532  9.4164  8.9786
  21  0.226226  3.5515  5.0212 -2.0695 19.0103 18.4958 14.9054 14.0481 12.8604 12.4387 11.2349 10.7298 10.5434 10.1633  9.3107  9.2746  8.8438
  22  0.238222  3.5540  5.0079 -2.0235 18.8785 18.3239 14.7537 13.8934 12.7045 12.2872 11.0927 10.5885 10.4023 10.0252  9.1928  9.1573  8.7320
  23  0.247776  3.5560  4.9975 -1.9882 18.7770 18.1920 14.6376 13.7752 12.5854 12.1713 10.9838 10.4803 10.2943  9.9195  9.1022  9.0672  8.6462
  24  0.255019  3.5574  4.9898 -1.9623 18.7029 18.0963 14.5536 13.6899 12.4993 12.0872 10.9045 10.4015 10.2156  9.8424  9.0359  9.0012  8.5833
  25  0.260605  3.5585  4.9843 -1.9431 18.6484 18.0259 14.4922 13.6274 12.4364 12.0254 10.8462 10.3436 10.1578  9.7857  8.9872  8.9526  8.5370
  26  0.264995  3.5593  4.9801 -1.9286 18.6068 17.9723 14.4453 13.5799 12.3885 11.9784 10.8018 10.2995 10.1139  9.7426  8.9500  8.9156  8.5017
  27  0.268429  3.5599  4.9770 -1.9173 18.5744 17.9304 14.4089 13.5429 12.3513 11.9419 10.7673 10.2653 10.0797  9.7091  8.9211  8.8869  8.4744
  28  0.271327  3.5604  4.9748 -1.9082 18.5481 17.8956 14.3791 13.5126 12.3209 11.9120 10.7392 10.2374 10.0518  9.6819  8.8980  8.8639  8.4526
  29  0.273787  3.5609  4.9727 -1.9002 18.5249 17.8649 14.3528 13.4859 12.2940 11.8856 10.7144 10.2127 10.0272  9.6578  8.8775  8.8434  8.4332
  30  0.276152  3.5614  4.9707 -1.8926 18.5027 17.8356 14.3277 13.4604 12.2684 11.8604 10.6907 10.1892 10.0038  9.6349  8.8580  8.8241  8.4149
  31  0.278622  3.5619  4.9687 -1.8847 18.4797 17.8049 14.3015 13.4339 12.2418 11.8342 10.6661 10.1648  9.9794  9.6111  8.8379  8.8041  8.3960
  32  0.281251  3.5624  4.9665 -1.8763 18.4552 17.7724 14.2739 13.4058 12.2136 11.8065 10.6400 10.1390  9.9537  9.5858  8.8164  8.7827  8.3758
  33  0.284087  3.5630  4.9639 -1.8672 18.4287 17.7376 14.2441 13.3756 12.1833 11.7767 10.6119 10.1111  9.9258  9.5586  8.7931  8.7595  8.3537
  34  0.287211  3.5635  4.9608 -1.8571 18.3996 17.7000 14.2116 13.3427 12.1503 11.7442 10.5813 10.0806  9.8955  9.5288  8.7674  8.7339  8.3293
  35  0.290838  3.5642  4.9570 -1.8454 18.3663 17.6573 14.1747 13.3054 12.1128 11.7072 10.5463 10.0459  9.8608  9.4948  8.7377  8.7044  8.3011
  36  0.295107  3.5648  4.9522 -1.8316 18.3273 17.6080 14.1317 13.2620 12.0692 11.6642 10.5055 10.0054  9.8204  9.4551  8.7028  8.6695  8.2677
  37  0.301613  3.5658  4.9448 -1.8106 18.2679 17.5331 14.0665 13.1961 12.0031 11.5990 10.4435  9.9439  9.7590  9.3948  8.6497  8.6166  8.2169
  38  0.345953  3.5769  4.8909 -1.6531 17.7936 16.8859 13.5359 12.6613 11.4722 11.0726  9.9506  9.4566  9.2736  8.9206  8.2491  8.2180  7.8416
  39  0.366200  3.5832  4.8627 -1.5749 17.5449 16.5300 13.2583 12.3833 11.2019 10.8030  9.7005  9.2110  9.0292  8.6831  8.0502  8.0200  7.6568
  40  0.379152  3.5878  4.8430 -1.5217 17.3699 16.2740 13.0628 12.1883 11.0151 10.6164  9.5287  9.0433  8.8626  8.5217  7.9148  7.8853  7.5316
  41  0.390961  3.5924  4.8250 -1.4718 17.2010 16.0252 12.8741 12.0005 10.8370 10.4384  9.3661  8.8855  8.7059  8.3704  7.7878  7.7590  7.4146
  42  0.402287  3.5972  4.8080 -1.4232 17.0322 15.7768 12.6856 11.8132 10.6607 10.2626  9.2068  8.7319  8.5535  8.2238  7.6645  7.6363  7.3011
  43  0.412425  3.6019  4.7930 -1.3787 16.8732 15.5444 12.5078 11.6365 10.4957 10.0985  9.0597  8.5910  8.4139  8.0900  7.5513  7.5239  7.1973
  44  0.421499  3.6065  4.7799 -1.3379 16.7229 15.3328 12.3407 11.4706 10.3404  9.9456  8.9245  8.4628  8.2872  7.9691  7.4477  7.4209  7.1020
  45  0.429883  3.6109  4.7681 -1.2996 16.5787 15.1336 12.1802 11.3108 10.1915  9.7998  8.7969  8.3428  8.1687  7.8565  7.3505  7.3244  7.0128
  46  0.437764  3.6154  4.7574 -1.2632 16.4390 14.9445 12.0240 11.1552 10.0470  9.6589  8.6748  8.2289  8.0564  7.7503  7.2583  7.2329  6.9282
  47  0.445545  3.6200  4.7475 -1.2271 16.2984 14.7586 11.8659 10.9971  9.9011  9.5173  8.5532  8.1162  7.9454  7.6458  7.1670  7.1423  6.8446
  48  0.453457  3.6249  4.7379 -1.1904 16.1565 14.5785 11.7032 10.8332  9.7496  9.3708  8.4284  8.0012  7.8323  7.5397  7.0744  7.0504  6.7599
  49  0.461384  3.6302  4.7292 -1.1531 16.0137 14.4065 11.5340 10.6607  9.5903  9.2174  8.2988  7.8826  7.7159  7.4311  6.9802  6.9570  6.6745
  50  0.469123  3.6358  4.7216 -1.1159 15.8631 14.2262 11.3558 10.4788  9.4264  9.0601  8.1674  7.7633  7.5990  7.3227  6.8863  6.8640  6.5897
  51  0.476765  3.6417  4.7150 -1.0786 15.6978 14.0249 11.1642 10.2841  9.2573  8.8981  8.0334  7.6424  7.4811  7.2136  6.7918  6.7704  6.5047
  52  0.481520  3.6455  4.7110 -1.0551 15.5835 13.8737 11.0342 10.1530  9.1499  8.7950  7.9488  7.5662  7.4071  7.1451  6.7324  6.7116  6.4513
  53  0.486224  3.6494  4.7074 -1.0318 15.4588 13.6988 10.8959 10.0148  9.0419  8.6911  7.8642  7.4901  7.3335  7.0768  6.6732  6.6530  6.3980
  54  0.490879  3.6533  4.7041 -1.0086 15.3227 13.5072 10.7514  9.8716  8.9337  8.5869  7.7798  7.4143  7.2603  7.0089  6.6142  6.5945  6.3450
  55  0.495469  3.6572  4.7009 -0.9857 15.1757 13.3021 10.6032  9.7261  8.8269  8.4841  7.6967  7.3396  7.1884  6.9420  6.5559  6.5367  6.2925
  56  0.499996  3.6611  4.6978 -0.9630 15.0155 13.0826 10.4510  9.5782  8.7213  8.3824  7.6145  7.2658  7.1175  6.8760  6.4980  6.4794  6.2404
  57  0.504471  3.6651  4.6950 -0.9405 14.8417 12.8475 10.2958  9.4296  8.6175  8.2823  7.5336  7.1929  7.0477  6.8107  6.4404  6.4223  6.1885
  58  0.508873  3.6689  4.6921 -0.9184 14.6565 12.6043 10.1410  9.2835  8.5173  8.1858  7.4552  7.1220  6.9799  6.7469  6.3836  6.3661  6.1372
  59  0.513213  3.6728  4.6894 -0.8965 14.4529 12.3505  9.9834  9.1365  8.4186  8.0909  7.3781  7.0522  6.9132  6.6841  6.3275  6.3105  6.0864
  60  0.517501  3.6766  4.6865 -0.8750 14.2340 12.0942  9.8264  8.9917  8.3230  7.9990  7.3032  6.9842  6.8483  6.6229  6.2724  6.2559  6.0365
  61  0.521738  3.6803  4.6837 -0.8537 13.9959 11.8335  9.6684  8.8477  8.2294  7.9094  7.2300  6.9176  6.7848  6.5628  6.2182  6.2021  5.9873
  62  0.525919  3.6839  4.6807 -0.8327 13.7023 11.5599  9.5051  8.7023  8.1380  7.8225  7.1589  6.8530  6.7232  6.5044  6.1654  6.1498  5.9393
  63  0.530045  3.6875  4.6778 -0.8121 13.3848 11.2852  9.3413  8.5581  8.0487  7.7381  7.0898  6.7899  6.6632  6.4475  6.1138  6.0986  5.8924
  64  0.534118  3.6910  4.6747 -0.7918 13.0719 11.0232  9.1830  8.4193  7.9625  7.6568  7.0227  6.7286  6.6047  6.3920  6.0633  6.0485  5.8464
  65  0.538148  3.6943  4.6714 -0.7719 12.7728 10.7778  9.0317  8.2866  7.8793  7.5784  6.9577  6.6689  6.5476  6.3377  6.0137  5.9994  5.8012
  66  0.542125  3.6976  4.6679 -0.7522 12.4967 10.5537  8.8892  8.1612  7.7992  7.5030  6.8946  6.6108  6.4920  6.2847  5.9652  5.9513  5.7569
  67  0.546057  3.7007  4.6643 -0.7329 12.2915 10.3771  8.7651  8.0491  7.7231  7.4310  6.8335  6.5542  6.4374  6.2327  5.9176  5.9040  5.7132
  68  0.549950  3.7037  4.6605 -0.7139 12.1452 10.2405  8.6568  7.9488  7.6504  7.3621  6.7743  6.4990  6.3840  6.1817  5.8708  5.8576  5.6702
  69  0.553792  3.7067  4.6565 -0.6952 12.0161 10.1190  8.5550  7.8538  7.5802  7.2955  6.7166  6.4452  6.3317  6.1318  5.8249  5.8120  5.6280
  70  0.557588  3.7095  4.6525 -0.6768 11.8967 10.0075  8.4578  7.7626  7.5117  7.2307  6.6603  6.3924  6.2803  6.0827  5.7798  5.7672  5.5864
  71  0.561324  3.7124  4.6486 -0.6586 11.7806  9.9018  8.3632  7.6740  7.4448  7.1673  6.6052  6.3407  6.2300  6.0346  5.7355  5.7232  5.5455
  72  0.565016  3.7151  4.6445 -0.6406 11.6638  9.7994  8.2710  7.5878  7.3795  7.1056  6.5513  6.2900  6.1806  5.9874  5.6919  5.6799  5.5053
  73  0.568653  3.7178  4.6403 -0.6228 11.5119  9.6805  8.1739  7.4990  7.3150  7.0450  6.4986  6.2405  6.1325  5.9412  5.6492  5.6376  5.4658
  74  0.572240  3.7205  4.6361 -0.6053 11.3408  9.5536  8.0749  7.4097  7.2515  6.9854  6.4471  6.1921  6.0854  5.8961  5.6074  5.5960  5.4271
  75  0.575768  3.7230  4.6317 -0.5880 11.1679  9.4280  7.9777  7.3223  7.1896  6.9274  6.3967  6.1447  6.0393  5.8518  5.5663  5.5552  5.3890
  76  0.579234  3.7255  4.6274 -0.5711 10.9935  9.3035  7.8819  7.2365  7.1289  6.8706  6.3475  6.0984  5.9942  5.8085  5.5261  5.5153  5.3517
  77  0.582641  3.7280  4.6229 -0.5543 10.8226  9.1826  7.7890  7.1533  7.0698  6.8154  6.2996  6.0532  5.9501  5.7662  5.4867  5.4761  5.3151
  78  0.585994  3.7303  4.6183 -0.5379 10.6555  9.0650  7.6986  7.0726  7.0122  6.7615  6.2527  6.0089  5.9070  5.7247  5.4480  5.4377  5.2791
  79  0.589275  3.7326  4.6136 -0.5217 10.4947  8.9519  7.6113  6.9945  6.9561  6.7091  6.2070  5.9657  5.8649  5.6841  5.4102  5.4001  5.2438
  80  0.592492  3.7347  4.6088 -0.5058 10.3499  8.8473  7.5287  6.9202  6.9015  6.6580  6.1624  5.9236  5.8237  5.6445  5.3732  5.3633  5.2092
  81  0.595638  3.7369  4.6040 -0.4902 10.2109  8.7467  7.4489  6.8483  6.8485  6.6082  6.1189  5.8824  5.7836  5.6058  5.3371  5.3274  5.1754
  82  0.599744  3.7396  4.5973 -0.4698 10.0348  8.6186  7.3468  6.7563  6.7797  6.5438  6.0624  5.8289  5.7312  5.5554  5.2898  5.2803  5.1310
  83  0.603776  3.7422  4.5905 -0.4496  9.8664  8.4954  7.2481  6.6673  6.7127  6.4809  6.0071  5.7764  5.6798  5.5058  5.2432  5.2340  5.0873
  84  0.607733  3.7447  4.5836 -0.4298  9.7045  8.3763  7.1525  6.5811  6.6471  6.4193  5.9529  5.7248  5.6293  5.4570  5.1974  5.1885  5.0441
  85  0.611627  3.7471  4.5763 -0.4101  9.5504  8.2620  7.0603  6.4979  6.5831  6.3591  5.8997  5.6741  5.5796  5.4090  5.1521  5.1434  5.0014
  86  0.615463  3.7495  4.5690 -0.3906  9.4027  8.1514  6.9708  6.4171  6.5203  6.3000  5.8472  5.6240  5.5305  5.3614  5.1071  5.0986  4.9588
  87  0.619245  3.7517  4.5613 -0.3712  9.2621  8.0448  6.8843  6.3390  6.4588  6.2420  5.7954  5.5744  5.4817  5.3141  5.0623  5.0540  4.9163
  88  0.622977  3.7539  4.5535 -0.3520  9.1263  7.9410  6.7999  6.2627  6.3982  6.1847  5.7442  5.5253  5.4335  5.2672  5.0178  5.0097  4.8740
  89  0.626658  3.7561  4.5454 -0.3328  8.9954  7.8400  6.7174  6.1882  6.3385  6.1283  5.6935  5.4767  5.3856  5.2207  4.9735  4.9656  4.8318
  90  0.630288  3.7581  4.5369 -0.3137  8.8695  7.7419  6.6371  6.1155  6.2796  6.0725  5.6434  5.4284  5.3381  5.1745  4.9295  4.9218  4.7898
  91  0.633863  3.7600  4.5282 -0.2947  8.7475  7.6460  6.5585  6.0443  6.2215  6.0174  5.5937  5.3805  5.2910  5.1286  4.8857  4.8781  4.7479
  92  0.637380  3.7619  4.5193 -0.2758  8.6290  7.5521  6.4813  5.9743  6.1640  5.9629  5.5444  5.3331  5.2442  5.0830  4.8422  4.8348  4.7062
  93  0.640837  3.7638  4.5101 -0.2570  8.5140  7.4600  6.4056  5.9055  6.1072  5.9090  5.4956  5.2860  5.1979  5.0378  4.7990  4.7917  4.6647
  94  0.644226  3.7655  4.5006 -0.2383  8.4007  7.3682  6.3302  5.8371  6.0509  5.8556  5.4473  5.2396  5.1522  4.9933  4.7564  4.7493  4.6237
  95  0.647544  3.7672  4.4910 -0.2197  8.2908  7.2785  6.2564  5.7699  5.9952  5.8028  5.3995  5.1936  5.1069  4.9492  4.7141  4.7071  4.5830
  96  0.650788  3.7688  4.4811 -0.2013  8.1849  7.1915  6.1845  5.7045  5.9404  5.7507  5.3522  5.1480  5.0620  4.9054  4.6721  4.6653  4.5425
  97  0.653952  3.7703  4.4711 -0.1831  8.0829  7.1071  6.1147  5.6408  5.8865  5.6993  5.3055  5.1029  5.0175  4.8620  4.6304  4.6237  4.5023
  98  0.657031  3.7717  4.4607 -0.1651  7.9864  7.0267  6.0477  5.5795  5.8338  5.6490  5.2594  5.0583  4.9735  4.8191  4.5890  4.5824  4.4622
  99  0.660023  3.7730  4.4503 -0.1472  7.8936  6.9490  5.9827  5.5199  5.7821  5.5995  5.2139  5.0143  4.9301  4.7766  4.5480  4.5416  4.4225
 100  0.662929  3.7743  4.4396 -0.1297  7.8051  6.8743  5.9200  5.4623  5.7315  5.5510  5.1692  4.9708  4.8872  4.7346  4.5074  4.5011  4.3830
 101  0.665747  3.7755  4.4290 -0.1124  7.7197  6.8020  5.8591  5.4063  5.6818  5.5033  5.1250  4.9280  4.8448  4.6931  4.4673  4.4611  4.3440
 102  0.668483  3.7766  4.4181 -0.0953  7.6387  6.7330  5.8006  5.3523  5.6333  5.4565  5.0816  4.8857  4.8030  4.6521  4.4276  4.4214  4.3053
 103  0.671138  3.7777  4.4073 -0.0784  7.5604  6.6661  5.7438  5.2998  5.5857  5.4106  5.0387  4.8440  4.7618  4.6116  4.3883  4.3822  4.2670
 104  0.673716  3.7787  4.3965 -0.0618  7.4865  6.6029  5.6896  5.2496  5.5391  5.3655  4.9965  4.8028  4.7210  4.5715  4.3494  4.3434  4.2290
 105  0.676223  3.7797  4.3856 -0.0455  7.4165  6.5429  5.6377  5.2013  5.4936  5.3212  4.9548  4.7620  4.6806  4.5318  4.3108  4.3048  4.1912
 106  0.678668  3.7806  4.3747 -0.0293  7.3488  6.4847  5.5873  5.1543  5.4488  5.2776  4.9136  4.7218  4.6407  4.4926  4.2726  4.2667  4.1538
 107  0.681058  3.7814  4.3637 -0.0134  7.2842  6.4287  5.5384  5.1087  5.4050  5.2349  4.8731  4.6822  4.6014  4.4538  4.2348  4.2289  4.1168
 108  0.683401  3.7823  4.3528  0.0023  7.2211  6.3740  5.4906  5.0640  5.3618  5.1927  4.8331  4.6430  4.5625  4.4156  4.1974  4.1916  4.0801
 109  0.685707  3.7830  4.3418  0.0178  7.1604  6.3210  5.4441  5.0203  5.3193  5.1512  4.7937  4.6043  4.5241  4.3777  4.1604  4.1547  4.0438
 110  0.687985  3.7838  4.3308  0.0331  7.1015  6.2694  5.3986  4.9776  5.2775  5.1104  4.7547  4.5660  4.4861  4.3402  4.1238  4.1181  4.0078
 111  0.690187  3.7845  4.3200  0.0483  7.0435  6.2186  5.3538  4.9356  5.2363  5.0700  4.7162  4.5283  4.4486  4.3032  4.0876  4.0820  3.9722
 112  0.691033  3.7848  4.3158  0.0543  7.0197  6.1979  5.3357  4.9187  5.2198  5.0538  4.7008  4.5132  4.4337  4.2886  4.0733  4.0677  3.9582
 113  0.691879  3.7852  4.3116  0.0604  6.9953  6.1768  5.3173  4.9016  5.2030  5.0375  4.6853  4.4981  4.4187  4.2737  4.0589  4.0533  3.9441
 114  0.692726  3.7855  4.3074  0.0665  6.9709  6.1556  5.2989  4.8844  5.1861  5.0210  4.6697  4.4827  4.4035  4.2588  4.0443  4.0388  3.9298
 115  0.693573  3.7858  4.3029  0.0727  6.9470  6.1348  5.2806  4.8672  5.1691  5.0044  4.6539  4.4673  4.3882  4.2436  4.0295  4.0240  3.9153
 116  0.694419  3.7861  4.2983  0.0790  6.9234  6.1140  5.2622  4.8500  5.1521  4.9877  4.6379  4.4516  4.3726  4.2283  4.0145  4.0090  3.9005
 117  0.695262  3.7864  4.2936  0.0854  6.9003  6.0934  5.2439  4.8327  5.1349  4.9708  4.6218  4.4357  4.3568  4.2127  3.9992  3.9937  3.8854
 118  0.696102  3.7866  4.2886  0.0919  6.8775  6.0730  5.2256  4.8154  5.1175  4.9538  4.6054  4.4195  4.3407  4.1968  3.9836  3.9781  3.8700
 119  0.696940  3.7868  4.2835  0.0984  6.8549  6.0527  5.2073  4.7980  5.1000  4.9366  4.5888  4.4032  4.3245  4.1807  3.9677  3.9623  3.8543
 120  0.697776  3.7871  4.2783  0.1051  6.8323  6.0323  5.1888  4.7805  5.0824  4.9192  4.5720  4.3866  4.3080  4.1644  3.9517  3.9463  3.8385
 121  0.698609  3.7873  4.2729  0.1118  6.8100  6.0120  5.1704  4.7630  5.0647  4.9017  4.5551  4.3699  4.2913  4.1479  3.9354  3.9300  3.8223
 122  0.699441  3.7875  4.2674  0.1185  6.7879  5.9918  5.1520  4.7453  5.0468  4.8841  4.5380  4.3530  4.2745  4.1312  3.9190  3.9135  3.8060
 123  0.700269  3.7877  4.2618  0.1254  6.7656  5.9714  5.1333  4.7275  5.0287  4.8663  4.5207  4.3359  4.2575  4.1143  3.9023  3.8969  3.7895
 124  0.701090  3.7879  4.2562  0.1323  6.7428  5.9506  5.1143  4.7094  5.0104  4.8482  4.5031  4.3186  4.2402  4.0972  3.8854  3.8800  3.7728
 125  0.701913  3.7880  4.2504  0.1393  6.7205  5.9301  5.0955  4.6914  4.9921  4.8301  4.4855  4.3012  4.2229  4.0800  3.8684  3.8630  3.7559
 126  0.702733  3.7882  4.2446  0.1463  6.6982  5.9096  5.0766  4.6734  4.9736  4.8119  4.4678  4.2837  4.2055  4.0627  3.8513  3.8459  3.7389
 127  0.703550  3.7884  4.2387  0.1534  6.6764  5.8893  5.0579  4.6553  4.9552  4.7936  4.4500  4.2660  4.1879  4.0452  3.8340  3.8287  3.7218
 128  0.704365  3.7885  4.2326  0.1605  6.6547  5.8690  5.0391  4.6372  4.9366  4.7753  4.4321  4.2482  4.1702  4.0276  3.8166  3.8112  3.7044
 129  0.705175  3.7886  4.2264  0.1677  6.6330  5.8488  5.0202  4.6190  4.9180  4.7568  4.4140  4.2303  4.1523  4.0098  3.7989  3.7936  3.6869
 130  0.705983  3.7887  4.2201  0.1749  6.6121  5.8290  5.0015  4.6010  4.8993  4.7383  4.3958  4.2122  4.1342  3.9918  3.7811  3.7758  3.6691
 131  0.706784  3.7888  4.2135  0.1822  6.5919  5.8096  4.9830  4.5829  4.8806  4.7197  4.3775  4.1940  4.1160  3.9737  3.7630  3.7577  3.6510
 132  0.707581  3.7888  4.2068  0.1896  6.5719  5.7902  4.9645  4.5649  4.8619  4.7011  4.3591  4.1756  4.0977  3.9554  3.7448  3.7394  3.6328
 133  0.708372  3.7888  4.2000  0.1970  6.5523  5.7711  4.9461  4.5468  4.8431  4.6823  4.3405  4.1570  4.0791  3.9369  3.7263  3.7210  3.6143
 134  0.709158  3.7888  4.1929  0.2045  6.5334  5.7524  4.9278  4.5288  4.8242  4.6635  4.3218  4.1383  4.0605  3.9182  3.7076  3.7023  3.5956
 135  0.709936  3.7888  4.1857  0.2120  6.5149  5.7339  4.9095  4.5108  4.8053  4.6446  4.3029  4.1195  4.0416  3.8993  3.6887  3.6834  3.5766
 136  0.710709  3.7887  4.1782  0.2197  6.4971  5.7158  4.8915  4.4928  4.7864  4.6257  4.2839  4.1004  4.0226  3.8802  3.6696  3.6642  3.5574
 137  0.711474  3.7886  4.1706  0.2273  6.4799  5.6980  4.8735  4.4749  4.7675  4.6067  4.2648  4.0813  4.0034  3.8610  3.6502  3.6449  3.5379
 138  0.712231  3.7885  4.1628  0.2351  6.4634  5.6806  4.8558  4.4571  4.7485  4.5877  4.2456  4.0620  3.9840  3.8415  3.6307  3.6253  3.5182
 139  0.712981  3.7883  4.1547  0.2428  6.4476  5.6637  4.8382  4.4394  4.7296  4.5686  4.2263  4.0425  3.9645  3.8219  3.6109  3.6054  3.4982
 140  0.713722  3.7881  4.1464  0.2507  6.4329  5.6473  4.8209  4.4218  4.7107  4.5496  4.2069  4.0229  3.9448  3.8021  3.5908  3.5854  3.4779
 141  0.714455  3.7878  4.1379  0.2586  6.4193  5.6317  4.8040  4.4043  4.6919  4.5305  4.1874  4.0031  3.9250  3.7821  3.5705  3.5650  3.4573
 142  0.715179  3.7875  4.1291  0.2666  6.4063  5.6164  4.7871  4.3870  4.6731  4.5115  4.1677  3.9832  3.9050  3.7619  3.5500  3.5445  3.4365
 143  0.715893  3.7871  4.1200  0.2746  6.3948  5.6020  4.7708  4.3699  4.6544  4.4925  4.1480  3.9632  3.8849  3.7415  3.5292  3.5237  3.4153
 144  0.716597  3.7867  4.1107  0.2826  6.3843  5.5882  4.7548  4.3530  4.6358  4.4735  4.1283  3.9431  3.8646  3.7210  3.5082  3.5027  3.3939
 145  0.717292  3.7862  4.1012  0.2907  6.3744  5.5748  4.7389  4.3362  4.6172  4.4545  4.1084  3.9228  3.8442  3.7003  3.4870  3.4814  3.3723
 146  0.717976  3.7857  4.0912  0.2989  6.3671  5.5630  4.7239  4.3199  4.5990  4.4358  4.0885  3.9024  3.8237  3.6794  3.4655  3.4599  3.3502
 147  0.718650  3.7851  4.0810  0.3071  6.3607  5.5516  4.7092  4.3038  4.5808  4.4170  4.0686  3.8820  3.8030  3.6583  3.4438  3.4381  3.3280
 148  0.719312  3.7844  4.0704  0.3153  6.3567  5.5419  4.6953  4.2883  4.5630  4.3985  4.0487  3.8614  3.7822  3.6370  3.4218  3.4161  3.3053
 149  0.719964  3.7836  4.0596  0.3236  6.3536  5.5327  4.6817  4.2730  4.5452  4.3801  4.0287  3.8407  3.7614  3.6157  3.3996  3.3938  3.2824
 150  0.720603  3.7828  4.0483  0.3319  6.3536  5.5255  4.6693  4.2584  4.5279  4.3619  4.0087  3.8200  3.7404  3.5941  3.3771  3.3713  3.2591
 151  0.721232  3.7819  4.0367  0.3403  6.3554  5.5194  4.6575  4.2444  4.5108  4.3439  3.9888  3.7992  3.7193  3.5724  3.3544  3.3485  3.2356
 152  0.721848  3.7809  4.0246  0.3487  6.3610  5.5158  4.6472  4.2313  4.4943  4.3263  3.9689  3.7784  3.6981  3.5506  3.3314  3.3254  3.2116
 153  0.722453  3.7797  4.0119  0.3570  6.3704  5.5148  4.6384  4.2194  4.4784  4.3091  3.9492  3.7576  3.6769  3.5285  3.3082  3.3020  3.1872
 154  0.723046  3.7784  3.9987  0.3654  6.3851  5.5172  4.6318  4.2090  4.4633  4.2925  3.9296  3.7368  3.6556  3.5064  3.2845  3.2783  3.1623
 155  0.723629  3.7770  3.9849  0.3738  6.4060  5.5250  4.6282  4.2012  4.4489  4.2762  3.9099  3.7157  3.6341  3.4839  3.2605  3.2541  3.1369
 156  0.724199  3.7754  3.9704  0.3822  6.4353  5.5389  4.6283  4.1961  4.4357  4.2608  3.8904  3.6947  3.6125  3.4612  3.2360  3.2295  3.1109
 157  0.724760  3.7737  3.9558  0.3906  6.4666  5.5542  4.6294  4.1918  4.4227  4.2454  3.8708  3.6736  3.5908  3.4384  3.2114  3.2047  3.0846
 158  0.725314  3.7721  3.9412  0.3990  6.4978  5.5694  4.6303  4.1875  4.4096  4.2299  3.8512  3.6523  3.5689  3.4155  3.1867  3.1799  3.0584
 159  0.725860  3.7704  3.9263  0.4075  6.5338  5.5879  4.6333  4.1847  4.3971  4.2149  3.8316  3.6311  3.5471  3.3925  3.1618  3.1549  3.0318
 160  0.726399  3.7685  3.9106  0.4159  6.5773  5.6115  4.6394  4.1845  4.3859  4.2006  3.8123  3.6099  3.5252  3.3693  3.1365  3.1295  3.0047
 161  0.726927  3.7665  3.8943  0.4243  6.6267  5.6389  4.6480  4.1861  4.3756  4.1871  3.7933  3.5889  3.5034  3.3462  3.1111  3.1039  2.9773
 162  0.727445  3.7640  3.8765  0.4326  6.6931  5.6776  4.6637  4.1934  4.3682  4.1759  3.7753  3.5684  3.4820  3.3230  3.0853  3.0778  2.9490
 163  0.727959  3.7612  3.8571  0.4412  6.7671  5.7192  4.6815  4.2022  4.3617  4.1652  3.7573  3.5476  3.4601  3.2993  3.0583  3.0506  2.9193
 164  0.728468  3.7581  3.8360  0.4502  6.8519  5.7662  4.7026  4.2136  4.3564  4.1553  3.7391  3.5264  3.4377  3.2747  3.0302  3.0222  2.8881
 165  0.728970  3.7548  3.8134  0.4598  6.9459  5.8174  4.7262  4.2268  4.3512  4.1451  3.7201  3.5040  3.4142  3.2489  3.0005  2.9922  2.8550
 166  0.729461  3.7514  3.7894  0.4704  7.0451  5.8699  4.7499  4.2399  4.3447  4.1336  3.6994  3.4798  3.3887  3.2210  2.9685  2.9599  2.8195
 167  0.729933  3.7479  3.7642  0.4822  7.1456  5.9208  4.7718  4.2513  4.3356  4.1193  3.6759  3.4528  3.3604  3.1904  2.9338  2.9249  2.7812
 168  0.730382  3.7447  3.7384  0.4954  7.2397  5.9657  4.7885  4.2581  4.3222  4.1009  3.6486  3.4223  3.3287  3.1564  2.8959  2.8867  2.7399
 169  0.730804  3.7419  3.7126  0.5100  7.3205  6.0004  4.7976  4.2585  4.3036  4.0778  3.6177  3.3883  3.2937  3.1193  2.8554  2.8460  2.6964
 170  0.731199  3.7394  3.6871  0.5258  7.3860  6.0242  4.7986  4.2520  4.2802  4.0504  3.5834  3.3514  3.2559  3.0797  2.8128  2.8031  2.6510
 171  0.731569  3.7372  3.6621  0.5424  7.4362  6.0376  4.7922  4.2392  4.2524  4.0192  3.5463  3.3121  3.2158  3.0381  2.7686  2.7586  2.6044
 172  0.731919  3.7354  3.6376  0.5597  7.4733  6.0421  4.7794  4.2211  4.2211  3.9850  3.5071  3.2710  3.1740  2.9950  2.7232  2.7131  2.5570
 173  0.732251  3.7338  3.6138  0.5775  7.4989  6.0391  4.7615  4.1986  4.1870  3.9484  3.4663  3.2285  3.1309  2.9508  2.6771  2.6668  2.5090
 174  0.732570  3.7325  3.5904  0.5956  7.5149  6.0299  4.7391  4.1725  4.1507  3.9100  3.4242  3.1850  3.0869  2.9059  2.6304  2.6200  2.4608
 175  0.732877  3.7313  3.5675  0.6140  7.5275  6.0171  4.7140  4.1439  4.1127  3.8700  3.3811  3.1407  3.0422  2.8603  2.5834  2.5729  2.4125
 176  0.733175  3.7302  3.5449  0.6326  7.5335  6.0003  4.6860  4.1129  4.0732  3.8289  3.3372  3.0958  2.9969  2.8143  2.5361  2.5255  2.3640
 177  0.733465  3.7293  3.5228  0.6512  7.5329  5.9795  4.6553  4.0797  4.0325  3.7868  3.2927  3.0504  2.9512  2.7680  2.4887  2.4780  2.3155
 178  0.733750  3.7285  3.5009  0.6700  7.5282  5.9562  4.6230  4.0451  3.9909  3.7439  3.2478  3.0047  2.9052  2.7214  2.4411  2.4303  2.2669
 179  0.734029  3.7277  3.4789  0.6889  7.5230  5.9326  4.5904  4.0104  3.9493  3.7010  3.2028  2.9588  2.8591  2.6748  2.3934  2.3825  2.2182
 180  0.734303  3.7269  3.4571  0.7078  7.5144  5.9071  4.5566  3.9746  3.9071  3.6576  3.1575  2.9128  2.8128  2.6279  2.3456  2.3346  2.1695
 181  0.734573  3.7262  3.4355  0.7268  7.5023  5.8796  4.5216  3.9377  3.8643  3.6138  3.1119  2.8665  2.7663  2.5809  2.2977  2.2866  2.1207
 182  0.734769  3.7257  3.4196  0.7408  7.4919  5.8584  4.4951  3.9101  3.8325  3.5812  3.0782  2.8323  2.7319  2.5462  2.2623  2.2512  2.0848
 183  0.734966  3.7253  3.4036  0.7551  7.4801  5.8362  4.4679  3.8817  3.8000  3.5481  3.0438  2.7974  2.6969  2.5109  2.2264  2.2152  2.0483
 184  0.735162  3.7248  3.3873  0.7696  7.4671  5.8131  4.4397  3.8524  3.7668  3.5141  3.0087  2.7618  2.6612  2.4748  2.1897  2.1785  2.0110
 185  0.735358  3.7243  3.3708  0.7844  7.4538  5.7895  4.4111  3.8228  3.7331  3.4797  2.9731  2.7258  2.6250  2.4382  2.1525  2.1413  1.9733
 186  0.735553  3.7238  3.3539  0.7994  7.4400  5.7655  4.3819  3.7924  3.6986  3.4445  2.9368  2.6889  2.5880  2.4009  2.1146  2.1033  1.9347
 187  0.735747  3.7234  3.3366  0.8149  7.4257  5.7408  4.3520  3.7614  3.6635  3.4086  2.8996  2.6513  2.5501  2.3627  2.0757  2.0644  1.8953
 188  0.735941  3.7229  3.3192  0.8306  7.4087  5.7142  4.3207  3.7291  3.6273  3.3717  2.8616  2.6128  2.5116  2.3238  2.0362  2.0248  1.8552
 189  0.736134  3.7224  3.3013  0.8468  7.3915  5.6871  4.2885  3.6959  3.5900  3.3337  2.8225  2.5732  2.4717  2.2836  1.9954  1.9839  1.8138
 190  0.736324  3.7219  3.2825  0.8636  7.3735  5.6589  4.2550  3.6614  3.5512  3.2942  2.7817  2.5319  2.4303  2.2418  1.9529  1.9414  1.7707
 191  0.736511  3.7215  3.2630  0.8814  7.3527  5.6281  4.2192  3.6245  3.5103  3.2525  2.7388  2.4884  2.3867  2.1979  1.9083  1.8967  1.7255
 192  0.736694  3.7209  3.2423  0.9001  7.3316  5.5963  4.1818  3.5860  3.4672  3.2087  2.6936  2.4427  2.3408  2.1515  1.8612  1.8496  1.6777
 193  0.736874  3.7204  3.2205  0.9196  7.3109  5.5639  4.1434  3.5463  3.4226  3.1631  2.6465  2.3950  2.2929  2.1032  1.8121  1.8004  1.6279
 194  0.737051  3.7198  3.1982  0.9398  7.2876  5.5294  4.1029  3.5047  3.3762  3.1158  2.5978  2.3456  2.2433  2.0532  1.7613  1.7496  1.5764
 195  0.737224  3.7192  3.1750  0.9606  7.2646  5.4945  4.0616  3.4621  3.3284  3.0671  2.5475  2.2946  2.1921  2.0015  1.7088  1.6970  1.5231
 196  0.737395  3.7185  3.1511  0.9822  7.2408  5.4585  4.0190  3.4181  3.2791  3.0168  2.4955  2.2420  2.1393  1.9481  1.6545  1.6427  1.4681
 197  0.737561  3.7179  3.1261  1.0044  7.2177  5.4223  3.9757  3.3733  3.2285  2.9651  2.4420  2.1876  2.0847  1.8930  1.5984  1.5865  1.4111
 198  0.737724  3.7172  3.1007  1.0272  7.1933  5.3850  3.9311  3.3272  3.1766  2.9122  2.3871  2.1320  2.0288  1.8366  1.5410  1.5290  1.3528
 199  0.737883  3.7165  3.0745  1.0507  7.1684  5.3468  3.8855  3.2800  3.1234  2.8578  2.3308  2.0749  1.9714  1.7786  1.4820  1.4699  1.2929
 200  0.738038  3.7157  3.0474  1.0748  7.1397  5.3063  3.8383  3.2313  3.0688  2.8021  2.2730  2.0161  1.9124  1.7190  1.4213  1.4091  1.2312
 201  0.738189  3.7149  3.0196  1.0994  7.1056  5.2626  3.7895  3.1811  3.0130  2.7451  2.2139  1.9561  1.8522  1.6580  1.3592  1.3469  1.1681
 202  0.738336  3.7140  2.9910  1.1247  7.0726  5.2192  3.7404  3.1305  2.9563  2.6871  2.1535  1.8948  1.7906  1.5957  1.2957  1.2833  1.1034
 203  0.738478  3.7131  2.9615  1.1505  7.0417  5.1767  3.6916  3.0798  2.8989  2.6283  2.0921  1.8323  1.7278  1.5322  1.2308  1.2183  1.0373
 204  0.738616  3.7121  2.9312  1.1769  7.0106  5.1340  3.6420  3.0282  2.8404  2.5683  2.0294  1.7685  1.6636  1.4672  1.1644  1.1518  0.9697
 205  0.738749  3.7110  2.9001  1.2038  6.9809  5.0919  3.5925  2.9765  2.7811  2.5075  1.9657  1.7036  1.5984  1.4011  1.0968  1.0841  0.9006
 206  0.738878  3.7099  2.8684  1.2313  6.9517  5.0501  3.5426  2.9243  2.7210  2.4458  1.9009  1.6376  1.5320  1.3338  1.0279  1.0151  0.8303
 207  0.739001  3.7088  2.8360  1.2592  6.9233  5.0088  3.4925  2.8717  2.6601  2.3832  1.8351  1.5705  1.4645  1.2654  0.9579  0.9450  0.7588
 208  0.739121  3.7076  2.8030  1.2875  6.8963  4.9684  3.4423  2.8189  2.5985  2.3198  1.7684  1.5025  1.3961  1.1961  0.8869  0.8737  0.6861
 209  0.739235  3.7064  2.7693  1.3163  6.8711  4.9292  3.3923  2.7661  2.5363  2.2557  1.7008  1.4335  1.3267  1.1257  0.8147  0.8014  0.6123
 210  0.739344  3.7051  2.7351  1.3455  6.8480  4.8914  3.3425  2.7132  2.4735  2.1909  1.6325  1.3637  1.2565  1.0544  0.7416  0.7282  0.5375
 211  0.739449  3.7038  2.7003  1.3751  6.8273  4.8553  3.2931  2.6605  2.4101  2.1255  1.5634  1.2931  1.1854  0.9823  0.6675  0.6540  0.4617
 212  0.739549  3.7024  2.6650  1.4051  6.8097  4.8215  3.2442  2.6080  2.3464  2.0596  1.4935  1.2217  1.1136  0.9094  0.5926  0.5789  0.3849
 213  0.739644  3.7010  2.6292  1.4354  6.7964  4.7906  3.1962  2.5562  2.2824  1.9933  1.4232  1.1498  1.0411  0.8357  0.5169  0.5030  0.3073
 214  0.739735  3.6996  2.5929  1.4659  6.7872  4.7627  3.1491  2.5050  2.2182  1.9267  1.3523  1.0772  0.9680  0.7614  0.4405  0.4264  0.2289
 215  0.739822  3.6981  2.5562  1.4968  6.8011  4.7464  3.1063  2.4567  2.1543  1.8598  1.2808  1.0038  0.8941  0.6863  0.3631  0.3489  0.1496
 216  0.739904  3.6966  2.5191  1.5279  6.8353  4.7408  3.0673  2.4114  2.0907  1.7929  1.2088  0.9299  0.8195  0.6104  0.2849  0.2705  0.0695
 217  0.739915  3.6964  2.5138  1.5324  6.8409  4.7405  3.0620  2.4051  2.0817  1.7834  1.1986  0.9194  0.8089  0.5996  0.2738  0.2594  0.0580
 218  0.739926  3.6962  2.5085  1.5368  6.8461  4.7400  3.0565  2.3987  2.0726  1.7739  1.1883  0.9088  0.7982  0.5888  0.2626  0.2482  0.0466
 219  0.739938  3.6960  2.5032  1.5413  6.8515  4.7396  3.0511  2.3923  2.0635  1.7643  1.1780  0.8982  0.7875  0.5778  0.2514  0.2369  0.0350
 220  0.739949  3.6958  2.4978  1.5458  6.8578  4.7399  3.0460  2.3862  2.0545  1.7548  1.1677  0.8876  0.7768  0.5670  0.2401  0.2256  0.0235
 221  0.739960  3.6955  2.4923  1.5503  6.8638  4.7400  3.0408  2.3800  2.0455  1.7452  1.1573  0.8769  0.7660  0.5559  0.2287  0.2142  0.0118
 222  0.739971  3.6953  2.4869  1.5548  6.8701  4.7403  3.0357  2.3739  2.0365  1.7357  1.1469  0.8662  0.7552  0.5450  0.2174  0.2028  0.0001
 223  0.739982  3.6950  2.4814  1.5593  6.8767  4.7408  3.0307  2.3678  2.0275  1.7261  1.1365  0.8555  0.7443  0.5339  0.2060  0.1914 -0.0116
 224  0.739993  3.6948  2.4759  1.5639  6.8833  4.7414  3.0256  2.3617  2.0184  1.7164  1.1260  0.8446  0.7334  0.5227  0.1944  0.1798 -0.0235
 225  0.740004  3.6946  2.4703  1.5685  6.8904  4.7422  3.0207  2.3557  2.0093  1.7068  1.1156  0.8338  0.7225  0.5116  0.1829  0.1683 -0.0353
 226  0.740015  3.6943  2.4647  1.5731  6.8976  4.7432  3.0158  2.3497  2.0002  1.6972  1.1050  0.8229  0.7115  0.5004  0.1713  0.1567 -0.0472
 227  0.740124  3.6917  2.4063  1.6212  6.9792  4.7592  2.9669  2.2889  1.9060  1.5967  0.9952  0.7095  0.5968  0.3834  0.0503  0.0353 -0.1716
 228  0.740217  3.6893  2.3519  1.6658  7.0645  4.7845  2.9256  2.2359  1.8198  1.5045  0.8938  0.6045  0.4906  0.2750 -0.0620 -0.0772 -0.2871
 229  0.740304  3.6867  2.2967  1.7109  7.1569  4.8197  2.8877  2.1857  1.7341  1.4123  0.7919  0.4988  0.3837  0.1657 -0.1754 -0.1909 -0.4038
 230  0.740384  3.6842  2.2426  1.7549  7.2478  4.8614  2.8534  2.1391  1.6514  1.3230  0.6927  0.3959  0.2794  0.0591 -0.2861 -0.3019 -0.5178
 231  0.740456  3.6819  2.1932  1.7951  7.3246  4.9027  2.8232  2.0978  1.5766  1.2421  0.6028  0.3024  0.1848 -0.0377 -0.3867 -0.4028 -0.6215
 232  0.740524  3.6799  2.1509  1.8295  7.3605  4.9312  2.7943  2.0599  1.5123  1.1729  0.5260  0.2226  0.1040 -0.1204 -0.4726 -0.4889 -0.7101
 233  0.740587  3.6790  2.1282  1.8485  7.3631  4.9365  2.7730  2.0347  1.4748  1.1332  0.4827  0.1780  0.0590 -0.1664 -0.5202 -0.5365 -0.7589
 234  0.740651  3.6795  2.1312  1.8477  7.3384  4.9108  2.7612  2.0252  1.4713  1.1308  0.4822  0.1782  0.0594 -0.1654 -0.5183 -0.5347 -0.7563
 235  0.740719  3.6773  2.0852  1.8850  7.3595  4.9425  2.7302  1.9848  1.4024  1.0566  0.3997  0.0924 -0.0274 -0.2544 -0.6110 -0.6276 -0.8521
 236  0.740780  3.6741  2.0217  1.9359  7.3813  4.9962  2.6925  1.9338  1.3106  0.9571  0.2883 -0.0238 -0.1451 -0.3752 -0.7372 -0.7542 -0.9827
 237  0.740836  3.6710  1.9592  1.9857  7.3927  5.0587  2.6600  1.8883  1.2231  0.8617  0.1807 -0.1362 -0.2590 -0.4923 -0.8597 -0.8771 -1.1100
 238  0.740886  3.6678  1.8983  2.0339  7.3971  5.1312  2.6336  1.8491  1.1405  0.7713  0.0779 -0.2440 -0.3684 -0.6050 -0.9781 -0.9959 -1.2331
 239  0.740930  3.6646  1.8388  2.0808  7.3957  5.2110  2.6120  1.8151  1.0624  0.6852 -0.0209 -0.3479 -0.4737 -0.7137 -1.0925 -1.1107 -1.3524
 240  0.740970  3.6615  1.7806  2.1266  7.3904  5.3008  2.5946  1.7858  0.9874  0.6021 -0.1167 -0.4488 -0.5763 -0.8195 -1.2041 -1.2228 -1.4689
 241  0.741006  3.6584  1.7236  2.1713  7.3816  5.4011  2.5820  1.7616  0.9160  0.5225 -0.2092 -0.5465 -0.6755 -0.9222 -1.3125 -1.3316 -1.5822
 242  0.741038  3.6554  1.6677  2.2149  7.3666  5.5026  2.5721  1.7410  0.8476  0.4458 -0.2989 -0.6414 -0.7719 -1.0220 -1.4180 -1.4376 -1.6927
 243  0.741068  3.6523  1.6125  2.2580  7.3455  5.6036  2.5641  1.7231  0.7814  0.3713 -0.3867 -0.7345 -0.8666 -1.1201 -1.5220 -1.5419 -1.8015
 244  0.741094  3.6493  1.5584  2.3002  7.3195  5.7030  2.5584  1.7087  0.7182  0.2997 -0.4717 -0.8248 -0.9585 -1.2155 -1.6232 -1.6437 -1.9077
 245  0.741119  3.6463  1.5053  2.3413  7.2889  5.7984  2.5547  1.6974  0.6580  0.2310 -0.5539 -0.9124 -1.0477 -1.3082 -1.7218 -1.7427 -2.0112
 246  0.741141  3.6433  1.4533  2.3813  7.2567  5.8936  2.5553  1.6917  0.6021  0.1665 -0.6324 -0.9965 -1.1334 -1.3974 -1.8172 -1.8385 -2.1117
 247  0.741161  3.6403  1.4016  2.4208  7.2220  5.9814  2.5590  1.6909  0.5490  0.1046 -0.7088 -1.0786 -1.2173 -1.4850 -1.9109 -1.9327 -2.2106
 248  0.741180  3.6373  1.3505  2.4598  7.1847  6.0639  2.5645  1.6932  0.4985  0.0452 -0.7830 -1.1587 -1.2992 -1.5706 -2.0029 -2.0252 -2.3079
 249  0.741196  3.6343  1.3013  2.4972  7.1457  6.1373  2.5708  1.6976  0.4515 -0.0105 -0.8533 -1.2349 -1.3770 -1.6522 -2.0909 -2.1136 -2.4011
 250  0.741212  3.6313  1.2519  2.5346  7.1045  6.2052  2.5784  1.7045  0.4063 -0.0645 -0.9222 -1.3098 -1.4537 -1.7327 -2.1783 -2.2016 -2.4941
 251  0.741226  3.6284  1.2045  2.5706  7.0625  6.2633  2.5858  1.7124  0.3644 -0.1149 -0.9875 -1.3809 -1.5265 -1.8093 -2.2619 -2.2856 -2.5831
 252  0.741240  3.6255  1.1572  2.6063  7.0190  6.3148  2.5939  1.7221  0.3244 -0.1634 -1.0512 -1.4506 -1.5979 -1.8846 -2.3445 -2.3687 -2.6714
 253  0.741252  3.6227  1.1111  2.6411  6.9750  6.3569  2.6018  1.7327  0.2869 -0.2092 -1.1122 -1.5177 -1.6667 -1.9573 -2.4246 -2.4493 -2.7572
 254  0.741263  3.6200  1.0663  2.6749  6.9313  6.3874  2.6096  1.7443  0.2524 -0.2522 -1.1708 -1.5824 -1.7331 -2.0275 -2.5020 -2.5272 -2.8403
 255  0.741273  3.6172  1.0218  2.7084  6.8867  6.4117  2.6168  1.7563  0.2196 -0.2934 -1.2279 -1.6456 -1.7981 -2.0964 -2.5785 -2.6042 -2.9225
 256  0.741283  3.6145  0.9783  2.7410  6.8426  6.4307  2.6242  1.7691  0.1896 -0.3315 -1.2819 -1.7057 -1.8600 -2.1622 -2.6523 -2.6786 -3.0023
 257  0.741292  3.6118  0.9357  2.7729  6.7986  6.4446  2.6312  1.7821  0.1619 -0.3671 -1.3335 -1.7634 -1.9194 -2.2257 -2.7242 -2.7509 -3.0802
 258  0.741300  3.6092  0.8937  2.8042  6.7543  6.4533  2.6367  1.7940  0.1360 -0.4009 -1.3831 -1.8190 -1.9767 -2.2869 -2.7944 -2.8217 -3.1566
 259  0.741308  3.6066  0.8527  2.8349  6.7099  6.4570  2.6404  1.8043  0.1115 -0.4327 -1.4307 -1.8724 -2.0317 -2.3459 -2.8628 -2.8906 -3.2313
 260  0.741315  3.6040  0.8127  2.8647  6.6660  6.4566  2.6423  1.8132  0.0889 -0.4623 -1.4757 -1.9232 -2.0840 -2.4022 -2.9289 -2.9572 -3.3037
 261  0.741322  3.6015  0.7733  2.8941  6.6218  6.4524  2.6421  1.8199  0.0674 -0.4906 -1.5195 -1.9725 -2.1349 -2.4571 -2.9940 -3.0227 -3.3751
 262  0.741328  3.5991  0.7348  2.9228  6.5779  6.4451  2.6393  1.8239  0.0472 -0.5174 -1.5622 -2.0206 -2.1847 -2.5104 -3.0573 -3.0865 -3.4448
 263  0.741334  3.5967  0.6971  2.9509  6.5343  6.4353  2.6346  1.8260  0.0281 -0.5425 -1.6028 -2.0666 -2.2323 -2.5615 -3.1190 -3.1487 -3.5130
 264  0.741340  3.5943  0.6602  2.9784  6.4911  6.4238  2.6287  1.8268  0.0107 -0.5656 -1.6412 -2.1101 -2.2773 -2.6102 -3.1791 -3.2091 -3.5796
 265  0.741345  3.5920  0.6242  3.0053  6.4484  6.4107  2.6210  1.8259 -0.0055 -0.5870 -1.6775 -2.1514 -2.3199 -2.6567 -3.2375 -3.2680 -3.6447
 266  0.741350  3.5898  0.5889  3.0317  6.4061  6.3963  2.6119  1.8235 -0.0206 -0.6069 -1.7118 -2.1905 -2.3603 -2.7009 -3.2944 -3.3254 -3.7085
 267  0.741354  3.5876  0.5541  3.0577  6.3639  6.3809  2.6014  1.8197 -0.0345 -0.6253 -1.7443 -2.2276 -2.3986 -2.7433 -3.3503 -3.3818 -3.7714
 268  0.741359  3.5854  0.5200  3.0830  6.3224  6.3649  2.5898  1.8148 -0.0470 -0.6417 -1.7745 -2.2621 -2.4342 -2.7832 -3.4045 -3.4365 -3.8328
 269  0.741363  3.5833  0.4868  3.1078  6.2819  6.3490  2.5775  1.8092 -0.0570 -0.6554 -1.8017 -2.2938 -2.4668 -2.8202 -3.4570 -3.4895 -3.8927
 270  0.741367  3.5811  0.4538  3.1321  6.2422  6.3337  2.5651  1.8037 -0.0635 -0.6654 -1.8255 -2.3219 -2.4959 -2.8542 -3.5081 -3.5411 -3.9518
 271  0.741370  3.5790  0.4217  3.1558  6.2030  6.3178  2.5510  1.7963 -0.0699 -0.6746 -1.8483 -2.3486 -2.5234 -2.8862 -3.5578 -3.5914 -4.0094
 272  0.741374  3.5769  0.3900  3.1792  6.1641  6.3017  2.5358  1.7879 -0.0757 -0.6828 -1.8700 -2.3738 -2.5496 -2.9164 -3.6068 -3.6408 -4.0664
 273  0.741377  3.5747  0.3582  3.2018  6.1280  6.2895  2.5237  1.7834 -0.0755 -0.6841 -1.8854 -2.3926 -2.5692 -2.9408 -3.6529 -3.6874 -4.1216
 274  0.741380  3.5727  0.3281  3.2241  6.0901  6.2726  2.5062  1.7728 -0.0805 -0.6904 -1.9036 -2.4137 -2.5909 -2.9669 -3.6992 -3.7341 -4.1759
 275  0.741383  3.5707  0.2984  3.2460  6.0532  6.2566  2.4891  1.7628 -0.0835 -0.6941 -1.9187 -2.4315 -2.6091 -2.9900 -3.7438 -3.7793 -4.2291
 276  0.741386  3.5688  0.2694  3.2672  6.0171  6.2407  2.4716  1.7524 -0.0858 -0.6966 -1.9316 -2.4469 -2.6246 -3.0109 -3.7868 -3.8229 -4.2808
 277  0.741389  3.5669  0.2412  3.2879  5.9822  6.2257  2.4544  1.7425 -0.0866 -0.6970 -1.9417 -2.4593 -2.6369 -3.0290 -3.8280 -3.8647 -4.3309
 278  0.741392  3.5652  0.2144  3.3076  5.9488  6.2110  2.4372  1.7325 -0.0869 -0.6965 -1.9496 -2.4694 -2.6467 -3.0447 -3.8669 -3.9043 -4.3785
 279  0.741480  3.5637  0.1920  3.3243  5.9198  6.1974  2.4213  1.7226 -0.0883 -0.6970 -1.9566 -2.4781 -2.6549 -3.0582 -3.9000 -3.9380 -4.4189
