#NUMBER OF AGES= 1
#----------------------------------------------------       
#MIX-LEN  Y      Z          Zeff        [Fe/H] [a/Fe]
# 1.9380  0.3300 3.0995E-03 1.5777E-03  -0.99   0.40 
#----------------------------------------------------       
#**PHOTOMETRIC SYSTEM**: HST WFPC2 (Vega)                   
#----------------------------------------------------       
#AGE=12.600 EEPS=266
#EEP   M/Mo    LogTeff  LogG   LogL/Lo F218W   F255W   F300W   F336W   F439W   F450W   F555W   F606W   F622W   F675W   F791W   F814W   F850LP
  14  0.114988  3.5226  5.2445 -2.7024 20.7781 20.7701 16.9705 16.1775 15.0218 14.5128 13.1812 12.6665 12.4784 12.0530 10.9392 10.8954 10.3975
  15  0.133389  3.5265  5.1844 -2.5622 20.4014 20.3117 16.5408 15.7343 14.5714 14.0822 12.7739 12.2606 12.0728 11.6552 10.5820 10.5393 10.0507
  16  0.150619  3.5305  5.1386 -2.4474 20.0877 19.9190 16.1781 15.3599 14.1915 13.7185 12.4312 11.9192 11.7318 11.3214 10.2878 10.2463  9.7672
  17  0.166225  3.5351  5.1060 -2.3536 19.8247 19.5758 15.8667 15.0373 13.8632 13.4044 12.1373 11.6268 11.4395 11.0367 10.0454 10.0052  9.5369
  18  0.180765  3.5398  5.0811 -2.2737 19.5963 19.2703 15.5933 14.7543 13.5753 13.1286 11.8802 11.3712 11.1841 10.7884  9.8381  9.7991  9.3416
  19  0.194364  3.5438  5.0606 -2.2054 19.3997 19.0073 15.3595 14.5132 13.3306 12.8934 11.6609 11.1532 10.9663 10.5764  9.6610  9.6230  9.1750
  20  0.207709  3.5472  5.0421 -2.1444 19.2250 18.7774 15.1549 14.3032 13.1181 12.6883 11.4689 10.9624 10.7756 10.3903  9.5035  9.4665  9.0261
  21  0.221679  3.5505  5.0253 -2.0862 19.0584 18.5590 14.9611 14.1051 12.9179 12.4945 11.2872 10.7818 10.5954 10.2141  9.3538  9.3175  8.8845
  22  0.234431  3.5533  5.0110 -2.0366 18.9162 18.3733 14.7970 13.9377 12.7490 12.3306 11.1334 10.6289 10.4426 10.0647  9.2264  9.1907  8.7638
  23  0.244877  3.5554  4.9997 -1.9977 18.8045 18.2277 14.6689 13.8072 12.6175 12.2027 11.0132 10.5096 10.3235  9.9481  9.1266  9.0914  8.6693
  24  0.252886  3.5570  4.9912 -1.9688 18.7217 18.1206 14.5749 13.7116 12.5211 12.1085 10.9246 10.4215 10.2356  9.8619  9.0527  9.0179  8.5992
  25  0.258989  3.5582  4.9852 -1.9478 18.6617 18.0431 14.5071 13.6426 12.4516 12.0404 10.8604 10.3577 10.1719  9.7995  8.9990  8.9644  8.5482
  26  0.263766  3.5591  4.9807 -1.9319 18.6164 17.9847 14.4562 13.5909 12.3995 11.9893 10.8121 10.3097 10.1240  9.7526  8.9586  8.9242  8.5099
  27  0.267471  3.5598  4.9774 -1.9198 18.5816 17.9398 14.4171 13.5512 12.3596 11.9501 10.7751 10.2730 10.0874  9.7167  8.9276  8.8934  8.4805
  28  0.270527  3.5603  4.9752 -1.9102 18.5541 17.9033 14.3857 13.5193 12.3276 11.9186 10.7455 10.2436 10.0580  9.6880  8.9033  8.8691  8.4575
  29  0.273056  3.5608  4.9729 -1.9020 18.5302 17.8718 14.3588 13.4919 12.3000 11.8916 10.7200 10.2183 10.0328  9.6633  8.8822  8.8482  8.4377
  30  0.275401  3.5613  4.9710 -1.8945 18.5081 17.8425 14.3337 13.4665 12.2745 11.8664 10.6964 10.1949 10.0095  9.6405  8.8628  8.8289  8.4194
  31  0.277775  3.5618  4.9691 -1.8868 18.4857 17.8126 14.3083 13.4407 12.2486 11.8409 10.6725 10.1712  9.9858  9.6173  8.8433  8.8094  8.4011
  32  0.280247  3.5623  4.9670 -1.8789 18.4624 17.7816 14.2818 13.4138 12.2216 11.8145 10.6476 10.1464  9.9611  9.5932  8.8229  8.7892  8.3819
  33  0.282877  3.5629  4.9645 -1.8703 18.4374 17.7486 14.2537 13.3853 12.1931 11.7863 10.6211 10.1202  9.9349  9.5675  8.8010  8.7673  8.3611
  34  0.285736  3.5634  4.9616 -1.8609 18.4103 17.7135 14.2234 13.3547 12.1623 11.7560 10.5925 10.0918  9.9066  9.5397  8.7770  8.7435  8.3385
  35  0.289008  3.5640  4.9582 -1.8502 18.3799 17.6743 14.1896 13.3204 12.1279 11.7222 10.5605 10.0600  9.8749  9.5086  8.7500  8.7166  8.3128
  36  0.292792  3.5646  4.9540 -1.8379 18.3451 17.6304 14.1513 13.2817 12.0890 11.6838 10.5241 10.0238  9.8388  9.4732  8.7189  8.6856  8.2831
  37  0.297652  3.5652  4.9484 -1.8223 18.3010 17.5750 14.1029 13.2329 12.0400 11.6354 10.4782  9.9782  9.7933  9.4284  8.6793  8.6461  8.2451
  38  0.314913  3.5685  4.9287 -1.7654 18.1362 17.3608 13.9204 13.0486 11.8556 11.4531 10.3060  9.8075  9.6231  9.2615  8.5348  8.5022  8.1080
  39  0.354127  3.5794  4.8784 -1.6204 17.6910 16.7417 13.4218 12.5468 11.3603 10.9610  9.8468  9.3545  9.1719  8.8216  8.1659  8.1351  7.7640
  40  0.370261  3.5847  4.8549 -1.5563 17.4850 16.4438 13.1916 12.3168 11.1379 10.7390  9.6413  9.1532  8.9716  8.6272  8.0029  7.9730  7.6129
  41  0.382639  3.5893  4.8359 -1.5047 17.3138 16.1928 13.0005 12.1263 10.9558 10.5572  9.4743  8.9904  8.8100  8.4708  7.8717  7.8425  7.4916
  42  0.394074  3.5939  4.8183 -1.4559 17.1475 15.9478 12.8146 11.9414 10.7809 10.3825  9.3150  8.8361  8.6568  8.3230  7.7476  7.7191  7.3773
  43  0.404840  3.5985  4.8021 -1.4093 16.9843 15.7082 12.6323 11.7603 10.6108 10.2129  9.1619  8.6887  8.5106  8.1825  7.6292  7.6012  7.2685
  44  0.414438  3.6031  4.7878 -1.3667 16.8309 15.4864 12.4611 11.5902 10.4518 10.0553  9.0210  8.5542  8.3774  8.0550  7.5209  7.4936  7.1690
  45  0.423099  3.6075  4.7752 -1.3274 16.6856 15.2826 12.2995 11.4295 10.3017  9.9075  8.8907  8.4308  8.2556  7.9388  7.4212  7.3946  7.0775
  46  0.431037  3.6118  4.7640 -1.2908 16.5474 15.0925 12.1454 11.2762 10.1588  9.7678  8.7687  8.3163  8.1424  7.8315  7.3284  7.3024  6.9922
  47  0.438641  3.6162  4.7538 -1.2554 16.4113 14.9093 11.9931 11.1243 10.0179  9.6305  8.6500  8.2056  8.0334  7.7284  7.2388  7.2135  6.9100
  48  0.446176  3.6208  4.7441 -1.2202 16.2742 14.7290 11.8388 10.9699  9.8753  9.4923  8.5314  8.0958  7.9253  7.6267  7.1499  7.1253  6.8286
  49  0.453954  3.6256  4.7347 -1.1840 16.1350 14.5544 11.6780 10.8074  9.7250  9.3469  8.4077  7.9819  7.8133  7.5216  7.0583  7.0344  6.7449
  50  0.461542  3.6307  4.7263 -1.1478 15.9960 14.3870 11.5131 10.6394  9.5703  9.1981  8.2820  7.8670  7.7005  7.4167  6.9672  6.9441  6.6623
  51  0.468952  3.6361  4.7190 -1.1118 15.8491 14.2109 11.3395 10.4622  9.4111  9.0454  8.1545  7.7514  7.5873  7.3117  6.8762  6.8540  6.5802
  52  0.473707  3.6398  4.7146 -1.0886 15.7476 14.0879 11.2215 10.3423  9.3063  8.9449  8.0713  7.6761  7.5139  7.2437  6.8173  6.7955  6.5271
  53  0.478410  3.6435  4.7105 -1.0653 15.6390 13.9501 11.0973 10.2165  9.2005  8.8433  7.9877  7.6008  7.4405  7.1757  6.7583  6.7372  6.4741
  54  0.483065  3.6474  4.7068 -1.0421 15.5202 13.7871 10.9636 10.0823  9.0933  8.7404  7.9036  7.5251  7.3671  7.1077  6.6995  6.6790  6.4211
  55  0.487653  3.6511  4.7032 -1.0191 15.3921 13.6072 10.8245  9.9439  8.9869  8.6380  7.8203  7.4502  7.2948  7.0406  6.6411  6.6212  6.3687
  56  0.492176  3.6550  4.6999 -0.9964 15.2528 13.4117 10.6802  9.8015  8.8808  8.5358  7.7375  7.3759  7.2231  6.9740  6.5831  6.5637  6.3166
  57  0.496644  3.6589  4.6968 -0.9738 15.1002 13.2002 10.5306  9.6554  8.7751  8.4340  7.6553  7.3020  7.1522  6.9080  6.5255  6.5066  6.2647
  58  0.501037  3.6628  4.6938 -0.9515 14.9377 12.9791 10.3803  9.5104  8.6724  8.3350  7.5753  7.2300  7.0830  6.8434  6.4687  6.4503  6.2135
  59  0.505362  3.6666  4.6910 -0.9294 14.7609 12.7426 10.2270  9.3644  8.5713  8.2376  7.4964  7.1589  7.0149  6.7795  6.4121  6.3943  6.1625
  60  0.509631  3.6704  4.6881 -0.9077 14.5718 12.4998 10.0739  9.2206  8.4734  8.1433  7.4198  7.0895  6.9486  6.7172  6.3564  6.3391  6.1120
  61  0.513847  3.6742  4.6852 -0.8862 14.3654 12.2488  9.9189  9.0766  8.3773  8.0509  7.3446  7.0213  6.8835  6.6557  6.3014  6.2845  6.0622
  62  0.518002  3.6779  4.6823 -0.8650 14.1430 11.9949  9.7639  8.9343  8.2838  7.9613  7.2714  6.9547  6.8200  6.5957  6.2474  6.2310  6.0132
  63  0.522100  3.6815  4.6794 -0.8442 13.8868 11.7321  9.6058  8.7914  8.1922  7.8737  7.1999  6.8898  6.7580  6.5371  6.1944  6.1785  5.9651
  64  0.526138  3.6851  4.6765 -0.8237 13.5919 11.4636  9.4453  8.6490  8.1030  7.7891  7.1306  6.8266  6.6979  6.4802  6.1428  6.1274  5.9183
  65  0.530128  3.6886  4.6734 -0.8034 13.2824 11.1984  9.2863  8.5093  8.0162  7.7071  7.0632  6.7651  6.6393  6.4245  6.0923  6.0772  5.8723
  66  0.534059  3.6920  4.6702 -0.7836 12.9798 10.9464  9.1330  8.3748  7.9324  7.6281  6.9979  6.7053  6.5822  6.3702  6.0429  6.0282  5.8273
  67  0.537941  3.6952  4.6669 -0.7641 12.6926 10.7112  8.9868  8.2463  7.8514  7.5518  6.9344  6.6470  6.5264  6.3171  5.9944  5.9801  5.7830
  68  0.541778  3.6984  4.6634 -0.7448 12.4344 10.5002  8.8503  8.1257  7.7736  7.4784  6.8729  6.5902  6.4720  6.2653  5.9469  5.9330  5.7396
  69  0.545564  3.7014  4.6597 -0.7259 12.2572 10.3422  8.7342  8.0198  7.6997  7.4084  6.8132  6.5349  6.4185  6.2143  5.9002  5.8867  5.6967
  70  0.549310  3.7043  4.6558 -0.7073 12.1120 10.2085  8.6284  7.9218  7.6289  7.3413  6.7554  6.4809  6.3663  6.1645  5.8545  5.8413  5.6546
  71  0.552999  3.7073  4.6519 -0.6890 11.9862 10.0905  8.5290  7.8291  7.5601  7.2762  6.6991  6.4283  6.3152  6.1157  5.8096  5.7968  5.6133
  72  0.556647  3.7100  4.6478 -0.6709 11.8696  9.9823  8.4343  7.7404  7.4934  7.2130  6.6441  6.3768  6.2650  6.0677  5.7654  5.7529  5.5726
  73  0.560242  3.7128  4.6438 -0.6531 11.7559  9.8796  8.3424  7.6543  7.4283  7.1514  6.5903  6.3262  6.2158  6.0207  5.7221  5.7098  5.5326
  74  0.563789  3.7154  4.6397 -0.6355 11.6371  9.7772  8.2516  7.5696  7.3644  7.0911  6.5376  6.2768  6.1676  5.9746  5.6794  5.6675  5.4931
  75  0.567280  3.7181  4.6354 -0.6181 11.4831  9.6583  8.1559  7.4824  7.3014  7.0318  6.4863  6.2284  6.1205  5.9294  5.6377  5.6261  5.4545
  76  0.570716  3.7206  4.6312 -0.6010 11.3200  9.5365  8.0601  7.3958  7.2395  6.9737  6.4359  6.1811  6.0745  5.8853  5.5968  5.5854  5.4166
  77  0.574095  3.7231  4.6268 -0.5841 11.1518  9.4144  7.9655  7.3107  7.1791  6.9171  6.3867  6.1348  6.0295  5.8420  5.5566  5.5456  5.3794
  78  0.577425  3.7255  4.6223 -0.5674 10.9838  9.2941  7.8727  7.2275  7.1200  6.8617  6.3387  6.0896  5.9854  5.7996  5.5172  5.5064  5.3428
  79  0.580692  3.7278  4.6178 -0.5511 10.8178  9.1765  7.7822  7.1465  7.0623  6.8078  6.2918  6.0453  5.9422  5.7582  5.4786  5.4680  5.3068
  80  0.583899  3.7301  4.6132 -0.5350 10.6556  9.0621  7.6942  7.0678  7.0061  6.7551  6.2460  6.0020  5.9001  5.7175  5.4407  5.4304  5.2716
  81  0.587043  3.7323  4.6085 -0.5191 10.5007  8.9526  7.6093  6.9917  6.9512  6.7038  6.2012  5.9597  5.8588  5.6779  5.4037  5.3936  5.2370
  82  0.591184  3.7352  4.6020 -0.4982 10.3091  8.8147  7.5007  6.8941  6.8795  6.6367  6.1425  5.9042  5.8046  5.6257  5.3549  5.3451  5.1914
  83  0.595260  3.7379  4.5952 -0.4775 10.1280  8.6832  7.3961  6.7999  6.8095  6.5711  6.0850  5.8497  5.7513  5.5743  5.3069  5.2973  5.1463
  84  0.599267  3.7406  4.5884 -0.4570  9.9543  8.5566  7.2950  6.7087  6.7410  6.5068  6.0286  5.7962  5.6989  5.5239  5.2595  5.2502  5.1018
  85  0.603201  3.7431  4.5812 -0.4368  9.7893  8.4354  7.1976  6.6208  6.6744  6.4441  5.9733  5.7437  5.6475  5.4742  5.2127  5.2037  5.0578
  86  0.607062  3.7456  4.5738 -0.4168  9.6308  8.3183  7.1032  6.5356  6.6090  6.3828  5.9192  5.6920  5.5970  5.4253  5.1667  5.1578  5.0144
  87  0.610855  3.7480  4.5663 -0.3970  9.4795  8.2055  7.0120  6.4532  6.5452  6.3226  5.8659  5.6412  5.5471  5.3770  5.1211  5.1124  4.9712
  88  0.614587  3.7503  4.5585 -0.3775  9.3353  8.0967  6.9238  6.3736  6.4827  6.2638  5.8133  5.5910  5.4977  5.3291  5.0758  5.0673  4.9283
  89  0.618259  3.7525  4.5505 -0.3580  9.1972  7.9916  6.8382  6.2962  6.4214  6.2058  5.7615  5.5413  5.4489  5.2818  5.0307  5.0226  4.8854
  90  0.621873  3.7546  4.5422 -0.3387  9.0646  7.8896  6.7550  6.2208  6.3611  6.1488  5.7103  5.4921  5.4006  5.2347  4.9860  4.9780  4.8428
  91  0.625428  3.7566  4.5336 -0.3195  8.9369  7.7904  6.6738  6.1473  6.3018  6.0925  5.6596  5.4434  5.3526  5.1881  4.9416  4.9337  4.8004
  92  0.628921  3.7587  4.5249 -0.3004  8.8129  7.6934  6.5943  6.0753  6.2431  6.0369  5.6096  5.3952  5.3051  5.1417  4.8975  4.8897  4.7582
  93  0.632353  3.7606  4.5158 -0.2813  8.6935  7.5991  6.5168  6.0049  6.1853  5.9822  5.5599  5.3473  5.2580  5.0958  4.8536  4.8460  4.7161
  94  0.635719  3.7624  4.5065 -0.2625  8.5785  7.5075  6.4411  5.9362  6.1284  5.9280  5.5108  5.2999  5.2112  5.0503  4.8099  4.8026  4.6742
  95  0.639015  3.7641  4.4969 -0.2438  8.4652  7.4162  6.3659  5.8679  6.0719  5.8744  5.4622  5.2531  5.1652  5.0053  4.7669  4.7596  4.6329
  96  0.642238  3.7658  4.4871 -0.2251  8.3551  7.3267  6.2921  5.8007  6.0161  5.8214  5.4142  5.2068  5.1195  4.9609  4.7243  4.7172  4.5918
  97  0.645386  3.7674  4.4773 -0.2066  8.2479  7.2389  6.2197  5.7347  5.9610  5.7690  5.3667  5.1610  5.0744  4.9169  4.6820  4.6751  4.5512
  98  0.648456  3.7688  4.4670 -0.1883  8.1461  7.1548  6.1498  5.6709  5.9070  5.7175  5.3198  5.1157  5.0297  4.8732  4.6400  4.6332  4.5106
  99  0.651443  3.7703  4.4566 -0.1702  8.0477  7.0731  6.0818  5.6087  5.8539  5.6669  5.2733  5.0708  4.9855  4.8300  4.5984  4.5917  4.4703
 100  0.654349  3.7717  4.4459 -0.1523  7.9541  6.9947  6.0163  5.5485  5.8018  5.6171  5.2276  5.0264  4.9416  4.7872  4.5571  4.5505  4.4302
 101  0.657168  3.7729  4.4352 -0.1346  7.8635  6.9186  5.9524  5.4900  5.7507  5.5681  5.1824  4.9827  4.8985  4.7449  4.5163  4.5098  4.3905
 102  0.659907  3.7741  4.4243 -0.1171  7.7779  6.8461  5.8912  5.4335  5.7007  5.5201  5.1380  4.9394  4.8558  4.7031  4.4757  4.4694  4.3511
 103  0.662563  3.7752  4.4133 -0.0999  7.6953  6.7758  5.8317  5.3786  5.6518  5.4729  5.0941  4.8969  4.8136  4.6617  4.4357  4.4293  4.3121
 104  0.665142  3.7763  4.4023 -0.0829  7.6162  6.7082  5.7741  5.3255  5.6038  5.4266  5.0509  4.8548  4.7721  4.6209  4.3960  4.3898  4.2734
 105  0.667648  3.7773  4.3912 -0.0662  7.5403  6.6429  5.7184  5.2738  5.5566  5.3811  5.0085  4.8134  4.7310  4.5806  4.3569  4.3507  4.2351
 106  0.670089  3.7782  4.3801 -0.0497  7.4682  6.5808  5.6650  5.2242  5.5106  5.3364  4.9664  4.7724  4.6904  4.5406  4.3180  4.3120  4.1971
 107  0.672472  3.7791  4.3688 -0.0333  7.4003  6.5221  5.6140  5.1766  5.4656  5.2926  4.9250  4.7318  4.6502  4.5010  4.2794  4.2734  4.1593
 108  0.674803  3.7799  4.3576 -0.0173  7.3345  6.4652  5.5643  5.1302  5.4213  5.2494  4.8842  4.6918  4.6106  4.4619  4.2412  4.2353  4.1219
 109  0.677096  3.7807  4.3463 -0.0014  7.2717  6.4104  5.5162  5.0851  5.3779  5.2070  4.8438  4.6523  4.5712  4.4233  4.2035  4.1975  4.0847
 110  0.679359  3.7814  4.3350  0.0142  7.2111  6.3572  5.4694  5.0411  5.3351  5.1653  4.8041  4.6132  4.5325  4.3849  4.1659  4.1601  4.0479
 111  0.681548  3.7822  4.3239  0.0297  7.1513  6.3050  5.4233  4.9978  5.2930  5.1240  4.7647  4.5746  4.4942  4.3472  4.1290  4.1233  4.0116
 112  0.682368  3.7825  4.3197  0.0357  7.1274  6.2842  5.4051  4.9808  5.2765  5.1079  4.7494  4.5597  4.4794  4.3326  4.1147  4.1090  3.9976
 113  0.683187  3.7828  4.3155  0.0418  7.1026  6.2627  5.3865  4.9635  5.2597  5.0916  4.7339  4.5445  4.4644  4.3178  4.1003  4.0946  3.9835
 114  0.684008  3.7832  4.3113  0.0479  7.0778  6.2414  5.3679  4.9460  5.2427  5.0751  4.7183  4.5292  4.4492  4.3029  4.0858  4.0801  3.9692
 115  0.684829  3.7835  4.3069  0.0541  7.0536  6.2203  5.3494  4.9288  5.2258  5.0586  4.7026  4.5138  4.4339  4.2878  4.0711  4.0654  3.9548
 116  0.685649  3.7838  4.3023  0.0603  7.0299  6.1995  5.3310  4.9115  5.2088  5.0419  4.6868  4.4982  4.4184  4.2725  4.0561  4.0504  3.9400
 117  0.686466  3.7840  4.2975  0.0667  7.0067  6.1789  5.3126  4.8942  5.1917  5.0251  4.6707  4.4823  4.4026  4.2569  4.0408  4.0352  3.9250
 118  0.687280  3.7842  4.2925  0.0732  6.9839  6.1585  5.2943  4.8768  5.1745  5.0081  4.6543  4.4662  4.3866  4.2411  4.0252  4.0196  3.9096
 119  0.688092  3.7845  4.2873  0.0797  6.9614  6.1382  5.2760  4.8594  5.1571  4.9910  4.6378  4.4499  4.3704  4.2250  4.0095  4.0038  3.8940
 120  0.688902  3.7847  4.2820  0.0863  6.9390  6.1179  5.2576  4.8419  5.1395  4.9738  4.6211  4.4334  4.3540  4.2088  3.9934  3.9878  3.8781
 121  0.689709  3.7849  4.2766  0.0930  6.9168  6.0978  5.2392  4.8243  5.1219  4.9564  4.6042  4.4168  4.3374  4.1923  3.9772  3.9716  3.8620
 122  0.690515  3.7851  4.2711  0.0997  6.8949  6.0776  5.2208  4.8067  5.1041  4.9388  4.5871  4.3999  4.3206  4.1757  3.9608  3.9552  3.8457
 123  0.691318  3.7852  4.2655  0.1066  6.8726  6.0573  5.2021  4.7889  5.0861  4.9210  4.5699  4.3829  4.3036  4.1588  3.9442  3.9385  3.8292
 124  0.692115  3.7854  4.2598  0.1135  6.8500  6.0366  5.1832  4.7708  5.0678  4.9030  4.5524  4.3656  4.2864  4.1417  3.9273  3.9217  3.8125
 125  0.692913  3.7856  4.2540  0.1205  6.8278  6.0161  5.1644  4.7528  5.0495  4.8850  4.5348  4.3482  4.2691  4.1246  3.9103  3.9047  3.7956
 126  0.693711  3.7858  4.2482  0.1275  6.8056  5.9956  5.1456  4.7347  5.0311  4.8668  4.5172  4.3307  4.2517  4.1072  3.8932  3.8876  3.7787
 127  0.694507  3.7859  4.2422  0.1345  6.7838  5.9754  5.1268  4.7166  5.0127  4.8486  4.4994  4.3131  4.2342  4.0898  3.8759  3.8703  3.7615
 128  0.695301  3.7860  4.2361  0.1417  6.7622  5.9552  5.1080  4.6985  4.9943  4.8303  4.4815  4.2953  4.2164  4.0722  3.8585  3.8529  3.7441
 129  0.696091  3.7862  4.2299  0.1488  6.7406  5.9350  5.0891  4.6803  4.9757  4.8118  4.4635  4.2774  4.1986  4.0544  3.8408  3.8353  3.7266
 130  0.696879  3.7862  4.2235  0.1561  6.7197  5.9152  5.0704  4.6622  4.9570  4.7934  4.4453  4.2593  4.1805  4.0364  3.8230  3.8174  3.7088
 131  0.697661  3.7863  4.2169  0.1634  6.6998  5.8959  5.0519  4.6442  4.9384  4.7749  4.4270  4.2411  4.1623  4.0182  3.8048  3.7993  3.6907
 132  0.698439  3.7863  4.2101  0.1707  6.6799  5.8767  5.0334  4.6261  4.9196  4.7562  4.4085  4.2226  4.1439  3.9999  3.7865  3.7810  3.6724
 133  0.699214  3.7863  4.2032  0.1782  6.6604  5.8576  5.0150  4.6080  4.9008  4.7375  4.3899  4.2041  4.1254  3.9813  3.7680  3.7625  3.6538
 134  0.699982  3.7863  4.1961  0.1856  6.6416  5.8389  4.9967  4.5900  4.8820  4.7186  4.3712  4.1853  4.1066  3.9626  3.7493  3.7438  3.6350
 135  0.700743  3.7863  4.1888  0.1932  6.6233  5.8205  4.9785  4.5719  4.8631  4.6997  4.3523  4.1664  4.0877  3.9437  3.7303  3.7248  3.6160
 136  0.701499  3.7862  4.1813  0.2008  6.6056  5.8024  4.9605  4.5540  4.8441  4.6808  4.3333  4.1474  4.0686  3.9245  3.7111  3.7056  3.5967
 137  0.702248  3.7861  4.1737  0.2085  6.5887  5.7848  4.9426  4.5361  4.8252  4.6618  4.3141  4.1281  4.0494  3.9052  3.6917  3.6861  3.5771
 138  0.702988  3.7859  4.1657  0.2163  6.5724  5.7675  4.9248  4.5183  4.8063  4.6427  4.2949  4.1088  4.0300  3.8857  3.6721  3.6664  3.5573
 139  0.703723  3.7857  4.1576  0.2241  6.5568  5.7506  4.9073  4.5006  4.7874  4.6237  4.2755  4.0893  4.0104  3.8660  3.6522  3.6465  3.5372
 140  0.704448  3.7855  4.1492  0.2320  6.5424  5.7345  4.8900  4.4830  4.7685  4.6046  4.2560  4.0696  3.9907  3.8461  3.6320  3.6263  3.5168
 141  0.705165  3.7852  4.1405  0.2400  6.5293  5.7191  4.8733  4.4657  4.7497  4.5856  4.2365  4.0498  3.9708  3.8261  3.6116  3.6059  3.4961
 142  0.705874  3.7849  4.1316  0.2480  6.5169  5.7042  4.8566  4.4484  4.7309  4.5665  4.2168  4.0298  3.9507  3.8058  3.5909  3.5853  3.4752
 143  0.706573  3.7845  4.1225  0.2560  6.5060  5.6901  4.8405  4.4315  4.7123  4.5475  4.1971  4.0097  3.9305  3.7853  3.5700  3.5644  3.4539
 144  0.707262  3.7840  4.1130  0.2641  6.4963  5.6768  4.8248  4.4148  4.6937  4.5286  4.1772  3.9895  3.9101  3.7647  3.5489  3.5432  3.4323
 145  0.707942  3.7836  4.1034  0.2723  6.4875  5.6640  4.8092  4.3982  4.6752  4.5096  4.1573  3.9691  3.8896  3.7439  3.5276  3.5218  3.4105
 146  0.708611  3.7830  4.0931  0.2805  6.4816  5.6530  4.7948  4.3824  4.6571  4.4910  4.1374  3.9487  3.8689  3.7228  3.5059  3.5001  3.3882
 147  0.709270  3.7824  4.0828  0.2887  6.4762  5.6424  4.7805  4.3666  4.6390  4.4722  4.1174  3.9281  3.8482  3.7016  3.4841  3.4781  3.3658
 148  0.709918  3.7817  4.0721  0.2970  6.4733  5.6334  4.7671  4.3514  4.6213  4.4537  4.0974  3.9075  3.8273  3.6802  3.4619  3.4559  3.3429
 149  0.710554  3.7809  4.0612  0.3053  6.4710  5.6247  4.7538  4.3364  4.6035  4.4352  4.0773  3.8867  3.8063  3.6587  3.4396  3.4335  3.3200
 150  0.711179  3.7801  4.0500  0.3137  6.4705  5.6172  4.7412  4.3218  4.5859  4.4167  4.0571  3.8657  3.7852  3.6370  3.4170  3.4109  3.2967
 151  0.711793  3.7793  4.0386  0.3221  6.4719  5.6110  4.7295  4.3078  4.5685  4.3983  4.0369  3.8448  3.7639  3.6152  3.3943  3.3882  3.2731
 152  0.712394  3.7784  4.0270  0.3306  6.4757  5.6065  4.7186  4.2945  4.5514  4.3802  4.0167  3.8238  3.7425  3.5932  3.3713  3.3651  3.2492
 153  0.712985  3.7773  4.0148  0.3390  6.4839  5.6053  4.7097  4.2826  4.5348  4.3624  3.9965  3.8026  3.7210  3.5710  3.3480  3.3416  3.2249
 154  0.713564  3.7762  4.0020  0.3475  6.4980  5.6086  4.7034  4.2729  4.5190  4.3451  3.9763  3.7813  3.6993  3.5485  3.3242  3.3178  3.2000
 155  0.714131  3.7749  3.9889  0.3560  6.5149  5.6138  4.6984  4.2639  4.5036  4.3279  3.9561  3.7600  3.6775  3.5259  3.3003  3.2938  3.1749
 156  0.714685  3.7736  3.9752  0.3645  6.5383  5.6236  4.6961  4.2571  4.4892  4.3115  3.9361  3.7386  3.6557  3.5032  3.2759  3.2693  3.1492
 157  0.715228  3.7721  3.9612  0.3731  6.5644  5.6353  4.6949  4.2511  4.4751  4.2952  3.9161  3.7172  3.6337  3.4803  3.2514  3.2447  3.1233
 158  0.715761  3.7705  3.9466  0.3816  6.5955  5.6503  4.6957  4.2468  4.4617  4.2795  3.8962  3.6958  3.6118  3.4572  3.2267  3.2198  3.0970
 159  0.716284  3.7688  3.9314  0.3901  6.6340  5.6704  4.6998  4.2449  4.4495  4.2646  3.8767  3.6745  3.5898  3.4341  3.2015  3.1945  3.0701
 160  0.716796  3.7668  3.9154  0.3986  6.6806  5.6958  4.7071  4.2456  4.4386  4.2505  3.8574  3.6533  3.5679  3.4108  3.1761  3.1689  3.0427
 161  0.717295  3.7647  3.8988  0.4070  6.7334  5.7252  4.7170  4.2484  4.4287  4.2373  3.8385  3.6322  3.5460  3.3875  3.1505  3.1431  3.0150
 162  0.717806  3.7621  3.8801  0.4158  6.8005  5.7629  4.7321  4.2551  4.4208  4.2255  3.8197  3.6110  3.5238  3.3636  3.1236  3.1160  2.9856
 163  0.718312  3.7593  3.8600  0.4249  6.8747  5.8032  4.7488  4.2629  4.4132  4.2138  3.8005  3.5889  3.5007  3.3386  3.0954  3.0875  2.9546
 164  0.718812  3.7562  3.8382  0.4346  6.9590  5.8486  4.7686  4.2730  4.4063  4.2023  3.7809  3.5662  3.4768  3.3125  3.0657  3.0576  2.9218
 165  0.719304  3.7529  3.8149  0.4450  7.0517  5.8975  4.7902  4.2845  4.3991  4.1902  3.7600  3.5420  3.4514  3.2848  3.0342  3.0258  2.8869
 166  0.719783  3.7495  3.7904  0.4565  7.1482  5.9469  4.8114  4.2953  4.3902  4.1763  3.7371  3.5156  3.4239  3.2549  3.0003  2.9916  2.8495
 167  0.720244  3.7462  3.7645  0.4692  7.2458  5.9948  4.8304  4.3042  4.3784  4.1594  3.7111  3.4863  3.3933  3.2220  2.9634  2.9544  2.8090
 168  0.720682  3.7432  3.7381  0.4835  7.3358  6.0358  4.8439  4.3082  4.3623  4.1384  3.6815  3.4534  3.3593  3.1858  2.9235  2.9141  2.7657
 169  0.721095  3.7404  3.7119  0.4990  7.4110  6.0660  4.8493  4.3051  4.3408  4.1125  3.6481  3.4172  3.3220  3.1466  2.8810  2.8713  2.7202
 170  0.721481  3.7380  3.6859  0.5156  7.4715  6.0856  4.8468  4.2955  4.3146  4.0825  3.6115  3.3781  3.2820  3.1049  2.8363  2.8265  2.6730
 171  0.721846  3.7359  3.6603  0.5332  7.5169  6.0950  4.8371  4.2798  4.2842  4.0488  3.5722  3.3366  3.2398  3.0612  2.7901  2.7801  2.6245
 172  0.722190  3.7342  3.6354  0.5513  7.5491  6.0956  4.8211  4.2587  4.2503  4.0122  3.5308  3.2934  3.1960  3.0161  2.7428  2.7326  2.5752
 173  0.722519  3.7326  3.6110  0.5699  7.5709  6.0894  4.8002  4.2336  4.2138  3.9733  3.4879  3.2489  3.1509  2.9699  2.6948  2.6844  2.5255
 174  0.722835  3.7313  3.5870  0.5888  7.5868  6.0781  4.7757  4.2051  4.1752  3.9326  3.4437  3.2033  3.1049  2.9230  2.6462  2.6357  2.4755
 175  0.723141  3.7302  3.5635  0.6080  7.5957  6.0623  4.7477  4.1739  4.1348  3.8904  3.3985  3.1570  3.0582  2.8755  2.5974  2.5867  2.4253
 176  0.723438  3.7293  3.5404  0.6274  7.5978  6.0423  4.7170  4.1404  4.0930  3.8471  3.3526  3.1101  3.0109  2.8276  2.5482  2.5375  2.3749
 177  0.723727  3.7284  3.5175  0.6468  7.5942  6.0189  4.6840  4.1050  4.0502  3.8029  3.3062  3.0628  2.9633  2.7794  2.4989  2.4881  2.3245
 178  0.724011  3.7276  3.4949  0.6664  7.5869  5.9933  4.6494  4.0683  4.0067  3.7581  3.2593  3.0151  2.9154  2.7309  2.4494  2.4385  2.2740
 179  0.724290  3.7268  3.4723  0.6860  7.5777  5.9667  4.6143  4.0311  3.9628  3.7130  3.2123  2.9674  2.8673  2.6823  2.3998  2.3888  2.2235
 180  0.724565  3.7261  3.4499  0.7058  7.5656  5.9384  4.5780  3.9930  3.9185  3.6676  3.1650  2.9193  2.8190  2.6335  2.3500  2.3390  2.1729
 181  0.724834  3.7254  3.4274  0.7255  7.5508  5.9084  4.5407  3.9540  3.8736  3.6217  3.1174  2.8710  2.7705  2.5845  2.3002  2.2891  2.1222
 182  0.725020  3.7249  3.4119  0.7394  7.5389  5.8866  4.5140  3.9262  3.8419  3.5893  3.0839  2.8371  2.7364  2.5501  2.2651  2.2539  2.0866
 183  0.725204  3.7245  3.3960  0.7536  7.5260  5.8639  4.4866  3.8977  3.8096  3.5563  3.0498  2.8025  2.7017  2.5151  2.2296  2.2183  2.0504
 184  0.725389  3.7240  3.3799  0.7679  7.5120  5.8404  4.4582  3.8684  3.7765  3.5225  3.0149  2.7672  2.6662  2.4793  2.1932  2.1819  2.0136
 185  0.725574  3.7236  3.3637  0.7826  7.4977  5.8165  4.4296  3.8387  3.7431  3.4884  2.9796  2.7314  2.6304  2.4431  2.1564  2.1450  1.9762
 186  0.725757  3.7231  3.3470  0.7975  7.4829  5.7920  4.4003  3.8084  3.7088  3.4534  2.9436  2.6950  2.5937  2.4061  2.1188  2.1074  1.9381
 187  0.725940  3.7226  3.3299  0.8128  7.4676  5.7669  4.3703  3.7773  3.6738  3.4177  2.9067  2.6576  2.5562  2.3682  2.0802  2.0688  1.8989
 188  0.726122  3.7222  3.3126  0.8285  7.4494  5.7398  4.3386  3.7448  3.6375  3.3808  2.8687  2.6191  2.5176  2.3294  2.0408  2.0293  1.8589
 189  0.726302  3.7217  3.2946  0.8448  7.4315  5.7122  4.3061  3.7113  3.6000  3.3426  2.8294  2.5793  2.4776  2.2890  1.9998  1.9883  1.8174
 190  0.726480  3.7213  3.2757  0.8618  7.4124  5.6832  4.2721  3.6762  3.5608  3.3026  2.7882  2.5376  2.4357  2.2468  1.9569  1.9453  1.7739
 191  0.726655  3.7208  3.2560  0.8797  7.3919  5.6526  4.2362  3.6393  3.5197  3.2608  2.7450  2.4939  2.3919  2.2025  1.9120  1.9004  1.7284
 192  0.726826  3.7202  3.2353  0.8984  7.3699  5.6203  4.1986  3.6006  3.4766  3.2168  2.6997  2.4481  2.3459  2.1561  1.8649  1.8532  1.6806
 193  0.726995  3.7197  3.2136  0.9180  7.3487  5.5878  4.1599  3.5607  3.4319  3.1712  2.6527  2.4004  2.2980  2.1078  1.8157  1.8040  1.6307
 194  0.727160  3.7191  3.1912  0.9381  7.3255  5.5534  4.1196  3.5193  3.3856  3.1241  2.6040  2.3511  2.2485  2.0579  1.7650  1.7532  1.5793
 195  0.727324  3.7185  3.1682  0.9589  7.3013  5.5179  4.0781  3.4765  3.3378  3.0754  2.5538  2.3002  2.1975  2.0064  1.7126  1.7008  1.5262
 196  0.727482  3.7179  3.1443  0.9804  7.2777  5.4822  4.0358  3.4328  3.2888  3.0253  2.5020  2.2477  2.1448  1.9531  1.6585  1.6466  1.4712
 197  0.727639  3.7172  3.1195  1.0026  7.2533  5.4455  3.9922  3.3879  3.2383  2.9738  2.4487  2.1936  2.0904  1.8982  1.6028  1.5908  1.4146
 198  0.727792  3.7165  3.0941  1.0253  7.2288  5.4082  3.9479  3.3420  3.1866  2.9210  2.3941  2.1382  2.0348  1.8420  1.5456  1.5335  1.3566
 199  0.727941  3.7158  3.0680  1.0486  7.2012  5.3690  3.9020  3.2946  3.1336  2.8669  2.3381  2.0813  1.9776  1.7843  1.4868  1.4746  1.2968
 200  0.728086  3.7150  3.0411  1.0725  7.1668  5.3256  3.8540  3.2455  3.0792  2.8115  2.2805  2.0230  1.9191  1.7251  1.4265  1.4142  1.2356
 201  0.728228  3.7142  3.0134  1.0971  7.1326  5.2821  3.8054  3.1955  3.0236  2.7548  2.2217  1.9633  1.8591  1.6645  1.3648  1.3524  1.1729
 202  0.728366  3.7134  2.9849  1.1222  7.1002  5.2393  3.7568  3.1453  2.9674  2.6971  2.1617  1.9023  1.7978  1.6024  1.3015  1.2891  1.1085
 203  0.728500  3.7124  2.9556  1.1479  7.0692  5.1971  3.7082  3.0948  2.9102  2.6387  2.1007  1.8402  1.7353  1.5393  1.2369  1.2244  1.0426
 204  0.728630  3.7114  2.9255  1.1742  7.0384  5.1548  3.6590  3.0437  2.8520  2.5791  2.0383  1.7767  1.6716  1.4747  1.1710  1.1583  0.9754
 205  0.728755  3.7104  2.8946  1.2010  7.0086  5.1130  3.6096  2.9922  2.7930  2.5185  1.9748  1.7121  1.6066  1.4089  1.1037  1.0909  0.9068
 206  0.728876  3.7093  2.8630  1.2283  6.9795  5.0715  3.5600  2.9402  2.7333  2.4570  1.9104  1.6465  1.5406  1.3420  1.0352  1.0223  0.8368
 207  0.728992  3.7082  2.8307  1.2561  6.9517  5.0308  3.5103  2.8880  2.6726  2.3948  1.8450  1.5797  1.4735  1.2740  0.9656  0.9526  0.7657
 208  0.729104  3.7070  2.7979  1.2843  6.9251  4.9910  3.4605  2.8356  2.6113  2.3318  1.7786  1.5120  1.4055  1.2049  0.8949  0.8817  0.6934
 209  0.729212  3.7058  2.7644  1.3129  6.9005  4.9524  3.4109  2.7830  2.5494  2.2679  1.7115  1.4435  1.3364  1.1350  0.8231  0.8098  0.6200
 210  0.729314  3.7045  2.7304  1.3419  6.8779  4.9152  3.3614  2.7306  2.4870  2.2035  1.6434  1.3740  1.2666  1.0641  0.7504  0.7369  0.5456
 211  0.729413  3.7032  2.6958  1.3714  6.8582  4.8800  3.3124  2.6782  2.4240  2.1385  1.5747  1.3038  1.1959  0.9923  0.6768  0.6631  0.4702
 212  0.729508  3.7019  2.6607  1.4012  6.8417  4.8470  3.2640  2.6263  2.3606  2.0729  1.5053  1.2328  1.1244  0.9198  0.6022  0.5884  0.3938
 213  0.729597  3.7005  2.6251  1.4313  6.8294  4.8170  3.2165  2.5748  2.2970  2.0070  1.4353  1.1612  1.0524  0.8466  0.5270  0.5130  0.3167
 214  0.729683  3.6991  2.5891  1.4618  6.8224  4.7906  3.1701  2.5242  2.2332  1.9408  1.3648  1.0890  0.9797  0.7727  0.4510  0.4368  0.2387
 215  0.729764  3.6976  2.5526  1.4925  6.8477  4.7798  3.1295  2.4777  2.1700  1.8744  1.2937  1.0160  0.9061  0.6979  0.3739  0.3596  0.1598
 216  0.729842  3.6961  2.5158  1.5234  6.8828  4.7752  3.0911  2.4329  2.1068  1.8079  1.2222  0.9426  0.8319  0.6225  0.2962  0.2817  0.0801
 217  0.729853  3.6959  2.5103  1.5279  6.8886  4.7750  3.0857  2.4266  2.0976  1.7982  1.2118  0.9318  0.8211  0.6114  0.2849  0.2704  0.0685
 218  0.729864  3.6957  2.5049  1.5324  6.8942  4.7747  3.0802  2.4201  2.0884  1.7886  1.2013  0.9211  0.8103  0.6004  0.2735  0.2590  0.0568
 219  0.729875  3.6955  2.4995  1.5370  6.9002  4.7747  3.0749  2.4138  2.0792  1.7789  1.1908  0.9103  0.7994  0.5893  0.2621  0.2476  0.0451
 220  0.729886  3.6952  2.4940  1.5415  6.9064  4.7750  3.0697  2.4076  2.0702  1.7692  1.1804  0.8996  0.7885  0.5783  0.2507  0.2361  0.0333
 221  0.729896  3.6950  2.4885  1.5461  6.9128  4.7753  3.0645  2.4013  2.0609  1.7595  1.1698  0.8887  0.7775  0.5671  0.2390  0.2244  0.0214
 222  0.729907  3.6947  2.4829  1.5507  6.9192  4.7757  3.0594  2.3952  2.0517  1.7498  1.1593  0.8778  0.7665  0.5558  0.2275  0.2129  0.0096
 223  0.729917  3.6945  2.4773  1.5553  6.9262  4.7765  3.0544  2.3891  2.0426  1.7400  1.1487  0.8668  0.7555  0.5446  0.2159  0.2012 -0.0024
 224  0.729928  3.6943  2.4717  1.5600  6.9331  4.7772  3.0492  2.3829  2.0334  1.7302  1.1380  0.8558  0.7444  0.5333  0.2042  0.1895 -0.0144
 225  0.729938  3.6940  2.4661  1.5646  6.9406  4.7783  3.0443  2.3768  2.0242  1.7205  1.1273  0.8449  0.7333  0.5220  0.1925  0.1777 -0.0265
 226  0.729949  3.6938  2.4604  1.5693  6.9480  4.7794  3.0394  2.3708  2.0150  1.7107  1.1166  0.8338  0.7220  0.5106  0.1806  0.1659 -0.0386
 227  0.730050  3.6912  2.4030  1.6166  7.0289  4.7963  2.9916  2.3112  1.9224  1.6120  1.0087  0.7223  0.6093  0.3956  0.0617  0.0466 -0.1609
 228  0.730140  3.6887  2.3478  1.6618  7.1154  4.8228  2.9500  2.2578  1.8350  1.5185  0.9059  0.6158  0.5017  0.2856 -0.0522 -0.0675 -0.2780
 229  0.730223  3.6862  2.2923  1.7072  7.2077  4.8591  2.9121  2.2074  1.7490  1.4259  0.8035  0.5096  0.3942  0.1758 -0.1661 -0.1817 -0.3952
 230  0.730300  3.6837  2.2386  1.7509  7.2958  4.9004  2.8780  2.1612  1.6669  1.3373  0.7052  0.4075  0.2908  0.0700 -0.2760 -0.2918 -0.5083
 231  0.730367  3.6814  2.1902  1.7902  7.3684  4.9407  2.8481  2.1205  1.5934  1.2580  0.6169  0.3159  0.1980 -0.0249 -0.3746 -0.3907 -0.6100
 232  0.730432  3.6795  2.1500  1.8230  7.3941  4.9651  2.8192  2.0834  1.5319  1.1918  0.5437  0.2399  0.1211 -0.1036 -0.4565 -0.4728 -0.6944
 233  0.730492  3.6789  2.1327  1.8379  7.3915  4.9646  2.8004  2.0619  1.5020  1.1603  0.5097  0.2049  0.0859 -0.1395 -0.4933 -0.5097 -0.7321
 234  0.730555  3.6789  2.1271  1.8436  7.3777  4.9513  2.7865  2.0481  1.4876  1.1458  0.4952  0.1904  0.0714 -0.1540 -0.5079 -0.5243 -0.7467
 235  0.730618  3.6766  2.0767  1.8846  7.3949  4.9829  2.7508  2.0023  1.4114  1.0638  0.4043  0.0960 -0.0242 -0.2518 -0.6097 -0.6263 -0.8517
 236  0.730677  3.6735  2.0136  1.9353  7.4124  5.0361  2.7130  1.9515  1.3199  0.9649  0.2935 -0.0196 -0.1413 -0.3721 -0.7352 -0.7523 -0.9817
 237  0.730729  3.6703  1.9512  1.9849  7.4216  5.1002  2.6812  1.9068  1.2329  0.8701  0.1865 -0.1315 -0.2547 -0.4886 -0.8573 -0.8748 -1.1085
 238  0.730776  3.6671  1.8903  2.0331  7.4240  5.1736  2.6553  1.8681  1.1508  0.7800  0.0839 -0.2391 -0.3637 -0.6010 -0.9753 -0.9932 -1.2314
 239  0.730817  3.6640  1.8314  2.0796  7.4207  5.2536  2.6341  1.8348  1.0734  0.6946 -0.0140 -0.3420 -0.4682 -0.7088 -1.0888 -1.1071 -1.3498
 240  0.730855  3.6608  1.7728  2.1257  7.4148  5.3470  2.6174  1.8060  0.9981  0.6112 -0.1103 -0.4435 -0.5713 -0.8153 -1.2011 -1.2198 -1.4669
 241  0.730889  3.6578  1.7159  2.1703  7.4042  5.4473  2.6049  1.7821  0.9269  0.5318 -0.2026 -0.5410 -0.6703 -0.9177 -1.3092 -1.3284 -1.5800
 242  0.730919  3.6547  1.6598  2.2142  7.3876  5.5491  2.5951  1.7617  0.8585  0.4550 -0.2925 -0.6361 -0.7670 -1.0178 -1.4151 -1.4348 -1.6909
 243  0.730946  3.6517  1.6049  2.2570  7.3650  5.6491  2.5872  1.7443  0.7927  0.3810 -0.3798 -0.7286 -0.8611 -1.1154 -1.5185 -1.5385 -1.7991
 244  0.730972  3.6487  1.5509  2.2991  7.3376  5.7472  2.5815  1.7301  0.7298  0.3096 -0.4645 -0.8188 -0.9529 -1.2106 -1.6196 -1.6401 -1.9051
 245  0.730995  3.6457  1.4976  2.3403  7.3061  5.8429  2.5783  1.7195  0.6697  0.2410 -0.5468 -0.9065 -1.0422 -1.3034 -1.7184 -1.7394 -2.0090
 246  0.731016  3.6427  1.4452  2.3806  7.2729  5.9364  2.5792  1.7145  0.6139  0.1765 -0.6255 -0.9908 -1.1281 -1.3929 -1.8141 -1.8356 -2.1097
 247  0.731035  3.6396  1.3936  2.4200  7.2374  6.0230  2.5832  1.7142  0.5612  0.1149 -0.7016 -1.0728 -1.2119 -1.4803 -1.9076 -1.9295 -2.2085
 248  0.731052  3.6366  1.3429  2.4587  7.1993  6.1030  2.5885  1.7166  0.5111  0.0560 -0.7752 -1.1522 -1.2931 -1.5653 -1.9990 -2.0214 -2.3051
 249  0.731068  3.6336  1.2935  2.4963  7.1595  6.1750  2.5947  1.7212  0.4642  0.0003 -0.8456 -1.2284 -1.3710 -1.6470 -2.0873 -2.1101 -2.3987
 250  0.731083  3.6307  1.2442  2.5337  7.1176  6.2409  2.6021  1.7282  0.4192 -0.0534 -0.9143 -1.3032 -1.4475 -1.7273 -2.1745 -2.1979 -2.4915
 251  0.731096  3.6278  1.1967  2.5697  7.0750  6.2973  2.6095  1.7363  0.3774 -0.1037 -0.9795 -1.3743 -1.5203 -1.8040 -2.2582 -2.2820 -2.5807
 252  0.731109  3.6249  1.1496  2.6052  7.0312  6.3466  2.6173  1.7458  0.3378 -0.1517 -1.0427 -1.4435 -1.5912 -1.8787 -2.3403 -2.3647 -2.6685
 253  0.731120  3.6221  1.1035  2.6401  6.9867  6.3858  2.6250  1.7567  0.3005 -0.1974 -1.1038 -1.5107 -1.6601 -1.9516 -2.4205 -2.4454 -2.7544
 254  0.731131  3.6193  1.0586  2.6740  6.9426  6.4148  2.6325  1.7684  0.2662 -0.2401 -1.1623 -1.5753 -1.7265 -2.0218 -2.4980 -2.5233 -2.8376
 255  0.731141  3.6166  1.0142  2.7075  6.8977  6.4373  2.6393  1.7800  0.2336 -0.2810 -1.2192 -1.6383 -1.7912 -2.0904 -2.5743 -2.6002 -2.9197
 256  0.731149  3.6139  0.9706  2.7401  6.8532  6.4551  2.6466  1.7928  0.2039 -0.3189 -1.2730 -1.6983 -1.8529 -2.1561 -2.6482 -2.6745 -2.9995
 257  0.731157  3.6112  0.9280  2.7720  6.8090  6.4676  2.6531  1.8055  0.1765 -0.3543 -1.3244 -1.7557 -1.9121 -2.2192 -2.7199 -2.7468 -3.0774
 258  0.731165  3.6085  0.8861  2.8033  6.7643  6.4750  2.6580  1.8169  0.1506 -0.3879 -1.3739 -1.8112 -1.9692 -2.2804 -2.7901 -2.8175 -3.1538
 259  0.731173  3.6059  0.8451  2.8339  6.7197  6.4773  2.6610  1.8266  0.1262 -0.4195 -1.4211 -1.8643 -2.0239 -2.3392 -2.8584 -2.8863 -3.2284
 260  0.731179  3.6034  0.8050  2.8638  6.6753  6.4759  2.6624  1.8350  0.1037 -0.4490 -1.4661 -1.9149 -2.0762 -2.3954 -2.9247 -2.9531 -3.3010
 261  0.731186  3.6009  0.7656  2.8933  6.6309  6.4706  2.6613  1.8409  0.0822 -0.4772 -1.5100 -1.9645 -2.1273 -2.4503 -2.9898 -3.0186 -3.3725
 262  0.731192  3.5984  0.7272  2.9219  6.5869  6.4625  2.6579  1.8442  0.0620 -0.5038 -1.5525 -2.0122 -2.1767 -2.5032 -3.0529 -3.0822 -3.4420
 263  0.731198  3.5961  0.6896  2.9500  6.5429  6.4519  2.6525  1.8457  0.0431 -0.5287 -1.5930 -2.0580 -2.2240 -2.5542 -3.1145 -3.1444 -3.5102
 264  0.731203  3.5937  0.6527  2.9775  6.4996  6.4398  2.6459  1.8459  0.0258 -0.5517 -1.6311 -2.1012 -2.2688 -2.6026 -3.1745 -3.2048 -3.5768
 265  0.731208  3.5914  0.6167  3.0044  6.4568  6.4262  2.6379  1.8446  0.0097 -0.5729 -1.6671 -2.1422 -2.3110 -2.6488 -3.2329 -3.2635 -3.6419
 266  0.731212  3.5892  0.5813  3.0309  6.4142  6.4115  2.6283  1.8418 -0.0052 -0.5924 -1.7011 -2.1809 -2.3511 -2.6928 -3.2898 -3.3210 -3.7058
 267  0.731217  3.5870  0.5465  3.0569  6.3718  6.3955  2.6172  1.8373 -0.0191 -0.6107 -1.7334 -2.2178 -2.3891 -2.7349 -3.3457 -3.3773 -3.7688
 268  0.731221  3.5848  0.5125  3.0822  6.3303  6.3793  2.6053  1.8322 -0.0312 -0.6267 -1.7630 -2.2518 -2.4242 -2.7743 -3.3998 -3.4319 -3.8301
 269  0.731225  3.5827  0.4792  3.1070  6.2897  6.3633  2.5927  1.8263 -0.0404 -0.6396 -1.7896 -2.2828 -2.4561 -2.8108 -3.4522 -3.4848 -3.8901
 270  0.731229  3.5805  0.4462  3.1314  6.2498  6.3476  2.5796  1.8201 -0.0471 -0.6495 -1.8133 -2.3107 -2.4850 -2.8446 -3.5033 -3.5365 -3.9493
 271  0.731232  3.5785  0.4142  3.1551  6.2103  6.3311  2.5646  1.8118 -0.0540 -0.6591 -1.8364 -2.3377 -2.5128 -2.8766 -3.5533 -3.5869 -4.0071
 272  0.731235  3.5763  0.3822  3.1784  6.1720  6.3162  2.5503  1.8047 -0.0578 -0.6652 -1.8564 -2.3611 -2.5372 -2.9053 -3.6018 -3.6359 -4.0639
 273  0.731238  3.5741  0.3507  3.2011  6.1349  6.3022  2.5362  1.7979 -0.0596 -0.6684 -1.8730 -2.3809 -2.5578 -2.9306 -3.6483 -3.6829 -4.1193
 274  0.731241  3.5721  0.3205  3.2234  6.0971  6.2855  2.5189  1.7875 -0.0639 -0.6739 -1.8903 -2.4011 -2.5784 -2.9559 -3.6944 -3.7295 -4.1736
 275  0.731244  3.5702  0.2909  3.2452  6.0602  6.2693  2.5014  1.7772 -0.0669 -0.6774 -1.9050 -2.4185 -2.5961 -2.9786 -3.7389 -3.7745 -4.2267
 276  0.731247  3.5682  0.2619  3.2665  6.0240  6.2534  2.4837  1.7666 -0.0690 -0.6796 -1.9174 -2.4334 -2.6111 -2.9990 -3.7818 -3.8181 -4.2784
 277  0.731249  3.5664  0.2338  3.2871  5.9889  6.2379  2.4659  1.7563 -0.0700 -0.6801 -1.9273 -2.4456 -2.6231 -3.0170 -3.8229 -3.8599 -4.3285
 278  0.731252  3.5646  0.2069  3.3069  5.9554  6.2233  2.4486  1.7462 -0.0701 -0.6792 -1.9347 -2.4551 -2.6323 -3.0322 -3.8618 -3.8995 -4.3762
 279  0.731254  3.5631  0.1838  3.3241  5.9258  6.2096  2.4324  1.7362 -0.0709 -0.6789 -1.9409 -2.4630 -2.6397 -3.0453 -3.8957 -3.9338 -4.4177
