#NUMBER OF AGES= 1
#----------------------------------------------------       
#MIX-LEN  Y      Z          Zeff        [Fe/H] [a/Fe]
# 1.9380  0.3300 3.0995E-03 1.5777E-03  -0.99   0.40 
#----------------------------------------------------       
#**PHOTOMETRIC SYSTEM**: HST WFPC2 (Vega)                   
#----------------------------------------------------       
#AGE=14.600 EEPS=265
#EEP   M/Mo    LogTeff  LogG   LogL/Lo F218W   F255W   F300W   F336W   F439W   F450W   F555W   F606W   F622W   F675W   F791W   F814W   F850LP
  15  0.120685  3.5238  5.2236 -2.6554 20.6520 20.6168 16.8266 16.0289 14.8706 14.3685 13.0448 12.5305 12.3425 11.9198 10.8195 10.7760 10.2811
  16  0.137651  3.5275  5.1702 -2.5301 20.3143 20.2038 16.4406 15.6308 14.4663 13.9819 12.6793 12.1663 11.9787 11.5629 10.5001 10.4576  9.9714
  17  0.152757  3.5312  5.1310 -2.4308 20.0417 19.8597 16.1240 15.3039 14.1346 13.6643 12.3805 11.8688 11.6814 11.2721 10.2452 10.2038  9.7264
  18  0.166850  3.5354  5.1015 -2.3461 19.8037 19.5484 15.8417 15.0116 13.8370 13.3795 12.1141 11.6037 11.4165 11.0142 10.0262  9.9861  9.5185
  19  0.180551  3.5398  5.0778 -2.2706 19.5876 19.2597 15.5834 14.7442 13.5651 13.1189 11.8713 11.3622 11.1752 10.7796  9.8301  9.7912  9.3339
  20  0.193965  3.5438  5.0575 -2.2030 19.3935 18.9999 15.3525 14.5061 13.3234 12.8866 11.6546 11.1468 10.9599 10.5701  9.6551  9.6172  9.1692
  21  0.207145  3.5472  5.0393 -2.1426 19.2205 18.7720 15.1497 14.2981 13.1128 12.6834 11.4643 10.9578 10.7711 10.3857  9.4993  9.4621  9.0219
  22  0.221447  3.5506  5.0221 -2.0832 19.0503 18.5492 14.9521 14.0959 12.9085 12.4856 11.2789 10.7734 10.5870 10.2058  9.3463  9.3100  8.8771
  23  0.234385  3.5534  5.0079 -2.0331 18.9066 18.3615 14.7862 13.9268 12.7378 12.3199 11.1234 10.6190 10.4327 10.0549  9.2177  9.1820  8.7553
  24  0.245101  3.5556  4.9968 -1.9937 18.7933 18.2140 14.6564 13.7945 12.6047 12.1903 11.0016 10.4980 10.3119  9.9366  9.1166  9.0814  8.6596
  25  0.253193  3.5572  4.9886 -1.9649 18.7108 18.1069 14.5627 13.6991 12.5085 12.0962 10.9131 10.4101 10.2242  9.8506  9.0429  9.0081  8.5898
  26  0.259411  3.5584  4.9829 -1.9441 18.6511 18.0297 14.4953 13.6307 12.4395 12.0286 10.8492 10.3466 10.1609  9.7887  8.9896  8.9551  8.5392
  27  0.264153  3.5593  4.9789 -1.9287 18.6070 17.9726 14.4456 13.5802 12.3886 11.9787 10.8022 10.2999 10.1142  9.7430  8.9503  8.9159  8.5020
  28  0.267880  3.5600  4.9762 -1.9171 18.5736 17.9286 14.4077 13.5416 12.3499 11.9406 10.7664 10.2643 10.0787  9.7082  8.9207  8.8865  8.4741
  29  0.270786  3.5605  4.9738 -1.9078 18.5467 17.8931 14.3772 13.5107 12.3188 11.9101 10.7375 10.2357 10.0501  9.6803  8.8969  8.8628  8.4517
  30  0.273235  3.5610  4.9718 -1.8999 18.5236 17.8625 14.3511 13.4841 12.2921 11.8839 10.7129 10.2113 10.0258  9.6564  8.8767  8.8427  8.4326
  31  0.275473  3.5615  4.9700 -1.8926 18.5022 17.8337 14.3266 13.4592 12.2672 11.8593 10.6899 10.1884 10.0030  9.6342  8.8580  8.8241  8.4151
  32  0.277633  3.5620  4.9681 -1.8854 18.4810 17.8052 14.3024 13.4347 12.2426 11.8351 10.6672 10.1659  9.9806  9.6123  8.8396  8.8058  8.3978
  33  0.279807  3.5625  4.9660 -1.8780 18.4592 17.7762 14.2778 13.4097 12.2175 11.8104 10.6440 10.1429  9.9576  9.5899  8.8206  8.7869  8.3799
  34  0.282079  3.5630  4.9636 -1.8702 18.4364 17.7461 14.2521 13.3836 12.1913 11.7847 10.6198 10.1189  9.9337  9.5664  8.8006  8.7670  8.3611
  35  0.284578  3.5635  4.9609 -1.8616 18.4118 17.7139 14.2245 13.3557 12.1632 11.7571 10.5937 10.0931  9.9079  9.5411  8.7789  8.7454  8.3405
  36  0.287356  3.5639  4.9577 -1.8522 18.3850 17.6797 14.1949 13.3257 12.1331 11.7274 10.5657 10.0652  9.8801  9.5139  8.7551  8.7217  8.3179
  37  0.290740  3.5645  4.9539 -1.8413 18.3539 17.6405 14.1606 13.2912 12.0984 11.6932 10.5332 10.0330  9.8479  9.4821  8.7272  8.6939  8.2912
  38  0.294509  3.5650  4.9493 -1.8289 18.3193 17.5974 14.1227 13.2529 12.0600 11.6552 10.4971  9.9971  9.8122  9.4470  8.6960  8.6627  8.2612
  39  0.299104  3.5657  4.9435 -1.8137 18.2770 17.5452 14.0767 13.2065 12.0133 11.6092 10.4532  9.9535  9.7687  9.4041  8.6578  8.6247  8.2245
  40  0.317638  3.5691  4.9214 -1.7520 18.0983 17.3134 13.8791 13.0071 11.8138 11.4119 10.2668  9.7687  9.5843  9.2233  8.5009  8.4684  8.0756
  41  0.350885  3.5786  4.8780 -1.6270 17.7143 16.7781 13.4486 12.5739 11.3860 10.9868  9.8703  9.3774  9.1947  8.8435  8.1832  8.1523  7.7796
  42  0.366079  3.5836  4.8555 -1.5664 17.5205 16.4993 13.2323 12.3574 11.1762 10.7773  9.6762  9.1871  9.0054  8.6596  8.0290  7.9989  7.6365
  43  0.378215  3.5879  4.8365 -1.5156 17.3536 16.2556 13.0460 12.1716 10.9982 10.5995  9.5124  9.0273  8.8466  8.5058  7.8999  7.8704  7.5170
  44  0.389550  3.5924  4.8185 -1.4669 17.1892 16.0141 12.8624 11.9889 10.8247 10.4261  9.3540  8.8735  8.6939  8.3584  7.7760  7.7472  7.4027
  45  0.400084  3.5969  4.8022 -1.4209 17.0301 15.7806 12.6846 11.8122 10.6583 10.2601  9.2035  8.7283  8.5498  8.2198  7.6592  7.6310  7.2952
  46  0.409450  3.6013  4.7878 -1.3793 16.8822 15.5648 12.5192 11.6479 10.5045 10.1072  9.0661  8.5966  8.4194  8.0945  7.5533  7.5257  7.1979
  47  0.417733  3.6054  4.7754 -1.3415 16.7442 15.3695 12.3656 11.4952 10.3615  9.9661  8.9410  8.4778  8.3019  7.9824  7.4573  7.4303  7.1097
  48  0.425132  3.6094  4.7644 -1.3070 16.6156 15.1911 12.2224 11.3527 10.2284  9.8356  8.8264  8.3698  8.1951  7.8810  7.3699  7.3435  7.0293
  49  0.432144  3.6134  4.7543 -1.2739 16.4904 15.0207 12.0825 11.2133 10.0986  9.7088  8.7160  8.2664  8.0931  7.7843  7.2861  7.2603  6.9524
  50  0.438880  3.6174  4.7449 -1.2418 16.3669 14.8558 11.9440 11.0751  9.9703  9.5840  8.6085  8.1663  7.9945  7.6912  7.2049  7.1798  6.8780
  51  0.445514  3.6215  4.7362 -1.2101 16.2429 14.6936 11.8039 10.9348  9.8409  9.4586  8.5012  8.0671  7.8969  7.5994  7.1246  7.1001  6.8045
  52  0.450191  3.6244  4.7301 -1.1877 16.1577 14.5869 11.7055 10.8353  9.7487  9.3695  8.4251  7.9971  7.8280  7.5348  7.0683  7.0442  6.7529
  53  0.454890  3.6275  4.7244 -1.1651 16.0724 14.4836 11.6048 10.7328  9.6537  9.2778  8.3472  7.9256  7.7577  7.4692  7.0111  6.9875  6.7009
  54  0.459554  3.6308  4.7191 -1.1423 15.9846 14.3785 11.5002 10.6261  9.5556  9.1835  8.2678  7.8530  7.6865  7.4029  6.9536  6.9305  6.6487
  55  0.464151  3.6341  4.7140 -1.1197 15.8945 14.2711 11.3932 10.5169  9.4568  9.0886  8.1882  7.7806  7.6156  7.3370  6.8963  6.8738  6.5970
  56  0.468683  3.6376  4.7093 -1.0970 15.7997 14.1573 11.2818 10.4033  9.3561  8.9920  8.1078  7.7079  7.5444  7.2710  6.8391  6.8171  6.5453
  57  0.473154  3.6411  4.7052 -1.0743 15.6986 14.0334 11.1647 10.2844  9.2534  8.8935  8.0266  7.6345  7.4730  7.2048  6.7819  6.7603  6.4937
  58  0.477548  3.6447  4.7011 -1.0520 15.5919 13.8939 11.0431 10.1617  9.1519  8.7961  7.9464  7.5623  7.4027  7.1397  6.7253  6.7043  6.4428
  59  0.481862  3.6484  4.6975 -1.0297 15.4745 13.7306 10.9122 10.0306  9.0488  8.6970  7.8656  7.4896  7.3324  7.0745  6.6687  6.6483  6.3920
  60  0.486110  3.6520  4.6939 -1.0078 15.3498 13.5548 10.7782  9.8976  8.9474  8.5993  7.7862  7.4181  7.2633  7.0103  6.6129  6.5930  6.3417
  61  0.490295  3.6557  4.6905 -0.9859 15.2137 13.3637 10.6387  9.7603  8.8459  8.5014  7.7070  7.3470  7.1948  6.9466  6.5573  6.5379  6.2916
  62  0.494418  3.6594  4.6872 -0.9644 15.0679 13.1620 10.4969  9.6220  8.7461  8.4054  7.6293  7.2770  7.1275  6.8839  6.5023  6.4835  6.2420
  63  0.498475  3.6630  4.6841 -0.9430 14.9098 12.9466 10.3517  9.4821  8.6475  8.3103  7.5524  7.2078  7.0611  6.8219  6.4478  6.4294  6.1928
  64  0.502457  3.6666  4.6810 -0.9220 14.7425 12.7227 10.2067  9.3443  8.5519  8.2182  7.4777  7.1402  6.9965  6.7612  6.3938  6.3760  6.1441
  65  0.506375  3.6703  4.6781 -0.9012 14.5617 12.4900 10.0603  9.2067  8.4584  8.1281  7.4043  7.0739  6.9330  6.7014  6.3405  6.3231  6.0958
  66  0.510223  3.6738  4.6751 -0.8807 14.3676 12.2529  9.9136  9.0705  8.3673  8.0404  7.3329  7.0091  6.8711  6.6430  6.2881  6.2712  6.0484
  67  0.514005  3.6773  4.6722 -0.8606 14.1582 12.0117  9.7664  8.9351  8.2782  7.9549  7.2631  6.9456  6.8105  6.5858  6.2366  6.2201  6.0016
  68  0.517730  3.6808  4.6692 -0.8407 13.9302 11.7683  9.6191  8.8013  8.1915  7.8720  7.1952  6.8838  6.7515  6.5300  6.1861  6.1700  5.9556
  69  0.521389  3.6842  4.6661 -0.8212 13.6539 11.5137  9.4670  8.6661  8.1065  7.7912  7.1291  6.8236  6.6942  6.4755  6.1368  6.1212  5.9109
  70  0.524992  3.6874  4.6629 -0.8019 13.3651 11.2629  9.3168  8.5337  8.0241  7.7132  7.0650  6.7650  6.6383  6.4226  6.0886  6.0734  5.8670
  71  0.528530  3.6906  4.6599 -0.7830 13.0743 11.0187  9.1692  8.4043  7.9437  7.6374  7.0024  6.7078  6.5838  6.3707  6.0414  6.0267  5.8241
  72  0.532021  3.6937  4.6565 -0.7644 12.7977 10.7911  9.0289  8.2810  7.8662  7.5645  6.9418  6.6521  6.5306  6.3201  5.9952  5.9808  5.7819
  73  0.535458  3.6967  4.6530 -0.7461 12.5380 10.5799  8.8953  8.1635  7.7914  7.4939  6.8828  6.5978  6.4785  6.2706  5.9499  5.9359  5.7405
  74  0.538847  3.6996  4.6494 -0.7280 12.3304 10.4049  8.7758  8.0565  7.7199  7.4264  6.8257  6.5449  6.4276  6.2220  5.9054  5.8917  5.6996
  75  0.542184  3.7024  4.6457 -0.7103 12.1749 10.2650  8.6703  7.9598  7.6514  7.3615  6.7702  6.4933  6.3777  6.1744  5.8617  5.8483  5.6596
  76  0.545476  3.7052  4.6418 -0.6929 12.0486 10.1469  8.5738  7.8700  7.5856  7.2992  6.7162  6.4430  6.3289  6.1278  5.8188  5.8058  5.6201
  77  0.548717  3.7079  4.6378 -0.6758 11.9344 10.0400  8.4827  7.7849  7.5220  7.2388  6.6639  6.3940  6.2812  6.0822  5.7769  5.7641  5.5813
  78  0.551918  3.7104  4.6336 -0.6588 11.8272  9.9409  8.3955  7.7031  7.4602  7.1803  6.6128  6.3460  6.2345  6.0375  5.7356  5.7232  5.5433
  79  0.555067  3.7129  4.6294 -0.6422 11.7222  9.8464  8.3108  7.6238  7.3999  7.1232  6.5628  6.2990  6.1888  5.9937  5.6952  5.6830  5.5058
  80  0.558169  3.7153  4.6251 -0.6258 11.6156  9.7538  8.2277  7.5461  7.3409  7.0674  6.5140  6.2530  6.1439  5.9507  5.6554  5.6434  5.4690
  81  0.561223  3.7177  4.6207 -0.6095 11.4749  9.6446  8.1396  7.4658  7.2826  7.0125  6.4661  6.2080  6.1000  5.9086  5.6163  5.6047  5.4328
  82  0.565381  3.7209  4.6146 -0.5874 11.2680  9.4902  8.0180  7.3557  7.2034  6.9380  6.4014  6.1470  6.0406  5.8516  5.5634  5.5521  5.3835
  83  0.569492  3.7240  4.6083 -0.5654 11.0525  9.3339  7.8967  7.2465  7.1254  6.8648  6.3377  6.0869  5.9821  5.7953  5.5110  5.5000  5.3348
  84  0.573553  3.7270  4.6018 -0.5436 10.8364  9.1798  7.7776  7.1397  7.0488  6.7931  6.2752  6.0279  5.9245  5.7399  5.4594  5.4487  5.2867
  85  0.577559  3.7300  4.5950 -0.5219 10.6239  9.0294  7.6614  7.0356  6.9738  6.7229  6.2138  5.9698  5.8679  5.6853  5.4083  5.3980  5.2391
  86  0.581504  3.7329  4.5879 -0.5005 10.4211  8.8852  7.5490  6.9348  6.9003  6.6540  6.1534  5.9127  5.8121  5.6316  5.3581  5.3480  5.1920
  87  0.585382  3.7357  4.5806 -0.4792 10.2332  8.7493  7.4414  6.8378  6.8284  6.5865  6.0942  5.8566  5.7572  5.5787  5.3085  5.2987  5.1455
  88  0.589194  3.7383  4.5731 -0.4582 10.0551  8.6195  7.3377  6.7441  6.7580  6.5204  6.0361  5.8013  5.7033  5.5266  5.2596  5.2500  5.0995
  89  0.592934  3.7409  4.5653 -0.4374  9.8854  8.4950  7.2377  6.6537  6.6894  6.4559  5.9791  5.7471  5.6501  5.4752  5.2112  5.2019  5.0539
  90  0.596595  3.7434  4.5573 -0.4167  9.7226  8.3748  7.1408  6.5661  6.6221  6.3926  5.9230  5.6937  5.5977  5.4246  5.1634  5.1544  5.0087
  91  0.600179  3.7458  4.5489 -0.3964  9.5678  8.2596  7.0474  6.4815  6.5565  6.3306  5.8680  5.6411  5.5461  5.3747  5.1162  5.1073  4.9640
  92  0.603676  3.7480  4.5404 -0.3762  9.4190  8.1480  6.9567  6.3993  6.4921  6.2699  5.8139  5.5893  5.4953  5.3253  5.0695  5.0608  4.9197
  93  0.607095  3.7502  4.5316 -0.3562  9.2789  8.0415  6.8697  6.3206  6.4295  6.2106  5.7606  5.5383  5.4451  5.2765  5.0231  5.0146  4.8755
  94  0.610433  3.7523  4.5225 -0.3365  9.1450  7.9387  6.7856  6.2442  6.3681  6.1525  5.7082  5.4879  5.3955  5.2283  4.9770  4.9688  4.8315
  95  0.613690  3.7543  4.5133 -0.3169  9.0156  7.8386  6.7034  6.1696  6.3077  6.0952  5.6565  5.4381  5.3465  5.1805  4.9315  4.9235  4.7879
  96  0.616871  3.7562  4.5038 -0.2975  8.8920  7.7421  6.6238  6.0972  6.2485  6.0390  5.6055  5.3889  5.2981  5.1333  4.8863  4.8784  4.7446
  97  0.619972  3.7581  4.4941 -0.2782  8.7726  7.6480  6.5461  6.0265  6.1903  5.9835  5.5552  5.3403  5.2501  5.0865  4.8416  4.8338  4.7016
  98  0.622996  3.7598  4.4840 -0.2591  8.6592  7.5577  6.4710  5.9580  6.1331  5.9291  5.5055  5.2923  5.2027  5.0402  4.7971  4.7895  4.6588
  99  0.625940  3.7615  4.4738 -0.2402  8.5493  7.4694  6.3976  5.8910  6.0768  5.8754  5.4564  5.2448  5.1559  4.9944  4.7530  4.7456  4.6163
 100  0.628807  3.7630  4.4633 -0.2214  8.4441  7.3841  6.3263  5.8258  6.0216  5.8225  5.4079  5.1978  5.1095  4.9490  4.7093  4.7020  4.5741
 101  0.631595  3.7645  4.4525 -0.2029  8.3406  7.2995  6.2556  5.7611  5.9668  5.7703  5.3601  5.1515  5.0639  4.9044  4.6664  4.6591  4.5326
 102  0.634306  3.7659  4.4416 -0.1844  8.2414  7.2174  6.1869  5.6981  5.9130  5.7190  5.3129  5.1058  5.0187  4.8602  4.6237  4.6166  4.4912
 103  0.636940  3.7672  4.4305 -0.1662  8.1451  7.1374  6.1198  5.6364  5.8601  5.6682  5.2663  5.0606  4.9740  4.8165  4.5815  4.5745  4.4503
 104  0.639500  3.7684  4.4191 -0.1483  8.0528  7.0599  6.0546  5.5764  5.8081  5.6184  5.2203  5.0159  4.9299  4.7732  4.5396  4.5328  4.4096
 105  0.641989  3.7696  4.4077 -0.1304  7.9637  6.9849  5.9912  5.5180  5.7570  5.5693  5.1748  4.9717  4.8862  4.7304  4.4981  4.4913  4.3692
 106  0.644412  3.7707  4.3961 -0.1128  7.8786  6.9127  5.9298  5.4612  5.7068  5.5210  5.1299  4.9280  4.8430  4.6879  4.4569  4.4502  4.3290
 107  0.646775  3.7717  4.3844 -0.0953  7.7973  6.8432  5.8705  5.4062  5.6575  5.4736  5.0856  4.8848  4.8003  4.6459  4.4160  4.4095  4.2891
 108  0.649083  3.7727  4.3726 -0.0781  7.7188  6.7757  5.8127  5.3526  5.6092  5.4268  5.0418  4.8421  4.7580  4.6043  4.3755  4.3690  4.2494
 109  0.651347  3.7736  4.3607 -0.0610  7.6441  6.7111  5.7569  5.3006  5.5617  5.3809  4.9986  4.7998  4.7161  4.5631  4.3353  4.3289  4.2101
 110  0.653578  3.7745  4.3486 -0.0442  7.5723  6.6487  5.7028  5.2500  5.5151  5.3357  4.9559  4.7581  4.6747  4.5223  4.2955  4.2891  4.1709
 111  0.655742  3.7753  4.3367 -0.0276  7.5022  6.5875  5.6496  5.2004  5.4693  5.2911  4.9139  4.7168  4.6338  4.4820  4.2562  4.2498  4.1323
 112  0.656496  3.7756  4.3324 -0.0215  7.4754  6.5644  5.6298  5.1819  5.4524  5.2747  4.8985  4.7018  4.6190  4.4673  4.2419  4.2355  4.1184
 113  0.657250  3.7760  4.3283 -0.0154  7.4476  6.5405  5.6095  5.1631  5.4352  5.2581  4.8829  4.6867  4.6040  4.4526  4.2276  4.2212  4.1043
 114  0.658003  3.7764  4.3241 -0.0093  7.4194  6.5163  5.5889  5.1441  5.4177  5.2413  4.8672  4.6714  4.5888  4.4378  4.2131  4.2068  4.0902
 115  0.658758  3.7767  4.3198 -0.0031  7.3920  6.4926  5.5687  5.1253  5.4005  5.2245  4.8515  4.6561  4.5736  4.4228  4.1985  4.1923  4.0760
 116  0.659511  3.7770  4.3153  0.0032  7.3656  6.4697  5.5487  5.1067  5.3831  5.2078  4.8357  4.6405  4.5582  4.4076  4.1837  4.1775  4.0614
 117  0.660261  3.7773  4.3106  0.0095  7.3403  6.4473  5.5292  5.0883  5.3658  5.1908  4.8196  4.6247  4.5425  4.3922  4.1686  4.1624  4.0466
 118  0.661006  3.7775  4.3056  0.0160  7.3159  6.4256  5.5098  5.0702  5.3484  5.1738  4.8033  4.6087  4.5266  4.3764  4.1531  4.1469  4.0313
 119  0.661750  3.7777  4.3004  0.0225  7.2921  6.4042  5.4907  5.0520  5.3309  5.1567  4.7869  4.5924  4.5105  4.3604  4.1374  4.1312  4.0158
 120  0.662490  3.7779  4.2951  0.0291  7.2689  6.3831  5.4718  5.0339  5.3133  5.1394  4.7702  4.5760  4.4941  4.3442  4.1214  4.1152  3.9999
 121  0.663228  3.7781  4.2897  0.0358  7.2459  6.3623  5.4529  5.0160  5.2955  5.1220  4.7533  4.5593  4.4775  4.3278  4.1052  4.0990  3.9839
 122  0.663963  3.7783  4.2841  0.0425  7.2233  6.3417  5.4340  4.9979  5.2778  5.1045  4.7363  4.5425  4.4608  4.3112  4.0888  4.0826  3.9676
 123  0.664694  3.7785  4.2784  0.0494  7.2004  6.3208  5.4150  4.9797  5.2598  5.0867  4.7191  4.5255  4.4438  4.2943  4.0721  4.0660  3.9511
 124  0.665423  3.7786  4.2727  0.0563  7.1773  6.2997  5.3957  4.9613  5.2415  5.0687  4.7017  4.5083  4.4267  4.2773  4.0553  4.0493  3.9344
 125  0.666152  3.7788  4.2669  0.0632  7.1544  6.2787  5.3765  4.9429  5.2233  5.0507  4.6843  4.4910  4.4095  4.2602  4.0384  4.0324  3.9177
 126  0.666879  3.7790  4.2611  0.0702  7.1316  6.2578  5.3573  4.9244  5.2049  5.0327  4.6667  4.4737  4.3922  4.2430  4.0214  4.0154  3.9007
 127  0.667605  3.7791  4.2551  0.0772  7.1093  6.2371  5.3382  4.9061  5.1866  5.0146  4.6490  4.4561  4.3747  4.2257  4.0042  3.9982  3.8836
 128  0.668329  3.7792  4.2490  0.0843  7.0871  6.2165  5.3190  4.8877  5.1682  4.9963  4.6312  4.4385  4.3571  4.2082  3.9868  3.9808  3.8664
 129  0.669050  3.7793  4.2427  0.0914  7.0655  6.1962  5.3000  4.8694  5.1497  4.9780  4.6133  4.4206  4.3394  4.1905  3.9692  3.9632  3.8489
 130  0.669767  3.7794  4.2363  0.0986  7.0447  6.1765  5.2813  4.8511  5.1312  4.9596  4.5952  4.4026  4.3214  4.1726  3.9514  3.9454  3.8312
 131  0.670481  3.7795  4.2296  0.1059  7.0244  6.1569  5.2627  4.8330  5.1126  4.9412  4.5770  4.3845  4.3033  4.1545  3.9334  3.9274  3.8132
 132  0.671189  3.7795  4.2228  0.1133  7.0047  6.1378  5.2442  4.8149  5.0939  4.9227  4.5586  4.3661  4.2850  4.1362  3.9152  3.9091  3.7949
 133  0.671895  3.7795  4.2158  0.1207  6.9855  6.1189  5.2258  4.7969  5.0752  4.9040  4.5401  4.3476  4.2665  4.1177  3.8967  3.8906  3.7764
 134  0.672595  3.7794  4.2087  0.1282  6.9667  6.1002  5.2075  4.7788  5.0565  4.8853  4.5214  4.3290  4.2478  4.0991  3.8781  3.8719  3.7576
 135  0.673289  3.7794  4.2013  0.1357  6.9487  6.0820  5.1894  4.7608  5.0377  4.8665  4.5026  4.3101  4.2290  4.0802  3.8591  3.8530  3.7386
 136  0.673978  3.7793  4.1938  0.1433  6.9313  6.0641  5.1715  4.7429  5.0189  4.8477  4.4837  4.2911  4.2099  4.0611  3.8400  3.8339  3.7193
 137  0.674661  3.7792  4.1861  0.1510  6.9147  6.0468  5.1537  4.7251  5.0001  4.8287  4.4646  4.2719  4.1907  4.0418  3.8205  3.8144  3.6998
 138  0.675337  3.7790  4.1782  0.1588  6.8991  6.0299  5.1363  4.7076  4.9812  4.8098  4.4453  4.2526  4.1713  4.0223  3.8009  3.7948  3.6799
 139  0.676006  3.7788  4.1700  0.1666  6.8841  6.0135  5.1189  4.6900  4.9624  4.7907  4.4259  4.2331  4.1517  4.0026  3.7810  3.7748  3.6598
 140  0.676668  3.7786  4.1616  0.1745  6.8702  5.9977  5.1021  4.6727  4.9436  4.7716  4.4064  4.2134  4.1320  3.9827  3.7608  3.7546  3.6394
 141  0.677323  3.7783  4.1529  0.1825  6.8577  5.9828  5.0855  4.6557  4.9248  4.7526  4.3868  4.1935  4.1120  3.9625  3.7404  3.7342  3.6187
 142  0.677968  3.7780  4.1440  0.1905  6.8462  5.9685  5.0694  4.6388  4.9061  4.7335  4.3671  4.1734  4.0919  3.9422  3.7197  3.7135  3.5977
 143  0.678606  3.7776  4.1348  0.1986  6.8370  5.9559  5.0542  4.6227  4.8876  4.7146  4.3473  4.1532  4.0715  3.9216  3.6987  3.6924  3.5762
 144  0.679235  3.7772  4.1253  0.2067  6.8294  5.9445  5.0395  4.6070  4.8692  4.6956  4.3273  4.1328  4.0510  3.9008  3.6773  3.6711  3.5545
 145  0.679855  3.7767  4.1156  0.2149  6.8231  5.9340  5.0255  4.5916  4.8508  4.6766  4.3072  4.1123  4.0303  3.8797  3.6558  3.6495  3.5325
 146  0.680465  3.7762  4.1054  0.2232  6.8198  5.9254  5.0125  4.5770  4.8328  4.6578  4.2871  4.0916  4.0094  3.8585  3.6339  3.6275  3.5100
 147  0.681066  3.7755  4.0950  0.2315  6.8177  5.9176  5.0000  4.5628  4.8149  4.6390  4.2668  4.0708  3.9883  3.8370  3.6117  3.6053  3.4873
 148  0.681656  3.7748  4.0842  0.2398  6.8182  5.9117  4.9885  4.5493  4.7972  4.6204  4.2465  4.0498  3.9671  3.8154  3.5893  3.5829  3.4642
 149  0.682236  3.7741  4.0734  0.2482  6.8193  5.9061  4.9772  4.5358  4.7795  4.6018  4.2261  4.0287  3.9458  3.7935  3.5667  3.5602  3.4408
 150  0.682804  3.7734  4.0623  0.2567  6.8216  5.9013  4.9663  4.5227  4.7618  4.5831  4.2055  4.0075  3.9243  3.7715  3.5439  3.5373  3.4173
 151  0.683362  3.7726  4.0510  0.2652  6.8260  5.8979  4.9561  4.5102  4.7444  4.5645  4.1850  3.9862  3.9027  3.7494  3.5209  3.5143  3.3935
 152  0.683908  3.7718  4.0394  0.2738  6.8315  5.8953  4.9465  4.4980  4.7270  4.5459  4.1643  3.9647  3.8809  3.7271  3.4977  3.4910  3.3695
 153  0.684444  3.7709  4.0276  0.2824  6.8394  5.8942  4.9377  4.4865  4.7100  4.5275  4.1436  3.9432  3.8591  3.7047  3.4743  3.4675  3.3452
 154  0.684968  3.7699  4.0153  0.2910  6.8515  5.8961  4.9307  4.4762  4.6934  4.5095  4.1230  3.9216  3.8371  3.6821  3.4506  3.4437  3.3205
 155  0.685479  3.7688  4.0027  0.2997  6.8659  5.8994  4.9246  4.4667  4.6771  4.4916  4.1024  3.9000  3.8151  3.6593  3.4267  3.4197  3.2955
 156  0.685978  3.7676  3.9897  0.3084  6.8832  5.9047  4.9196  4.4580  4.6613  4.4740  4.0818  3.8782  3.7930  3.6364  3.4026  3.3954  3.2701
 157  0.686465  3.7664  3.9764  0.3171  6.9034  5.9118  4.9157  4.4502  4.6458  4.4566  4.0613  3.8565  3.7708  3.6134  3.3782  3.3709  3.2446
 158  0.686940  3.7649  3.9622  0.3259  6.9325  5.9248  4.9155  4.4453  4.6317  4.4403  4.0410  3.8349  3.7486  3.5902  3.3534  3.3460  3.2184
 159  0.687401  3.7633  3.9471  0.3346  6.9697  5.9430  4.9187  4.4429  4.6189  4.4249  4.0212  3.8133  3.7264  3.5670  3.3283  3.3208  3.1916
 160  0.687848  3.7615  3.9315  0.3432  7.0098  5.9619  4.9226  4.4412  4.6069  4.4102  4.0018  3.7921  3.7046  3.5439  3.3031  3.2955  3.1646
 161  0.688281  3.7595  3.9151  0.3519  7.0563  5.9846  4.9290  4.4414  4.5960  4.3964  3.9827  3.7712  3.6829  3.5208  3.2777  3.2699  3.1373
 162  0.688763  3.7569  3.8952  0.3617  7.1218  6.0180  4.9412  4.4455  4.5856  4.3822  3.9618  3.7476  3.6584  3.4946  3.2485  3.2405  3.1054
 163  0.689238  3.7541  3.8737  0.3724  7.1944  6.0544  4.9548  4.4506  4.5747  4.3672  3.9394  3.7225  3.6323  3.4665  3.2172  3.2089  3.0713
 164  0.689707  3.7511  3.8508  0.3839  7.2749  6.0943  4.9700  4.4568  4.5634  4.3515  3.9158  3.6959  3.6046  3.4367  3.1840  3.1754  3.0349
 165  0.690165  3.7480  3.8262  0.3962  7.3616  6.1362  4.9858  4.4631  4.5508  4.3342  3.8902  3.6671  3.5747  3.4047  3.1482  3.1393  2.9959
 166  0.690610  3.7449  3.8004  0.4100  7.4506  6.1777  5.0000  4.4679  4.5355  4.3141  3.8617  3.6353  3.5417  3.3695  3.1094  3.1002  2.9537
 167  0.691036  3.7420  3.7735  0.4250  7.5364  6.2149  5.0104  4.4690  4.5166  4.2904  3.8296  3.6003  3.5055  3.3312  3.0674  3.0580  2.9085
 168  0.691441  3.7392  3.7461  0.4416  7.6117  6.2440  5.0143  4.4645  4.4930  4.2624  3.7940  3.5617  3.4659  3.2896  3.0224  3.0128  2.8605
 169  0.691825  3.7367  3.7189  0.4594  7.6714  6.2618  5.0098  4.4528  4.4641  4.2297  3.7547  3.5199  3.4232  3.2452  2.9750  2.9651  2.8104
 170  0.692189  3.7346  3.6918  0.4782  7.7181  6.2706  4.9985  4.4353  4.4310  4.1933  3.7124  3.4753  3.3779  3.1984  2.9256  2.9154  2.7586
 171  0.692534  3.7328  3.6651  0.4978  7.7507  6.2697  4.9803  4.4118  4.3941  4.1534  3.6676  3.4286  3.3305  3.1497  2.8746  2.8643  2.7056
 172  0.692865  3.7312  3.6388  0.5180  7.7750  6.2620  4.9568  4.3838  4.3539  4.1108  3.6207  3.3802  3.2815  3.0996  2.8227  2.8121  2.6518
 173  0.693183  3.7298  3.6129  0.5387  7.7909  6.2486  4.9291  4.3521  4.3112  4.0660  3.5724  3.3305  3.2313  3.0485  2.7698  2.7592  2.5974
 174  0.693491  3.7287  3.5874  0.5597  7.7979  6.2295  4.8975  4.3171  4.2667  4.0195  3.5229  3.2797  3.1801  2.9965  2.7164  2.7056  2.5426
 175  0.693791  3.7276  3.5622  0.5810  7.7969  6.2057  4.8625  4.2794  4.2203  3.9716  3.4723  3.2281  3.1282  2.9439  2.6625  2.6516  2.4875
 176  0.694083  3.7267  3.5373  0.6024  7.7894  6.1779  4.8248  4.2393  4.1727  3.9226  3.4209  3.1759  3.0757  2.8907  2.6082  2.5972  2.4321
 177  0.694371  3.7259  3.5127  0.6241  7.7770  6.1472  4.7853  4.1977  4.1241  3.8727  3.3691  3.1232  3.0227  2.8371  2.5536  2.5426  2.3766
 178  0.694654  3.7252  3.4881  0.6458  7.7608  6.1143  4.7442  4.1548  4.0747  3.8223  3.3168  3.0702  2.9695  2.7834  2.4989  2.4878  2.3209
 179  0.694932  3.7244  3.4636  0.6676  7.7427  6.0803  4.7024  4.1112  4.0251  3.7715  3.2642  3.0169  2.9160  2.7294  2.4440  2.4328  2.2651
 180  0.695206  3.7238  3.4392  0.6895  7.7212  6.0444  4.6594  4.0668  3.9748  3.7203  3.2114  2.9633  2.8622  2.6751  2.3888  2.3775  2.2092
 181  0.695474  3.7231  3.4147  0.7115  7.6985  6.0077  4.6158  4.0217  3.9242  3.6687  3.1581  2.9095  2.8081  2.6206  2.3334  2.3220  2.1528
 182  0.695638  3.7227  3.3995  0.7253  7.6832  5.9842  4.5882  3.9933  3.8925  3.6363  3.1249  2.8758  2.7743  2.5865  2.2988  2.2874  2.1178
 183  0.695800  3.7223  3.3841  0.7392  7.6673  5.9601  4.5600  3.9643  3.8602  3.6035  3.0911  2.8416  2.7400  2.5519  2.2637  2.2522  2.0822
 184  0.695963  3.7219  3.3684  0.7534  7.6506  5.9353  4.5313  3.9347  3.8273  3.5700  3.0566  2.8067  2.7050  2.5167  2.2279  2.2165  2.0459
 185  0.696125  3.7215  3.3525  0.7679  7.6335  5.9102  4.5020  3.9047  3.7940  3.5361  3.0218  2.7714  2.6696  2.4809  2.1916  2.1801  2.0092
 186  0.696287  3.7211  3.3362  0.7827  7.6162  5.8845  4.4722  3.8741  3.7598  3.5013  2.9860  2.7354  2.6333  2.4444  2.1545  2.1430  1.9715
 187  0.696448  3.7207  3.3195  0.7978  7.5983  5.8583  4.4417  3.8426  3.7250  3.4658  2.9495  2.6983  2.5962  2.4069  2.1165  2.1049  1.9330
 188  0.696606  3.7203  3.3023  0.8135  7.5770  5.8294  4.4089  3.8091  3.6882  3.4285  2.9112  2.6596  2.5574  2.3678  2.0769  2.0653  1.8929
 189  0.696763  3.7199  3.2840  0.8301  7.5563  5.8000  4.3751  3.7744  3.6497  3.3893  2.8709  2.6190  2.5165  2.3266  2.0351  2.0234  1.8505
 190  0.696916  3.7194  3.2647  0.8478  7.5343  5.7689  4.3392  3.7377  3.6090  3.3479  2.8284  2.5759  2.4733  2.2830  1.9909  1.9791  1.8057
 191  0.697068  3.7189  3.2444  0.8660  7.5122  5.7371  4.3023  3.6998  3.5669  3.3051  2.7842  2.5311  2.4285  2.2378  1.9449  1.9331  1.7591
 192  0.697217  3.7184  3.2236  0.8850  7.4878  5.7033  4.2634  3.6599  3.5229  3.2603  2.7382  2.4846  2.3818  2.1907  1.8971  1.8852  1.7107
 193  0.697362  3.7179  3.2017  0.9047  7.4644  5.6694  4.2239  3.6193  3.4777  3.2142  2.6907  2.4364  2.3334  2.1419  1.8475  1.8356  1.6604
 194  0.697506  3.7173  3.1793  0.9251  7.4398  5.6344  4.1832  3.5775  3.4311  3.1668  2.6417  2.3869  2.2836  2.0916  1.7965  1.7845  1.6087
 195  0.697648  3.7168  3.1563  0.9459  7.4133  5.5977  4.1409  3.5341  3.3830  3.1178  2.5914  2.3358  2.2324  2.0399  1.7441  1.7320  1.5555
 196  0.697786  3.7162  3.1323  0.9674  7.3881  5.5612  4.0981  3.4900  3.3338  3.0676  2.5395  2.2832  2.1796  1.9867  1.6898  1.6777  1.5004
 197  0.697922  3.7155  3.1078  0.9895  7.3556  5.5205  4.0529  3.4438  3.2831  3.0161  2.4862  2.2293  2.1254  1.9319  1.6342  1.6220  1.4441
 198  0.698055  3.7149  3.0825  1.0123  7.3215  5.4785  4.0069  3.3969  3.2314  2.9633  2.4317  2.1740  2.0700  1.8759  1.5772  1.5649  1.3862
 199  0.698185  3.7141  3.0563  1.0356  7.2871  5.4359  3.9599  3.3487  3.1783  2.9092  2.3757  2.1171  2.0128  1.8182  1.5184  1.5061  1.3264
 200  0.698312  3.7134  3.0295  1.0595  7.2522  5.3926  3.9120  3.2995  3.1240  2.8540  2.3184  2.0591  1.9545  1.7593  1.4584  1.4460  1.2656
 201  0.698435  3.7126  3.0021  1.0840  7.2176  5.3493  3.8635  3.2496  3.0687  2.7974  2.2598  1.9996  1.8948  1.6989  1.3970  1.3844  1.2030
 202  0.698555  3.7117  2.9735  1.1091  7.1859  5.3072  3.8153  3.1999  3.0126  2.7401  2.2001  1.9388  1.8337  1.6371  1.3339  1.3213  1.1388
 203  0.698671  3.7108  2.9442  1.1346  7.1546  5.2652  3.7669  3.1496  2.9557  2.6818  2.1392  1.8769  1.7715  1.5742  1.2696  1.2569  1.0733
 204  0.698784  3.7098  2.9142  1.1608  7.1240  5.2235  3.7180  3.0987  2.8978  2.6224  2.0770  1.8137  1.7080  1.5098  1.2039  1.1910  1.0063
 205  0.698893  3.7088  2.8835  1.1876  7.0945  5.1823  3.6688  3.0474  2.8389  2.5620  2.0139  1.7493  1.6433  1.4443  1.1369  1.1240  0.9379
 206  0.698997  3.7077  2.8520  1.2148  7.0658  5.1415  3.6195  2.9957  2.7792  2.5007  1.9497  1.6839  1.5775  1.3777  1.0687  1.0556  0.8683
 207  0.699099  3.7066  2.8199  1.2424  7.0390  5.1019  3.5702  2.9439  2.7189  2.4387  1.8844  1.6174  1.5106  1.3099  0.9993  0.9860  0.7974
 208  0.699195  3.7054  2.7871  1.2707  7.0139  5.0634  3.5209  2.8919  2.6578  2.3758  1.8183  1.5500  1.4428  1.2411  0.9288  0.9154  0.7253
 209  0.699289  3.7042  2.7538  1.2992  6.9907  5.0261  3.4717  2.8397  2.5961  2.3122  1.7513  1.4816  1.3740  1.1713  0.8573  0.8438  0.6521
 210  0.699378  3.7030  2.7199  1.3282  6.9700  4.9905  3.4228  2.7877  2.5337  2.2480  1.6835  1.4123  1.3043  1.1007  0.7848  0.7711  0.5779
 211  0.699463  3.7017  2.6854  1.3576  6.9528  4.9573  3.3745  2.7360  2.4711  2.1832  1.6149  1.3424  1.2339  1.0291  0.7114  0.6976  0.5028
 212  0.699545  3.7004  2.6505  1.3873  6.9393  4.9266  3.3269  2.6847  2.4080  2.1178  1.5458  1.2716  1.1627  0.9568  0.6371  0.6231  0.4267
 213  0.699623  3.6990  2.6150  1.4173  6.9308  4.8993  3.2803  2.6340  2.3447  2.0522  1.4760  1.2002  1.0908  0.8838  0.5621  0.5479  0.3498
 214  0.699697  3.6976  2.5791  1.4476  6.9542  4.8873  3.2393  2.5874  2.2817  1.9862  1.4056  1.1280  1.0180  0.8098  0.4859  0.4716  0.2718
 215  0.699767  3.6962  2.5428  1.4783  6.9862  4.8807  3.2003  2.5422  2.2188  1.9202  1.3347  1.0552  0.9446  0.7352  0.4091  0.3946  0.1931
 216  0.699835  3.6947  2.5060  1.5091  7.0240  4.8786  3.1628  2.4982  2.1560  1.8540  1.2634  0.9819  0.8706  0.6599  0.3316  0.3170  0.1137
 217  0.699845  3.6945  2.5005  1.5138  7.0301  4.8786  3.1573  2.4917  2.1465  1.8441  1.2527  0.9709  0.8595  0.6486  0.3198  0.3052  0.1017
 218  0.699855  3.6942  2.4949  1.5184  7.0360  4.8786  3.1518  2.4851  2.1372  1.8342  1.2420  0.9598  0.8484  0.6372  0.3081  0.2935  0.0896
 219  0.699864  3.6940  2.4893  1.5231  7.0427  4.8793  3.1466  2.4788  2.1278  1.8242  1.2311  0.9487  0.8371  0.6258  0.2963  0.2816  0.0774
 220  0.699874  3.6937  2.4836  1.5278  7.0497  4.8800  3.1414  2.4725  2.1184  1.8142  1.2203  0.9376  0.8258  0.6144  0.2845  0.2698  0.0653
 221  0.699884  3.6935  2.4779  1.5325  7.0566  4.8808  3.1362  2.4662  2.1090  1.8042  1.2094  0.9263  0.8145  0.6028  0.2726  0.2579  0.0531
 222  0.699893  3.6932  2.4722  1.5373  7.0635  4.8815  3.1310  2.4599  2.0995  1.7942  1.1986  0.9151  0.8032  0.5913  0.2607  0.2459  0.0408
 223  0.699902  3.6930  2.4664  1.5421  7.0713  4.8828  3.1260  2.4537  2.0901  1.7842  1.1877  0.9038  0.7918  0.5796  0.2486  0.2338  0.0285
 224  0.699912  3.6927  2.4606  1.5469  7.0786  4.8838  3.1208  2.4474  2.0806  1.7741  1.1767  0.8925  0.7803  0.5679  0.2365  0.2217  0.0161
 225  0.699921  3.6925  2.4548  1.5517  7.0867  4.8854  3.1159  2.4413  2.0711  1.7641  1.1657  0.8812  0.7688  0.5562  0.2244  0.2096  0.0036
 226  0.699930  3.6922  2.4489  1.5566  7.0945  4.8868  3.1108  2.4351  2.0616  1.7539  1.1546  0.8697  0.7572  0.5444  0.2122  0.1974 -0.0089
 227  0.700016  3.6898  2.3932  1.6025  7.1745  4.9064  3.0653  2.3780  1.9718  1.6581  1.0498  0.7614  0.6478  0.4327  0.0966  0.0815 -0.1277
 228  0.700096  3.6872  2.3367  1.6489  7.2615  4.9354  3.0230  2.3236  1.8824  1.5624  0.9445  0.6524  0.5375  0.3201 -0.0200 -0.0354 -0.2476
 229  0.700169  3.6847  2.2806  1.6948  7.3515  4.9734  2.9847  2.2729  1.7953  1.4686  0.8408  0.5449  0.4287  0.2090 -0.1353 -0.1510 -0.3663
 230  0.700235  3.6823  2.2283  1.7375  7.4309  5.0134  2.9508  2.2274  1.7150  1.3821  0.7448  0.4452  0.3278  0.1058 -0.2424 -0.2584 -0.4766
 231  0.700294  3.6802  2.1826  1.7747  7.4754  5.0441  2.9192  2.1861  1.6450  1.3067  0.6614  0.3586  0.2402  0.0161 -0.3355 -0.3518 -0.5726
 232  0.700351  3.6787  2.1486  1.8028  7.4865  5.0589  2.8914  2.1518  1.5913  1.2494  0.5983  0.2933  0.1742 -0.0513 -0.4055 -0.4219 -0.6445
 233  0.700404  3.6787  2.1419  1.8093  7.4729  5.0459  2.8767  2.1370  1.5754  1.2333  0.5821  0.2770  0.1578 -0.0678 -0.4220 -0.4384 -0.6611
 234  0.700463  3.6776  2.1165  1.8308  7.4711  5.0497  2.8516  2.1076  1.5328  1.1882  0.5332  0.2266  0.1069 -0.1195 -0.4755 -0.4920 -0.7160
 235  0.700517  3.6745  2.0529  1.8821  7.4915  5.0984  2.8110  2.0542  1.4393  1.0872  0.4205  0.1093 -0.0118 -0.2414 -0.6025 -0.6195 -0.8475
 236  0.700566  3.6714  1.9897  1.9329  7.5002  5.1537  2.7738  2.0041  1.3483  0.9886  0.3099 -0.0062 -0.1287 -0.3614 -0.7280 -0.7453 -0.9774
 237  0.700611  3.6682  1.9277  1.9821  7.5034  5.2220  2.7441  1.9617  1.2630  0.8954  0.2044 -0.1166 -0.2407 -0.4767 -0.8488 -0.8665 -1.1030
 238  0.700650  3.6651  1.8672  2.0301  7.5004  5.2981  2.7194  1.9246  1.1818  0.8064  0.1028 -0.2233 -0.3488 -0.5882 -0.9659 -0.9842 -1.2252
 239  0.700684  3.6620  1.8091  2.0759  7.4938  5.3818  2.6997  1.8931  1.1059  0.7226  0.0065 -0.3245 -0.4517 -0.6943 -1.0778 -1.0963 -1.3417
 240  0.700716  3.6589  1.7500  2.1224  7.4841  5.4815  2.6842  1.8657  1.0304  0.6388 -0.0904 -0.4267 -0.5554 -0.8014 -1.1907 -1.2098 -1.4597
 241  0.700745  3.6558  1.6932  2.1670  7.4687  5.5815  2.6722  1.8427  0.9598  0.5599 -0.1821 -0.5237 -0.6540 -0.9035 -1.2985 -1.3180 -1.5724
 242  0.700771  3.6527  1.6367  2.2112  7.4473  5.6829  2.6626  1.8230  0.8912  0.4829 -0.2725 -0.6195 -0.7513 -1.0043 -1.4051 -1.4251 -1.6840
 243  0.700794  3.6498  1.5825  2.2535  7.4210  5.7800  2.6551  1.8067  0.8267  0.4102 -0.3585 -0.7107 -0.8441 -1.1004 -1.5071 -1.5275 -1.7909
 244  0.700815  3.6468  1.5285  2.2956  7.3898  5.8749  2.6494  1.7932  0.7642  0.3393 -0.4429 -0.8005 -0.9355 -1.1953 -1.6080 -1.6288 -1.8966
 245  0.700834  3.6437  1.4748  2.3371  7.3554  5.9696  2.6471  1.7843  0.7047  0.2711 -0.5252 -0.8883 -1.0250 -1.2884 -1.7072 -1.7285 -2.0010
 246  0.700851  3.6407  1.4221  2.3776  7.3195  6.0579  2.6490  1.7814  0.6494  0.2069 -0.6040 -0.9728 -1.1113 -1.3784 -1.8034 -1.8251 -2.1023
 247  0.700867  3.6376  1.3706  2.4170  7.2817  6.1403  2.6533  1.7823  0.5976  0.1462 -0.6793 -1.0541 -1.1943 -1.4651 -1.8964 -1.9186 -2.2006
 248  0.700882  3.6346  1.3203  2.4553  7.2417  6.2146  2.6583  1.7853  0.5486  0.0884 -0.7518 -1.1324 -1.2743 -1.5489 -1.9867 -2.0094 -2.2962
 249  0.700896  3.6317  1.2706  2.4931  7.1997  6.2819  2.6644  1.7905  0.5019  0.0331 -0.8220 -1.2086 -1.3522 -1.6306 -2.0752 -2.0984 -2.3902
 250  0.700908  3.6287  1.2215  2.5304  7.1560  6.3422  2.6713  1.7977  0.4578 -0.0198 -0.8900 -1.2827 -1.4280 -1.7103 -2.1620 -2.1857 -2.4826
 251  0.700919  3.6258  1.1738  2.5666  7.1116  6.3935  2.6782  1.8060  0.4163 -0.0697 -0.9551 -1.3537 -1.5008 -1.7869 -2.2459 -2.2701 -2.5721
 252  0.700930  3.6230  1.1272  2.6018  7.0668  6.4364  2.6851  1.8155  0.3777 -0.1166 -1.0172 -1.4218 -1.5706 -1.8606 -2.3271 -2.3517 -2.6590
 253  0.700940  3.6202  1.0809  2.6368  7.0214  6.4677  2.6923  1.8265  0.3411 -0.1618 -1.0784 -1.4892 -1.6398 -1.9338 -2.4075 -2.4327 -2.7451
 254  0.700948  3.6174  1.0359  2.6708  6.9759  6.4922  2.6990  1.8380  0.3072 -0.2041 -1.1366 -1.5535 -1.7059 -2.0038 -2.4851 -2.5108 -2.8286
 255  0.700957  3.6147  0.9916  2.7042  6.9301  6.5103  2.7048  1.8491  0.2754 -0.2442 -1.1926 -1.6157 -1.7698 -2.0716 -2.5610 -2.5872 -2.9103
 256  0.700964  3.6120  0.9479  2.7370  6.8848  6.5244  2.7114  1.8616  0.2463 -0.2813 -1.2459 -1.6753 -1.8311 -2.1369 -2.6348 -2.6615 -2.9903
 257  0.700971  3.6093  0.9055  2.7687  6.8397  6.5329  2.7164  1.8731  0.2194 -0.3160 -1.2966 -1.7320 -1.8895 -2.1993 -2.7061 -2.7334 -3.0679
 258  0.700978  3.6066  0.8635  2.8002  6.7941  6.5366  2.7197  1.8832  0.1938 -0.3491 -1.3457 -1.7869 -1.9461 -2.2600 -2.7764 -2.8041 -3.1445
 259  0.700984  3.6041  0.8227  2.8307  6.7487  6.5355  2.7207  1.8911  0.1698 -0.3802 -1.3924 -1.8393 -2.0001 -2.3181 -2.8443 -2.8726 -3.2187
 260  0.700989  3.6015  0.7824  2.8608  6.7032  6.5309  2.7202  1.8977  0.1473 -0.4096 -1.4375 -1.8901 -2.0525 -2.3744 -2.9110 -2.9398 -3.2919
 261  0.700995  3.5990  0.7430  2.8903  6.6581  6.5230  2.7168  1.9012  0.1260 -0.4375 -1.4815 -1.9397 -2.1038 -2.4293 -2.9760 -3.0052 -3.3634
 262  0.700999  3.5966  0.7049  2.9188  6.6135  6.5126  2.7116  1.9029  0.1062 -0.4634 -1.5231 -1.9866 -2.1522 -2.4813 -3.0388 -3.0685 -3.4327
 263  0.701004  3.5943  0.6672  2.9470  6.5689  6.5001  2.7045  1.9026  0.0874 -0.4879 -1.5629 -2.0317 -2.1988 -2.5316 -3.1005 -3.1306 -3.5010
 264  0.701009  3.5920  0.6304  2.9745  6.5250  6.4862  2.6962  1.9012  0.0703 -0.5103 -1.6004 -2.0741 -2.2427 -2.5794 -3.1603 -3.1909 -3.5677
 265  0.701013  3.5897  0.5944  3.0014  6.4817  6.4713  2.6868  1.8986  0.0548 -0.5308 -1.6356 -2.1141 -2.2840 -2.6247 -3.2185 -3.2496 -3.6328
 266  0.701017  3.5874  0.5590  3.0280  6.4384  6.4553  2.6757  1.8943  0.0402 -0.5498 -1.6689 -2.1521 -2.3232 -2.6679 -3.2756 -3.3071 -3.6970
 267  0.701020  3.5853  0.5243  3.0539  6.3955  6.4379  2.6628  1.8881  0.0265 -0.5676 -1.7004 -2.1881 -2.3603 -2.7093 -3.3313 -3.3633 -3.7599
 268  0.701024  3.5831  0.4902  3.0793  6.3539  6.4214  2.6501  1.8822  0.0157 -0.5820 -1.7286 -2.2206 -2.3937 -2.7473 -3.3851 -3.4177 -3.8214
 269  0.701027  3.5809  0.4569  3.1041  6.3132  6.4050  2.6364  1.8753  0.0080 -0.5931 -1.7535 -2.2500 -2.4240 -2.7823 -3.4372 -3.4704 -3.8814
 270  0.701030  3.5788  0.4239  3.1286  6.2723  6.3879  2.6212  1.8670  0.0008 -0.6034 -1.7775 -2.2779 -2.4528 -2.8158 -3.4889 -3.5224 -3.9411
 271  0.701033  3.5767  0.3919  3.1523  6.2324  6.3708  2.6048  1.8574 -0.0061 -0.6126 -1.8004 -2.3042 -2.4800 -2.8471 -3.5388 -3.5728 -3.9990
 272  0.701036  3.5745  0.3596  3.1756  6.1948  6.3572  2.5912  1.8515 -0.0073 -0.6154 -1.8171 -2.3244 -2.5010 -2.8728 -3.5864 -3.6210 -4.0557
 273  0.701038  3.5724  0.3286  3.1984  6.1561  6.3401  2.5736  1.8410 -0.0118 -0.6213 -1.8352 -2.3454 -2.5226 -2.8991 -3.6337 -3.6687 -4.1113
 274  0.701041  3.5705  0.2983  3.2207  6.1181  6.3232  2.5555  1.8301 -0.0155 -0.6255 -1.8510 -2.3639 -2.5415 -2.9230 -3.6794 -3.7150 -4.1658
 275  0.701043  3.5685  0.2689  3.2425  6.0810  6.3065  2.5371  1.8188 -0.0184 -0.6287 -1.8646 -2.3800 -2.5577 -2.9447 -3.7235 -3.7597 -4.2185
 276  0.701046  3.5667  0.2400  3.2638  6.0444  6.2900  2.5184  1.8076 -0.0204 -0.6303 -1.8758 -2.3937 -2.5712 -2.9641 -3.7664 -3.8032 -4.2704
 277  0.701048  3.5648  0.2119  3.2845  6.0090  6.2740  2.4997  1.7963 -0.0215 -0.6305 -1.8848 -2.4049 -2.5821 -2.9811 -3.8074 -3.8449 -4.3205
 278  0.701050  3.5631  0.1849  3.3045  5.9749  6.2588  2.4815  1.7856 -0.0215 -0.6291 -1.8911 -2.4132 -2.5898 -2.9955 -3.8464 -3.8846 -4.3687
 279  0.701052  3.5614  0.1597  3.3231  5.9426  6.2438  2.4634  1.7744 -0.0219 -0.6280 -1.8964 -2.4203 -2.5961 -3.0084 -3.8827 -3.9217 -4.4137
