#NUMBER OF AGES= 1
#----------------------------------------------------       
#MIX-LEN  Y      Z          Zeff        [Fe/H] [a/Fe]
# 1.9380  0.3300 2.0289E-03 1.0327E-03  -1.16   0.40 
#----------------------------------------------------       
#**PHOTOMETRIC SYSTEM**: HST WFPC2 (Vega)                   
#----------------------------------------------------       
#AGE=11.600 EEPS=266
#EEP   M/Mo    LogTeff  LogG   LogL/Lo F218W   F255W   F300W   F336W   F439W   F450W   F555W   F606W   F622W   F675W   F791W   F814W   F850LP
  14  0.118581  3.5286  5.2376 -2.6583 20.6392 20.5008 16.8013 15.9901 14.8320 14.2997 12.9550 12.4339 12.2446 11.8349 10.8130 10.7714 10.3026
  15  0.135487  3.5344  5.1857 -2.5258 20.2600 19.9752 16.3547 15.5301 14.3666 13.8605 12.5482 12.0286 11.8394 11.4392 10.4739 10.4338  9.9778
  16  0.151196  3.5398  5.1462 -2.4170 19.9378 19.5254 15.9779 15.1437 13.9780 13.4923 12.2081 11.6903 11.5014 11.1093 10.1944 10.1556  9.7115
  17  0.165642  3.5450  5.1167 -2.3270 19.6627 19.1435 15.6604 14.8185 13.6516 13.1818 11.9217 11.4060 11.2173 10.8324  9.9625  9.9249  9.4920
  18  0.179222  3.5496  5.0930 -2.2507 19.4235 18.8162 15.3910 14.5441 13.3775 12.9196 11.6796 11.1657 10.9773 10.5983  9.7658  9.7294  9.3063
  19  0.192162  3.5535  5.0723 -2.1843 19.2131 18.5342 15.1599 14.3099 13.1450 12.6963 11.4728 10.9606 10.7727 10.3982  9.5954  9.5598  9.1446
  20  0.205986  3.5569  5.0528 -2.1205 19.0111 18.2691 14.9416 14.0896 12.9270 12.4859 11.2774 10.7669 10.5795 10.2089  9.4323  9.3975  8.9893
  21  0.219372  3.5600  5.0358 -2.0639 18.8306 18.0354 14.7484 13.8953 12.7353 12.3004 11.1048 10.5960 10.4090 10.0418  9.2874  9.2533  8.8512
  22  0.232240  3.5628  5.0207 -2.0130 18.6670 17.8265 14.5760 13.7222 12.5655 12.1356 10.9515 10.4445 10.2579  9.8934  9.1577  9.1241  8.7271
  23  0.243244  3.5649  5.0086 -1.9720 18.5381 17.6631 14.4383 13.5840 12.4300 12.0038 10.8288 10.3233 10.1372  9.7750  9.0533  9.0200  8.6273
  24  0.251905  3.5664  4.9995 -1.9412 18.4428 17.5442 14.3362 13.4814 12.3293 11.9055 10.7372 10.2330 10.0472  9.6867  8.9750  8.9420  8.5523
  25  0.258446  3.5676  4.9929 -1.9189 18.3735 17.4583 14.2622 13.4071 12.2565 11.8343 10.6708 10.1677  9.9821  9.6228  8.9183  8.8855  8.4979
  26  0.263464  3.5685  4.9882 -1.9024 18.3223 17.3950 14.2078 13.3525 12.2031 11.7820 10.6221 10.1196  9.9342  9.5758  8.8764  8.8438  8.4580
  27  0.267351  3.5691  4.9847 -1.8900 18.2834 17.3468 14.1667 13.3113 12.1626 11.7425 10.5851 10.0832  9.8980  9.5402  8.8449  8.8124  8.4277
  28  0.270524  3.5696  4.9824 -1.8804 18.2529 17.3083 14.1341 13.2786 12.1308 11.7112 10.5560 10.0544  9.8694  9.5122  8.8203  8.7879  8.4043
  29  0.273148  3.5701  4.9803 -1.8721 18.2270 17.2755 14.1065 13.2508 12.1035 11.6845 10.5311 10.0299  9.8449  9.4883  8.7993  8.7670  8.3844
  30  0.275574  3.5706  4.9783 -1.8645 18.2031 17.2450 14.0809 13.2250 12.0783 11.6597 10.5081 10.0072  9.8223  9.4661  8.7800  8.7478  8.3661
  31  0.278071  3.5710  4.9766 -1.8570 18.1792 17.2142 14.0552 13.1991 12.0530 11.6349 10.4850  9.9844  9.7996  9.4440  8.7609  8.7288  8.3479
  32  0.280659  3.5715  4.9746 -1.8489 18.1536 17.1814 14.0277 13.1715 12.0260 11.6084 10.4604  9.9602  9.7755  9.4203  8.7404  8.7083  8.3284
  33  0.283503  3.5720  4.9721 -1.8401 18.1258 17.1459 13.9980 13.1417 11.9968 11.5797 10.4336  9.9338  9.7492  9.3946  8.7178  8.6859  8.3070
  34  0.286643  3.5725  4.9692 -1.8303 18.0951 17.1075 13.9655 13.1091 11.9648 11.5484 10.4043  9.9049  9.7204  9.3663  8.6929  8.6611  8.2832
  35  0.290188  3.5732  4.9655 -1.8190 18.0608 17.0648 13.9290 13.0725 11.9290 11.5131 10.3712  9.8722  9.6879  9.3343  8.6645  8.6327  8.2559
  36  0.290709  3.5729  4.9647 -1.8178 18.0560 17.0600 13.9267 13.0710 11.9301 11.5140 10.3723  9.8729  9.6887  9.3342  8.6627  8.6307  8.2531
  37  0.304876  3.5754  4.9489 -1.7717 17.9206 16.8851 13.7778 12.9211 11.7814 11.3671 10.2340  9.7358  9.5521  9.2001  8.5458  8.5142  8.1418
  38  0.335399  3.5836  4.9098 -1.6598 17.5775 16.4094 13.3941 12.5351 11.4013 10.9896  9.8820  9.3886  9.2064  8.8628  8.2613  8.2312  7.8759
  39  0.358862  3.5898  4.8778 -1.5731 17.2632 16.0072 13.0745 12.2189 11.1061 10.6987  9.6173  9.1319  8.9518  8.6149  8.0417  8.0123  7.6679
  40  0.375933  3.5953  4.8523 -1.5047 17.0039 15.6742 12.8104 11.9579 10.8658 10.4621  9.4049  8.9275  8.7495  8.4189  7.8684  7.8399  7.5047
  41  0.387577  3.5998  4.8342 -1.4553 16.8215 15.4282 12.6168 11.7658 10.6882 10.2866  9.2476  8.7764  8.6001  8.2747  7.7429  7.7150  7.3878
  42  0.398112  3.6043  4.8179 -1.4094 16.6495 15.1954 12.4327 11.5832 10.5201 10.1208  9.1001  8.6358  8.4610  8.1410  7.6264  7.5992  7.2794
  43  0.407531  3.6087  4.8036 -1.3672 16.4870 14.9800 12.2589 11.4108 10.3616  9.9654  8.9636  8.5067  8.3337  8.0190  7.5191  7.4925  7.1799
  44  0.416450  3.6133  4.7903 -1.3263 16.3268 14.7732 12.0873 11.2400 10.2051  9.8129  8.8313  8.3826  8.2114  7.9025  7.4157  7.3898  7.0837
  45  0.425052  3.6180  4.7783 -1.2861 16.1640 14.5664 11.9125 11.0653 10.0461  9.6589  8.6992  8.2599  8.0908  7.7882  7.3140  7.2888  6.9896
  46  0.433284  3.6231  4.7673 -1.2469 16.0017 14.3620 11.7362 10.8882  9.8864  9.5049  8.5685  8.1396  7.9728  7.6771  7.2152  7.1907  6.8986
  47  0.441471  3.6283  4.7573 -1.2079 15.8364 14.1568 11.5535 10.7045  9.7228  9.3477  8.4362  8.0186  7.8544  7.5660  7.1164  7.0928  6.8080
  48  0.449448  3.6338  4.7483 -1.1694 15.6766 13.9645 11.3687 10.5180  9.5572  9.1890  8.3035  7.8979  7.7364  7.4561  7.0195  6.9967  6.7198
  49  0.457398  3.6395  4.7403 -1.1307 15.5105 13.7663 11.1747 10.3226  9.3873  9.0266  8.1685  7.7758  7.6172  7.3454  6.9223  6.9004  6.6315
  50  0.465175  3.6455  4.7333 -1.0924 15.3221 13.5431 10.9725 10.1188  9.2169  8.8638  8.0340  7.6545  7.4992  7.2360  6.8258  6.8048  6.5442
  51  0.472954  3.6517  4.7270 -1.0536 15.0981 13.2700 10.7507  9.8972  9.0419  8.6963  7.8967  7.5308  7.3796  7.1248  6.7276  6.7075  6.4554
  52  0.477705  3.6557  4.7234 -1.0299 14.9463 13.0801 10.6049  9.7538  8.9338  8.5927  7.8121  7.4547  7.3061  7.0564  6.6674  6.6478  6.4010
  53  0.482384  3.6597  4.7200 -1.0064 14.7837 12.8777 10.4543  9.6075  8.8265  8.4900  7.7285  7.3794  7.2336  6.9889  6.6077  6.5887  6.3472
  54  0.486996  3.6637  4.7171 -0.9832 14.6093 12.6639 10.3001  9.4591  8.7203  8.3882  7.6458  7.3050  7.1621  6.9221  6.5486  6.5302  6.2940
  55  0.491536  3.6676  4.7140 -0.9603 14.4258 12.4441 10.1457  9.3120  8.6168  8.2891  7.5652  7.2322  7.0923  6.8568  6.4907  6.4727  6.2416
  56  0.496006  3.6715  4.7111 -0.9378 14.2324 12.2161  9.9916  9.1670  8.5163  8.1929  7.4865  7.1610  7.0239  6.7927  6.4334  6.4160  6.1897
  57  0.500415  3.6755  4.7082 -0.9155 14.0272 11.9821  9.8373  9.0233  8.4183  8.0991  7.4096  7.0912  6.9572  6.7298  6.3768  6.3600  6.1386
  58  0.504748  3.6792  4.7052 -0.8936 13.8124 11.7473  9.6852  8.8831  8.3238  8.0088  7.3353  7.0235  6.8923  6.6685  6.3216  6.3052  6.0884
  59  0.509015  3.6831  4.7024 -0.8722 13.5837 11.5095  9.5328  8.7440  8.2317  7.9209  7.2628  6.9572  6.8289  6.6085  6.2672  6.2513  6.0389
  60  0.513206  3.6866  4.6993 -0.8512 13.3418 11.2745  9.3831  8.6089  8.1432  7.8366  7.1929  6.8933  6.7676  6.5504  6.2142  6.1988  5.9908
  61  0.517321  3.6901  4.6963 -0.8305 13.0634 11.0323  9.2304  8.4732  8.0563  7.7546  7.1249  6.8309  6.7080  6.4938  6.1626  6.1477  5.9438
  62  0.521359  3.6936  4.6932 -0.8103 12.7797 10.7970  9.0815  8.3419  7.9727  7.6757  7.0594  6.7706  6.6503  6.4388  6.1126  6.0980  5.8981
  63  0.525328  3.6969  4.6901 -0.7904 12.4985 10.5709  8.9366  8.2146  7.8913  7.5992  6.9955  6.7118  6.5939  6.3853  6.0636  6.0495  5.8534
  64  0.529233  3.7002  4.6868 -0.7708 12.2324 10.3608  8.7989  8.0935  7.8131  7.5257  6.9339  6.6549  6.5392  6.3331  6.0158  6.0021  5.8097
  65  0.533087  3.7034  4.6834 -0.7517 11.9888 10.1694  8.6691  7.9788  7.7376  7.4549  6.8739  6.5993  6.4857  6.2821  5.9690  5.9556  5.7669
  66  0.536886  3.7064  4.6797 -0.7328 11.8102 10.0205  8.5561  7.8763  7.6656  7.3871  6.8158  6.5453  6.4333  6.2321  5.9231  5.9101  5.7247
  67  0.540639  3.7093  4.6761 -0.7143 11.6556  9.8896  8.4508  7.7798  7.5961  7.3215  6.7593  6.4924  6.3820  6.1831  5.8781  5.8654  5.6832
  68  0.544346  3.7122  4.6723 -0.6960 11.5187  9.7725  8.3514  7.6881  7.5286  7.2577  6.7041  6.4407  6.3316  6.1350  5.8337  5.8214  5.6424
  69  0.548006  3.7151  4.6684 -0.6779 11.3895  9.6630  8.2559  7.5996  7.4627  7.1957  6.6500  6.3899  6.2822  6.0877  5.7901  5.7781  5.6023
  70  0.551630  3.7178  4.6644 -0.6600 11.2639  9.5583  8.1628  7.5136  7.3982  7.1349  6.5972  6.3401  6.2336  6.0413  5.7473  5.7355  5.5626
  71  0.555212  3.7206  4.6605 -0.6423 11.1290  9.4507  8.0695  7.4280  7.3346  7.0752  6.5452  6.2913  6.1859  5.9955  5.7050  5.6935  5.5236
  72  0.558760  3.7232  4.6563 -0.6247 10.9735  9.3336  7.9740  7.3416  7.2719  7.0165  6.4942  6.2432  6.1392  5.9507  5.6634  5.6522  5.4850
  73  0.562272  3.7258  4.6520 -0.6074 10.8115  9.2148  7.8791  7.2560  7.2104  6.9589  6.4441  6.1961  6.0932  5.9066  5.6226  5.6116  5.4471
  74  0.565746  3.7284  4.6478 -0.5901 10.6470  9.0957  7.7852  7.1719  7.1498  6.9023  6.3950  6.1498  6.0480  5.8632  5.5821  5.5715  5.4097
  75  0.569175  3.7309  4.6432 -0.5731 10.4844  8.9794  7.6936  7.0899  7.0906  6.8469  6.3470  6.1043  6.0037  5.8205  5.5425  5.5321  5.3727
  76  0.572552  3.7333  4.6386 -0.5564 10.3238  8.8649  7.6039  7.0096  7.0325  6.7927  6.2998  6.0598  5.9601  5.7787  5.5035  5.4933  5.3365
  77  0.575877  3.7356  4.6340 -0.5399 10.1691  8.7546  7.5172  6.9321  6.9761  6.7399  6.2537  6.0162  5.9176  5.7377  5.4652  5.4552  5.3007
  78  0.579153  3.7378  4.6291 -0.5236 10.0252  8.6501  7.4340  6.8575  6.9210  6.6883  6.2085  5.9734  5.8758  5.6975  5.4276  5.4178  5.2655
  79  0.582363  3.7400  4.6242 -0.5076  9.8878  8.5497  7.3536  6.7854  6.8673  6.6380  6.1645  5.9316  5.8348  5.6581  5.3908  5.3813  5.2310
  80  0.585514  3.7420  4.6192 -0.4919  9.7578  8.4539  7.2764  6.7159  6.8149  6.5890  6.1214  5.8908  5.7949  5.6195  5.3547  5.3453  5.1971
  81  0.588598  3.7441  4.6141 -0.4764  9.6330  8.3612  7.2015  6.6485  6.7640  6.5411  6.0795  5.8508  5.7558  5.5818  5.3193  5.3101  5.1639
  82  0.592717  3.7468  4.6070 -0.4557  9.4709  8.2400  7.1032  6.5599  6.6963  6.4776  6.0235  5.7976  5.7036  5.5315  5.2718  5.2630  5.1193
  83  0.596793  3.7494  4.5997 -0.4351  9.3148  8.1222  7.0075  6.4737  6.6299  6.4151  5.9682  5.7449  5.6519  5.4815  5.2248  5.2163  5.0749
  84  0.600824  3.7519  4.5922 -0.4146  9.1640  8.0077  6.9146  6.3900  6.5643  6.3534  5.9135  5.6928  5.6007  5.4320  5.1782  5.1698  5.0308
  85  0.604811  3.7543  4.5843 -0.3943  9.0209  7.8975  6.8251  6.3094  6.5000  6.2927  5.8593  5.6411  5.5499  5.3828  5.1316  5.1234  4.9866
  86  0.608750  3.7566  4.5764 -0.3739  8.8821  7.7896  6.7375  6.2305  6.4366  6.2328  5.8058  5.5897  5.4995  5.3339  5.0853  5.0773  4.9427
  87  0.612633  3.7589  4.5681 -0.3538  8.7489  7.6851  6.6523  6.1536  6.3741  6.1737  5.7528  5.5388  5.4495  5.2854  5.0392  5.0314  4.8987
  88  0.616460  3.7611  4.5595 -0.3337  8.6200  7.5831  6.5688  6.0786  6.3125  6.1153  5.7004  5.4885  5.3999  5.2371  4.9933  4.9858  4.8550
  89  0.620233  3.7633  4.5506 -0.3138  8.4955  7.4836  6.4874  6.0052  6.2518  6.0576  5.6484  5.4384  5.3505  5.1892  4.9478  4.9403  4.8114
  90  0.623948  3.7652  4.5415 -0.2939  8.3755  7.3869  6.4081  5.9335  6.1918  6.0006  5.5968  5.3888  5.3017  5.1417  4.9024  4.8951  4.7680
  91  0.627597  3.7672  4.5323 -0.2742  8.2587  7.2921  6.3304  5.8632  6.1325  5.9442  5.5457  5.3396  5.2532  5.0945  4.8573  4.8502  4.7248
  92  0.631178  3.7692  4.5228 -0.2545  8.1443  7.1985  6.2538  5.7935  6.0739  5.8884  5.4951  5.2910  5.2053  5.0479  4.8128  4.8058  4.6820
  93  0.634686  3.7710  4.5131 -0.2351  8.0333  7.1066  6.1791  5.7250  6.0158  5.8332  5.4450  5.2428  5.1580  5.0018  4.7687  4.7619  4.6397
  94  0.638113  3.7728  4.5032 -0.2158  7.9256  7.0171  6.1063  5.6580  5.9587  5.7786  5.3954  5.1952  5.1111  4.9561  4.7250  4.7184  4.5976
  95  0.641458  3.7745  4.4931 -0.1966  7.8218  6.9301  6.0354  5.5926  5.9023  5.7248  5.3463  5.1480  5.0647  4.9108  4.6817  4.6752  4.5559
  96  0.644713  3.7761  4.4828 -0.1777  7.7219  6.8460  5.9663  5.5292  5.8471  5.6720  5.2979  5.1015  5.0188  4.8661  4.6387  4.6324  4.5144
  97  0.647882  3.7776  4.4725 -0.1591  7.6259  6.7647  5.8988  5.4680  5.7928  5.6200  5.2502  5.0553  4.9731  4.8217  4.5960  4.5898  4.4730
  98  0.650961  3.7791  4.4620 -0.1405  7.5342  6.6866  5.8332  5.4089  5.7397  5.5690  5.2033  5.0097  4.9281  4.7777  4.5535  4.5474  4.4318
  99  0.653950  3.7805  4.4513 -0.1223  7.4457  6.6110  5.7693  5.3514  5.6876  5.5188  5.1570  4.9646  4.8836  4.7341  4.5114  4.5055  4.3910
 100  0.656854  3.7818  4.4405 -0.1042  7.3603  6.5376  5.7074  5.2955  5.6363  5.4693  5.1112  4.9201  4.8395  4.6909  4.4699  4.4640  4.3506
 101  0.659674  3.7832  4.4299 -0.0864  7.2769  6.4660  5.6467  5.2404  5.5855  5.4204  5.0659  4.8761  4.7961  4.6485  4.4289  4.4231  4.3108
 102  0.662416  3.7844  4.4190 -0.0688  7.1973  6.3973  5.5885  5.1871  5.5357  5.3721  5.0210  4.8325  4.7530  4.6064  4.3883  4.3826  4.2712
 103  0.665080  3.7856  4.4081 -0.0513  7.1203  6.3310  5.5321  5.1352  5.4865  5.3245  4.9767  4.7895  4.7105  4.5647  4.3481  4.3424  4.2321
 104  0.667672  3.7867  4.3972 -0.0340  7.0461  6.2667  5.4772  5.0845  5.4381  5.2774  4.9328  4.7469  4.6683  4.5235  4.3081  4.3026  4.1932
 105  0.670197  3.7879  4.3862 -0.0170  6.9745  6.2045  5.4240  5.0353  5.3904  5.2312  4.8894  4.7046  4.6264  4.4825  4.2684  4.2629  4.1544
 106  0.672662  3.7890  4.3751 -0.0001  6.9053  6.1442  5.3721  4.9874  5.3436  5.1855  4.8464  4.6627  4.5849  4.4417  4.2289  4.2235  4.1158
 107  0.675073  3.7899  4.3640  0.0166  6.8388  6.0858  5.3216  4.9405  5.2974  5.1405  4.8038  4.6211  4.5438  4.4013  4.1896  4.1842  4.0773
 108  0.677439  3.7909  4.3528  0.0332  6.7739  6.0286  5.2721  4.8946  5.2519  5.0960  4.7617  4.5800  4.5030  4.3612  4.1505  4.1452  4.0390
 109  0.679766  3.7918  4.3417  0.0496  6.7109  5.9729  5.2237  4.8496  5.2069  5.0521  4.7199  4.5391  4.4625  4.3213  4.1117  4.1065  4.0010
 110  0.682068  3.7928  4.3303  0.0659  6.6497  5.9186  5.1763  4.8054  5.1625  5.0086  4.6786  4.4986  4.4222  4.2817  4.0731  4.0680  3.9632
 111  0.684308  3.7936  4.3192  0.0820  6.5893  5.8650  5.1295  4.7618  5.1185  4.9655  4.6376  4.4585  4.3825  4.2425  4.0350  4.0299  3.9257
 112  0.685142  3.7940  4.3149  0.0882  6.5657  5.8441  5.1114  4.7449  5.1015  4.9488  4.6219  4.4431  4.3672  4.2275  4.0203  4.0153  3.9114
 113  0.685976  3.7944  4.3107  0.0945  6.5412  5.8226  5.0927  4.7277  5.0841  4.9320  4.6059  4.4274  4.3517  4.2123  4.0056  4.0005  3.8969
 114  0.686808  3.7947  4.3065  0.1009  6.5165  5.8010  5.0741  4.7104  5.0667  4.9149  4.5897  4.4117  4.3361  4.1970  3.9907  3.9857  3.8824
 115  0.687640  3.7951  4.3020  0.1072  6.4921  5.7795  5.0554  4.6932  5.0491  4.8977  4.5735  4.3957  4.3204  4.1815  3.9756  3.9705  3.8675
 116  0.688470  3.7955  4.2976  0.1137  6.4677  5.7579  5.0366  4.6757  5.0314  4.8804  4.5569  4.3796  4.3044  4.1657  3.9603  3.9553  3.8525
 117  0.689296  3.7958  4.2928  0.1203  6.4437  5.7364  5.0179  4.6582  5.0135  4.8628  4.5403  4.3633  4.2882  4.1498  3.9448  3.9397  3.8372
 118  0.690119  3.7962  4.2880  0.1270  6.4200  5.7151  4.9992  4.6406  4.9955  4.8452  4.5234  4.3467  4.2717  4.1336  3.9289  3.9239  3.8216
 119  0.690938  3.7964  4.2829  0.1337  6.3967  5.6941  4.9804  4.6230  4.9774  4.8274  4.5064  4.3299  4.2551  4.1171  3.9128  3.9078  3.8057
 120  0.691754  3.7966  4.2776  0.1405  6.3734  5.6730  4.9616  4.6053  4.9592  4.8094  4.4891  4.3129  4.2382  4.1004  3.8964  3.8915  3.7895
 121  0.692565  3.7969  4.2722  0.1474  6.3506  5.6522  4.9428  4.5875  4.9408  4.7913  4.4716  4.2957  4.2210  4.0835  3.8797  3.8749  3.7730
 122  0.693374  3.7971  4.2666  0.1544  6.3278  5.6314  4.9239  4.5696  4.9222  4.7731  4.4540  4.2784  4.2037  4.0665  3.8629  3.8580  3.7564
 123  0.694178  3.7973  4.2609  0.1615  6.3051  5.6104  4.9050  4.5517  4.9035  4.7547  4.4362  4.2608  4.1863  4.0491  3.8459  3.8410  3.7395
 124  0.694976  3.7977  4.2552  0.1686  6.2820  5.5892  4.8857  4.5335  4.8846  4.7360  4.4180  4.2430  4.1686  4.0315  3.8286  3.8238  3.7224
 125  0.695771  3.7978  4.2493  0.1758  6.2591  5.5681  4.8665  4.5151  4.8656  4.7172  4.3999  4.2251  4.1508  4.0139  3.8113  3.8063  3.7052
 126  0.696565  3.7980  4.2434  0.1830  6.2365  5.5472  4.8474  4.4969  4.8466  4.6983  4.3816  4.2070  4.1328  3.9961  3.7937  3.7887  3.6877
 127  0.697356  3.7982  4.2373  0.1903  6.2141  5.5263  4.8282  4.4786  4.8274  4.6795  4.3632  4.1888  4.1146  3.9781  3.7758  3.7710  3.6701
 128  0.698143  3.7984  4.2312  0.1977  6.1918  5.5055  4.8089  4.4601  4.8083  4.6605  4.3447  4.1704  4.0963  3.9599  3.7580  3.7532  3.6523
 129  0.698925  3.7986  4.2249  0.2051  6.1697  5.4847  4.7898  4.4417  4.7889  4.6413  4.3260  4.1520  4.0779  3.9417  3.7399  3.7351  3.6343
 130  0.699704  3.7987  4.2184  0.2126  6.1480  5.4643  4.7706  4.4232  4.7695  4.6221  4.3072  4.1333  4.0593  3.9231  3.7215  3.7168  3.6161
 131  0.700477  3.7987  4.2117  0.2202  6.1270  5.4441  4.7516  4.4048  4.7500  4.6028  4.2882  4.1145  4.0406  3.9044  3.7030  3.6981  3.5975
 132  0.701244  3.7988  4.2048  0.2278  6.1063  5.4242  4.7325  4.3863  4.7306  4.5834  4.2691  4.0954  4.0216  3.8855  3.6842  3.6793  3.5786
 133  0.702005  3.7988  4.1978  0.2354  6.0861  5.4046  4.7137  4.3678  4.7110  4.5640  4.2498  4.0763  4.0024  3.8665  3.6650  3.6602  3.5596
 134  0.702760  3.7988  4.1905  0.2432  6.0664  5.3853  4.6948  4.3494  4.6915  4.5444  4.2305  4.0569  3.9830  3.8471  3.6458  3.6410  3.5402
 135  0.703507  3.7988  4.1830  0.2509  6.0471  5.3661  4.6760  4.3308  4.6718  4.5248  4.2109  4.0373  3.9636  3.8275  3.6263  3.6214  3.5207
 136  0.704248  3.7988  4.1754  0.2588  6.0284  5.3472  4.6573  4.3122  4.6520  4.5051  4.1912  4.0176  3.9438  3.8078  3.6065  3.6016  3.5008
 137  0.704982  3.7987  4.1675  0.2667  6.0103  5.3287  4.6387  4.2937  4.6323  4.4853  4.1714  3.9977  3.9239  3.7879  3.5864  3.5816  3.4806
 138  0.705707  3.7986  4.1595  0.2748  5.9928  5.3106  4.6203  4.2752  4.6125  4.4655  4.1514  3.9776  3.9038  3.7677  3.5661  3.5614  3.4602
 139  0.706424  3.7984  4.1512  0.2828  5.9760  5.2930  4.6020  4.2567  4.5927  4.4456  4.1313  3.9574  3.8835  3.7473  3.5457  3.5408  3.4395
 140  0.707132  3.7982  4.1426  0.2910  5.9599  5.2757  4.5839  4.2384  4.5730  4.4257  4.1110  3.9370  3.8630  3.7266  3.5248  3.5199  3.4185
 141  0.707830  3.7978  4.1338  0.2992  5.9450  5.2591  4.5660  4.2200  4.5533  4.4058  4.0907  3.9164  3.8424  3.7058  3.5037  3.4987  3.3971
 142  0.708520  3.7976  4.1246  0.3075  5.9306  5.2429  4.5483  4.2017  4.5336  4.3858  4.0701  3.8956  3.8215  3.6848  3.4823  3.4774  3.3754
 143  0.709199  3.7972  4.1152  0.3158  5.9175  5.2274  4.5309  4.1835  4.5139  4.3659  4.0496  3.8748  3.8005  3.6636  3.4607  3.4558  3.3534
 144  0.709867  3.7968  4.1056  0.3241  5.9052  5.2126  4.5138  4.1655  4.4943  4.3460  4.0289  3.8536  3.7792  3.6421  3.4388  3.4338  3.3311
 145  0.710525  3.7964  4.0958  0.3326  5.8938  5.1980  4.4968  4.1474  4.4748  4.3260  4.0081  3.8325  3.7579  3.6204  3.4166  3.4116  3.3085
 146  0.711172  3.7958  4.0855  0.3411  5.8843  5.1848  4.4805  4.1297  4.4555  4.3062  3.9872  3.8111  3.7364  3.5984  3.3941  3.3890  3.2855
 147  0.711807  3.7952  4.0748  0.3496  5.8758  5.1722  4.4644  4.1123  4.4362  4.2865  3.9663  3.7896  3.7147  3.5763  3.3713  3.3662  3.2622
 148  0.712431  3.7945  4.0638  0.3582  5.8694  5.1610  4.4491  4.0951  4.4173  4.2669  3.9453  3.7679  3.6928  3.5540  3.3482  3.3431  3.2385
 149  0.713043  3.7938  4.0525  0.3668  5.8643  5.1506  4.4341  4.0782  4.3985  4.2474  3.9242  3.7462  3.6708  3.5315  3.3249  3.3196  3.2144
 150  0.713641  3.7928  4.0406  0.3754  5.8623  5.1421  4.4204  4.0621  4.3802  4.2283  3.9033  3.7244  3.6487  3.5088  3.3012  3.2959  3.1899
 151  0.714227  3.7918  4.0284  0.3842  5.8617  5.1347  4.4071  4.0463  4.3621  4.2093  3.8823  3.7025  3.6265  3.4859  3.2772  3.2718  3.1651
 152  0.714799  3.7907  4.0155  0.3930  5.8647  5.1296  4.3952  4.0315  4.3446  4.1908  3.8614  3.6807  3.6042  3.4628  3.2529  3.2475  3.1397
 153  0.715360  3.7894  4.0019  0.4017  5.8709  5.1265  4.3845  4.0176  4.3277  4.1726  3.8406  3.6587  3.5819  3.4396  3.2283  3.2228  3.1140
 154  0.715907  3.7879  3.9878  0.4105  5.8818  5.1267  4.3758  4.0050  4.3115  4.1551  3.8201  3.6368  3.5595  3.4163  3.2034  3.1977  3.0878
 155  0.716441  3.7864  3.9730  0.4192  5.8965  5.1298  4.3686  3.9937  4.2958  4.1378  3.7996  3.6148  3.5371  3.3927  3.1782  3.1723  3.0611
 156  0.716964  3.7846  3.9575  0.4279  5.9192  5.1390  4.3650  3.9849  4.2813  4.1213  3.7791  3.5928  3.5143  3.3689  3.1524  3.1464  3.0337
 157  0.717473  3.7828  3.9418  0.4367  5.9457  5.1512  4.3632  3.9774  4.2672  4.1050  3.7585  3.5705  3.4915  3.3448  3.1263  3.1202  3.0059
 158  0.717973  3.7809  3.9257  0.4455  5.9733  5.1645  4.3618  3.9701  4.2533  4.0888  3.7380  3.5482  3.4685  3.3206  3.1000  3.0937  2.9779
 159  0.718462  3.7788  3.9085  0.4543  6.0085  5.1835  4.3636  3.9649  4.2408  4.0737  3.7178  3.5260  3.4455  3.2961  3.0731  3.0667  2.9490
 160  0.718941  3.7763  3.8901  0.4630  6.0533  5.2091  4.3691  3.9626  4.2301  4.0599  3.6981  3.5040  3.4225  3.2714  3.0457  3.0391  2.9192
 161  0.719409  3.7735  3.8711  0.4716  6.1053  5.2397  4.3778  3.9626  4.2205  4.0471  3.6787  3.4820  3.3996  3.2466  3.0180  3.0112  2.8890
 162  0.719859  3.7705  3.8508  0.4798  6.1719  5.2805  4.3933  3.9679  4.2141  4.0365  3.6605  3.4607  3.3773  3.2221  2.9901  2.9831  2.8583
 163  0.720306  3.7675  3.8305  0.4885  6.2403  5.3214  4.4093  3.9737  4.2073  4.0255  3.6419  3.4392  3.3545  3.1974  2.9619  2.9546  2.8275
 164  0.720751  3.7645  3.8100  0.4974  6.3078  5.3597  4.4241  3.9791  4.2000  4.0143  3.6231  3.4175  3.3318  3.1726  2.9339  2.9263  2.7964
 165  0.721191  3.7616  3.7891  0.5066  6.3792  5.3991  4.4396  3.9853  4.1925  4.0026  3.6038  3.3952  3.3086  3.1472  2.9051  2.8973  2.7647
 166  0.721624  3.7584  3.7672  0.5163  6.4566  5.4403  4.4562  3.9923  4.1846  3.9904  3.5837  3.3720  3.2842  3.1208  2.8750  2.8669  2.7315
 167  0.722046  3.7553  3.7443  0.5269  6.5377  5.4819  4.4727  3.9993  4.1754  3.9767  3.5618  3.3470  3.2581  3.0925  2.8431  2.8347  2.6965
 168  0.722451  3.7523  3.7209  0.5386  6.6172  5.5208  4.4868  4.0039  4.1636  3.9604  3.5374  3.3195  3.2296  3.0618  2.8088  2.8001  2.6591
 169  0.722836  3.7496  3.6973  0.5514  6.6892  5.5532  4.4958  4.0044  4.1480  3.9406  3.5100  3.2892  3.1983  3.0285  2.7722  2.7633  2.6196
 170  0.723198  3.7470  3.6735  0.5652  6.7514  5.5782  4.4992  4.0001  4.1286  3.9174  3.4799  3.2565  3.1646  2.9930  2.7336  2.7245  2.5783
 171  0.723538  3.7448  3.6500  0.5798  6.8022  5.5952  4.4968  3.9908  4.1055  3.8908  3.4472  3.2215  3.1288  2.9556  2.6935  2.6841  2.5358
 172  0.723858  3.7428  3.6270  0.5952  6.8414  5.6042  4.4886  3.9767  4.0790  3.8613  3.4124  3.1848  3.0913  2.9168  2.6523  2.6427  2.4925
 173  0.724161  3.7410  3.6043  0.6111  6.8700  5.6062  4.4754  3.9584  4.0496  3.8294  3.3759  3.1466  3.0525  2.8767  2.6102  2.6006  2.4486
 174  0.724450  3.7395  3.5823  0.6274  6.8894  5.6019  4.4580  3.9367  4.0179  3.7954  3.3381  3.1073  3.0127  2.8358  2.5676  2.5578  2.4043
 175  0.724728  3.7383  3.5607  0.6440  6.9023  5.5930  4.4372  3.9123  3.9845  3.7599  3.2993  3.0671  2.9722  2.7944  2.5247  2.5146  2.3598
 176  0.724995  3.7371  3.5395  0.6608  6.9103  5.5801  4.4137  3.8855  3.9493  3.7231  3.2596  3.0264  2.9309  2.7525  2.4813  2.4713  2.3153
 177  0.725255  3.7361  3.5188  0.6778  6.9119  5.5633  4.3876  3.8565  3.9130  3.6852  3.2192  2.9850  2.8893  2.7101  2.4378  2.4276  2.2707
 178  0.725509  3.7353  3.4982  0.6949  6.9095  5.5440  4.3597  3.8261  3.8758  3.6466  3.1783  2.9433  2.8473  2.6675  2.3942  2.3839  2.2260
 179  0.725756  3.7344  3.4775  0.7120  6.9065  5.5241  4.3313  3.7954  3.8383  3.6079  3.1374  2.9015  2.8052  2.6248  2.3504  2.3400  2.1813
 180  0.726000  3.7336  3.4573  0.7293  6.9002  5.5023  4.3017  3.7636  3.8002  3.5686  3.0961  2.8594  2.7628  2.5820  2.3066  2.2961  2.1364
 181  0.726239  3.7328  3.4371  0.7466  6.8906  5.4785  4.2709  3.7308  3.7616  3.5288  3.0544  2.8171  2.7203  2.5389  2.2626  2.2520  2.0916
 182  0.726433  3.7323  3.4208  0.7608  6.8808  5.4580  4.2450  3.7034  3.7297  3.4961  3.0204  2.7824  2.6855  2.5036  2.2265  2.2160  2.0550
 183  0.726626  3.7317  3.4043  0.7752  6.8694  5.4363  4.2181  3.6751  3.6971  3.4627  2.9856  2.7471  2.6499  2.4677  2.1901  2.1795  2.0178
 184  0.726819  3.7312  3.3876  0.7899  6.8564  5.4134  4.1902  3.6460  3.6638  3.4285  2.9502  2.7111  2.6138  2.4313  2.1529  2.1422  1.9801
 185  0.727011  3.7306  3.3708  0.8047  6.8433  5.3903  4.1620  3.6164  3.6300  3.3940  2.9143  2.6748  2.5773  2.3943  2.1154  2.1046  1.9419
 186  0.727202  3.7301  3.3537  0.8198  6.8294  5.3664  4.1331  3.5862  3.5955  3.3588  2.8778  2.6377  2.5400  2.3567  2.0770  2.0663  1.9030
 187  0.727393  3.7296  3.3363  0.8352  6.8148  5.3418  4.1034  3.5553  3.5604  3.3228  2.8405  2.5999  2.5021  2.3184  2.0381  2.0272  1.8633
 188  0.727584  3.7291  3.3189  0.8508  6.7983  5.3158  4.0728  3.5234  3.5246  3.2862  2.8027  2.5615  2.4636  2.2796  1.9987  1.9877  1.8233
 189  0.727773  3.7286  3.3011  0.8667  6.7813  5.2892  4.0414  3.4908  3.4879  3.2489  2.7641  2.5225  2.4244  2.2400  1.9583  1.9473  1.7825
 190  0.727960  3.7281  3.2827  0.8832  6.7635  5.2616  4.0090  3.4572  3.4501  3.2103  2.7243  2.4822  2.3838  2.1991  1.9168  1.9058  1.7403
 191  0.728146  3.7276  3.2638  0.9003  6.7434  5.2318  3.9747  3.4217  3.4106  3.1701  2.6828  2.4402  2.3417  2.1566  1.8737  1.8626  1.6965
 192  0.728328  3.7271  3.2439  0.9181  6.7229  5.2011  3.9391  3.3850  3.3694  3.1282  2.6396  2.3963  2.2977  2.1122  1.8286  1.8175  1.6508
 193  0.728507  3.7265  3.2233  0.9367  6.7023  5.1697  3.9023  3.3469  3.3269  3.0848  2.5947  2.3509  2.2522  2.0662  1.7819  1.7707  1.6034
 194  0.728684  3.7260  3.2020  0.9558  6.6797  5.1362  3.8638  3.3072  3.2826  3.0397  2.5483  2.3039  2.2050  2.0186  1.7335  1.7222  1.5544
 195  0.728856  3.7254  3.1799  0.9757  6.6570  5.1022  3.8243  3.2663  3.2369  2.9930  2.5002  2.2552  2.1560  1.9692  1.6834  1.6721  1.5034
 196  0.729026  3.7248  3.1571  0.9963  6.6329  5.0664  3.7831  3.2239  3.1896  2.9448  2.4504  2.2048  2.1054  1.9182  1.6315  1.6201  1.4509
 197  0.729190  3.7242  3.1333  1.0175  6.6095  5.0305  3.7412  3.1804  3.1408  2.8950  2.3990  2.1526  2.0530  1.8652  1.5777  1.5662  1.3963
 198  0.729352  3.7235  3.1090  1.0394  6.5850  4.9932  3.6980  3.1356  3.0907  2.8439  2.3461  2.0990  1.9992  1.8110  1.5225  1.5110  1.3403
 199  0.729509  3.7228  3.0839  1.0618  6.5595  4.9548  3.6534  3.0896  3.0392  2.7914  2.2918  2.0441  1.9439  1.7552  1.4659  1.4542  1.2828
 200  0.729663  3.7221  3.0581  1.0849  6.5337  4.9156  3.6079  3.0425  2.9864  2.7376  2.2361  1.9875  1.8872  1.6978  1.4075  1.3958  1.2235
 201  0.729813  3.7214  3.0316  1.1085  6.5028  4.8732  3.5608  2.9940  2.9325  2.6825  2.1791  1.9297  1.8292  1.6392  1.3478  1.3361  1.1630
 202  0.729957  3.7206  3.0045  1.1327  6.4706  4.8297  3.5127  2.9443  2.8775  2.6264  2.1210  1.8707  1.7699  1.5794  1.2869  1.2751  1.1011
 203  0.730099  3.7198  2.9765  1.1574  6.4404  4.7867  3.4647  2.8945  2.8218  2.5695  2.0617  1.8106  1.7095  1.5183  1.2247  1.2128  1.0378
 204  0.730237  3.7189  2.9478  1.1826  6.4109  4.7438  3.4162  2.8441  2.7651  2.5115  2.0014  1.7493  1.6480  1.4560  1.1612  1.1491  0.9731
 205  0.730370  3.7179  2.9183  1.2082  6.3824  4.7012  3.3675  2.7933  2.7077  2.4527  1.9400  1.6869  1.5853  1.3926  1.0965  1.0844  0.9073
 206  0.730498  3.7169  2.8883  1.2344  6.3545  4.6586  3.3184  2.7421  2.6494  2.3930  1.8776  1.6235  1.5215  1.3281  1.0307  1.0184  0.8402
 207  0.730621  3.7159  2.8577  1.2610  6.3274  4.6161  3.2689  2.6903  2.5904  2.3324  1.8144  1.5591  1.4568  1.2626  0.9637  0.9514  0.7719
 208  0.730741  3.7148  2.8265  1.2879  6.3015  4.5741  3.2193  2.6381  2.5306  2.2711  1.7501  1.4937  1.3911  1.1961  0.8957  0.8833  0.7025
 209  0.730856  3.7136  2.7947  1.3153  6.2772  4.5328  3.1696  2.5858  2.4701  2.2090  1.6851  1.4275  1.3245  1.1286  0.8268  0.8142  0.6322
 210  0.730966  3.7126  2.7624  1.3432  6.2552  4.4924  3.1201  2.5334  2.4092  2.1463  1.6193  1.3604  1.2571  1.0603  0.7569  0.7441  0.5607
 211  0.731072  3.7113  2.7295  1.3714  6.2352  4.4531  3.0707  2.4809  2.3476  2.0830  1.5526  1.2926  1.1888  0.9911  0.6861  0.6732  0.4884
 212  0.731173  3.7101  2.6962  1.3998  6.2180  4.4155  3.0217  2.4285  2.2857  2.0192  1.4854  1.2240  1.1198  0.9213  0.6144  0.6014  0.4151
 213  0.731269  3.7089  2.6624  1.4287  6.2043  4.3800  2.9733  2.3766  2.2235  1.9548  1.4176  1.1548  1.0503  0.8506  0.5420  0.5288  0.3410
 214  0.731362  3.7075  2.6282  1.4578  6.1940  4.3464  2.9254  2.3248  2.1609  1.8901  1.3492  1.0850  0.9800  0.7794  0.4690  0.4556  0.2663
 215  0.731449  3.7063  2.5937  1.4871  6.1955  4.3189  2.8795  2.2745  2.0982  1.8251  1.2803  1.0146  0.9090  0.7074  0.3951  0.3816  0.1908
 216  0.731533  3.7049  2.5587  1.5167  6.2180  4.3015  2.8374  2.2268  2.0358  1.7599  1.2107  0.9434  0.8373  0.6346  0.3203  0.3067  0.1143
 217  0.731545  3.7047  2.5533  1.5213  6.2218  4.2992  2.8311  2.2197  2.0263  1.7499  1.2001  0.9325  0.8264  0.6234  0.3089  0.2952  0.1026
 218  0.731558  3.7045  2.5480  1.5258  6.2250  4.2967  2.8247  2.2125  2.0167  1.7400  1.1895  0.9216  0.8154  0.6123  0.2975  0.2838  0.0909
 219  0.731570  3.7043  2.5426  1.5304  6.2284  4.2942  2.8182  2.2050  2.0070  1.7299  1.1787  0.9106  0.8044  0.6011  0.2859  0.2722  0.0791
 220  0.731582  3.7041  2.5371  1.5350  6.2328  4.2924  2.8120  2.1980  1.9976  1.7199  1.1681  0.8996  0.7933  0.5899  0.2744  0.2606  0.0673
 221  0.731595  3.7039  2.5316  1.5397  6.2369  4.2904  2.8058  2.1909  1.9880  1.7098  1.1573  0.8886  0.7821  0.5785  0.2627  0.2489  0.0553
 222  0.731606  3.7036  2.5261  1.5443  6.2410  4.2884  2.7996  2.1837  1.9784  1.6997  1.1464  0.8775  0.7709  0.5671  0.2510  0.2372  0.0433
 223  0.731619  3.7034  2.5205  1.5489  6.2454  4.2867  2.7935  2.1766  1.9688  1.6897  1.1356  0.8663  0.7597  0.5557  0.2392  0.2254  0.0312
 224  0.731630  3.7032  2.5150  1.5536  6.2499  4.2850  2.7873  2.1695  1.9591  1.6795  1.1247  0.8551  0.7484  0.5442  0.2275  0.2136  0.0192
 225  0.731642  3.7029  2.5094  1.5583  6.2547  4.2834  2.7813  2.1624  1.9494  1.6693  1.1138  0.8439  0.7371  0.5328  0.2156  0.2018  0.0070
 226  0.731654  3.7027  2.5037  1.5630  6.2597  4.2820  2.7752  2.1553  1.9397  1.6592  1.1028  0.8327  0.7257  0.5212  0.2037  0.1898 -0.0052
 227  0.731765  3.7004  2.4477  1.6097  6.3149  4.2754  2.7180  2.0880  1.8448  1.5589  0.9945  0.7213  0.6134  0.4067  0.0858  0.0716 -0.1261
 228  0.731864  3.6979  2.3895  1.6578  6.3800  4.2823  2.6652  2.0240  1.7494  1.4576  0.8842  0.6075  0.4984  0.2896 -0.0353 -0.0497 -0.2505
 229  0.731956  3.6952  2.3313  1.7056  6.4505  4.2970  2.6161  1.9631  1.6558  1.3578  0.7747  0.4944  0.3840  0.1729 -0.1560 -0.1707 -0.3745
 230  0.732037  3.6929  2.2787  1.7488  6.5226  4.3112  2.5720  1.9081  1.5712  1.2674  0.6757  0.3920  0.2806  0.0674 -0.2652 -0.2803 -0.4868
 231  0.732111  3.6907  2.2297  1.7892  6.5896  4.3281  2.5320  1.8576  1.4926  1.1835  0.5836  0.2967  0.1841 -0.0310 -0.3671 -0.3823 -0.5915
 232  0.732181  3.6887  2.1846  1.8261  6.6323  4.3385  2.4931  1.8096  1.4206  1.1067  0.4992  0.2095  0.0961 -0.1210 -0.4602 -0.4756 -0.6871
 233  0.732246  3.6874  2.1528  1.8527  6.6488  4.3345  2.4602  1.7707  1.3671  1.0502  0.4380  0.1465  0.0324 -0.1858 -0.5270 -0.5426 -0.7558
 234  0.732310  3.6873  2.1427  1.8622  6.6452  4.3077  2.4368  1.7463  1.3433  1.0261  0.4134  0.1219  0.0078 -0.2106 -0.5519 -0.5675 -0.7806
 235  0.732373  3.6855  2.1049  1.8934  6.6677  4.3128  2.4021  1.7040  1.2821  0.9610  0.3424  0.0484 -0.0664 -0.2863 -0.6302 -0.6460 -0.8612
 236  0.732435  3.6827  2.0452  1.9417  6.7010  4.3460  2.3590  1.6484  1.1920  0.8641  0.2348 -0.0634 -0.1796 -0.4021 -0.7506 -0.7668 -0.9856
 237  0.732490  3.6799  1.9881  1.9876  6.7255  4.3855  2.3212  1.5983  1.1077  0.7730  0.1332 -0.1692 -0.2865 -0.5119 -0.8649 -0.8814 -1.1038
 238  0.732539  3.6772  1.9344  2.0305  6.7453  4.4355  2.2913  1.5565  1.0313  0.6899  0.0398 -0.2666 -0.3853 -0.6133 -0.9709 -0.9877 -1.2137
 239  0.732585  3.6746  1.8843  2.0704  6.7571  4.4924  2.2674  1.5214  0.9619  0.6140 -0.0462 -0.3566 -0.4764 -0.7070 -1.0690 -1.0863 -1.3157
 240  0.732626  3.6726  1.8455  2.1012  6.7553  4.5525  2.2532  1.4983  0.9097  0.5566 -0.1118 -0.4254 -0.5462 -0.7790 -1.1444 -1.1620 -1.3942
 241  0.732665  3.6702  1.7987  2.1383  6.7575  4.6239  2.2360  1.4708  0.8466  0.4870 -0.1911 -0.5087 -0.6307 -0.8660 -1.2355 -1.2533 -1.4889
 242  0.732702  3.6672  1.7434  2.1820  6.7660  4.7006  2.2160  1.4390  0.7728  0.4056 -0.2843 -0.6066 -0.7300 -0.9684 -1.3428 -1.3610 -1.6004
 243  0.732735  3.6642  1.6872  2.2262  6.7697  4.7809  2.1982  1.4098  0.6996  0.3243 -0.3780 -0.7051 -0.8301 -1.0717 -1.4511 -1.4697 -1.7133
 244  0.732765  3.6613  1.6332  2.2688  6.7670  4.8594  2.1830  1.3844  0.6304  0.2472 -0.4673 -0.7994 -0.9257 -1.1704 -1.5548 -1.5738 -1.8213
 245  0.732792  3.6585  1.5799  2.3105  6.7595  4.9363  2.1698  1.3618  0.5635  0.1723 -0.5547 -0.8916 -1.0195 -1.2672 -1.6566 -1.6760 -1.9275
 246  0.732816  3.6555  1.5260  2.3526  6.7494  5.0156  2.1602  1.3433  0.4983  0.0986 -0.6417 -0.9838 -1.1132 -1.3643 -1.7588 -1.7785 -2.0342
 247  0.732839  3.6526  1.4741  2.3929  6.7353  5.0908  2.1546  1.3306  0.4379  0.0297 -0.7239 -1.0713 -1.2023 -1.4567 -1.8561 -1.8763 -2.1362
 248  0.732859  3.6498  1.4241  2.4316  6.7168  5.1617  2.1521  1.3222  0.3818 -0.0351 -0.8019 -1.1547 -1.2873 -1.5449 -1.9493 -1.9699 -2.2339
 249  0.732878  3.6469  1.3746  2.4697  6.6950  5.2293  2.1517  1.3171  0.3283 -0.0972 -0.8778 -1.2361 -1.3703 -1.6313 -2.0407 -2.0618 -2.3299
 250  0.732895  3.6441  1.3265  2.5065  6.6730  5.2929  2.1539  1.3155  0.2785 -0.1557 -0.9501 -1.3139 -1.4497 -1.7141 -2.1286 -2.1503 -2.4225
 251  0.732910  3.6413  1.2791  2.5429  6.6484  5.3519  2.1575  1.3161  0.2310 -0.2119 -1.0203 -1.3898 -1.5272 -1.7952 -2.2148 -2.2368 -2.5133
 252  0.732925  3.6386  1.2322  2.5787  6.6220  5.4064  2.1622  1.3189  0.1855 -0.2663 -1.0889 -1.4641 -1.6033 -1.8747 -2.2996 -2.3221 -2.6030
 253  0.732939  3.6359  1.1868  2.6134  6.5945  5.4545  2.1674  1.3230  0.1426 -0.3177 -1.1548 -1.5356 -1.6765 -1.9512 -2.3814 -2.4042 -2.6895
 254  0.732951  3.6332  1.1419  2.6476  6.5656  5.4946  2.1733  1.3289  0.1020 -0.3674 -1.2191 -1.6058 -1.7484 -2.0265 -2.4617 -2.4850 -2.7745
 255  0.732962  3.6306  1.0978  2.6812  6.5360  5.5294  2.1794  1.3359  0.0633 -0.4149 -1.2816 -1.6742 -1.8186 -2.0998 -2.5402 -2.5639 -2.8578
 256  0.732973  3.6280  1.0547  2.7139  6.5058  5.5598  2.1861  1.3440  0.0272 -0.4598 -1.3417 -1.7402 -1.8864 -2.1710 -2.6164 -2.6406 -2.9389
 257  0.732983  3.6254  1.0121  2.7461  6.4754  5.5875  2.1939  1.3540 -0.0065 -0.5023 -1.3994 -1.8038 -1.9519 -2.2397 -2.6906 -2.7153 -3.0181
 258  0.732992  3.6228  0.9704  2.7775  6.4443  5.6104  2.2007  1.3634 -0.0385 -0.5430 -1.4553 -1.8657 -2.0155 -2.3066 -2.7631 -2.7881 -3.0956
 259  0.733001  3.6203  0.9295  2.8084  6.4124  5.6295  2.2069  1.3726 -0.0690 -0.5820 -1.5095 -1.9258 -2.0774 -2.3717 -2.8340 -2.8595 -3.1716
 260  0.733009  3.6179  0.8897  2.8385  6.3802  5.6451  2.2122  1.3813 -0.0975 -0.6187 -1.5616 -1.9835 -2.1370 -2.4344 -2.9027 -2.9286 -3.2453
 261  0.733016  3.6155  0.8504  2.8680  6.3482  5.6580  2.2167  1.3892 -0.1245 -0.6541 -1.6123 -2.0399 -2.1952 -2.4956 -2.9702 -2.9964 -3.3178
 262  0.733023  3.6130  0.8115  2.8971  6.3158  5.6686  2.2201  1.3962 -0.1500 -0.6879 -1.6622 -2.0955 -2.2527 -2.5558 -3.0364 -3.0631 -3.3892
 263  0.733029  3.6106  0.7738  2.9253  6.2835  5.6763  2.2221  1.4018 -0.1742 -0.7202 -1.7104 -2.1492 -2.3084 -2.6140 -3.1009 -3.1278 -3.4585
 264  0.733036  3.6083  0.7368  2.9530  6.2511  5.6819  2.2230  1.4063 -0.1974 -0.7514 -1.7579 -2.2020 -2.3633 -2.6710 -3.1638 -3.1910 -3.5263
 265  0.733041  3.6061  0.7004  2.9803  6.2182  5.6853  2.2226  1.4094 -0.2196 -0.7815 -1.8044 -2.2538 -2.4170 -2.7268 -3.2258 -3.2533 -3.5932
 266  0.733046  3.6039  0.6651  3.0069  6.1853  5.6865  2.2208  1.4114 -0.2407 -0.8102 -1.8490 -2.3034 -2.4687 -2.7802 -3.2858 -3.3136 -3.6581
 267  0.733051  3.6017  0.6301  3.0331  6.1524  5.6868  2.2183  1.4127 -0.2604 -0.8374 -1.8920 -2.3514 -2.5187 -2.8323 -3.3450 -3.3730 -3.7223
 268  0.733056  3.5995  0.5959  3.0588  6.1194  5.6853  2.2143  1.4129 -0.2791 -0.8632 -1.9334 -2.3976 -2.5667 -2.8823 -3.4028 -3.4310 -3.7851
 269  0.733061  3.5975  0.5624  3.0838  6.0866  5.6826  2.2093  1.4119 -0.2966 -0.8874 -1.9728 -2.4417 -2.6126 -2.9304 -3.4592 -3.4877 -3.8466
 270  0.733065  3.5953  0.5293  3.1084  6.0545  5.6805  2.2044  1.4113 -0.3106 -0.9080 -2.0092 -2.4827 -2.6553 -2.9756 -3.5142 -3.5429 -3.9070
 271  0.733069  3.5933  0.4971  3.1326  6.0224  5.6771  2.1978  1.4090 -0.3243 -0.9279 -2.0445 -2.5224 -2.6966 -3.0193 -3.5681 -3.5971 -3.9663
 272  0.733073  3.5913  0.4656  3.1561  5.9906  5.6733  2.1901  1.4058 -0.3372 -0.9468 -2.0787 -2.5605 -2.7364 -3.0611 -3.6209 -3.6500 -4.0244
 273  0.733077  3.5893  0.4345  3.1792  5.9588  5.6692  2.1816  1.4019 -0.3490 -0.9639 -2.1109 -2.5964 -2.7738 -3.1007 -3.6725 -3.7019 -4.0818
 274  0.733080  3.5872  0.4036  3.2018  5.9278  5.6661  2.1735  1.3990 -0.3579 -0.9777 -2.1391 -2.6277 -2.8061 -3.1362 -3.7228 -3.7522 -4.1379
 275  0.733083  3.5853  0.3740  3.2239  5.8966  5.6620  2.1634  1.3938 -0.3681 -0.9926 -2.1674 -2.6587 -2.8381 -3.1714 -3.7722 -3.8019 -4.1930
 276  0.733086  3.5834  0.3448  3.2455  5.8658  5.6589  2.1533  1.3887 -0.3767 -1.0054 -2.1931 -2.6872 -2.8671 -3.2043 -3.8206 -3.8503 -4.2471
 277  0.733089  3.5816  0.3167  3.2664  5.8355  5.6555  2.1424  1.3829 -0.3848 -1.0174 -2.2170 -2.7135 -2.8939 -3.2351 -3.8671 -3.8970 -4.2994
 278  0.733092  3.5799  0.2897  3.2867  5.8058  5.6517  2.1310  1.3766 -0.3919 -1.0276 -2.2382 -2.7370 -2.9176 -3.2632 -3.9116 -3.9418 -4.3498
 279  0.733107  3.5784  0.2652  3.3050  5.7783  5.6477  2.1199  1.3703 -0.3980 -1.0363 -2.2564 -2.7571 -2.9377 -3.2877 -3.9518 -3.9821 -4.3954
