#NUMBER OF AGES= 1
#----------------------------------------------------       
#MIX-LEN  Y      Z          Zeff        [Fe/H] [a/Fe]
# 1.9380  0.3300 2.0289E-03 1.0327E-03  -1.16   0.40 
#----------------------------------------------------       
#**PHOTOMETRIC SYSTEM**: HST WFPC2 (Vega)                   
#----------------------------------------------------       
#AGE=12.400 EEPS=266
#EEP   M/Mo    LogTeff  LogG   LogL/Lo F218W   F255W   F300W   F336W   F439W   F450W   F555W   F606W   F622W   F675W   F791W   F814W   F850LP
  14  0.113541  3.5269  5.2545 -2.7009 20.7590 20.6661 16.9433 16.1371 14.9816 14.4404 13.0856 12.5640 12.3746 11.9617 10.9219 10.8798 10.4070
  15  0.130066  3.5325  5.2006 -2.5655 20.3750 20.1347 16.4895 15.6688 14.5064 13.9928 12.6706 12.1504 11.9612 11.5583 10.5758 10.5352 10.0752
  16  0.145609  3.5378  5.1582 -2.4530 20.0457 19.6760 16.1039 15.2729 14.1078 13.6155 12.3218 11.8034 11.6144 11.2196 10.2872 10.2479  9.7995
  17  0.159815  3.5430  5.1267 -2.3605 19.7665 19.2870 15.7790 14.9398 13.7732 13.2977 12.0287 11.5122 11.3234 10.9359 10.0489 10.0109  9.5736
  18  0.173199  3.5477  5.1016 -2.2819 19.5218 18.9505 15.5011 14.6560 13.4891 13.0266 11.7784 11.2636 11.0751 10.6938  9.8460  9.8091  9.3819
  19  0.186179  3.5518  5.0800 -2.2123 19.3026 18.6536 15.2573 14.4085 13.2426 12.7903 11.5598 11.0468 10.8587 10.4825  9.6673  9.6314  9.2128
  20  0.199387  3.5554  5.0601 -2.1483 19.0996 18.3852 15.0369 14.1857 13.0219 12.5776 11.3626 10.8513 10.6636 10.2913  9.5034  9.4682  9.0568
  21  0.213216  3.5588  5.0419 -2.0876 18.9065 18.1338 14.8296 13.9769 12.8156 12.3782 11.1772 10.6677 10.4805 10.1118  9.3481  9.3137  8.9089
  22  0.226417  3.5616  5.0259 -2.0339 18.7348 17.9131 14.6473 13.7936 12.6354 12.2035 11.0145 10.5068 10.3200  9.9544  9.2111  9.1772  8.7781
  23  0.238577  3.5640  5.0123 -1.9876 18.5873 17.7254 14.4910 13.6369 12.4818 12.0541 10.8756 10.3696 10.1833  9.8202  9.0931  9.0596  8.6653
  24  0.248387  3.5659  5.0020 -1.9522 18.4771 17.5871 14.3729 13.5183 12.3654 11.9407 10.7700 10.2653 10.0794  9.7183  9.0030  8.9699  8.5791
  25  0.255894  3.5672  4.9945 -1.9263 18.3970 17.4875 14.2871 13.4321 12.2809 11.8582 10.6931 10.1896 10.0040  9.6442  8.9373  8.9045  8.5162
  26  0.261552  3.5681  4.9892 -1.9076 18.3386 17.4153 14.2252 13.3699 12.2200 11.7987 10.6377 10.1349  9.9496  9.5909  8.8898  8.8572  8.4708
  27  0.265892  3.5689  4.9854 -1.8938 18.2954 17.3617 14.1793 13.3239 12.1750 11.7546 10.5965 10.0944  9.9092  9.5512  8.8546  8.8222  8.4370
  28  0.269347  3.5694  4.9829 -1.8833 18.2622 17.3198 14.1440 13.2884 12.1404 11.7206 10.5649 10.0632  9.8780  9.5208  8.8279  8.7955  8.4116
  29  0.272113  3.5699  4.9807 -1.8747 18.2350 17.2854 14.1150 13.2593 12.1118 11.6927 10.5388 10.0375  9.8525  9.4957  8.8059  8.7737  8.3907
  30  0.274551  3.5704  4.9787 -1.8671 18.2108 17.2546 14.0891 13.2333 12.0864 11.6677 10.5156 10.0146  9.8297  9.4735  8.7865  8.7543  8.3723
  31  0.276944  3.5708  4.9770 -1.8598 18.1876 17.2247 14.0641 13.2081 12.0618 11.6436 10.4932  9.9925  9.8077  9.4520  8.7680  8.7359  8.3547
  32  0.279344  3.5713  4.9751 -1.8522 18.1634 17.1936 14.0381 13.1820 12.0363 11.6186 10.4700  9.9696  9.7849  9.4296  8.7486  8.7166  8.3364
  33  0.281919  3.5718  4.9728 -1.8440 18.1375 17.1605 14.0105 13.1543 12.0092 11.5921 10.4452  9.9453  9.7606  9.4059  8.7279  8.6959  8.3166
  34  0.284709  3.5723  4.9703 -1.8351 18.1096 17.1253 13.9808 13.1245 11.9800 11.5634 10.4185  9.9190  9.7345  9.3801  8.7053  8.6735  8.2951
  35  0.287804  3.5728  4.9670 -1.8252 18.0790 17.0870 13.9483 13.0919 11.9481 11.5320 10.3891  9.8899  9.7055  9.3517  8.6801  8.6483  8.2711
  36  0.290647  3.5732  4.9638 -1.8160 18.0513 17.0529 13.9194 13.0630 11.9201 11.5043 10.3632  9.8642  9.6799  9.3264  8.6573  8.6255  8.2489
  37  0.292067  3.5731  4.9620 -1.8121 18.0390 17.0390 13.9085 13.0527 11.9122 11.4964 10.3558  9.8565  9.6724  9.3181  8.6482  8.6163  8.2391
  38  0.310262  3.5767  4.9406 -1.7508 17.8592 16.8021 13.7089 12.8516 11.7122 11.2985 10.1695  9.6721  9.4886  9.1379  8.4926  8.4613  8.0917
  39  0.338226  3.5843  4.9043 -1.6478 17.5389 16.3599 13.3536 12.4948 11.3625 10.9511  9.8462  9.3535  9.1715  8.8286  8.2310  8.2009  7.8470
  40  0.360433  3.5902  4.8732 -1.5644 17.2328 15.9699 13.0438 12.1886 11.0778 10.6708  9.5919  9.1072  8.9274  8.5910  8.0200  7.9907  7.6471
  41  0.376254  3.5956  4.8493 -1.5002 16.9897 15.6555 12.7950 11.9426 10.8512 10.4475  9.3914  8.9144  8.7365  8.4062  7.8570  7.8286  7.4939
  42  0.387619  3.6000  4.8314 -1.4516 16.8103 15.4140 12.6048 11.7539 10.6767 10.2752  9.2369  8.7661  8.5898  8.2647  7.7338  7.7060  7.3790
  43  0.397820  3.6044  4.8155 -1.4069 16.6423 15.1877 12.4253 11.5760 10.5128 10.1136  9.0935  8.6293  8.4545  8.1346  7.6203  7.5930  7.2735
  44  0.407015  3.6088  4.8012 -1.3655 16.4829 14.9767 12.2549 11.4067 10.3575  9.9613  8.9596  8.5027  8.3296  8.0150  7.5150  7.4884  7.1756
  45  0.415565  3.6132  4.7884 -1.3259 16.3284 14.7772 12.0894 11.2420 10.2064  9.8142  8.8318  8.3829  8.2116  7.9025  7.4152  7.3892  7.0829
  46  0.423680  3.6176  4.7767 -1.2877 16.1744 14.5811 11.9237 11.0764 10.0556  9.6681  8.7065  8.2664  8.0971  7.7939  7.3185  7.2932  6.9932
  47  0.431619  3.6224  4.7661 -1.2498 16.0170 14.3832 11.7531 10.9051  9.9012  9.5190  8.5799  8.1498  7.9827  7.6861  7.2225  7.1979  6.9048
  48  0.439380  3.6274  4.7563 -1.2123 15.8596 14.1873 11.5792 10.7303  9.7449  9.3688  8.4534  8.0340  7.8693  7.5797  7.1280  7.1042  6.8182
  49  0.447210  3.6327  4.7471 -1.1744 15.7015 13.9963 11.3987 10.5481  9.5831  9.2136  8.3233  7.9156  7.7536  7.4717  7.0325  7.0095  6.7309
  50  0.454782  3.6382  4.7391 -1.1372 15.5443 13.8082 11.2135 10.3616  9.4201  9.0578  8.1936  7.7981  7.6388  7.3652  6.9389  6.9168  6.6460
  51  0.462266  3.6439  4.7320 -1.1000 15.3680 13.5992 11.0196 10.1663  9.2551  8.9001  8.0631  7.6804  7.5242  7.2590  6.8453  6.8240  6.5612
  52  0.467054  3.6477  4.7276 -1.0761 15.2397 13.4464 10.8894 10.0354  9.1485  8.7982  7.9790  7.6045  7.4506  7.1905  6.7849  6.7641  6.5065
  53  0.471768  3.6515  4.7236 -1.0524 15.1005 13.2770 10.7530  9.8994  9.0417  8.6959  7.8952  7.5289  7.3774  7.1224  6.7247  6.7046  6.4521
  54  0.476414  3.6555  4.7202 -1.0289 14.9500 13.0879 10.6082  9.7569  8.9344  8.5931  7.8113  7.4534  7.3046  7.0546  6.6650  6.6454  6.3983
  55  0.480981  3.6593  4.7167 -1.0057 14.7912 12.8899 10.4605  9.6133  8.8288  8.4920  7.7290  7.3792  7.2332  6.9880  6.6062  6.5872  6.3452
  56  0.485471  3.6632  4.7135 -0.9828 14.6215 12.6816 10.3098  9.4681  8.7247  8.3921  7.6477  7.3061  7.1628  6.9223  6.5480  6.5296  6.2927
  57  0.489893  3.6672  4.7105 -0.9602 14.4408 12.4638 10.1568  9.3223  8.6220  8.2938  7.5677  7.2338  7.0936  6.8576  6.4906  6.4726  6.2408
  58  0.494235  3.6710  4.7075 -0.9380 14.2520 12.2418 10.0053  9.1795  8.5229  8.1989  7.4902  7.1636  7.0263  6.7945  6.4342  6.4168  6.1898
  59  0.498504  3.6748  4.7047 -0.9160 14.0512 12.0116  9.8533  9.0377  8.4260  8.1061  7.4143  7.0948  6.9603  6.7324  6.3784  6.3615  6.1394
  60  0.502702  3.6786  4.7017 -0.8946 13.8434 11.7825  9.7044  8.9002  8.3332  8.0173  7.3411  7.0281  6.8965  6.6721  6.3240  6.3076  6.0899
  61  0.506833  3.6823  4.6987 -0.8734 13.6220 11.5499  9.5551  8.7636  8.2422  7.9306  7.2695  6.9628  6.8339  6.6129  6.2704  6.2544  6.0412
  62  0.510897  3.6858  4.6957 -0.8526 13.3869 11.3186  9.4077  8.6303  8.1546  7.8472  7.2004  6.8995  6.7733  6.5553  6.2182  6.2026  5.9935
  63  0.514887  3.6893  4.6926 -0.8322 13.1281 11.0842  9.2594  8.4978  8.0690  7.7661  7.1332  6.8378  6.7143  6.4993  6.1670  6.1519  5.9470
  64  0.518791  3.6927  4.6895 -0.8123 12.8485 10.8511  9.1122  8.3680  7.9863  7.6880  7.0683  6.7783  6.6572  6.4450  6.1175  6.1029  5.9019
  65  0.522624  3.6960  4.6863 -0.7927 12.5717 10.6270  8.9691  8.2422  7.9060  7.6125  7.0053  6.7202  6.6015  6.3921  6.0691  6.0549  5.8578
  66  0.526385  3.6992  4.6829 -0.7734 12.3067 10.4169  8.8323  8.1220  7.8285  7.5397  6.9443  6.6639  6.5476  6.3406  6.0221  6.0081  5.8147
  67  0.530083  3.7023  4.6796 -0.7546 12.0642 10.2254  8.7034  8.0080  7.7538  7.4695  6.8851  6.6091  6.4947  6.2903  5.9759  5.9624  5.7724
  68  0.533728  3.7053  4.6762 -0.7361 11.8517 10.0562  8.5840  7.9014  7.6819  7.4020  6.8276  6.5557  6.4432  6.2411  5.9308  5.9176  5.7310
  69  0.537315  3.7082  4.6725 -0.7178 11.6991  9.9259  8.4797  7.8060  7.6133  7.3372  6.7718  6.5036  6.3927  6.1929  5.8864  5.8736  5.6902
  70  0.540865  3.7110  4.6686 -0.6998 11.5623  9.8088  8.3817  7.7157  7.5470  7.2747  6.7176  6.4528  6.3432  6.1457  5.8429  5.8303  5.6502
  71  0.544363  3.7138  4.6648 -0.6822 11.4341  9.6995  8.2873  7.6284  7.4822  7.2135  6.6645  6.4030  6.2947  6.0992  5.8000  5.7879  5.6107
  72  0.547820  3.7164  4.6608 -0.6646 11.3118  9.5965  8.1964  7.5441  7.4190  7.1539  6.6126  6.3542  6.2471  6.0536  5.7580  5.7461  5.5718
  73  0.551232  3.7192  4.6568 -0.6473 11.1857  9.4937  8.1061  7.4611  7.3569  7.0955  6.5617  6.3062  6.2003  6.0088  5.7166  5.7049  5.5335
  74  0.554605  3.7217  4.6527 -0.6302 11.0539  9.3897  8.0165  7.3790  7.2959  7.0383  6.5118  6.2592  6.1544  5.9649  5.6758  5.6645  5.4958
  75  0.557939  3.7243  4.6484 -0.6132 10.8969  9.2737  7.9237  7.2953  7.2357  6.9818  6.4627  6.2129  6.1094  5.9217  5.6358  5.6247  5.4586
  76  0.561231  3.7268  4.6442 -0.5965 10.7380  9.1580  7.8320  7.2130  7.1764  6.9264  6.4146  6.1676  6.0652  5.8792  5.5963  5.5855  5.4220
  77  0.564485  3.7292  4.6397 -0.5799 10.5805  9.0445  7.7425  7.1326  7.1184  6.8722  6.3675  6.1231  6.0217  5.8375  5.5574  5.5469  5.3858
  78  0.567705  3.7315  4.6352 -0.5634 10.4247  8.9330  7.6548  7.0541  7.0616  6.8190  6.3211  6.0793  5.9790  5.7963  5.5191  5.5088  5.3502
  79  0.570870  3.7338  4.6305 -0.5472 10.2723  8.8242  7.5693  6.9776  7.0059  6.7670  6.2758  6.0364  5.9371  5.7560  5.4815  5.4714  5.3150
  80  0.573984  3.7360  4.6257 -0.5313 10.1262  8.7195  7.4866  6.9036  6.9517  6.7163  6.2315  5.9944  5.8960  5.7164  5.4445  5.4347  5.2805
  81  0.577044  3.7381  4.6209 -0.5156  9.9866  8.6187  7.4066  6.8318  6.8987  6.6666  6.1880  5.9532  5.8557  5.6776  5.4082  5.3986  5.2465
  82  0.581163  3.7409  4.6140 -0.4944  9.8101  8.4886  7.3019  6.7377  6.8279  6.6004  6.1298  5.8980  5.8017  5.6256  5.3594  5.3499  5.2007
  83  0.585245  3.7437  4.6069 -0.4733  9.6402  8.3623  7.1998  6.6458  6.7583  6.5350  6.0723  5.8434  5.7482  5.5739  5.3109  5.3018  5.1551
  84  0.589286  3.7464  4.5995 -0.4523  9.4767  8.2401  7.1005  6.5564  6.6900  6.4707  6.0155  5.7893  5.6952  5.5228  5.2627  5.2539  5.1097
  85  0.593279  3.7490  4.5918 -0.4314  9.3201  8.1219  7.0044  6.4695  6.6228  6.4075  5.9595  5.7360  5.6428  5.4722  5.2150  5.2064  5.0646
  86  0.597220  3.7514  4.5838 -0.4106  9.1692  8.0071  6.9110  6.3853  6.5566  6.3452  5.9042  5.6831  5.5909  5.4219  5.1676  5.1591  5.0198
  87  0.601109  3.7538  4.5757 -0.3899  9.0245  7.8959  6.8206  6.3037  6.4916  6.2837  5.8494  5.6306  5.5395  5.3720  5.1204  5.1121  4.9749
  88  0.604945  3.7561  4.5672 -0.3695  8.8860  7.7882  6.7329  6.2246  6.4277  6.2233  5.7953  5.5787  5.4884  5.3224  5.0733  5.0653  4.9301
  89  0.608719  3.7584  4.5585 -0.3491  8.7526  7.6835  6.6473  6.1475  6.3648  6.1636  5.7417  5.5273  5.4377  5.2733  5.0266  5.0187  4.8856
  90  0.612427  3.7606  4.5495 -0.3288  8.6241  7.5817  6.5638  6.0722  6.3028  6.1048  5.6887  5.4763  5.3875  5.2245  4.9801  4.9725  4.8412
  91  0.616063  3.7627  4.5403 -0.3087  8.4997  7.4824  6.4824  5.9986  6.2417  6.0468  5.6363  5.4259  5.3379  5.1762  4.9341  4.9266  4.7972
  92  0.619626  3.7647  4.5309 -0.2887  8.3795  7.3856  6.4028  5.9267  6.1815  5.9895  5.5844  5.3759  5.2885  5.1282  4.8883  4.8810  4.7533
  93  0.623118  3.7666  4.5212 -0.2688  8.2636  7.2914  6.3254  5.8564  6.1221  5.9330  5.5331  5.3264  5.2398  5.0807  4.8428  4.8357  4.7097
  94  0.626531  3.7684  4.5114 -0.2491  8.1512  7.1993  6.2497  5.7877  6.0635  5.8771  5.4822  5.2774  5.1915  5.0337  4.7978  4.7909  4.6664
  95  0.629863  3.7702  4.5013 -0.2296  8.0412  7.1085  6.1753  5.7196  6.0056  5.8219  5.4320  5.2291  5.1439  4.9872  4.7534  4.7466  4.6237
  96  0.633112  3.7720  4.4911 -0.2103  7.9347  7.0197  6.1029  5.6528  5.9484  5.7674  5.3822  5.1813  5.0968  4.9414  4.7095  4.7028  4.5813
  97  0.636274  3.7737  4.4807 -0.1911  7.8317  6.9333  6.0324  5.5876  5.8921  5.7136  5.3332  5.1340  5.0503  4.8960  4.6660  4.6595  4.5394
  98  0.639348  3.7752  4.4701 -0.1721  7.7332  6.8502  5.9639  5.5246  5.8371  5.6608  5.2848  5.0874  5.0043  4.8511  4.6228  4.6164  4.4976
  99  0.642333  3.7768  4.4594 -0.1535  7.6383  6.7698  5.8971  5.4634  5.7830  5.6089  5.2370  5.0411  4.9587  4.8066  4.5799  4.5736  4.4561
 100  0.645230  3.7782  4.4485 -0.1349  7.5476  6.6924  5.8322  5.4044  5.7299  5.5580  5.1899  4.9955  4.9135  4.7624  4.5373  4.5311  4.4147
 101  0.648039  3.7795  4.4376 -0.1167  7.4599  6.6173  5.7686  5.3472  5.6779  5.5079  5.1436  4.9503  4.8689  4.7188  4.4952  4.4890  4.3737
 102  0.650764  3.7807  4.4265 -0.0987  7.3762  6.5453  5.7074  5.2916  5.6269  5.4586  5.0978  4.9057  4.8248  4.6755  4.4533  4.4473  4.3330
 103  0.653407  3.7820  4.4154 -0.0808  7.2950  6.4750  5.6475  5.2373  5.5767  5.4101  5.0527  4.8618  4.7813  4.6329  4.4120  4.4060  4.2928
 104  0.655974  3.7831  4.4041 -0.0632  7.2164  6.4070  5.5894  5.1843  5.5272  5.3622  5.0081  4.8183  4.7383  4.5907  4.3712  4.3654  4.2529
 105  0.658469  3.7842  4.3929 -0.0458  7.1403  6.3409  5.5330  5.1322  5.4784  5.3148  4.9639  4.7754  4.6959  4.5492  4.3310  4.3251  4.2137
 106  0.660899  3.7853  4.3815 -0.0286  7.0673  6.2772  5.4785  5.0819  5.4303  5.2682  4.9202  4.7329  4.6537  4.5079  4.2910  4.2853  4.1746
 107  0.663273  3.7863  4.3700 -0.0116  6.9977  6.2164  5.4259  5.0331  5.3831  5.2223  4.8770  4.6907  4.6120  4.4669  4.2511  4.2456  4.1356
 108  0.665597  3.7873  4.3586  0.0053  6.9301  6.1571  5.3746  4.9853  5.3367  5.1769  4.8342  4.6490  4.5707  4.4263  4.2116  4.2060  4.0970
 109  0.667882  3.7882  4.3470  0.0220  6.8649  6.0996  5.3245  4.9387  5.2908  5.1321  4.7919  4.6076  4.5296  4.3859  4.1723  4.1669  4.0585
 110  0.670139  3.7891  4.3354  0.0384  6.8018  6.0437  5.2756  4.8930  5.2457  5.0880  4.7499  4.5664  4.4889  4.3457  4.1331  4.1277  4.0200
 111  0.672338  3.7899  4.3238  0.0548  6.7402  5.9890  5.2277  4.8483  5.2010  5.0443  4.7083  4.5256  4.4485  4.3059  4.0943  4.0889  3.9818
 112  0.673139  3.7902  4.3195  0.0610  6.7165  5.9681  5.2094  4.8313  5.1842  5.0278  4.6926  4.5103  4.4332  4.2910  4.0797  4.0744  3.9675
 113  0.673939  3.7906  4.3152  0.0673  6.6921  5.9464  5.1908  4.8140  5.1669  5.0111  4.6767  4.4948  4.4178  4.2758  4.0649  4.0596  3.9531
 114  0.674740  3.7910  4.3110  0.0736  6.6673  5.9248  5.1721  4.7966  5.1495  4.9941  4.6607  4.4791  4.4022  4.2605  4.0500  4.0448  3.9384
 115  0.675540  3.7914  4.3066  0.0800  6.6427  5.9031  5.1533  4.7791  5.1319  4.9770  4.6444  4.4632  4.3864  4.2450  4.0350  4.0297  3.9237
 116  0.676339  3.7917  4.3021  0.0864  6.6182  5.8814  5.1343  4.7615  5.1143  4.9596  4.6279  4.4471  4.3705  4.2293  4.0197  4.0145  3.9087
 117  0.677136  3.7921  4.2974  0.0929  6.5941  5.8598  5.1154  4.7438  5.0966  4.9422  4.6113  4.4308  4.3543  4.2134  4.0041  3.9989  3.8935
 118  0.677931  3.7924  4.2925  0.0996  6.5704  5.8385  5.0965  4.7262  5.0786  4.9246  4.5945  4.4142  4.3379  4.1971  3.9882  3.9831  3.8779
 119  0.678723  3.7926  4.2875  0.1063  6.5470  5.8175  5.0777  4.7085  5.0606  4.9069  4.5774  4.3975  4.3213  4.1807  3.9722  3.9670  3.8620
 120  0.679511  3.7930  4.2821  0.1132  6.5239  5.7964  5.0589  4.6906  5.0424  4.8890  4.5602  4.3805  4.3044  4.1640  3.9557  3.9506  3.8457
 121  0.680296  3.7932  4.2767  0.1201  6.5011  5.7755  5.0400  4.6727  5.0240  4.8709  4.5427  4.3632  4.2873  4.1470  3.9391  3.9339  3.8292
 122  0.681079  3.7934  4.2711  0.1270  6.4786  5.7547  5.0212  4.6547  5.0055  4.8527  4.5250  4.3459  4.2699  4.1299  3.9221  3.9170  3.8124
 123  0.681858  3.7936  4.2654  0.1341  6.4557  5.7337  5.0020  4.6366  4.9869  4.8342  4.5072  4.3282  4.2524  4.1124  3.9050  3.8999  3.7955
 124  0.682632  3.7938  4.2596  0.1413  6.4327  5.7125  4.9827  4.6182  4.9679  4.8156  4.4891  4.3103  4.2346  4.0948  3.8876  3.8826  3.7783
 125  0.683404  3.7941  4.2537  0.1485  6.4099  5.6913  4.9633  4.5998  4.9489  4.7968  4.4708  4.2923  4.2167  4.0771  3.8701  3.8651  3.7609
 126  0.684174  3.7943  4.2477  0.1558  6.3869  5.6701  4.9440  4.5813  4.9297  4.7779  4.4525  4.2742  4.1985  4.0591  3.8525  3.8474  3.7434
 127  0.684941  3.7944  4.2416  0.1631  6.3644  5.6491  4.9246  4.5627  4.9105  4.7589  4.4341  4.2559  4.1804  4.0411  3.8346  3.8296  3.7257
 128  0.685706  3.7946  4.2354  0.1705  6.3421  5.6282  4.9053  4.5442  4.8913  4.7399  4.4154  4.2375  4.1620  4.0229  3.8167  3.8115  3.7078
 129  0.686467  3.7948  4.2290  0.1780  6.3197  5.6073  4.8859  4.5255  4.8719  4.7206  4.3967  4.2189  4.1435  4.0045  3.7984  3.7933  3.6896
 130  0.687224  3.7948  4.2224  0.1855  6.2979  5.5867  4.8665  4.5069  4.8524  4.7013  4.3777  4.2002  4.1247  3.9859  3.7800  3.7749  3.6712
 131  0.687975  3.7950  4.2157  0.1930  6.2768  5.5664  4.8473  4.4883  4.8329  4.6819  4.3586  4.1812  4.1058  3.9670  3.7612  3.7561  3.6525
 132  0.688721  3.7950  4.2087  0.2008  6.2560  5.5463  4.8281  4.4696  4.8132  4.6624  4.3394  4.1620  4.0868  3.9480  3.7422  3.7372  3.6336
 133  0.689462  3.7950  4.2015  0.2085  6.2357  5.5265  4.8091  4.4509  4.7936  4.6429  4.3201  4.1427  4.0675  3.9287  3.7230  3.7180  3.6144
 134  0.690196  3.7950  4.1942  0.2163  6.2160  5.5070  4.7901  4.4323  4.7739  4.6231  4.3006  4.1232  4.0479  3.9092  3.7036  3.6986  3.5949
 135  0.690923  3.7950  4.1867  0.2241  6.1965  5.4877  4.7711  4.4135  4.7542  4.6034  4.2808  4.1035  4.0282  3.8895  3.6839  3.6788  3.5752
 136  0.691643  3.7950  4.1789  0.2321  6.1778  5.4688  4.7523  4.3948  4.7343  4.5835  4.2610  4.0837  4.0084  3.8696  3.6639  3.6588  3.5551
 137  0.692356  3.7949  4.1710  0.2401  6.1596  5.4502  4.7336  4.3762  4.7145  4.5637  4.2410  4.0636  3.9883  3.8495  3.6437  3.6387  3.5348
 138  0.693059  3.7947  4.1629  0.2482  6.1422  5.4320  4.7150  4.3574  4.6945  4.5437  4.2208  4.0433  3.9681  3.8291  3.6233  3.6182  3.5141
 139  0.693755  3.7945  4.1544  0.2564  6.1254  5.4142  4.6966  4.3389  4.6746  4.5237  4.2006  4.0229  3.9476  3.8085  3.6026  3.5974  3.4933
 140  0.694442  3.7943  4.1457  0.2645  6.1096  5.3970  4.6784  4.3204  4.6548  4.5036  4.1802  4.0023  3.9270  3.7878  3.5815  3.5763  3.4720
 141  0.695120  3.7940  4.1367  0.2728  6.0949  5.3805  4.6606  4.3020  4.6350  4.4836  4.1597  3.9816  3.9061  3.7668  3.5602  3.5550  3.4504
 142  0.695789  3.7937  4.1275  0.2811  6.0808  5.3644  4.6428  4.2838  4.6152  4.4635  4.1390  3.9607  3.8851  3.7456  3.5386  3.5335  3.4285
 143  0.696446  3.7934  4.1180  0.2895  6.0681  5.3490  4.6256  4.2656  4.5955  4.4436  4.1183  3.9396  3.8639  3.7241  3.5168  3.5116  3.4063
 144  0.697093  3.7928  4.1082  0.2980  6.0565  5.3344  4.6086  4.2476  4.5758  4.4235  4.0974  3.9183  3.8425  3.7025  3.4947  3.4894  3.3838
 145  0.697730  3.7924  4.0981  0.3065  6.0456  5.3203  4.5918  4.2298  4.5562  4.4035  4.0765  3.8970  3.8210  3.6806  3.4723  3.4670  3.3609
 146  0.698355  3.7918  4.0876  0.3151  6.0369  5.3075  4.5758  4.2124  4.5368  4.3836  4.0555  3.8755  3.7993  3.6585  3.4496  3.4443  3.3377
 147  0.698968  3.7912  4.0768  0.3237  6.0289  5.2950  4.5599  4.1951  4.5175  4.3637  4.0344  3.8538  3.7775  3.6362  3.4267  3.4213  3.3142
 148  0.699570  3.7905  4.0657  0.3324  6.0229  5.2840  4.5448  4.1782  4.4985  4.3440  4.0133  3.8320  3.7555  3.6137  3.4034  3.3979  3.2902
 149  0.700159  3.7897  4.0543  0.3411  6.0176  5.2735  4.5298  4.1615  4.4795  4.3243  3.9921  3.8101  3.7333  3.5912  3.3799  3.3744  3.2661
 150  0.700735  3.7888  4.0425  0.3499  6.0143  5.2643  4.5157  4.1453  4.4607  4.3047  3.9708  3.7882  3.7111  3.5683  3.3562  3.3507  3.2416
 151  0.701300  3.7880  4.0303  0.3587  6.0128  5.2562  4.5022  4.1295  4.4422  4.2854  3.9496  3.7660  3.6886  3.5452  3.3322  3.3266  3.2168
 152  0.701851  3.7870  4.0177  0.3676  6.0140  5.2501  4.4897  4.1144  4.4241  4.2663  3.9283  3.7439  3.6661  3.5221  3.3079  3.3022  3.1915
 153  0.702389  3.7857  4.0045  0.3764  6.0194  5.2470  4.4790  4.1005  4.4065  4.2475  3.9071  3.7216  3.6434  3.4986  3.2832  3.2773  3.1657
 154  0.702914  3.7844  3.9906  0.3853  6.0303  5.2481  4.4706  4.0883  4.3897  4.2293  3.8859  3.6992  3.6206  3.4749  3.2580  3.2521  3.1393
 155  0.703426  3.7830  3.9763  0.3942  6.0448  5.2519  4.4638  4.0772  4.3734  4.2113  3.8648  3.6767  3.5976  3.4509  3.2326  3.2265  3.1125
 156  0.703924  3.7814  3.9614  0.4031  6.0650  5.2599  4.4594  4.0678  4.3580  4.1940  3.8437  3.6541  3.5746  3.4268  3.2067  3.2005  3.0851
 157  0.704410  3.7797  3.9461  0.4120  6.0883  5.2700  4.4562  4.0594  4.3430  4.1769  3.8227  3.6317  3.5513  3.4026  3.1806  3.1743  3.0575
 158  0.704885  3.7778  3.9299  0.4210  6.1171  5.2841  4.4551  4.0525  4.3289  4.1605  3.8019  3.6091  3.5282  3.3780  3.1540  3.1475  3.0292
 159  0.705346  3.7757  3.9127  0.4298  6.1550  5.3046  4.4579  4.0483  4.3165  4.1454  3.7816  3.5867  3.5050  3.3534  3.1270  3.1203  3.0000
 160  0.705794  3.7732  3.8944  0.4386  6.2015  5.3311  4.4644  4.0469  4.3057  4.1313  3.7617  3.5644  3.4819  3.3286  3.0995  3.0926  2.9703
 161  0.706231  3.7707  3.8755  0.4472  6.2543  5.3618  4.4738  4.0476  4.2960  4.1182  3.7420  3.5422  3.4587  3.3037  3.0717  3.0646  2.9401
 162  0.706667  3.7676  3.8551  0.4561  6.3201  5.4009  4.4884  4.0523  4.2883  4.1066  3.7228  3.5201  3.4355  3.2784  3.0431  3.0359  2.9087
 163  0.707101  3.7647  3.8346  0.4653  6.3846  5.4373  4.5015  4.0562  4.2797  4.0940  3.7031  3.4975  3.4119  3.2528  3.0142  3.0067  2.8770
 164  0.707531  3.7618  3.8137  0.4749  6.4500  5.4726  4.5143  4.0601  4.2704  4.0809  3.6826  3.4743  3.3876  3.2265  2.9847  2.9770  2.8447
 165  0.707955  3.7590  3.7925  0.4850  6.5181  5.5079  4.5270  4.0640  4.2604  4.0668  3.6612  3.4500  3.3624  3.1993  2.9542  2.9462  2.8115
 166  0.708372  3.7560  3.7701  0.4958  6.5910  5.5446  4.5402  4.0681  4.2496  4.0518  3.6385  3.4244  3.3358  3.1706  2.9221  2.9138  2.7763
 167  0.708776  3.7531  3.7468  0.5074  6.6675  5.5815  4.5530  4.0719  4.2371  4.0350  3.6138  3.3967  3.3070  3.1398  2.8877  2.8791  2.7389
 168  0.709163  3.7502  3.7227  0.5203  6.7426  5.6159  4.5633  4.0734  4.2221  4.0156  3.5865  3.3665  3.2757  3.1064  2.8509  2.8420  2.6990
 169  0.709531  3.7476  3.6985  0.5342  6.8083  5.6429  4.5681  4.0700  4.2030  3.9925  3.5562  3.3335  3.2418  3.0705  2.8119  2.8029  2.6572
 170  0.709877  3.7451  3.6743  0.5491  6.8640  5.6626  4.5673  4.0619  4.1802  3.9660  3.5233  3.2980  3.2054  3.0325  2.7710  2.7617  2.6138
 171  0.710204  3.7430  3.6503  0.5648  6.9081  5.6742  4.5605  4.0488  4.1537  3.9363  3.4879  3.2605  3.1671  2.9927  2.7286  2.7191  2.5692
 172  0.710512  3.7413  3.6267  0.5811  6.9406  5.6779  4.5481  4.0309  4.1239  3.9037  3.4505  3.2212  3.1272  2.9514  2.6851  2.6755  2.5237
 173  0.710807  3.7396  3.6035  0.5981  6.9637  5.6753  4.5312  4.0093  4.0916  3.8689  3.4114  3.1806  3.0860  2.9091  2.6409  2.6310  2.4776
 174  0.711088  3.7382  3.5809  0.6153  6.9800  5.6675  4.5105  3.9845  4.0571  3.8323  3.3711  3.1388  3.0438  2.8660  2.5961  2.5861  2.4314
 175  0.711359  3.7371  3.5587  0.6328  6.9899  5.6551  4.4866  3.9571  4.0207  3.7941  3.3299  3.0964  3.0010  2.8223  2.5510  2.5409  2.3848
 176  0.711622  3.7359  3.5368  0.6505  6.9933  5.6385  4.4599  3.9273  3.9830  3.7547  3.2878  3.0533  2.9575  2.7782  2.5055  2.4954  2.3382
 177  0.711877  3.7349  3.5153  0.6684  6.9910  5.6183  4.4308  3.8957  3.9441  3.7144  3.2451  3.0097  2.9136  2.7336  2.4599  2.4496  2.2915
 178  0.712127  3.7341  3.4940  0.6864  6.9853  5.5961  4.4003  3.8628  3.9045  3.6734  3.2019  2.9658  2.8694  2.6888  2.4141  2.4037  2.2447
 179  0.712372  3.7332  3.4727  0.7045  6.9780  5.5729  4.3690  3.8293  3.8645  3.6323  3.1587  2.9218  2.8250  2.6439  2.3682  2.3577  2.1978
 180  0.712613  3.7325  3.4516  0.7227  6.9677  5.5477  4.3365  3.7949  3.8240  3.5906  3.1152  2.8774  2.7805  2.5989  2.3221  2.3116  2.1509
 181  0.712850  3.7317  3.4307  0.7408  6.9549  5.5211  4.3032  3.7596  3.7829  3.5486  3.0713  2.8328  2.7357  2.5536  2.2760  2.2653  2.1039
 182  0.713030  3.7312  3.4146  0.7549  6.9433  5.4997  4.2767  3.7318  3.7511  3.5159  3.0373  2.7984  2.7010  2.5186  2.2402  2.2295  2.0676
 183  0.713209  3.7307  3.3984  0.7692  6.9304  5.4773  4.2495  3.7034  3.7186  3.4826  3.0029  2.7634  2.6658  2.4830  2.2042  2.1934  2.0308
 184  0.713388  3.7302  3.3820  0.7837  6.9162  5.4538  4.2214  3.6741  3.6853  3.4486  2.9676  2.7277  2.6300  2.4469  2.1673  2.1565  1.9934
 185  0.713567  3.7298  3.3654  0.7985  6.9017  5.4300  4.1929  3.6444  3.6517  3.4143  2.9321  2.6916  2.5938  2.4102  2.1301  2.1193  1.9556
 186  0.713745  3.7292  3.3486  0.8134  6.8867  5.4057  4.1638  3.6141  3.6174  3.3792  2.8958  2.6548  2.5568  2.3730  2.0922  2.0813  1.9171
 187  0.713921  3.7287  3.3314  0.8287  6.8710  5.3806  4.1340  3.5830  3.5824  3.3434  2.8587  2.6173  2.5192  2.3349  2.0535  2.0426  1.8778
 188  0.714098  3.7283  3.3140  0.8443  6.8530  5.3538  4.1029  3.5509  3.5464  3.3068  2.8210  2.5790  2.4809  2.2962  2.0143  2.0032  1.8379
 189  0.714274  3.7278  3.2963  0.8603  6.8350  5.3265  4.0711  3.5181  3.5096  3.2693  2.7823  2.5399  2.4414  2.2565  1.9739  1.9628  1.7970
 190  0.714448  3.7274  3.2779  0.8768  6.8161  5.2982  4.0382  3.4839  3.4715  3.2303  2.7422  2.4992  2.4006  2.2153  1.9320  1.9209  1.7547
 191  0.714619  3.7268  3.2588  0.8940  6.7958  5.2682  4.0037  3.4482  3.4318  3.1899  2.7004  2.4570  2.3583  2.1726  1.8886  1.8775  1.7106
 192  0.714787  3.7263  3.2390  0.9119  6.7743  5.2369  3.9676  3.4110  3.3904  3.1479  2.6570  2.4131  2.3142  2.1281  1.8436  1.8323  1.6648
 193  0.714953  3.7258  3.2184  0.9305  6.7530  5.2050  3.9307  3.3729  3.3477  3.1043  2.6121  2.3676  2.2685  2.0820  1.7967  1.7854  1.6173
 194  0.715117  3.7252  3.1971  0.9496  6.7299  5.1714  3.8920  3.3331  3.3034  3.0593  2.5657  2.3205  2.2213  2.0344  1.7483  1.7370  1.5683
 195  0.715277  3.7247  3.1750  0.9695  6.7062  5.1366  3.8521  3.2918  3.2575  3.0125  2.5175  2.2717  2.1722  1.9849  1.6981  1.6867  1.5174
 196  0.715433  3.7241  3.1522  0.9901  6.6818  5.1008  3.8109  3.2494  3.2102  2.9642  2.4677  2.2213  2.1216  1.9338  1.6462  1.6347  1.4647
 197  0.715586  3.7235  3.1285  1.0114  6.6572  5.0643  3.7686  3.2056  3.1613  2.9144  2.4162  2.1691  2.0692  1.8810  1.5925  1.5810  1.4103
 198  0.715736  3.7228  3.1041  1.0332  6.6324  5.0268  3.7253  3.1609  3.1113  2.8634  2.3634  2.1156  2.0156  1.8267  1.5373  1.5257  1.3543
 199  0.715882  3.7221  3.0791  1.0556  6.6057  4.9879  3.6807  3.1147  3.0598  2.8109  2.3092  2.0607  1.9603  1.7709  1.4807  1.4690  1.2968
 200  0.716025  3.7214  3.0533  1.0786  6.5739  4.9457  3.6341  3.0669  3.0071  2.7571  2.2536  2.0043  1.9037  1.7139  1.4226  1.4108  1.2378
 201  0.716163  3.7207  3.0269  1.1022  6.5414  4.9026  3.5867  3.0182  2.9532  2.7022  2.1968  1.9467  1.8459  1.6554  1.3632  1.3513  1.1775
 202  0.716298  3.7199  2.9998  1.1263  6.5095  4.8593  3.5388  2.9688  2.8983  2.6462  2.1387  1.8877  1.7868  1.5956  1.3023  1.2904  1.1156
 203  0.716430  3.7190  2.9719  1.1510  6.4790  4.8164  3.4908  2.9190  2.8426  2.5894  2.0797  1.8278  1.7264  1.5347  1.2402  1.2282  1.0524
 204  0.716558  3.7182  2.9432  1.1762  6.4495  4.7736  3.4424  2.8687  2.7861  2.5315  2.0195  1.7666  1.6650  1.4726  1.1768  1.1647  0.9879
 205  0.716681  3.7172  2.9139  1.2018  6.4210  4.7310  3.3938  2.8180  2.7288  2.4727  1.9582  1.7044  1.6024  1.4093  1.1123  1.1001  0.9222
 206  0.716800  3.7162  2.8839  1.2279  6.3932  4.6886  3.3448  2.7667  2.6706  2.4131  1.8958  1.6410  1.5388  1.3448  1.0465  1.0342  0.8551
 207  0.716915  3.7152  2.8533  1.2545  6.3664  4.6465  3.2954  2.7151  2.6115  2.3527  1.8326  1.5767  1.4741  1.2795  0.9797  0.9672  0.7870
 208  0.717026  3.7142  2.8221  1.2814  6.3410  4.6049  3.2460  2.6630  2.5518  2.2914  1.7685  1.5114  1.4086  1.2130  0.9119  0.8992  0.7178
 209  0.717133  3.7131  2.7904  1.3088  6.3173  4.5639  3.1965  2.6108  2.4915  2.2293  1.7035  1.4452  1.3421  1.1456  0.8429  0.8302  0.6474
 210  0.717235  3.7119  2.7581  1.3365  6.2958  4.5240  3.1471  2.5586  2.4307  2.1667  1.6377  1.3782  1.2747  1.0774  0.7730  0.7603  0.5761
 211  0.717333  3.7107  2.7253  1.3647  6.2766  4.4854  3.0979  2.5063  2.3691  2.1035  1.5713  1.3105  1.2065  1.0083  0.7024  0.6894  0.5039
 212  0.717427  3.7096  2.6921  1.3932  6.2605  4.4484  3.0492  2.4542  2.3073  2.0396  1.5041  1.2420  1.1376  0.9385  0.6308  0.6177  0.4307
 213  0.717517  3.7083  2.6584  1.4220  6.2479  4.4136  3.0010  2.4024  2.2451  1.9754  1.4363  1.1728  1.0680  0.8679  0.5585  0.5451  0.3567
 214  0.717603  3.7071  2.6242  1.4511  6.2387  4.3810  2.9534  2.3508  2.1825  1.9107  1.3680  1.1030  0.9978  0.7967  0.4855  0.4720  0.2820
 215  0.717684  3.7057  2.5896  1.4805  6.2525  4.3592  2.9097  2.3021  2.1202  1.8457  1.2991  1.0325  0.9268  0.7246  0.4115  0.3979  0.2064
 216  0.717761  3.7044  2.5547  1.5101  6.2761  4.3428  2.8678  2.2547  2.0578  1.7806  1.2295  0.9614  0.8552  0.6519  0.3368  0.3230  0.1300
 217  0.717773  3.7042  2.5493  1.5147  6.2799  4.3406  2.8615  2.2474  2.0482  1.7705  1.2188  0.9504  0.8440  0.6406  0.3252  0.3115  0.1181
 218  0.717785  3.7040  2.5438  1.5193  6.2837  4.3383  2.8551  2.2402  2.0385  1.7604  1.2080  0.9393  0.8328  0.6293  0.3135  0.2998  0.1062
 219  0.717796  3.7038  2.5383  1.5240  6.2875  4.3361  2.8486  2.2328  2.0287  1.7503  1.1971  0.9281  0.8216  0.6178  0.3018  0.2881  0.0942
 220  0.717808  3.7035  2.5328  1.5286  6.2917  4.3342  2.8424  2.2257  2.0191  1.7401  1.1862  0.9170  0.8104  0.6065  0.2901  0.2763  0.0822
 221  0.717819  3.7033  2.5272  1.5333  6.2960  4.3324  2.8361  2.2185  2.0094  1.7299  1.1753  0.9058  0.7991  0.5949  0.2783  0.2644  0.0701
 222  0.717831  3.7030  2.5216  1.5380  6.3003  4.3305  2.8299  2.2113  1.9996  1.7196  1.1643  0.8945  0.7876  0.5834  0.2664  0.2525  0.0579
 223  0.717842  3.7028  2.5159  1.5427  6.3051  4.3289  2.8238  2.2041  1.9899  1.7094  1.1532  0.8832  0.7763  0.5718  0.2544  0.2406  0.0456
 224  0.717854  3.7026  2.5103  1.5475  6.3097  4.3274  2.8175  2.1969  1.9800  1.6991  1.1421  0.8718  0.7648  0.5601  0.2425  0.2285  0.0334
 225  0.717865  3.7024  2.5045  1.5523  6.3149  4.3262  2.8114  2.1897  1.9702  1.6888  1.1310  0.8604  0.7532  0.5484  0.2304  0.2164  0.0210
 226  0.717876  3.7022  2.4988  1.5571  6.3200  4.3248  2.8052  2.1826  1.9604  1.6784  1.1198  0.8489  0.7417  0.5366  0.2182  0.2042  0.0085
 227  0.717979  3.6997  2.4416  1.6048  6.3776  4.3203  2.7478  2.1146  1.8638  1.5764  1.0096  0.7355  0.6271  0.4200  0.0980  0.0838 -0.1147
 228  0.718071  3.6972  2.3839  1.6524  6.4407  4.3284  2.6958  2.0516  1.7693  1.4760  0.9001  0.6225  0.5131  0.3037 -0.0221 -0.0367 -0.2382
 229  0.718155  3.6947  2.3263  1.6998  6.5118  4.3429  2.6469  1.9909  1.6764  1.3770  0.7917  0.5105  0.3998  0.1882 -0.1417 -0.1565 -0.3610
 230  0.718233  3.6923  2.2731  1.7436  6.5840  4.3574  2.6021  1.9351  1.5905  1.2854  0.6913  0.4067  0.2949  0.0811 -0.2524 -0.2675 -0.4748
 231  0.718302  3.6901  2.2250  1.7831  6.6471  4.3734  2.5626  1.8855  1.5137  1.2032  0.6011  0.3135  0.2006 -0.0150 -0.3520 -0.3672 -0.5771
 232  0.718366  3.6882  2.1821  1.8185  6.6785  4.3797  2.5238  1.8382  1.4444  1.1295  0.5204  0.2301  0.1164 -0.1010 -0.4410 -0.4565 -0.6686
 233  0.718428  3.6871  2.1554  1.8410  6.6892  4.3699  2.4929  1.8025  1.3980  1.0807  0.4678  0.1761  0.0620 -0.1564 -0.4979 -0.5135 -0.7268
 234  0.718488  3.6868  2.1402  1.8546  6.6900  4.3481  2.4668  1.7743  1.3669  1.0487  0.4345  0.1423  0.0280 -0.1907 -0.5328 -0.5485 -0.7622
 235  0.718549  3.6846  2.0921  1.8940  6.7172  4.3628  2.4265  1.7242  1.2912  0.9677  0.3455  0.0501 -0.0651 -0.2859 -0.6314 -0.6473 -0.8637
 236  0.718604  3.6818  2.0340  1.9410  6.7455  4.3961  2.3847  1.6701  1.2035  0.8734  0.2408 -0.0586 -0.1752 -0.3987 -0.7486 -0.7649 -0.9848
 237  0.718655  3.6789  1.9765  1.9872  6.7670  4.4383  2.3475  1.6206  1.1190  0.7822  0.1388 -0.1648 -0.2826 -0.5088 -0.8635 -0.8801 -1.1037
 238  0.718700  3.6762  1.9228  2.0301  6.7835  4.4903  2.3184  1.5796  1.0430  0.6994  0.0457 -0.2621 -0.3811 -0.6101 -0.9693 -0.9863 -1.2135
 239  0.718742  3.6738  1.8745  2.0685  6.7916  4.5477  2.2959  1.5465  0.9763  0.6264 -0.0370 -0.3487 -0.4689 -0.7005 -1.0638 -1.0811 -1.3117
 240  0.718780  3.6717  1.8354  2.0996  6.7876  4.6121  2.2822  1.5239  0.9237  0.5684 -0.1032 -0.4181 -0.5394 -0.7730 -1.1399 -1.1575 -1.3909
 241  0.718817  3.6691  1.7853  2.1393  6.7922  4.6858  2.2640  1.4948  0.8565  0.4945 -0.1876 -0.5069 -0.6294 -0.8657 -1.2370 -1.2549 -1.4919
 242  0.718850  3.6661  1.7286  2.1840  6.7992  4.7642  2.2439  1.4630  0.7814  0.4114 -0.2829 -0.6070 -0.7309 -0.9704 -1.3468 -1.3652 -1.6061
 243  0.718880  3.6632  1.6731  2.2278  6.8003  4.8430  2.2264  1.4345  0.7091  0.3311 -0.3756 -0.7045 -0.8299 -1.0726 -1.4539 -1.4726 -1.7177
 244  0.718908  3.6603  1.6187  2.2706  6.7954  4.9215  2.2115  1.4095  0.6397  0.2537 -0.4654 -0.7992 -0.9261 -1.1720 -1.5582 -1.5774 -1.8265
 245  0.718932  3.6574  1.5647  2.3129  6.7860  4.9992  2.1990  1.3877  0.5725  0.1783 -0.5536 -0.8924 -1.0209 -1.2699 -1.6612 -1.6808 -1.9339
 246  0.718955  3.6544  1.5112  2.3547  6.7743  5.0773  2.1904  1.3709  0.5085  0.1056 -0.6395 -0.9836 -1.1136 -1.3659 -1.7624 -1.7824 -2.0397
 247  0.718975  3.6515  1.4597  2.3946  6.7578  5.1507  2.1860  1.3598  0.4494  0.0380 -0.7206 -1.0700 -1.2016 -1.4572 -1.8586 -1.8790 -2.1405
 248  0.718994  3.6487  1.4094  2.4335  6.7373  5.2201  2.1837  1.3522  0.3934 -0.0267 -0.7987 -1.1537 -1.2869 -1.5459 -1.9522 -1.9731 -2.2387
 249  0.719011  3.6459  1.3605  2.4712  6.7146  5.2848  2.1836  1.3478  0.3410 -0.0876 -0.8734 -1.2337 -1.3685 -1.6309 -2.0423 -2.0636 -2.3334
 250  0.719027  3.6430  1.3115  2.5087  6.6907  5.3475  2.1862  1.3469  0.2908 -0.1466 -0.9465 -1.3126 -1.4491 -1.7150 -2.1317 -2.1535 -2.4275
 251  0.719041  3.6403  1.2644  2.5448  6.6651  5.4036  2.1897  1.3480  0.2440 -0.2022 -1.0162 -1.3879 -1.5260 -1.7953 -2.2173 -2.2394 -2.5178
 252  0.719055  3.6375  1.2176  2.5804  6.6376  5.4553  2.1943  1.3509  0.1989 -0.2560 -1.0845 -1.4620 -1.6018 -1.8745 -2.3018 -2.3245 -2.6072
 253  0.719066  3.6348  1.1718  2.6155  6.6088  5.5000  2.1994  1.3555  0.1562 -0.3076 -1.1506 -1.5340 -1.6756 -1.9517 -2.3842 -2.4074 -2.6944
 254  0.719078  3.6321  1.1272  2.6496  6.5795  5.5369  2.2051  1.3616  0.1162 -0.3566 -1.2145 -1.6037 -1.7470 -2.0265 -2.4640 -2.4875 -2.7789
 255  0.719088  3.6295  1.0828  2.6833  6.5488  5.5694  2.2110  1.3687  0.0778 -0.4038 -1.2770 -1.6721 -1.8171 -2.0999 -2.5427 -2.5666 -2.8625
 256  0.719097  3.6269  1.0395  2.7161  6.5179  5.5982  2.2178  1.3772  0.0422 -0.4482 -1.3367 -1.7378 -1.8848 -2.1708 -2.6189 -2.6433 -2.9437
 257  0.719106  3.6243  0.9971  2.7482  6.4869  5.6233  2.2249  1.3868  0.0090 -0.4903 -1.3940 -1.8011 -1.9499 -2.2393 -2.6929 -2.7177 -3.0227
 258  0.719114  3.6217  0.9553  2.7798  6.4548  5.6442  2.2311  1.3959 -0.0229 -0.5308 -1.4499 -1.8629 -2.0135 -2.3062 -2.7655 -2.7908 -3.1005
 259  0.719123  3.6192  0.9144  2.8107  6.4221  5.6611  2.2364  1.4043 -0.0532 -0.5695 -1.5039 -1.9227 -2.0751 -2.3709 -2.8363 -2.8620 -3.1763
 260  0.719130  3.6168  0.8745  2.8407  6.3893  5.6747  2.2407  1.4122 -0.0815 -0.6060 -1.5558 -1.9803 -2.1345 -2.4333 -2.9050 -2.9311 -3.2502
 261  0.719137  3.6143  0.8350  2.8703  6.3569  5.6863  2.2446  1.4196 -0.1081 -0.6410 -1.6065 -2.0367 -2.1929 -2.4947 -2.9727 -2.9991 -3.3229
 262  0.719143  3.6119  0.7964  2.8994  6.3242  5.6952  2.2468  1.4253 -0.1335 -0.6746 -1.6564 -2.0921 -2.2502 -2.5546 -3.0387 -3.0655 -3.3940
 263  0.719149  3.6096  0.7587  2.9277  6.2912  5.7012  2.2477  1.4299 -0.1577 -0.7068 -1.7046 -2.1458 -2.3060 -2.6127 -3.1032 -3.1304 -3.4635
 264  0.719155  3.6072  0.7216  2.9555  6.2582  5.7055  2.2478  1.4335 -0.1806 -0.7380 -1.7522 -2.1987 -2.3609 -2.6697 -3.1664 -3.1937 -3.5315
 265  0.719160  3.6050  0.6853  2.9827  6.2250  5.7075  2.2463  1.4358 -0.2027 -0.7677 -1.7982 -2.2499 -2.4142 -2.7250 -3.2281 -3.2558 -3.5982
 266  0.719164  3.6028  0.6498  3.0094  6.1917  5.7078  2.2437  1.4370 -0.2236 -0.7960 -1.8425 -2.2993 -2.4655 -2.7782 -3.2883 -3.3163 -3.6634
 267  0.719169  3.6006  0.6149  3.0356  6.1583  5.7068  2.2399  1.4372 -0.2432 -0.8230 -1.8852 -2.3470 -2.5151 -2.8299 -3.3475 -3.3757 -3.7276
 268  0.719174  3.5984  0.5807  3.0614  6.1250  5.7045  2.2352  1.4365 -0.2618 -0.8484 -1.9262 -2.3926 -2.5626 -2.8795 -3.4054 -3.4338 -3.7907
 269  0.719178  3.5964  0.5474  3.0863  6.0923  5.7015  2.2296  1.4351 -0.2778 -0.8711 -1.9644 -2.4355 -2.6071 -2.9265 -3.4613 -3.4900 -3.8519
 270  0.719182  3.5942  0.5142  3.1110  6.0600  5.6988  2.2237  1.4337 -0.2915 -0.8912 -2.0002 -2.4758 -2.6492 -2.9711 -3.5164 -3.5453 -3.9126
 271  0.719185  3.5923  0.4821  3.1351  6.0275  5.6944  2.2156  1.4299 -0.3058 -0.9117 -2.0361 -2.5159 -2.6910 -3.0148 -3.5705 -3.5996 -3.9720
 272  0.719188  3.5902  0.4502  3.1587  5.9956  5.6908  2.2079  1.4268 -0.3175 -0.9290 -2.0689 -2.5525 -2.7291 -3.0553 -3.6232 -3.6524 -4.0303
 273  0.719192  3.5881  0.4188  3.1817  5.9644  5.6880  2.2002  1.4242 -0.3270 -0.9435 -2.0984 -2.5855 -2.7636 -3.0924 -3.6743 -3.7038 -4.0876
 274  0.719195  3.5862  0.3887  3.2043  5.9319  5.6819  2.1888  1.4177 -0.3390 -0.9603 -2.1285 -2.6184 -2.7973 -3.1293 -3.7252 -3.7547 -4.1439
 275  0.719198  3.5843  0.3590  3.2264  5.9006  5.6781  2.1784  1.4122 -0.3488 -0.9746 -2.1560 -2.6486 -2.8281 -3.1637 -3.7747 -3.8044 -4.1992
 276  0.719201  3.5824  0.3299  3.2480  5.8696  5.6746  2.1675  1.4065 -0.3574 -0.9871 -2.1811 -2.6762 -2.8563 -3.1959 -3.8228 -3.8527 -4.2532
 277  0.719204  3.5807  0.3018  3.2689  5.8393  5.6713  2.1562  1.4005 -0.3648 -0.9982 -2.2037 -2.7012 -2.8815 -3.2257 -3.8692 -3.8993 -4.3055
 278  0.719206  3.5790  0.2748  3.2891  5.8097  5.6676  2.1447  1.3942 -0.3714 -1.0077 -2.2237 -2.7235 -2.9040 -3.2526 -3.9133 -3.9437 -4.3555
 279  0.719221  3.5775  0.2510  3.3070  5.7793  5.6541  2.1236  1.3740 -0.3933 -1.0293 -2.2519 -2.7531 -2.9334 -3.2853 -3.9564 -3.9866 -4.4018
