#NUMBER OF AGES= 1
#----------------------------------------------------       
#MIX-LEN  Y      Z          Zeff        [Fe/H] [a/Fe]
# 1.9380  0.3300 2.0289E-03 1.0327E-03  -1.16   0.40 
#----------------------------------------------------       
#**PHOTOMETRIC SYSTEM**: HST WFPC2 (Vega)                   
#----------------------------------------------------       
#AGE=12.800 EEPS=266
#EEP   M/Mo    LogTeff  LogG   LogL/Lo F218W   F255W   F300W   F336W   F439W   F450W   F555W   F606W   F622W   F675W   F791W   F814W   F850LP
  14  0.111221  3.5260  5.2625 -2.7212 20.8157 20.7443 17.0108 16.2070 15.0529 14.5074 13.1478 12.6260 12.4366 12.0222 10.9736 10.9314 10.4566
  15  0.127548  3.5317  5.2080 -2.5847 20.4299 20.2108 16.5541 15.7351 14.5735 14.0561 12.7293 12.2090 12.0197 11.6154 10.6247 10.5840 10.1221
  16  0.143048  3.5369  5.1641 -2.4701 20.0964 19.7468 16.1632 15.3336 14.1688 13.6733 12.3753 11.8566 11.6676 11.2714 10.3311 10.2916  9.8414
  17  0.157111  3.5421  5.1316 -2.3766 19.8158 19.3555 15.8361 14.9982 13.8318 13.3536 12.0802 11.5633 11.3745 10.9857 10.0905 10.0523  9.6130
  18  0.170385  3.5468  5.1058 -2.2969 19.5691 19.0154 15.5545 14.7104 13.5433 13.0785 11.8264 11.3112 11.1227 10.7402  9.8848  9.8477  9.4186
  19  0.183342  3.5510  5.0838 -2.2261 19.3464 18.7127 15.3056 14.4574 13.2911 12.8368 11.6029 11.0896 10.9014 10.5242  9.7027  9.6665  9.2463
  20  0.196285  3.5546  5.0638 -2.1619 19.1427 18.4420 15.0834 14.2327 13.0683 12.6225 11.4042 10.8926 10.7048 10.3317  9.5380  9.5027  9.0897
  21  0.210172  3.5581  5.0450 -2.0997 18.9451 18.1841 14.8709 14.0185 12.8566 12.4179 11.2141 10.7042 10.5169 10.1475  9.3790  9.3444  8.9383
  22  0.223547  3.5610  5.0286 -2.0445 18.7691 17.9570 14.6834 13.8299 12.6709 12.2379 11.0466 10.5385 10.3516  9.9853  9.2381  9.2041  8.8039
  23  0.236159  3.5636  5.0144 -1.9958 18.6134 17.7587 14.5188 13.6649 12.5091 12.0808 10.9004 10.3940 10.2077  9.8442  9.1142  9.0807  8.6854
  24  0.246549  3.5656  5.0034 -1.9580 18.4954 17.6101 14.3925 13.5380 12.3846 11.9595 10.7875 10.2826 10.0966  9.7351  9.0179  8.9847  8.5933
  25  0.254550  3.5670  4.9954 -1.9304 18.4095 17.5031 14.3004 13.4455 12.2940 11.8710 10.7051 10.2013 10.0157  9.6558  8.9475  8.9146  8.5259
  26  0.260563  3.5680  4.9897 -1.9104 18.3473 17.4260 14.2343 13.3791 12.2290 11.8075 10.6458 10.1430  9.9576  9.5987  8.8968  8.8642  8.4774
  27  0.265145  3.5688  4.9858 -1.8958 18.3016 17.3694 14.1858 13.3304 12.1814 11.7608 10.6024 10.1002  9.9149  9.5569  8.8596  8.8271  8.4419
  28  0.268758  3.5694  4.9832 -1.8848 18.2669 17.3256 14.1489 13.2934 12.1452 11.7254 10.5693 10.0676  9.8824  9.5251  8.8317  8.7993  8.4153
  29  0.271612  3.5699  4.9809 -1.8760 18.2389 17.2902 14.1191 13.2634 12.1158 11.6966 10.5425 10.0412  9.8561  9.4993  8.8092  8.7768  8.3938
  30  0.274075  3.5703  4.9789 -1.8683 18.2144 17.2591 14.0930 13.2371 12.0902 11.6715 10.5191 10.0181  9.8331  9.4769  8.7895  8.7573  8.3751
  31  0.276439  3.5708  4.9773 -1.8611 18.1914 17.2293 14.0681 13.2121 12.0658 11.6475 10.4969  9.9962  9.8114  9.4556  8.7712  8.7390  8.3577
  32  0.278768  3.5712  4.9754 -1.8536 18.1677 17.1988 14.0427 13.1866 12.0408 11.6230 10.4742  9.9738  9.7890  9.4337  8.7522  8.7202  8.3398
  33  0.281236  3.5717  4.9732 -1.8458 18.1426 17.1667 14.0159 13.1596 12.0144 11.5973 10.4502  9.9501  9.7654  9.4106  8.7322  8.7002  8.3207
  34  0.283888  3.5722  4.9707 -1.8372 18.1157 17.1328 13.9873 13.1310 11.9864 11.5697 10.4245  9.9249  9.7403  9.3860  8.7105  8.6786  8.3002
  35  0.286802  3.5727  4.9677 -1.8277 18.0865 17.0961 13.9563 13.0999 11.9559 11.5397 10.3964  9.8972  9.7127  9.3589  8.6866  8.6548  8.2773
  36  0.290033  3.5732  4.9641 -1.8172 18.0548 17.0570 13.9226 13.0661 11.9227 11.5070 10.3657  9.8667  9.6824  9.3291  8.6600  8.6283  8.2518
  37  0.290753  3.5730  4.9629 -1.8155 18.0486 17.0503 13.9184 13.0627 11.9216 11.5057 10.3646  9.8653  9.6811  9.3269  8.6565  8.6245  8.2473
  38  0.299255  3.5743  4.9530 -1.7879 17.9697 16.9501 13.8319 12.9757 11.8354 11.4205 10.2839  9.7852  9.6014  9.2483  8.5869  8.5551  8.1805
  39  0.328553  3.5817  4.9163 -1.6825 17.6509 16.5141 13.4758 12.6171 11.4809 11.0688  9.9552  9.4605  9.2779  8.9322  8.3192  8.2887  7.9295
  40  0.350534  3.5874  4.8865 -1.6014 17.3743 16.1494 13.1857 12.3286 11.2068 10.7975  9.7060  9.2173  9.0363  8.6968  8.1139  8.0842  7.7358
  41  0.370212  3.5935  4.8575 -1.5238 17.0775 15.7727 12.8871 12.0337 10.9355 10.5308  9.4663  8.9864  8.8078  8.4751  7.9170  7.8883  7.5499
  42  0.382159  3.5979  4.8386 -1.4734 16.8922 15.5249 12.6918 11.8402 10.7562 10.3536  9.3070  8.8332  8.6561  8.3286  7.7892  7.7611  7.4305
  43  0.392812  3.6023  4.8219 -1.4272 16.7200 15.2930 12.5085 11.6585 10.5885 10.1881  9.1593  8.6919  8.5163  8.1939  7.6719  7.6443  7.3213
  44  0.402355  3.6066  4.8069 -1.3846 16.5583 15.0766 12.3356 11.4869 10.4308 10.0330  9.0222  8.5617  8.3878  8.0705  7.5638  7.5369  7.2207
  45  0.411034  3.6109  4.7936 -1.3448 16.4041 14.8754 12.1706 11.3229 10.2803  9.8860  8.8938  8.4408  8.2686  7.9567  7.4630  7.4367  7.1271
  46  0.419124  3.6153  4.7816 -1.3070 16.2541 14.6833 12.0096 11.1624 10.1335  9.7434  8.7707  8.3258  8.1554  7.8491  7.3673  7.3416  7.0382
  47  0.427008  3.6198  4.7705 -1.2694 16.1006 14.4890 11.8440 10.9964  9.9831  9.5980  8.6465  8.2109  8.0426  7.7423  7.2723  7.2473  6.9504
  48  0.434631  3.6246  4.7604 -1.2327 15.9469 14.2964 11.6760 10.8278  9.8315  9.4520  8.5231  8.0975  7.9316  7.6379  7.1793  7.1550  6.8649
  49  0.442318  3.6296  4.7509 -1.1953 15.7904 14.1038 11.5013 10.6517  9.6748  9.3014  8.3965  7.9820  7.8184  7.5320  7.0853  7.0618  6.7789
  50  0.449823  3.6348  4.7425 -1.1586 15.6377 13.9206 11.3233 10.4720  9.5159  9.1493  8.2693  7.8665  7.7056  7.4270  6.9927  6.9702  6.6946
  51  0.457179  3.6403  4.7350 -1.1220 15.4775 13.7297 11.1382 10.2856  9.3550  8.9955  8.1417  7.7510  7.5929  7.3226  6.9010  6.8791  6.6114
  52  0.461977  3.6440  4.7302 -1.0981 15.3612 13.5922 11.0130 10.1596  9.2490  8.8942  8.0577  7.6752  7.5192  7.2541  6.8406  6.8194  6.5567
  53  0.466711  3.6477  4.7259 -1.0744 15.2334 13.4400 10.8834 10.0294  9.1431  8.7929  7.9742  7.5998  7.4460  7.1860  6.7806  6.7598  6.5023
  54  0.471375  3.6516  4.7220 -1.0508 15.0941 13.2703 10.7467  9.8932  9.0364  8.6907  7.8905  7.5244  7.3730  7.1181  6.7207  6.7006  6.4482
  55  0.475959  3.6554  4.7184 -1.0275 14.9460 13.0843 10.6043  9.7531  8.9308  8.5895  7.8079  7.4499  7.3012  7.0512  6.6616  6.6420  6.3949
  56  0.480464  3.6593  4.7149 -1.0045 14.7877 12.8872 10.4574  9.6103  8.8259  8.4889  7.7260  7.3762  7.2302  6.9849  6.6031  6.5841  6.3421
  57  0.484899  3.6633  4.7118 -0.9817 14.6184 12.6791 10.3069  9.4654  8.7219  8.3893  7.6449  7.3032  7.1600  6.9196  6.5453  6.5268  6.2899
  58  0.489251  3.6671  4.7087 -0.9593 14.4409 12.4657 10.1568  9.3223  8.6210  8.2926  7.5662  7.2321  7.0918  6.8557  6.4884  6.4705  6.2385
  59  0.493526  3.6709  4.7058 -0.9371 14.2512 12.2427 10.0047  9.1789  8.5217  8.1976  7.4887  7.1620  7.0246  6.7927  6.4322  6.4148  6.1878
  60  0.497727  3.6747  4.7028 -0.9155 14.0563 12.0188  9.8565  9.0406  8.4268  8.1068  7.4141  7.0943  6.9597  6.7315  6.3773  6.3603  6.1379
  61  0.501859  3.6784  4.6998 -0.8941 13.8481 11.7892  9.7073  8.9027  8.3338  8.0178  7.3409  7.0277  6.8959  6.6714  6.3230  6.3066  6.0887
  62  0.505926  3.6821  4.6968 -0.8731 13.6319 11.5613  9.5606  8.7686  8.2442  7.9323  7.2703  6.9631  6.8341  6.6128  6.2700  6.2540  6.0404
  63  0.509924  3.6855  4.6937 -0.8525 13.3981 11.3303  9.4136  8.6354  8.1568  7.8491  7.2014  6.9001  6.7737  6.5556  6.2179  6.2023  5.9930
  64  0.513842  3.6890  4.6906 -0.8323 13.1482 11.1012  9.2682  8.5053  8.0724  7.7690  7.1349  6.8391  6.7152  6.5000  6.1673  6.1522  5.9470
  65  0.517683  3.6924  4.6874 -0.8125 12.8711 10.8693  9.1217  8.3760  7.9899  7.6912  7.0703  6.7797  6.6584  6.4460  6.1180  6.1034  5.9020
  66  0.521442  3.6957  4.6843 -0.7930 12.5982 10.6476  8.9803  8.2516  7.9104  7.6164  7.0078  6.7223  6.6034  6.3935  6.0702  6.0558  5.8583
  67  0.525132  3.6988  4.6810 -0.7740 12.3341 10.4375  8.8440  8.1317  7.8334  7.5440  6.9472  6.6663  6.5496  6.3424  6.0233  6.0094  5.8155
  68  0.528757  3.7019  4.6777 -0.7553 12.0885 10.2441  8.7150  8.0179  7.7591  7.4743  6.8884  6.6119  6.4973  6.2925  5.9776  5.9640  5.7736
  69  0.532320  3.7049  4.6741 -0.7369 11.8823 10.0785  8.5972  7.9126  7.6878  7.4072  6.8313  6.5589  6.4462  6.2437  5.9328  5.9196  5.7325
  70  0.535839  3.7077  4.6704 -0.7188 11.7180  9.9416  8.4912  7.8164  7.6196  7.3429  6.7761  6.5073  6.3961  6.1959  5.8888  5.8760  5.6921
  71  0.539303  3.7106  4.6667 -0.7011 11.5794  9.8228  8.3929  7.7257  7.5534  7.2804  6.7221  6.4568  6.3470  6.1491  5.8457  5.8331  5.6524
  72  0.542725  3.7133  4.6627 -0.6835 11.4524  9.7144  8.2997  7.6396  7.4894  7.2201  6.6697  6.4075  6.2990  6.1031  5.8033  5.7910  5.6132
  73  0.546099  3.7160  4.6588 -0.6662 11.3304  9.6115  8.2093  7.5559  7.4268  7.1611  6.6182  6.3592  6.2518  6.0580  5.7617  5.7496  5.5748
  74  0.549431  3.7186  4.6549 -0.6491 11.2095  9.5116  8.1209  7.4742  7.3655  7.1034  6.5678  6.3117  6.2056  6.0137  5.7207  5.7090  5.5369
  75  0.552719  3.7212  4.6507 -0.6321 11.0763  9.4070  8.0317  7.3927  7.3052  7.0466  6.5185  6.2652  6.1602  5.9702  5.6804  5.6690  5.4995
  76  0.555966  3.7237  4.6465 -0.6154 10.9310  9.2974  7.9417  7.3112  7.2456  6.9909  6.4700  6.2195  6.1156  5.9275  5.6407  5.6296  5.4628
  77  0.559174  3.7261  4.6421 -0.5988 10.7761  9.1841  7.8516  7.2301  7.1872  6.9362  6.4224  6.1746  6.0719  5.8854  5.6017  5.5908  5.4265
  78  0.562349  3.7285  4.6378 -0.5824 10.6211  9.0721  7.7630  7.1506  7.1298  6.8825  6.3757  6.1306  6.0289  5.8441  5.5632  5.5525  5.3908
  79  0.565476  3.7308  4.6332 -0.5662 10.4677  8.9620  7.6764  7.0729  7.0736  6.8299  6.3299  6.0873  5.9867  5.8035  5.5253  5.5150  5.3555
  80  0.568562  3.7330  4.6286 -0.5502 10.3173  8.8545  7.5919  6.9973  7.0186  6.7785  6.2851  6.0448  5.9452  5.7635  5.4881  5.4779  5.3207
  81  0.571598  3.7352  4.6239 -0.5344 10.1716  8.7502  7.5096  6.9236  6.9648  6.7281  6.2410  6.0032  5.9044  5.7243  5.4514  5.4415  5.2865
  82  0.575702  3.7381  4.6172 -0.5131  9.9821  8.6131  7.4009  6.8261  6.8927  6.6605  6.1819  5.9471  5.8496  5.6715  5.4019  5.3923  5.2402
  83  0.579773  3.7409  4.6102 -0.4918  9.8050  8.4825  7.2957  6.7316  6.8216  6.5939  6.1234  5.8916  5.7953  5.6191  5.3529  5.3435  5.1941
  84  0.583810  3.7437  4.6029 -0.4705  9.6349  8.3563  7.1936  6.6397  6.7519  6.5284  6.0657  5.8367  5.7415  5.5672  5.3040  5.2949  5.1482
  85  0.587803  3.7463  4.5953 -0.4494  9.4719  8.2342  7.0943  6.5500  6.6832  6.4639  6.0086  5.7824  5.6882  5.5157  5.2557  5.2467  5.1025
  86  0.591749  3.7488  4.5873 -0.4284  9.3149  8.1157  6.9979  6.4630  6.6157  6.4003  5.9523  5.7286  5.6355  5.4648  5.2075  5.1989  5.0571
  87  0.595639  3.7513  4.5792 -0.4075  9.1641  8.0009  6.9044  6.3787  6.5493  6.3377  5.8966  5.6754  5.5833  5.4142  5.1598  5.1513  5.0118
  88  0.599478  3.7537  4.5709 -0.3868  9.0195  7.8897  6.8140  6.2970  6.4841  6.2761  5.8416  5.6228  5.5315  5.3641  5.1123  5.1040  4.9667
  89  0.603257  3.7560  4.5622 -0.3662  8.8812  7.7822  6.7262  6.2178  6.4200  6.2154  5.7872  5.5706  5.4801  5.3142  5.0649  5.0568  4.9216
  90  0.606970  3.7583  4.5533 -0.3456  8.7481  7.6775  6.6406  6.1405  6.3569  6.1556  5.7334  5.5188  5.4292  5.2647  5.0178  5.0100  4.8767
  91  0.610614  3.7604  4.5441 -0.3253  8.6196  7.5757  6.5571  6.0651  6.2947  6.0966  5.6801  5.4676  5.3788  5.2157  4.9712  4.9635  4.8321
  92  0.614181  3.7625  4.5347 -0.3051  8.4954  7.4765  6.4755  5.9915  6.2335  6.0383  5.6275  5.4169  5.3288  5.1670  4.9248  4.9173  4.7877
  93  0.617671  3.7645  4.5250 -0.2850  8.3760  7.3802  6.3963  5.9197  6.1732  5.9811  5.5755  5.3668  5.2794  5.1189  4.8788  4.8714  4.7436
  94  0.621080  3.7663  4.5152 -0.2651  8.2606  7.2865  6.3191  5.8497  6.1138  5.9244  5.5240  5.3171  5.2304  5.0712  4.8331  4.8260  4.6997
  95  0.624409  3.7682  4.5051 -0.2454  8.1484  7.1946  6.2434  5.7808  6.0551  5.8685  5.4730  5.2680  5.1821  5.0240  4.7880  4.7810  4.6564
  96  0.627654  3.7700  4.4949 -0.2258  8.0397  7.1048  6.1697  5.7133  5.9973  5.8133  5.4227  5.2195  5.1343  4.9775  4.7434  4.7365  4.6133
  97  0.630813  3.7717  4.4845 -0.2065  7.9335  7.0162  6.0973  5.6465  5.9402  5.7588  5.3730  5.1717  5.0872  4.9315  4.6993  4.6926  4.5709
  98  0.633884  3.7733  4.4739 -0.1873  7.8321  6.9310  6.0273  5.5819  5.8842  5.7052  5.3240  5.1244  5.0406  4.8861  4.6557  4.6491  4.5287
  99  0.636867  3.7749  4.4631 -0.1683  7.7342  6.8484  5.9593  5.5190  5.8291  5.6524  5.2755  5.0777  4.9945  4.8411  4.6124  4.6059  4.4868
 100  0.639762  3.7763  4.4522 -0.1496  7.6406  6.7687  5.8930  5.4582  5.7751  5.6006  5.2277  5.0315  4.9488  4.7965  4.5694  4.5630  4.4451
 101  0.642568  3.7777  4.4411 -0.1311  7.5498  6.6913  5.8280  5.3992  5.7221  5.5496  5.1806  4.9858  4.9038  4.7523  4.5268  4.5205  4.4037
 102  0.645290  3.7790  4.4300 -0.1129  7.4636  6.6173  5.7653  5.3422  5.6703  5.4996  5.1343  4.9406  4.8591  4.7085  4.4844  4.4783  4.3626
 103  0.647927  3.7802  4.4188 -0.0948  7.3801  6.5454  5.7041  5.2867  5.6194  5.4505  5.0885  4.8961  4.8150  4.6653  4.4426  4.4365  4.3217
 104  0.650486  3.7814  4.4074 -0.0770  7.2997  6.4758  5.6446  5.2327  5.5694  5.4021  5.0434  4.8520  4.7714  4.6227  4.4012  4.3953  4.2814
 105  0.652971  3.7825  4.3960 -0.0594  7.2219  6.4082  5.5868  5.1798  5.5200  5.3543  4.9989  4.8087  4.7284  4.5805  4.3603  4.3544  4.2415
 106  0.655389  3.7836  4.3846 -0.0420  7.1468  6.3427  5.5308  5.1283  5.4714  5.3072  4.9548  4.7657  4.6859  4.5388  4.3199  4.3141  4.2020
 107  0.657746  3.7846  4.3730 -0.0248  7.0749  6.2798  5.4766  5.0781  5.4237  5.2608  4.9113  4.7233  4.6439  4.4975  4.2798  4.2741  4.1628
 108  0.660051  3.7856  4.3613 -0.0078  7.0053  6.2189  5.4239  5.0291  5.3766  5.2151  4.8681  4.6812  4.6022  4.4566  4.2401  4.2343  4.1239
 109  0.662315  3.7865  4.3496  0.0090  6.9388  6.1603  5.3729  4.9816  5.3303  5.1699  4.8254  4.6394  4.5609  4.4160  4.2005  4.1949  4.0851
 110  0.664551  3.7874  4.3379  0.0256  6.8745  6.1033  5.3231  4.9352  5.2847  5.1253  4.7832  4.5981  4.5199  4.3756  4.1610  4.1556  4.0465
 111  0.666730  3.7882  4.3261  0.0421  6.8116  6.0477  5.2744  4.8896  5.2396  5.0812  4.7413  4.5570  4.4792  4.3355  4.1220  4.1165  4.0081
 112  0.667514  3.7885  4.3218  0.0483  6.7878  6.0266  5.2560  4.8726  5.2228  5.0647  4.7257  4.5418  4.4641  4.3207  4.1075  4.1021  3.9938
 113  0.668297  3.7889  4.3176  0.0545  6.7632  6.0049  5.2374  4.8551  5.2057  5.0481  4.7098  4.5263  4.4488  4.3056  4.0928  4.0874  3.9796
 114  0.669081  3.7893  4.3133  0.0608  6.7383  5.9832  5.2185  4.8376  5.1883  5.0311  4.6938  4.5107  4.4332  4.2903  4.0781  4.0726  3.9650
 115  0.669865  3.7897  4.3089  0.0672  6.7134  5.9613  5.1995  4.8200  5.1708  5.0140  4.6777  4.4949  4.4175  4.2749  4.0631  4.0577  3.9503
 116  0.670648  3.7900  4.3044  0.0736  6.6888  5.9395  5.1805  4.8024  5.1532  4.9968  4.6613  4.4789  4.4017  4.2593  4.0478  4.0425  3.9353
 117  0.671428  3.7903  4.2998  0.0801  6.6646  5.9178  5.1616  4.7847  5.1355  4.9794  4.6448  4.4627  4.3856  4.2435  4.0323  4.0270  3.9202
 118  0.672206  3.7906  4.2949  0.0868  6.6408  5.8965  5.1427  4.7670  5.1176  4.9619  4.6280  4.4462  4.3692  4.2273  4.0165  4.0112  3.9047
 119  0.672982  3.7909  4.2898  0.0934  6.6175  5.8755  5.1239  4.7493  5.0996  4.9443  4.6110  4.4295  4.3526  4.2109  4.0005  3.9951  3.8888
 120  0.673755  3.7912  4.2845  0.1002  6.5944  5.8544  5.1050  4.7313  5.0815  4.9264  4.5938  4.4126  4.3358  4.1942  3.9841  3.9788  3.8726
 121  0.674525  3.7914  4.2790  0.1071  6.5717  5.8336  5.0862  4.7134  5.0633  4.9084  4.5764  4.3954  4.3187  4.1773  3.9675  3.9622  3.8561
 122  0.675293  3.7917  4.2735  0.1141  6.5492  5.8129  5.0674  4.6955  5.0449  4.8902  4.5588  4.3780  4.3014  4.1602  3.9506  3.9454  3.8394
 123  0.676057  3.7918  4.2677  0.1211  6.5265  5.7919  5.0482  4.6773  5.0263  4.8719  4.5410  4.3604  4.2839  4.1428  3.9335  3.9282  3.8224
 124  0.676815  3.7920  4.2619  0.1283  6.5035  5.7707  5.0289  4.6590  5.0074  4.8533  4.5230  4.3425  4.2662  4.1252  3.9161  3.9109  3.8052
 125  0.677573  3.7923  4.2559  0.1355  6.4809  5.7497  5.0096  4.6405  4.9884  4.8346  4.5048  4.3246  4.2483  4.1075  3.8986  3.8934  3.7879
 126  0.678329  3.7925  4.2500  0.1428  6.4580  5.7285  4.9903  4.6220  4.9693  4.8157  4.4865  4.3065  4.2302  4.0896  3.8809  3.8757  3.7704
 127  0.679083  3.7926  4.2438  0.1501  6.4356  5.7076  4.9709  4.6035  4.9502  4.7967  4.4681  4.2882  4.2121  4.0716  3.8631  3.8579  3.7527
 128  0.679834  3.7928  4.2376  0.1575  6.4134  5.6867  4.9515  4.5849  4.9310  4.7778  4.4494  4.2698  4.1937  4.0534  3.8451  3.8399  3.7348
 129  0.680581  3.7930  4.2312  0.1649  6.3911  5.6658  4.9322  4.5662  4.9116  4.7585  4.4307  4.2513  4.1752  4.0349  3.8268  3.8217  3.7166
 130  0.681325  3.7930  4.2246  0.1724  6.3695  5.6453  4.9128  4.5475  4.8922  4.7393  4.4118  4.2325  4.1564  4.0163  3.8084  3.8032  3.6982
 131  0.682064  3.7932  4.2178  0.1800  6.3485  5.6251  4.8937  4.5289  4.8727  4.7199  4.3927  4.2135  4.1375  3.9974  3.7896  3.7844  3.6795
 132  0.682798  3.7932  4.2109  0.1877  6.3277  5.6050  4.8745  4.5103  4.8532  4.7005  4.3735  4.1943  4.1184  3.9784  3.7706  3.7654  3.6606
 133  0.683527  3.7932  4.2037  0.1954  6.3076  5.5852  4.8554  4.4915  4.8335  4.6810  4.3541  4.1750  4.0991  3.9591  3.7514  3.7462  3.6413
 134  0.684249  3.7932  4.1963  0.2032  6.2879  5.5658  4.8364  4.4729  4.8138  4.6612  4.3346  4.1555  4.0796  3.9396  3.7319  3.7268  3.6218
 135  0.684964  3.7932  4.1888  0.2111  6.2685  5.5465  4.8174  4.4541  4.7941  4.6415  4.3149  4.1358  4.0599  3.9199  3.7122  3.7070  3.6020
 136  0.685674  3.7931  4.1810  0.2190  6.2498  5.5276  4.7986  4.4354  4.7742  4.6216  4.2950  4.1159  4.0400  3.8999  3.6922  3.6870  3.5819
 137  0.686376  3.7930  4.1731  0.2270  6.2317  5.5090  4.7799  4.4167  4.7544  4.6017  4.2750  4.0958  4.0199  3.8798  3.6720  3.6668  3.5615
 138  0.687069  3.7929  4.1648  0.2352  6.2143  5.4908  4.7613  4.3980  4.7344  4.5817  4.2548  4.0756  3.9996  3.8594  3.6515  3.6463  3.5408
 139  0.687755  3.7927  4.1564  0.2433  6.1976  5.4730  4.7429  4.3794  4.7145  4.5617  4.2345  4.0551  3.9791  3.8388  3.6307  3.6255  3.5199
 140  0.688432  3.7924  4.1476  0.2515  6.1818  5.4558  4.7247  4.3609  4.6946  4.5416  4.2141  4.0345  3.9585  3.8180  3.6096  3.6044  3.4986
 141  0.689099  3.7922  4.1385  0.2599  6.1672  5.4393  4.7069  4.3426  4.6748  4.5216  4.1936  4.0137  3.9376  3.7969  3.5883  3.5830  3.4769
 142  0.689758  3.7919  4.1293  0.2682  6.1531  5.4232  4.6892  4.3243  4.6549  4.5015  4.1729  3.9928  3.9165  3.7757  3.5667  3.5614  3.4550
 143  0.690406  3.7915  4.1197  0.2766  6.1405  5.4079  4.6720  4.3062  4.6352  4.4814  4.1521  3.9716  3.8952  3.7542  3.5448  3.5394  3.4327
 144  0.691044  3.7910  4.1099  0.2851  6.1290  5.3933  4.6550  4.2883  4.6156  4.4614  4.1311  3.9503  3.8738  3.7324  3.5226  3.5172  3.4102
 145  0.691671  3.7905  4.0997  0.2937  6.1183  5.3793  4.6383  4.2705  4.5958  4.4413  4.1101  3.9288  3.8522  3.7105  3.5001  3.4947  3.3873
 146  0.692288  3.7899  4.0891  0.3023  6.1100  5.3668  4.6224  4.2534  4.5765  4.4214  4.0891  3.9073  3.8305  3.6884  3.4773  3.4719  3.3638
 147  0.692892  3.7893  4.0783  0.3110  6.1023  5.3546  4.6068  4.2361  4.5572  4.4015  4.0679  3.8856  3.8085  3.6660  3.4544  3.4489  3.3403
 148  0.693484  3.7886  4.0671  0.3197  6.0967  5.3439  4.5918  4.2195  4.5381  4.3817  4.0467  3.8637  3.7865  3.6434  3.4310  3.4255  3.3163
 149  0.694065  3.7878  4.0556  0.3284  6.0917  5.3335  4.5770  4.2029  4.5190  4.3619  4.0255  3.8418  3.7642  3.6208  3.4075  3.4018  3.2921
 150  0.694632  3.7870  4.0439  0.3373  6.0885  5.3244  4.5629  4.1868  4.5002  4.3422  4.0041  3.8196  3.7419  3.5979  3.3837  3.3780  3.2675
 151  0.695188  3.7861  4.0317  0.3461  6.0879  5.3172  4.5498  4.1714  4.4816  4.3228  3.9826  3.7974  3.7193  3.5746  3.3596  3.3538  3.2425
 152  0.695729  3.7851  4.0191  0.3550  6.0901  5.3122  4.5380  4.1567  4.4634  4.3035  3.9612  3.7750  3.6966  3.5513  3.3351  3.3292  3.2170
 153  0.696259  3.7839  4.0060  0.3639  6.0964  5.3100  4.5278  4.1432  4.4458  4.2846  3.9397  3.7525  3.6737  3.5276  3.3102  3.3042  3.1911
 154  0.696775  3.7826  3.9922  0.3728  6.1075  5.3114  4.5195  4.1311  4.4288  4.2661  3.9183  3.7300  3.6506  3.5037  3.2848  3.2788  3.1646
 155  0.697278  3.7812  3.9779  0.3818  6.1217  5.3152  4.5126  4.1199  4.4123  4.2480  3.8971  3.7073  3.6276  3.4796  3.2593  3.2531  3.1378
 156  0.697767  3.7797  3.9631  0.3908  6.1410  5.3224  4.5077  4.1102  4.3965  4.2303  3.8758  3.6846  3.6043  3.4554  3.2334  3.2271  3.1104
 157  0.698244  3.7780  3.9479  0.3998  6.1635  5.3320  4.5041  4.1015  4.3812  4.2130  3.8547  3.6620  3.5810  3.4310  3.2072  3.2008  3.0826
 158  0.698708  3.7761  3.9317  0.4088  6.1923  5.3460  4.5030  4.0946  4.3670  4.1964  3.8338  3.6393  3.5578  3.4064  3.1806  3.1740  3.0543
 159  0.699159  3.7741  3.9148  0.4177  6.2290  5.3655  4.5054  4.0903  4.3542  4.1810  3.8132  3.6167  3.5344  3.3817  3.1535  3.1468  3.0252
 160  0.699597  3.7718  3.8969  0.4265  6.2731  5.3901  4.5110  4.0883  4.3427  4.1663  3.7929  3.5942  3.5111  3.3568  3.1262  3.1192  2.9957
 161  0.700022  3.7694  3.8786  0.4354  6.3228  5.4184  4.5191  4.0883  4.3321  4.1525  3.7729  3.5718  3.4879  3.3319  3.0985  3.0914  2.9658
 162  0.700454  3.7666  3.8585  0.4444  6.3834  5.4530  4.5311  4.0911  4.3231  4.1397  3.7531  3.5493  3.4643  3.3064  3.0699  3.0626  2.9346
 163  0.700883  3.7637  3.8381  0.4540  6.4452  5.4868  4.5426  4.0939  4.3134  4.1262  3.7325  3.5260  3.4400  3.2803  3.0405  3.0330  2.9024
 164  0.701308  3.7609  3.8171  0.4639  6.5093  5.5206  4.5543  4.0969  4.3030  4.1121  3.7112  3.5020  3.4150  3.2532  3.0104  3.0025  2.8695
 165  0.701725  3.7581  3.7955  0.4744  6.5771  5.5550  4.5661  4.1000  4.2920  4.0971  3.6888  3.4768  3.3888  3.2251  2.9789  2.9708  2.8352
 166  0.702135  3.7552  3.7728  0.4857  6.6496  5.5905  4.5783  4.1031  4.2800  4.0809  3.6650  3.4500  3.3610  3.1953  2.9456  2.9373  2.7990
 167  0.702532  3.7522  3.7491  0.4979  6.7252  5.6262  4.5898  4.1057  4.2663  4.0627  3.6390  3.4211  3.3310  3.1632  2.9100  2.9014  2.7603
 168  0.702913  3.7494  3.7246  0.5113  6.7983  5.6586  4.5986  4.1057  4.2498  4.0419  3.6104  3.3895  3.2984  3.1285  2.8720  2.8631  2.7192
 169  0.703274  3.7468  3.7000  0.5257  6.8611  5.6833  4.6014  4.1006  4.2292  4.0174  3.5789  3.3553  3.2632  3.0915  2.8318  2.8227  2.6764
 170  0.703615  3.7444  3.6756  0.5411  6.9140  5.7005  4.5987  4.0908  4.2048  3.9894  3.5446  3.3186  3.2257  3.0522  2.7898  2.7805  2.6319
 171  0.703937  3.7424  3.6513  0.5573  6.9554  5.7099  4.5899  4.0759  4.1768  3.9583  3.5080  3.2799  3.1862  3.0113  2.7464  2.7369  2.5863
 172  0.704242  3.7406  3.6274  0.5741  6.9853  5.7115  4.5758  4.0565  4.1456  3.9244  3.4694  3.2394  3.1452  2.9690  2.7020  2.6922  2.5398
 173  0.704534  3.7390  3.6040  0.5914  7.0067  5.7071  4.5574  4.0334  4.1119  3.8883  3.4291  3.1977  3.1029  2.9256  2.6567  2.6468  2.4928
 174  0.704813  3.7376  3.5810  0.6091  7.0221  5.6980  4.5354  4.0074  4.0762  3.8505  3.3877  3.1549  3.0596  2.8814  2.6109  2.6008  2.4455
 175  0.705084  3.7365  3.5584  0.6271  7.0299  5.6838  4.5100  3.9786  4.0386  3.8111  3.3453  3.1113  3.0157  2.8367  2.5647  2.5545  2.3980
 176  0.705345  3.7354  3.5363  0.6453  7.0314  5.6656  4.4819  3.9476  3.9996  3.7705  3.3021  3.0672  2.9711  2.7914  2.5182  2.5080  2.3503
 177  0.705599  3.7345  3.5143  0.6636  7.0274  5.6440  4.4515  3.9147  3.9595  3.7290  3.2584  3.0225  2.9262  2.7459  2.4716  2.4612  2.3026
 178  0.705849  3.7336  3.4926  0.6820  7.0201  5.6205  4.4196  3.8806  3.9188  3.6870  3.2142  2.9775  2.8809  2.7000  2.4247  2.4143  2.2548
 179  0.706094  3.7328  3.4710  0.7005  7.0109  5.5956  4.3870  3.8458  3.8777  3.6447  3.1698  2.9324  2.8354  2.6541  2.3777  2.3672  2.2069
 180  0.706335  3.7320  3.4496  0.7191  6.9988  5.5690  4.3533  3.8101  3.8360  3.6019  3.1252  2.8869  2.7899  2.6079  2.3306  2.3200  2.1589
 181  0.706571  3.7313  3.4281  0.7377  6.9845  5.5411  4.3186  3.7737  3.7938  3.5586  3.0802  2.8413  2.7440  2.5615  2.2834  2.2727  2.1108
 182  0.706746  3.7308  3.4122  0.7517  6.9721  5.5193  4.2921  3.7457  3.7619  3.5260  3.0463  2.8069  2.7093  2.5266  2.2478  2.2370  2.0746
 183  0.706919  3.7304  3.3961  0.7660  6.9586  5.4965  4.2646  3.7172  3.7295  3.4929  3.0119  2.7720  2.6743  2.4912  2.2118  2.2010  2.0380
 184  0.707093  3.7298  3.3798  0.7804  6.9438  5.4728  4.2364  3.6878  3.6962  3.4589  2.9768  2.7364  2.6386  2.4551  2.1751  2.1643  2.0008
 185  0.707267  3.7294  3.3633  0.7951  6.9287  5.4488  4.2079  3.6581  3.6626  3.4246  2.9413  2.7004  2.6025  2.4186  2.1380  2.1272  1.9631
 186  0.707439  3.7289  3.3466  0.8101  6.9132  5.4242  4.1786  3.6276  3.6283  3.3895  2.9051  2.6638  2.5656  2.3815  2.1002  2.0893  1.9248
 187  0.707611  3.7284  3.3295  0.8253  6.8969  5.3987  4.1487  3.5966  3.5934  3.3539  2.8682  2.6264  2.5281  2.3436  2.0617  2.0508  1.8856
 188  0.707781  3.7280  3.3122  0.8409  6.8783  5.3717  4.1174  3.5642  3.5573  3.3172  2.8304  2.5881  2.4897  2.3049  2.0225  2.0114  1.8457
 189  0.707952  3.7275  3.2945  0.8569  6.8599  5.3441  4.0854  3.5312  3.5204  3.2796  2.7916  2.5488  2.4502  2.2651  1.9819  1.9709  1.8048
 190  0.708120  3.7270  3.2759  0.8736  6.8404  5.3154  4.0521  3.4968  3.4820  3.2403  2.7512  2.5079  2.4092  2.2236  1.9399  1.9288  1.7621
 191  0.708285  3.7265  3.2568  0.8908  6.8199  5.2852  4.0175  3.4610  3.4422  3.1998  2.7093  2.4656  2.3667  2.1807  1.8964  1.8852  1.7180
 192  0.708448  3.7260  3.2369  0.9087  6.7979  5.2536  3.9812  3.4236  3.4007  3.1576  2.6659  2.4215  2.3225  2.1361  1.8512  1.8399  1.6720
 193  0.708609  3.7255  3.2163  0.9273  6.7763  5.2215  3.9441  3.3853  3.3579  3.1139  2.6209  2.3759  2.2768  2.0900  1.8043  1.7929  1.6245
 194  0.708767  3.7249  3.1950  0.9465  6.7530  5.1878  3.9054  3.3455  3.3135  3.0688  2.5743  2.3288  2.2294  2.0423  1.7558  1.7444  1.5754
 195  0.708922  3.7244  3.1729  0.9664  6.7287  5.1527  3.8652  3.3040  3.2675  3.0219  2.5260  2.2799  2.1803  1.9927  1.7055  1.6940  1.5245
 196  0.709073  3.7238  3.1501  0.9870  6.7041  5.1167  3.8240  3.2614  3.2201  2.9736  2.4762  2.2294  2.1296  1.9416  1.6535  1.6420  1.4717
 197  0.709221  3.7232  3.1264  1.0083  6.6790  5.0799  3.7814  3.2176  3.1712  2.9238  2.4247  2.1773  2.0772  1.8887  1.5998  1.5883  1.4172
 198  0.709366  3.7225  3.1020  1.0302  6.6539  5.0424  3.7381  3.1728  3.1212  2.8727  2.3719  2.1238  2.0236  1.8345  1.5447  1.5330  1.3613
 199  0.709508  3.7218  3.0770  1.0526  6.6243  5.0019  3.6929  3.1263  3.0696  2.8202  2.3177  2.0688  1.9684  1.7787  1.4881  1.4763  1.3037
 200  0.709646  3.7211  3.0513  1.0756  6.5915  4.9592  3.6462  3.0783  3.0169  2.7665  2.2621  2.0124  1.9118  1.7217  1.4300  1.4182  1.2448
 201  0.709780  3.7204  3.0249  1.0992  6.5588  4.9160  3.5988  3.0295  2.9630  2.7116  2.2053  1.9548  1.8539  1.6633  1.3706  1.3587  1.1845
 202  0.709911  3.7196  2.9977  1.1234  6.5271  4.8729  3.5510  2.9801  2.9082  2.6556  2.1472  1.8959  1.7949  1.6035  1.3097  1.2977  1.1227
 203  0.710038  3.7188  2.9698  1.1480  6.4966  4.8300  3.5030  2.9304  2.8525  2.5988  2.0882  1.8360  1.7345  1.5425  1.2476  1.2356  1.0595
 204  0.710162  3.7179  2.9411  1.1731  6.4670  4.7872  3.4546  2.8801  2.7959  2.5409  2.0279  1.7748  1.6731  1.4804  1.1843  1.1721  0.9950
 205  0.710281  3.7169  2.9118  1.1988  6.4385  4.7448  3.4059  2.8294  2.7385  2.4821  1.9666  1.7125  1.6105  1.4172  1.1197  1.1075  0.9293
 206  0.710396  3.7159  2.8818  1.2249  6.4107  4.7023  3.3569  2.7781  2.6803  2.4224  1.9043  1.6492  1.5469  1.3527  1.0540  1.0416  0.8622
 207  0.710508  3.7149  2.8512  1.2514  6.3841  4.6604  3.3076  2.7265  2.6213  2.3620  1.8411  1.5849  1.4822  1.2873  0.9872  0.9747  0.7941
 208  0.710616  3.7139  2.8201  1.2784  6.3588  4.6189  3.2582  2.6745  2.5616  2.3007  1.7770  1.5196  1.4166  1.2209  0.9193  0.9067  0.7249
 209  0.710719  3.7128  2.7884  1.3058  6.3355  4.5782  3.2088  2.6223  2.5013  2.2387  1.7120  1.4534  1.3501  1.1535  0.8504  0.8376  0.6545
 210  0.710818  3.7116  2.7561  1.3336  6.3142  4.5384  3.1594  2.5701  2.4404  2.1760  1.6462  1.3864  1.2828  1.0852  0.7805  0.7677  0.5832
 211  0.710913  3.7104  2.7233  1.3617  6.2955  4.5001  3.1103  2.5179  2.3789  2.1128  1.5798  1.3187  1.2146  1.0162  0.7098  0.6968  0.5110
 212  0.711004  3.7093  2.6900  1.3902  6.2798  4.4635  3.0616  2.4658  2.3171  2.0489  1.5126  1.2501  1.1457  0.9464  0.6383  0.6251  0.4378
 213  0.711091  3.7080  2.6563  1.4190  6.2676  4.4290  3.0136  2.4141  2.2549  1.9847  1.4448  1.1810  1.0761  0.8758  0.5660  0.5526  0.3638
 214  0.711174  3.7068  2.6222  1.4481  6.2611  4.3977  2.9664  2.3629  2.1924  1.9200  1.3764  1.1112  1.0059  0.8045  0.4929  0.4794  0.2891
 215  0.711253  3.7054  2.5877  1.4775  6.2787  4.3777  2.9234  2.3147  2.1301  1.8551  1.3075  1.0407  0.9348  0.7325  0.4189  0.4053  0.2134
 216  0.711327  3.7041  2.5528  1.5071  6.3028  4.3618  2.8817  2.2674  2.0678  1.7900  1.2380  0.9695  0.8632  0.6597  0.3443  0.3305  0.1371
 217  0.711339  3.7039  2.5473  1.5117  6.3066  4.3596  2.8754  2.2601  2.0581  1.7798  1.2272  0.9584  0.8520  0.6484  0.3326  0.3188  0.1252
 218  0.711350  3.7037  2.5418  1.5163  6.3105  4.3574  2.8689  2.2529  2.0484  1.7697  1.2164  0.9474  0.8408  0.6370  0.3209  0.3071  0.1132
 219  0.711361  3.7034  2.5363  1.5210  6.3145  4.3554  2.8626  2.2455  2.0386  1.7595  1.2055  0.9362  0.8296  0.6256  0.3092  0.2953  0.1012
 220  0.711373  3.7032  2.5307  1.5256  6.3189  4.3535  2.8564  2.2384  2.0290  1.7493  1.1946  0.9250  0.8182  0.6141  0.2974  0.2835  0.0891
 221  0.711383  3.7030  2.5251  1.5303  6.3232  4.3518  2.8501  2.2312  2.0192  1.7391  1.1836  0.9138  0.8069  0.6026  0.2855  0.2716  0.0770
 222  0.711395  3.7027  2.5195  1.5351  6.3276  4.3500  2.8439  2.2240  2.0094  1.7288  1.1726  0.9024  0.7955  0.5909  0.2736  0.2596  0.0647
 223  0.711406  3.7025  2.5138  1.5398  6.3326  4.3486  2.8377  2.2168  1.9997  1.7186  1.1615  0.8911  0.7840  0.5793  0.2616  0.2476  0.0525
 224  0.711417  3.7023  2.5081  1.5446  6.3372  4.3471  2.8315  2.2096  1.9898  1.7082  1.1504  0.8796  0.7725  0.5676  0.2495  0.2355  0.0401
 225  0.711428  3.7021  2.5023  1.5494  6.3426  4.3460  2.8254  2.2025  1.9800  1.6979  1.1392  0.8682  0.7609  0.5558  0.2374  0.2234  0.0276
 226  0.711438  3.7019  2.4966  1.5542  6.3477  4.3447  2.8192  2.1954  1.9701  1.6875  1.1280  0.8567  0.7493  0.5440  0.2252  0.2112  0.0151
 227  0.711538  3.6994  2.4395  1.6018  6.4051  4.3408  2.7621  2.1276  1.8737  1.5857  1.0179  0.7434  0.6350  0.4276  0.1052  0.0909 -0.1079
 228  0.711628  3.6969  2.3807  1.6504  6.4684  4.3491  2.7089  2.0632  1.7773  1.4834  0.9063  0.6283  0.5186  0.3091 -0.0173 -0.0319 -0.2338
 229  0.711711  3.6943  2.3234  1.6977  6.5398  4.3634  2.6602  2.0029  1.6848  1.3847  0.7983  0.5167  0.4058  0.1940 -0.1364 -0.1512 -0.3561
 230  0.711785  3.6920  2.2711  1.7407  6.6109  4.3783  2.6164  1.9481  1.6005  1.2948  0.6997  0.4148  0.3028  0.0889 -0.2451 -0.2602 -0.4678
 231  0.711851  3.6898  2.2228  1.7803  6.6716  4.3933  2.5762  1.8979  1.5232  1.2121  0.6090  0.3210  0.2081 -0.0078 -0.3452 -0.3605 -0.5706
 232  0.711914  3.6880  2.1808  1.8150  6.6991  4.3981  2.5376  1.8510  1.4552  1.1398  0.5300  0.2394  0.1256 -0.0921 -0.4323 -0.4478 -0.6602
 233  0.711974  3.6870  2.1561  1.8360  6.7075  4.3855  2.5072  1.8163  1.4113  1.0938  0.4808  0.1889  0.0747 -0.1438 -0.4854 -0.5010 -0.7145
 234  0.712033  3.6865  2.1377  1.8521  6.7118  4.3677  2.4800  1.7863  1.3760  1.0571  0.4420  0.1494  0.0350 -0.1840 -0.5265 -0.5422 -0.7563
 235  0.712092  3.6841  2.0870  1.8935  6.7387  4.3842  2.4379  1.7338  1.2964  0.9721  0.3484  0.0525 -0.0630 -0.2841 -0.6302 -0.6462 -0.8631
 236  0.712145  3.6813  2.0288  1.9407  6.7653  4.4178  2.3960  1.6797  1.2085  0.8776  0.2435 -0.0566 -0.1732 -0.3971 -0.7478 -0.7641 -0.9845
 237  0.712195  3.6785  1.9717  1.9866  6.7856  4.4610  2.3596  1.6310  1.1249  0.7872  0.1425 -0.1618 -0.2797 -0.5063 -0.8616 -0.8783 -1.1024
 238  0.712238  3.6759  1.9185  2.0289  6.8006  4.5135  2.3310  1.5908  1.0498  0.7054  0.0504 -0.2580 -0.3772 -0.6065 -0.9662 -0.9833 -1.2110
 239  0.712278  3.6735  1.8719  2.0661  6.8064  4.5708  2.3097  1.5592  0.9855  0.6350 -0.0294 -0.3415 -0.4619 -0.6937 -1.0575 -1.0749 -1.3059
 240  0.712316  3.6714  1.8308  2.0987  6.8033  4.6368  2.2948  1.5350  0.9300  0.5739 -0.0991 -0.4145 -0.5360 -0.7700 -1.1374 -1.1551 -1.3889
 241  0.712351  3.6686  1.7784  2.1403  6.8096  4.7115  2.2752  1.5041  0.8595  0.4963 -0.1877 -0.5077 -0.6304 -0.8673 -1.2393 -1.2574 -1.4950
 242  0.712383  3.6656  1.7217  2.1851  6.8156  4.7903  2.2555  1.4727  0.7846  0.4134 -0.2828 -0.6077 -0.7318 -0.9719 -1.3490 -1.3674 -1.6091
 243  0.712412  3.6627  1.6664  2.2287  6.8154  4.8685  2.2382  1.4446  0.7127  0.3336 -0.3750 -0.7046 -0.8303 -1.0735 -1.4556 -1.4744 -1.7201
 244  0.712439  3.6598  1.6116  2.2718  6.8098  4.9469  2.2231  1.4195  0.6428  0.2556 -0.4656 -0.8002 -0.9273 -1.1737 -1.5607 -1.5800 -1.8297
 245  0.712462  3.6569  1.5573  2.3144  6.7997  5.0249  2.2108  1.3980  0.5754  0.1799 -0.5542 -0.8939 -1.0226 -1.2721 -1.6643 -1.6840 -1.9378
 246  0.712483  3.6539  1.5040  2.3559  6.7867  5.1023  2.2028  1.3820  0.5121  0.1080 -0.6394 -0.9844 -1.1146 -1.3675 -1.7647 -1.7849 -2.0429
 247  0.712503  3.6510  1.4525  2.3958  6.7694  5.1754  2.1986  1.3714  0.4532  0.0405 -0.7204 -1.0708 -1.2027 -1.4588 -1.8611 -1.8816 -2.1438
 248  0.712521  3.6482  1.4024  2.4345  6.7483  5.2439  2.1966  1.3641  0.3977 -0.0237 -0.7981 -1.1539 -1.2874 -1.5470 -1.9542 -1.9751 -2.2414
 249  0.712538  3.6454  1.3533  2.4725  6.7253  5.3086  2.1968  1.3601  0.3452 -0.0849 -0.8729 -1.2343 -1.3694 -1.6324 -2.0447 -2.0661 -2.3366
 250  0.712553  3.6425  1.3043  2.5100  6.7009  5.3705  2.1995  1.3594  0.2952 -0.1437 -0.9460 -1.3132 -1.4499 -1.7164 -2.1341 -2.1560 -2.4307
 251  0.712566  3.6397  1.2571  2.5461  6.6747  5.4261  2.2030  1.3607  0.2484 -0.1992 -1.0157 -1.3885 -1.5269 -1.7968 -2.2197 -2.2420 -2.5212
 252  0.712579  3.6370  1.2104  2.5817  6.6467  5.4769  2.2076  1.3638  0.2036 -0.2529 -1.0839 -1.4623 -1.6025 -1.8758 -2.3041 -2.3268 -2.6103
 253  0.712590  3.6342  1.1643  2.6169  6.6176  5.5204  2.2128  1.3685  0.1609 -0.3045 -1.1503 -1.5347 -1.6766 -1.9533 -2.3869 -2.4101 -2.6979
 254  0.712602  3.6316  1.1197  2.6510  6.5878  5.5567  2.2185  1.3749  0.1210 -0.3534 -1.2140 -1.6043 -1.7480 -2.0281 -2.4667 -2.4902 -2.7825
 255  0.712612  3.6290  1.0755  2.6847  6.5568  5.5884  2.2245  1.3821  0.0829 -0.4004 -1.2763 -1.6725 -1.8180 -2.1013 -2.5451 -2.5691 -2.8659
 256  0.712620  3.6263  1.0319  2.7177  6.5257  5.6169  2.2313  1.3909  0.0474 -0.4447 -1.3361 -1.7383 -1.8857 -2.1723 -2.6215 -2.6460 -2.9473
 257  0.712629  3.6237  0.9896  2.7496  6.4943  5.6412  2.2383  1.4004  0.0143 -0.4866 -1.3932 -1.8014 -1.9506 -2.2406 -2.6953 -2.7202 -3.0262
 258  0.712637  3.6212  0.9478  2.7813  6.4619  5.6616  2.2444  1.4095 -0.0174 -0.5269 -1.4490 -1.8631 -2.0141 -2.3074 -2.7679 -2.7933 -3.1039
 259  0.712645  3.6187  0.9069  2.8122  6.4289  5.6778  2.2494  1.4177 -0.0475 -0.5654 -1.5029 -1.9229 -2.0757 -2.3721 -2.8387 -2.8645 -3.1798
 260  0.712652  3.6162  0.8669  2.8423  6.3959  5.6911  2.2538  1.4256 -0.0756 -0.6019 -1.5548 -1.9805 -2.1352 -2.4346 -2.9077 -2.9338 -3.2539
 261  0.712659  3.6138  0.8273  2.8720  6.3632  5.7022  2.2574  1.4328 -0.1022 -0.6369 -1.6058 -2.0372 -2.1938 -2.4962 -2.9754 -3.0019 -3.3267
 262  0.712664  3.6113  0.7888  2.9010  6.3302  5.7104  2.2593  1.4382 -0.1274 -0.6703 -1.6554 -2.0923 -2.2509 -2.5559 -3.0413 -3.0681 -3.3977
 263  0.712670  3.6091  0.7510  2.9293  6.2970  5.7160  2.2600  1.4426 -0.1515 -0.7025 -1.7038 -2.1463 -2.3068 -2.6141 -3.1058 -3.1331 -3.4672
 264  0.712675  3.6067  0.7140  2.9571  6.2637  5.7196  2.2596  1.4459 -0.1745 -0.7336 -1.7513 -2.1990 -2.3617 -2.6710 -3.1690 -3.1965 -3.5353
 265  0.712680  3.6044  0.6777  2.9844  6.2302  5.7213  2.2580  1.4481 -0.1965 -0.7632 -1.7973 -2.2502 -2.4149 -2.7262 -3.2307 -3.2585 -3.6020
 266  0.712684  3.6022  0.6421  3.0111  6.1966  5.7212  2.2551  1.4491 -0.2171 -0.7914 -1.8415 -2.2994 -2.4661 -2.7794 -3.2910 -3.3190 -3.6672
 267  0.712689  3.6001  0.6072  3.0373  6.1629  5.7196  2.2509  1.4488 -0.2368 -0.8183 -1.8841 -2.3471 -2.5156 -2.8309 -3.3502 -3.3784 -3.7315
 268  0.712694  3.5979  0.5730  3.0630  6.1296  5.7170  2.2459  1.4480 -0.2552 -0.8435 -1.9249 -2.3924 -2.5629 -2.8803 -3.4080 -3.4365 -3.7945
 269  0.712698  3.5958  0.5396  3.0880  6.0967  5.7139  2.2401  1.4465 -0.2709 -0.8659 -1.9629 -2.4351 -2.6072 -2.9271 -3.4640 -3.4928 -3.8559
 270  0.712701  3.5937  0.5065  3.1127  6.0641  5.7107  2.2338  1.4446 -0.2846 -0.8860 -1.9985 -2.4753 -2.6491 -2.9716 -3.5191 -3.5481 -3.9166
 271  0.712705  3.5918  0.4744  3.1368  6.0312  5.7059  2.2251  1.4402 -0.2991 -0.9066 -2.0347 -2.5155 -2.6910 -3.0153 -3.5733 -3.6025 -3.9761
 272  0.712708  3.5897  0.4425  3.1604  5.9993  5.7026  2.2175  1.4375 -0.3100 -0.9230 -2.0668 -2.5513 -2.7284 -3.0552 -3.6259 -3.6551 -4.0344
 273  0.712711  3.5876  0.4113  3.1834  5.9675  5.6988  2.2088  1.4338 -0.3203 -0.9383 -2.0967 -2.5846 -2.7629 -3.0925 -3.6772 -3.7068 -4.0917
 274  0.712714  3.5857  0.3810  3.2060  5.9351  5.6931  2.1975  1.4274 -0.3318 -0.9546 -2.1263 -2.6170 -2.7962 -3.1290 -3.7281 -3.7577 -4.1481
 275  0.712717  3.5838  0.3513  3.2281  5.9037  5.6897  2.1870  1.4220 -0.3412 -0.9684 -2.1533 -2.6469 -2.8266 -3.1632 -3.7775 -3.8073 -4.2034
 276  0.712720  3.5819  0.3224  3.2497  5.8725  5.6860  2.1758  1.4159 -0.3497 -0.9807 -2.1781 -2.6741 -2.8543 -3.1951 -3.8255 -3.8555 -4.2573
 277  0.712723  3.5802  0.2943  3.2706  5.8418  5.6821  2.1640  1.4094 -0.3573 -0.9918 -2.2006 -2.6989 -2.8794 -3.2246 -3.8719 -3.9020 -4.3097
 278  0.712725  3.5784  0.2673  3.2908  5.8122  5.6787  2.1526  1.4032 -0.3634 -1.0010 -2.2201 -2.7207 -2.9013 -3.2512 -3.9158 -3.9463 -4.3596
 279  0.712727  3.5769  0.2436  3.3085  5.7813  5.6630  2.1292  1.3803 -0.3882 -1.0245 -2.2495 -2.7515 -2.9318 -3.2848 -3.9593 -3.9895 -4.4059
