#NUMBER OF AGES= 1
#----------------------------------------------------       
#MIX-LEN  Y      Z          Zeff        [Fe/H] [a/Fe]
# 1.9380  0.3300 6.6318E-04 3.3757E-04  -1.65   0.40 
#----------------------------------------------------       
#**PHOTOMETRIC SYSTEM**: HST WFPC2 (Vega)                   
#----------------------------------------------------       
#AGE=11.000 EEPS=266
#EEP   M/Mo    LogTeff  LogG   LogL/Lo F218W   F255W   F300W   F336W   F439W   F450W   F555W   F606W   F622W   F675W   F791W   F814W   F850LP
  14  0.113056  3.5420  5.2692 -2.6565 20.5710 20.1433 16.6602 15.8129 14.6685 14.0827 12.7153 12.1739 11.9830 11.5972 10.7781 10.7396 10.3311
  15  0.125614  3.5509  5.2287 -2.5344 20.1784 19.4880 16.1703 15.3137 14.1710 13.6280 12.3143 11.7765 11.5858 11.2103 10.4670 10.4303 10.0375
  16  0.137790  3.5582  5.1935 -2.4300 19.8305 18.9378 15.7591 14.8998 13.7657 13.2531 11.9830 11.4494 11.2595 10.8910 10.2015 10.1663  9.7852
  17  0.149416  3.5637  5.1642 -2.3434 19.5336 18.4970 15.4293 14.5705 13.4474 12.9548 11.7174 11.1882 10.9993 10.6356  9.9818  9.9475  9.5747
  18  0.161306  3.5682  5.1383 -2.2659 19.2664 18.1168 15.1426 14.2858 13.1741 12.6959 11.4853 10.9607 10.7730 10.4132  9.7855  9.7520  9.3859
  19  0.174000  3.5724  5.1139 -2.1922 19.0079 17.7596 14.8736 14.0199 12.9205 12.4542 11.2678 10.7480 10.5618 10.2055  9.5992  9.5663  9.2060
  20  0.187415  3.5761  5.0913 -2.1222 18.7610 17.4229 14.6209 13.7710 12.6841 12.2278 11.0637 10.5489 10.3640 10.0111  9.4225  9.3902  9.0351
  21  0.201403  3.5796  5.0704 -2.0563 18.5212 17.1043 14.3835 13.5380 12.4643 12.0166 10.8731 10.3634 10.1800  9.8301  9.2563  9.2246  8.8742
  22  0.217737  3.5832  5.0497 -1.9877 18.2553 16.7649 14.1347 13.2952 12.2375 11.7978 10.6754 10.1714  9.9896  9.6433  9.0834  9.0522  8.7065
  23  0.233814  3.5862  5.0313 -1.9261 17.9925 16.4463 13.9077 13.0752 12.0349 11.6022 10.4986 10.0002  9.8200  9.4770  8.9281  8.8974  8.5558
  24  0.246389  3.5884  5.0193 -1.8826 17.8008 16.2196 13.7459 12.9185 11.8918 11.4637 10.3737  9.8795  9.7005  9.3599  8.8187  8.7883  8.4497
  25  0.254564  3.5898  5.0124 -1.8562 17.6839 16.0827 13.6476 12.8234 11.8050 11.3796 10.2979  9.8064  9.6280  9.2890  8.7522  8.7221  8.3853
  26  0.260336  3.5906  5.0084 -1.8390 17.6083 15.9946 13.5836 12.7613 11.7485 11.3249 10.2484  9.7586  9.5808  9.2427  8.7088  8.6788  8.3432
  27  0.264631  3.5913  5.0057 -1.8267 17.5553 15.9331 13.5377 12.7167 11.7078 11.2855 10.2130  9.7244  9.5468  9.2095  8.6776  8.6477  8.3130
  28  0.267822  3.5917  5.0035 -1.8173 17.5155 15.8868 13.5028 12.6829 11.6769 11.2555 10.1859  9.6984  9.5210  9.1844  8.6539  8.6241  8.2899
  29  0.270206  3.5921  5.0016 -1.8100 17.4837 15.8499 13.4750 12.6559 11.6525 11.2318 10.1647  9.6779  9.5009  9.1646  8.6354  8.6057  8.2720
  30  0.272129  3.5925  4.9999 -1.8038 17.4567 15.8185 13.4516 12.6332 11.6319 11.2118 10.1468  9.6608  9.4839  9.1481  8.6199  8.5901  8.2569
  31  0.274042  3.5928  4.9987 -1.7981 17.4306 15.7880 13.4291 12.6114 11.6123 11.1929 10.1301  9.6447  9.4680  9.1327  8.6054  8.5757  8.2430
  32  0.276106  3.5932  4.9969 -1.7915 17.4012 15.7540 13.4035 12.5865 11.5899 11.1713 10.1108  9.6263  9.4498  9.1149  8.5887  8.5591  8.2268
  33  0.278721  3.5937  4.9949 -1.7836 17.3668 15.7146 13.3734 12.5573 11.5636 11.1458 10.0881  9.6045  9.4283  9.0938  8.5689  8.5394  8.2077
  34  0.281991  3.5941  4.9925 -1.7741 17.3267 15.6693 13.3381 12.5229 11.5325 11.1155 10.0609  9.5783  9.4024  9.0686  8.5449  8.5154  8.1844
  35  0.286044  3.5947  4.9892 -1.7625 17.2796 15.6167 13.2963 12.4822 11.4954 11.0795 10.0281  9.5467  9.3711  9.0379  8.5156  8.4863  8.1559
  36  0.291164  3.5953  4.9847 -1.7479 17.2222 15.5536 13.2451 12.4323 11.4499 11.0350  9.9875  9.5075  9.3323  8.9998  8.4790  8.4497  8.1202
  37  0.296518  3.5956  4.9802 -1.7338 17.1562 15.4901 13.1935 12.3831 11.4080 10.9946  9.9515  9.4734  9.2988  8.9668  8.4438  8.4146  8.0848
  38  0.317746  3.5991  4.9557 -1.6656 16.8762 15.1829 12.9423 12.1378 11.1868 10.7793  9.7573  9.2867  9.1142  8.7864  8.2718  8.2432  7.9177
  39  0.351594  3.6080  4.9093 -1.5399 16.3245 14.5666 12.4403 11.6467 10.7507 10.3559  9.3836  8.9312  8.7636  8.4463  7.9538  7.9265  7.6123
  40  0.364287  3.6121  4.8899 -1.4891 16.0965 14.3204 12.2333 11.4433 10.5710 10.1819  9.2308  8.7869  8.6215  8.3091  7.8251  7.7983  7.4890
  41  0.375347  3.6160  4.8725 -1.4428 15.8870 14.0968 12.0416 11.2547 10.4047 10.0209  9.0902  8.6546  8.4915  8.1839  7.7077  7.6815  7.3771
  42  0.386633  3.6206  4.8548 -1.3940 15.6654 13.8603 11.8354 11.0508 10.2255  9.8476  8.9395  8.5133  8.3528  8.0509  7.5836  7.5582  7.2597
  43  0.397909  3.6257  4.8381 -1.3441 15.4352 13.6138 11.6177 10.8348 10.0370  9.6656  8.7822  8.3668  8.2091  7.9139  7.4570  7.4324  7.1405
  44  0.407914  3.6309  4.8239 -1.2982 15.2184 13.3790 11.4099 10.6273  9.8570  9.4923  8.6337  8.2295  8.0747  7.7865  7.3405  7.3166  7.0319
  45  0.417159  3.6364  4.8116 -1.2541 14.9993 13.1393 11.1987 10.4159  9.6766  9.3189  8.4868  8.0948  7.9432  7.6626  7.2284  7.2055  6.9284
  46  0.425830  3.6422  4.8009 -1.2115 14.7799 12.8987 10.9850 10.2028  9.4981  9.1477  8.3427  7.9634  7.8152  7.5426  7.1208  7.0987  6.8298
  47  0.434232  3.6482  4.7916 -1.1699 14.5570 12.6527 10.7646  9.9850  9.3198  8.9772  8.1999  7.8336  7.6890  7.4249  7.0157  6.9946  6.7341
  48  0.442379  3.6541  4.7830 -1.1294 14.3351 12.4069 10.5402  9.7669  9.1460  8.8112  8.0610  7.7076  7.5667  7.3110  6.9143  6.8942  6.6420
  49  0.450535  3.6602  4.7750 -1.0893 14.0754 12.1267 10.3103  9.5435  8.9753  8.6481  7.9245  7.5833  7.4463  7.1982  6.8133  6.7941  6.5500
  50  0.458683  3.6664  4.7677 -1.0492 13.7665 11.8055 10.0704  9.3110  8.8057  8.4860  7.7890  7.4594  7.3267  7.0855  6.7117  6.6933  6.4574
  51  0.466918  3.6730  4.7610 -1.0084 13.4234 11.4704  9.8144  9.0701  8.6339  8.3223  7.6519  7.3340  7.2057  6.9715  6.6088  6.5913  6.3639
  52  0.471560  3.6769  4.7575 -0.9852 13.2159 11.2767  9.6657  8.9324  8.5374  8.2306  7.5750  7.2635  7.1378  6.9072  6.5507  6.5338  6.3112
  53  0.476155  3.6807  4.7542 -0.9623 13.0020 11.0839  9.5172  8.7960  8.4427  8.1408  7.4995  7.1941  7.0708  6.8440  6.4935  6.4769  6.2592
  54  0.480705  3.6845  4.7510 -0.9396 12.7827 10.8928  9.3694  8.6610  8.3496  8.0527  7.4253  7.1258  7.0049  6.7815  6.4368  6.4208  6.2077
  55  0.485216  3.6882  4.7475 -0.9172 12.5660 10.7111  9.2281  8.5319  8.2601  7.9682  7.3536  7.0594  6.9406  6.7206  6.3814  6.3658  6.1572
  56  0.489682  3.6919  4.7440 -0.8951 12.3495 10.5341  9.0896  8.4059  8.1728  7.8859  7.2834  6.9943  6.8777  6.6607  6.3268  6.3117  6.1073
  57  0.494090  3.6955  4.7404 -0.8733 12.1367 10.3637  8.9553  8.2840  8.0884  7.8064  7.2155  6.9311  6.8163  6.6023  6.2733  6.2587  6.0584
  58  0.498418  3.6989  4.7366 -0.8519 11.9292 10.2002  8.8256  8.1667  8.0070  7.7299  7.1498  6.8697  6.7567  6.5455  6.2212  6.2069  6.0106
  59  0.502613  3.7023  4.7329 -0.8310 11.7296 10.0438  8.7006  8.0536  7.9283  7.6560  7.0863  6.8104  6.6991  6.4905  6.1707  6.1569  5.9643
  60  0.506659  3.7055  4.7291 -0.8110 11.5475  9.9007  8.5843  7.9483  7.8542  7.5864  7.0263  6.7542  6.6443  6.4382  6.1225  6.1091  5.9200
  61  0.510556  3.7086  4.7256 -0.7916 11.3686  9.7611  8.4709  7.8458  7.7821  7.5189  6.9682  6.6997  6.5913  6.3875  6.0759  6.0629  5.8772
  62  0.514329  3.7117  4.7219 -0.7728 11.2002  9.6301  8.3637  7.7491  7.7134  7.4547  6.9128  6.6476  6.5404  6.3389  6.0311  6.0183  5.8358
  63  0.517992  3.7145  4.7183 -0.7543 11.0352  9.5023  8.2595  7.6551  7.6465  7.3921  6.8588  6.5970  6.4910  6.2917  5.9876  5.9751  5.7957
  64  0.521553  3.7174  4.7145 -0.7364 10.8737  9.3779  8.1589  7.5647  7.5820  7.3319  6.8068  6.5480  6.4433  6.2460  5.9454  5.9332  5.7568
  65  0.525027  3.7201  4.7108 -0.7188 10.7128  9.2546  8.0602  7.4761  7.5189  7.2731  6.7560  6.5003  6.3967  6.2014  5.9042  5.8924  5.7188
  66  0.528437  3.7228  4.7071 -0.7015 10.5565  9.1348  7.9647  7.3905  7.4577  7.2160  6.7066  6.4538  6.3513  6.1579  5.8641  5.8525  5.6816
  67  0.531792  3.7254  4.7033 -0.6844 10.4039  9.0177  7.8713  7.3069  7.3977  7.1601  6.6581  6.4081  6.3067  6.1152  5.8244  5.8131  5.6450
  68  0.535109  3.7280  4.6993 -0.6676 10.2558  8.9037  7.7801  7.2254  7.3388  7.1052  6.6107  6.3633  6.2628  6.0733  5.7856  5.7746  5.6089
  69  0.538397  3.7305  4.6953 -0.6509 10.1119  8.7922  7.6905  7.1454  7.2808  7.0511  6.5637  6.3191  6.2196  6.0318  5.7471  5.7364  5.5733
  70  0.541681  3.7330  4.6911 -0.6341  9.9757  8.6854  7.6038  7.0678  7.2237  6.9979  6.5174  6.2753  6.1768  5.9907  5.7090  5.6984  5.5378
  71  0.544970  3.7354  4.6867 -0.6174  9.8426  8.5806  7.5186  6.9915  7.1671  6.9451  6.4714  6.2317  6.1341  5.9498  5.6708  5.6606  5.5022
  72  0.548259  3.7378  4.6821 -0.6007  9.7131  8.4782  7.4355  6.9170  7.1112  6.8927  6.4256  6.1884  6.0917  5.9091  5.6328  5.6228  5.4668
  73  0.551546  3.7401  4.6774 -0.5840  9.5866  8.3777  7.3542  6.8440  7.0558  6.8408  6.3802  6.1454  6.0494  5.8685  5.5950  5.5852  5.4314
  74  0.554822  3.7424  4.6725 -0.5674  9.4628  8.2790  7.2742  6.7721  7.0010  6.7894  6.3353  6.1027  6.0075  5.8282  5.5574  5.5478  5.3963
  75  0.558090  3.7447  4.6675 -0.5508  9.3430  8.1828  7.1961  6.7020  6.9469  6.7386  6.2905  6.0603  5.9660  5.7883  5.5201  5.5107  5.3613
  76  0.561333  3.7468  4.6623 -0.5344  9.2258  8.0884  7.1193  6.6331  6.8935  6.6883  6.2463  6.0183  5.9249  5.7488  5.4832  5.4740  5.3266
  77  0.564551  3.7490  4.6569 -0.5180  9.1123  7.9968  7.0445  6.5659  6.8409  6.6388  6.2027  5.9769  5.8843  5.7097  5.4467  5.4377  5.2922
  78  0.567731  3.7511  4.6515 -0.5019  9.0014  7.9070  6.9712  6.5000  6.7892  6.5902  6.1596  5.9361  5.8442  5.6711  5.4105  5.4017  5.2582
  79  0.570874  3.7530  4.6460 -0.4859  8.8936  7.8195  6.8996  6.4356  6.7384  6.5422  6.1172  5.8957  5.8046  5.6330  5.3747  5.3660  5.2245
  80  0.573978  3.7550  4.6404 -0.4700  8.7899  7.7351  6.8307  6.3736  6.6889  6.4954  6.0755  5.8559  5.7655  5.5953  5.3392  5.3307  5.1910
  81  0.577038  3.7569  4.6347 -0.4544  8.6889  7.6528  6.7634  6.3131  6.6402  6.4493  6.0343  5.8166  5.7269  5.5580  5.3040  5.2958  5.1578
  82  0.581378  3.7596  4.6262 -0.4321  8.5480  7.5375  6.6700  6.2292  6.5715  6.3841  5.9760  5.7608  5.6720  5.5050  5.2540  5.2460  5.1104
  83  0.585706  3.7623  4.6177 -0.4097  8.4095  7.4238  6.5784  6.1468  6.5029  6.3190  5.9175  5.7051  5.6172  5.4520  5.2040  5.1962  5.0630
  84  0.590000  3.7648  4.6089 -0.3873  8.2746  7.3126  6.4888  6.0664  6.4350  6.2544  5.8594  5.6494  5.5625  5.3991  5.1540  5.1464  5.0155
  85  0.594241  3.7673  4.5998 -0.3652  8.1435  7.2043  6.4010  5.9878  6.3678  6.1903  5.8017  5.5941  5.5080  5.3465  5.1042  5.0969  4.9681
  86  0.598414  3.7699  4.5907 -0.3430  8.0154  7.0981  6.3148  5.9107  6.3013  6.1269  5.7444  5.5392  5.4540  5.2942  5.0548  5.0476  4.9210
  87  0.602526  3.7723  4.5812 -0.3210  7.8909  6.9946  6.2307  5.8353  6.2356  6.0642  5.6875  5.4846  5.4003  5.2422  5.0054  4.9985  4.8740
  88  0.606566  3.7746  4.5717 -0.2991  7.7699  6.8936  6.1485  5.7616  6.1707  6.0019  5.6310  5.4305  5.3471  5.1906  4.9565  4.9498  4.8274
  89  0.610531  3.7769  4.5621 -0.2774  7.6523  6.7951  6.0684  5.6894  6.1064  5.9404  5.5750  5.3768  5.2942  5.1394  4.9080  4.9014  4.7810
  90  0.614415  3.7792  4.5524 -0.2557  7.5378  6.6988  5.9903  5.6188  6.0430  5.8794  5.5194  5.3235  5.2418  5.0887  4.8598  4.8534  4.7351
  91  0.618215  3.7815  4.5426 -0.2343  7.4261  6.6047  5.9144  5.5496  5.9801  5.8190  5.4642  5.2707  5.1898  5.0383  4.8120  4.8058  4.6893
  92  0.621926  3.7837  4.5328 -0.2130  7.3176  6.5130  5.8416  5.4816  5.9179  5.7593  5.4093  5.2184  5.1384  4.9884  4.7647  4.7586  4.6440
  93  0.625549  3.7858  4.5228 -0.1919  7.2121  6.4236  5.7702  5.4152  5.8566  5.7001  5.3548  5.1664  5.0873  4.9389  4.7176  4.7117  4.5990
  94  0.629084  3.7880  4.5129 -0.1710  7.1094  6.3363  5.6999  5.3504  5.7959  5.6416  5.3010  5.1147  5.0365  4.8896  4.6707  4.6650  4.5541
  95  0.632532  3.7900  4.5028 -0.1502  7.0103  6.2518  5.6304  5.2879  5.7363  5.5839  5.2477  5.0634  4.9859  4.8404  4.6238  4.6183  4.5090
  96  0.635896  3.7921  4.4925 -0.1295  6.9141  6.1696  5.5613  5.2271  5.6774  5.5270  5.1951  5.0124  4.9355  4.7914  4.5769  4.5716  4.4639
  97  0.639179  3.7940  4.4820 -0.1089  6.8191  6.0882  5.4923  5.1669  5.6189  5.4704  5.1430  4.9619  4.8856  4.7430  4.5306  4.5253  4.4193
  98  0.642381  3.7959  4.4713 -0.0885  6.7251  6.0076  5.4240  5.1071  5.5606  5.4140  5.0911  4.9118  4.8361  4.6949  4.4847  4.4796  4.3751
  99  0.645507  3.7978  4.4605 -0.0681  6.6321  5.9279  5.3567  5.0472  5.5023  5.3576  5.0394  4.8618  4.7870  4.6473  4.4393  4.4345  4.3314
 100  0.648560  3.7996  4.4495 -0.0478  6.5413  5.8497  5.2911  4.9879  5.4442  5.3014  4.9876  4.8122  4.7380  4.5998  4.3941  4.3894  4.2878
 101  0.651538  3.8013  4.4382 -0.0275  6.4528  5.7734  5.2270  4.9297  5.3865  5.2455  4.9360  4.7625  4.6892  4.5524  4.3488  4.3441  4.2442
 102  0.654440  3.8031  4.4268 -0.0074  6.3667  5.6989  5.1643  4.8725  5.3294  5.1901  4.8846  4.7130  4.6403  4.5049  4.3035  4.2990  4.2003
 103  0.657268  3.8047  4.4151  0.0127  6.2837  5.6265  5.1033  4.8167  5.2729  5.1353  4.8334  4.6635  4.5916  4.4574  4.2579  4.2535  4.1562
 104  0.660022  3.8063  4.4033  0.0326  6.2033  5.5562  5.0436  4.7624  5.2171  5.0810  4.7825  4.6142  4.5429  4.4099  4.2122  4.2079  4.1119
 105  0.662705  3.8077  4.3912  0.0525  6.1252  5.4876  4.9853  4.7091  5.1620  5.0272  4.7319  4.5652  4.4943  4.3625  4.1665  4.1623  4.0675
 106  0.665319  3.8092  4.3790  0.0722  6.0494  5.4207  4.9281  4.6568  5.1074  4.9739  4.6817  4.5163  4.4460  4.3152  4.1209  4.1168  4.0232
 107  0.667870  3.8106  4.3666  0.0918  5.9756  5.3555  4.8721  4.6054  5.0533  4.9211  4.6317  4.4677  4.3979  4.2681  4.0754  4.0714  3.9788
 108  0.670361  3.8118  4.3539  0.1114  5.9035  5.2915  4.8169  4.5546  4.9997  4.8686  4.5820  4.4193  4.3501  4.2213  4.0301  4.0262  3.9346
 109  0.672799  3.8131  4.3410  0.1307  5.8332  5.2290  4.7627  4.5046  4.9465  4.8167  4.5327  4.3713  4.3026  4.1747  3.9851  3.9811  3.8905
 110  0.675188  3.8143  4.3280  0.1499  5.7647  5.1679  4.7094  4.4553  4.8939  4.7651  4.4837  4.3235  4.2554  4.1284  3.9401  3.9362  3.8466
 111  0.677521  3.8154  4.3148  0.1690  5.6981  5.1083  4.6571  4.4068  4.8418  4.7141  4.4351  4.2761  4.2084  4.0822  3.8953  3.8916  3.8027
 112  0.678290  3.8157  4.3104  0.1754  5.6754  5.0880  4.6394  4.3905  4.8242  4.6968  4.4187  4.2601  4.1925  4.0667  3.8802  3.8765  3.7879
 113  0.679057  3.8161  4.3060  0.1819  5.6521  5.0673  4.6214  4.3738  4.8062  4.6793  4.4021  4.2439  4.1765  4.0510  3.8650  3.8613  3.7730
 114  0.679820  3.8166  4.3016  0.1885  5.6285  5.0463  4.6032  4.3571  4.7881  4.6615  4.3853  4.2275  4.1603  4.0352  3.8497  3.8460  3.7580
 115  0.680581  3.8170  4.2972  0.1952  5.6044  5.0250  4.5847  4.3401  4.7697  4.6435  4.3683  4.2110  4.1439  4.0192  3.8342  3.8306  3.7429
 116  0.681339  3.8175  4.2927  0.2019  5.5803  5.0036  4.5661  4.3231  4.7512  4.6254  4.3512  4.1943  4.1274  4.0030  3.8186  3.8150  3.7277
 117  0.682094  3.8179  4.2882  0.2087  5.5561  4.9821  4.5475  4.3058  4.7325  4.6072  4.3338  4.1774  4.1108  3.9866  3.8029  3.7992  3.7122
 118  0.682845  3.8183  4.2835  0.2156  5.5321  4.9608  4.5288  4.2886  4.7137  4.5887  4.3163  4.1604  4.0939  3.9702  3.7868  3.7832  3.6965
 119  0.683593  3.8187  4.2786  0.2226  5.5082  4.9394  4.5101  4.2712  4.6946  4.5701  4.2986  4.1431  4.0768  3.9534  3.7706  3.7669  3.6805
 120  0.684335  3.8191  4.2734  0.2296  5.4849  4.9183  4.4913  4.2538  4.6757  4.5514  4.2806  4.1256  4.0594  3.9362  3.7539  3.7504  3.6642
 121  0.685074  3.8194  4.2681  0.2367  5.4619  4.8975  4.4726  4.2362  4.6564  4.5325  4.2625  4.1079  4.0418  3.9189  3.7371  3.7335  3.6476
 122  0.685807  3.8197  4.2625  0.2439  5.4390  4.8766  4.4539  4.2185  4.6371  4.5135  4.2442  4.0899  4.0240  3.9014  3.7199  3.7163  3.6307
 123  0.686536  3.8200  4.2568  0.2512  5.4165  4.8559  4.4351  4.2007  4.6177  4.4944  4.2257  4.0717  4.0059  3.8836  3.7024  3.6989  3.6133
 124  0.687260  3.8203  4.2508  0.2585  5.3939  4.8352  4.4161  4.1828  4.5981  4.4750  4.2070  4.0533  3.9876  3.8655  3.6846  3.6811  3.5958
 125  0.687978  3.8205  4.2448  0.2660  5.3713  4.8144  4.3970  4.1647  4.5783  4.4555  4.1881  4.0347  3.9692  3.8472  3.6667  3.6632  3.5780
 126  0.688693  3.8207  4.2387  0.2735  5.3490  4.7937  4.3780  4.1466  4.5584  4.4358  4.1691  4.0159  3.9505  3.8287  3.6485  3.6451  3.5600
 127  0.689403  3.8209  4.2323  0.2811  5.3268  4.7730  4.3589  4.1283  4.5384  4.4161  4.1498  3.9970  3.9316  3.8101  3.6302  3.6267  3.5419
 128  0.690109  3.8211  4.2259  0.2887  5.3046  4.7524  4.3397  4.1100  4.5183  4.3962  4.1305  3.9779  3.9126  3.7913  3.6117  3.6082  3.5234
 129  0.690810  3.8213  4.2193  0.2964  5.2827  4.7318  4.3205  4.0915  4.4981  4.3762  4.1110  3.9586  3.8935  3.7723  3.5929  3.5894  3.5047
 130  0.691506  3.8214  4.2126  0.3041  5.2609  4.7113  4.3013  4.0729  4.4778  4.3560  4.0914  3.9391  3.8740  3.7530  3.5739  3.5705  3.4859
 131  0.692196  3.8216  4.2056  0.3120  5.2392  4.6909  4.2819  4.0543  4.4573  4.3358  4.0715  3.9194  3.8545  3.7335  3.5546  3.5512  3.4666
 132  0.692879  3.8216  4.1984  0.3199  5.2183  4.6708  4.2627  4.0356  4.4368  4.3155  4.0514  3.8995  3.8346  3.7138  3.5350  3.5316  3.4470
 133  0.693556  3.8216  4.1909  0.3280  5.1977  4.6510  4.2435  4.0167  4.4162  4.2950  4.0312  3.8794  3.8145  3.6938  3.5151  3.5116  3.4271
 134  0.694225  3.8216  4.1833  0.3361  5.1775  4.6313  4.2242  3.9978  4.3955  4.2744  4.0108  3.8591  3.7942  3.6735  3.4949  3.4914  3.4068
 135  0.694887  3.8216  4.1754  0.3442  5.1576  4.6117  4.2050  3.9787  4.3747  4.2536  3.9902  3.8385  3.7737  3.6530  3.4744  3.4709  3.3863
 136  0.695542  3.8215  4.1673  0.3524  5.1380  4.5924  4.1856  3.9595  4.3539  4.2328  3.9693  3.8177  3.7529  3.6322  3.4536  3.4501  3.3654
 137  0.696189  3.8214  4.1589  0.3608  5.1189  4.5733  4.1663  3.9402  4.3330  4.2118  3.9484  3.7967  3.7319  3.6112  3.4325  3.4290  3.3442
 138  0.696826  3.8212  4.1503  0.3692  5.1002  4.5544  4.1471  3.9209  4.3120  4.1908  3.9273  3.7755  3.7106  3.5898  3.4110  3.4075  3.3226
 139  0.697456  3.8210  4.1414  0.3777  5.0821  4.5358  4.1279  3.9014  4.2910  4.1697  3.9059  3.7540  3.6891  3.5683  3.3893  3.3858  3.3006
 140  0.698075  3.8208  4.1322  0.3862  5.0645  4.5176  4.1087  3.8818  4.2699  4.1485  3.8844  3.7324  3.6674  3.5464  3.3673  3.3637  3.2783
 141  0.698685  3.8205  4.1228  0.3949  5.0476  4.4995  4.0896  3.8622  4.2487  4.1272  3.8628  3.7105  3.6454  3.5242  3.3448  3.3413  3.2556
 142  0.699285  3.8202  4.1131  0.4036  5.0313  4.4820  4.0705  3.8425  4.2275  4.1058  3.8409  3.6884  3.6232  3.5019  3.3221  3.3185  3.2325
 143  0.699874  3.8197  4.1030  0.4124  5.0159  4.4649  4.0516  3.8227  4.2064  4.0844  3.8189  3.6661  3.6007  3.4791  3.2990  3.2954  3.2090
 144  0.700452  3.8193  4.0926  0.4213  5.0014  4.4484  4.0329  3.8030  4.1852  4.0630  3.7967  3.6435  3.5781  3.4561  3.2755  3.2718  3.1851
 145  0.701018  3.8187  4.0818  0.4303  4.9878  4.4324  4.0143  3.7831  4.1642  4.0415  3.7745  3.6208  3.5551  3.4328  3.2516  3.2479  3.1607
 146  0.701571  3.8182  4.0706  0.4393  4.9754  4.4171  3.9960  3.7634  4.1433  4.0201  3.7520  3.5977  3.5319  3.4091  3.2273  3.2236  3.1359
 147  0.702113  3.8174  4.0591  0.4484  4.9638  4.4023  3.9778  3.7436  4.1223  3.9987  3.7294  3.5746  3.5085  3.3853  3.2028  3.1989  3.1107
 148  0.702641  3.8167  4.0472  0.4576  4.9535  4.3883  3.9599  3.7238  4.1016  3.9773  3.7068  3.5512  3.4849  3.3611  3.1777  3.1739  3.0850
 149  0.703156  3.8158  4.0349  0.4669  4.9446  4.3752  3.9424  3.7042  4.0810  3.9562  3.6840  3.5277  3.4610  3.3367  3.1524  3.1484  3.0589
 150  0.703657  3.8149  4.0220  0.4761  4.9372  4.3630  3.9253  3.6846  4.0606  3.9349  3.6611  3.5039  3.4370  3.3120  3.1266  3.1226  3.0323
 151  0.704144  3.8138  4.0088  0.4855  4.9316  4.3519  3.9086  3.6652  4.0403  3.9139  3.6382  3.4800  3.4127  3.2869  3.1004  3.0963  3.0051
 152  0.704617  3.8127  3.9951  0.4949  4.9281  4.3421  3.8926  3.6459  4.0205  3.8932  3.6152  3.4559  3.3881  3.2615  3.0738  3.0696  2.9774
 153  0.705075  3.8114  3.9808  0.5043  4.9273  4.3341  3.8773  3.6271  4.0011  3.8726  3.5921  3.4316  3.3634  3.2358  3.0466  3.0423  2.9492
 154  0.705519  3.8099  3.9659  0.5139  4.9287  4.3274  3.8627  3.6084  3.9819  3.8524  3.5691  3.4072  3.3383  3.2098  3.0189  3.0146  2.9202
 155  0.705948  3.8084  3.9505  0.5233  4.9316  4.3217  3.8487  3.5903  3.9632  3.8323  3.5461  3.3827  3.3132  3.1835  2.9910  2.9866  2.8910
 156  0.706362  3.8067  3.9345  0.5329  4.9368  4.3177  3.8355  3.5726  3.9448  3.8127  3.5233  3.3582  3.2882  3.1572  2.9628  2.9582  2.8614
 157  0.706762  3.8049  3.9178  0.5424  4.9440  4.3150  3.8231  3.5555  3.9271  3.7933  3.5006  3.3338  3.2631  3.1309  2.9343  2.9297  2.8313
 158  0.707146  3.8026  3.8995  0.5519  4.9588  4.3179  3.8139  3.5405  3.9108  3.7754  3.4785  3.3097  3.2382  3.1043  2.9054  2.9006  2.8003
 159  0.707511  3.7998  3.8791  0.5612  4.9856  4.3296  3.8094  3.5285  3.8972  3.7594  3.4573  3.2859  3.2135  3.0778  2.8756  2.8706  2.7681
 160  0.707862  3.7965  3.8571  0.5705  5.0228  4.3487  3.8089  3.5192  3.8855  3.7451  3.4368  3.2625  3.1889  3.0509  2.8453  2.8399  2.7348
 161  0.708199  3.7930  3.8338  0.5797  5.0705  4.3746  3.8121  3.5125  3.8758  3.7323  3.4170  3.2394  3.1646  3.0241  2.8144  2.8088  2.7006
 162  0.708502  3.7893  3.8109  0.5881  5.1255  4.4060  3.8197  3.5095  3.8688  3.7219  3.3990  3.2180  3.1419  2.9988  2.7849  2.7791  2.6679
 163  0.708803  3.7860  3.7894  0.5967  5.1744  4.4328  3.8253  3.5051  3.8602  3.7101  3.3802  3.1960  3.1188  2.9733  2.7557  2.7497  2.6357
 164  0.709103  3.7832  3.7692  0.6056  5.2153  4.4542  3.8277  3.4989  3.8496  3.6966  3.3606  3.1736  3.0954  2.9478  2.7271  2.7208  2.6044
 165  0.709400  3.7804  3.7493  0.6146  5.2554  4.4750  3.8296  3.4925  3.8384  3.6826  3.3408  3.1511  3.0719  2.9224  2.6984  2.6919  2.5732
 166  0.709692  3.7773  3.7282  0.6236  5.3039  4.5014  3.8346  3.4881  3.8284  3.6695  3.3209  3.1283  3.0480  2.8963  2.6689  2.6622  2.5408
 167  0.709982  3.7738  3.7050  0.6328  5.3669  4.5374  3.8449  3.4873  3.8210  3.6582  3.3015  3.1052  3.0236  2.8692  2.6377  2.6306  2.5061
 168  0.710269  3.7703  3.6816  0.6423  5.4284  4.5725  3.8551  3.4869  3.8127  3.6462  3.2816  3.0819  2.9990  2.8421  2.6064  2.5991  2.4713
 169  0.710552  3.7669  3.6586  0.6521  5.4859  4.6046  3.8640  3.4860  3.8031  3.6329  3.2609  3.0577  2.9736  2.8143  2.5747  2.5671  2.4364
 170  0.710829  3.7640  3.6369  0.6625  5.5367  4.6320  3.8701  3.4831  3.7911  3.6175  3.2385  3.0324  2.9472  2.7856  2.5426  2.5347  2.4013
 171  0.711098  3.7616  3.6162  0.6733  5.5790  4.6529  3.8720  3.4772  3.7762  3.5995  3.2144  3.0057  2.9196  2.7562  2.5101  2.5020  2.3663
 172  0.711355  3.7593  3.5959  0.6849  5.6143  4.6687  3.8702  3.4684  3.7585  3.5790  3.1885  2.9776  2.8908  2.7257  2.4770  2.4687  2.3309
 173  0.711600  3.7572  3.5757  0.6969  5.6443  4.6802  3.8654  3.4571  3.7387  3.5567  3.1613  2.9484  2.8608  2.6942  2.4431  2.4346  2.2949
 174  0.711833  3.7553  3.5557  0.7094  5.6686  4.6873  3.8575  3.4434  3.7169  3.5324  3.1326  2.9178  2.8296  2.6617  2.4084  2.3998  2.2583
 175  0.712055  3.7536  3.5360  0.7223  5.6869  4.6900  3.8467  3.4273  3.6931  3.5065  3.1026  2.8862  2.7975  2.6284  2.3731  2.3643  2.2212
 176  0.712266  3.7521  3.5167  0.7355  5.6991  4.6883  3.8331  3.4090  3.6676  3.4791  3.0717  2.8539  2.7646  2.5944  2.3374  2.3284  2.1839
 177  0.712469  3.7507  3.4978  0.7491  5.7067  4.6831  3.8173  3.3891  3.6409  3.4505  3.0399  2.8207  2.7310  2.5599  2.3013  2.2922  2.1463
 178  0.712664  3.7493  3.4790  0.7628  5.7107  4.6753  3.7997  3.3678  3.6129  3.4209  3.0074  2.7870  2.6969  2.5249  2.2648  2.2556  2.1085
 179  0.712853  3.7483  3.4607  0.7767  5.7104  4.6643  3.7800  3.3448  3.5839  3.3905  2.9743  2.7528  2.6624  2.4896  2.2282  2.2189  2.0707
 180  0.713035  3.7472  3.4425  0.7907  5.7084  4.6520  3.7594  3.3211  3.5544  3.3596  2.9408  2.7184  2.6276  2.4541  2.1915  2.1821  2.0328
 181  0.713214  3.7462  3.4246  0.8048  5.7034  4.6376  3.7374  3.2963  3.5242  3.3281  2.9070  2.6836  2.5925  2.4184  2.1546  2.1451  1.9949
 182  0.713384  3.7453  3.4074  0.8187  5.6964  4.6220  3.7149  3.2714  3.4942  3.2970  2.8738  2.6495  2.5582  2.3834  2.1186  2.1090  1.9580
 183  0.713553  3.7445  3.3901  0.8328  5.6876  4.6048  3.6913  3.2455  3.4634  3.2651  2.8400  2.6149  2.5232  2.3478  2.0821  2.0724  1.9207
 184  0.713723  3.7438  3.3729  0.8471  5.6764  4.5859  3.6664  3.2184  3.4317  3.2323  2.8053  2.5795  2.4877  2.3117  2.0451  2.0353  1.8828
 185  0.713891  3.7430  3.3556  0.8616  5.6649  4.5666  3.6412  3.1911  3.3997  3.1993  2.7705  2.5439  2.4517  2.2753  2.0077  1.9979  1.8446
 186  0.714058  3.7424  3.3382  0.8763  5.6517  4.5460  3.6150  3.1629  3.3668  3.1655  2.7349  2.5077  2.4153  2.2382  1.9698  1.9599  1.8059
 187  0.714225  3.7417  3.3209  0.8912  5.6366  4.5239  3.5875  3.1336  3.3332  3.1309  2.6987  2.4707  2.3781  2.2006  1.9315  1.9215  1.7668
 188  0.714391  3.7411  3.3033  0.9062  5.6212  4.5014  3.5598  3.1040  3.2992  3.0960  2.6622  2.4335  2.3407  2.1627  1.8926  1.8827  1.7273
 189  0.714556  3.7405  3.2856  0.9217  5.6044  4.4778  3.5311  3.0734  3.2643  3.0603  2.6249  2.3956  2.3025  2.1241  1.8533  1.8432  1.6872
 190  0.714720  3.7399  3.2677  0.9373  5.5865  4.4531  3.5015  3.0421  3.2287  3.0239  2.5869  2.3570  2.2638  2.0849  1.8134  1.8032  1.6467
 191  0.714882  3.7393  3.2497  0.9531  5.5685  4.4283  3.4715  3.0106  3.1926  2.9870  2.5485  2.3180  2.2246  2.0452  1.7730  1.7628  1.6056
 192  0.715045  3.7387  3.2314  0.9690  5.5496  4.4025  3.4409  2.9782  3.1560  2.9495  2.5096  2.2785  2.1849  2.0050  1.7321  1.7218  1.5640
 193  0.715207  3.7381  3.2131  0.9853  5.5294  4.3758  3.4094  2.9450  3.1187  2.9114  2.4701  2.2385  2.1446  1.9644  1.6907  1.6804  1.5220
 194  0.715366  3.7376  3.1944  1.0018  5.5087  4.3484  3.3772  2.9112  3.0805  2.8724  2.4297  2.1975  2.1035  1.9228  1.6485  1.6381  1.4792
 195  0.715523  3.7370  3.1752  1.0188  5.4873  4.3201  3.3439  2.8763  3.0412  2.8323  2.3883  2.1554  2.0612  1.8802  1.6051  1.5946  1.4351
 196  0.715677  3.7365  3.1556  1.0364  5.4643  4.2904  3.3091  2.8400  3.0005  2.7908  2.3455  2.1121  2.0177  1.8362  1.5605  1.5500  1.3899
 197  0.715828  3.7359  3.1353  1.0545  5.4406  4.2597  3.2733  2.8026  2.9585  2.7481  2.3013  2.0674  1.9729  1.7909  1.5145  1.5040  1.3432
 198  0.715976  3.7353  3.1144  1.0731  5.4176  4.2288  3.2370  2.7645  2.9156  2.7043  2.2560  2.0215  1.9267  1.7444  1.4673  1.4566  1.2952
 199  0.716122  3.7348  3.0933  1.0920  5.3925  4.1963  3.1993  2.7251  2.8715  2.6594  2.2098  1.9747  1.8798  1.6970  1.4192  1.4085  1.2465
 200  0.716263  3.7342  3.0714  1.1115  5.3671  4.1632  3.1606  2.6846  2.8261  2.6132  2.1622  1.9264  1.8313  1.6482  1.3696  1.3588  1.1962
 201  0.716401  3.7335  3.0490  1.1316  5.3420  4.1296  3.1209  2.6432  2.7796  2.5657  2.1132  1.8769  1.7815  1.5979  1.3186  1.3077  1.1445
 202  0.716536  3.7329  3.0260  1.1522  5.3162  4.0952  3.0804  2.6008  2.7319  2.5172  2.0631  1.8261  1.7306  1.5466  1.2665  1.2556  1.0916
 203  0.716666  3.7322  3.0026  1.1731  5.2903  4.0602  3.0389  2.5574  2.6832  2.4675  2.0119  1.7743  1.6785  1.4941  1.2132  1.2022  1.0377
 204  0.716794  3.7315  2.9784  1.1945  5.2661  4.0258  2.9975  2.5139  2.6338  2.4171  1.9597  1.7215  1.6256  1.4406  1.1590  1.1479  0.9825
 205  0.716918  3.7308  2.9538  1.2163  5.2427  3.9917  2.9557  2.4699  2.5837  2.3660  1.9068  1.6678  1.5717  1.3863  1.1036  1.0926  0.9265
 206  0.717038  3.7301  2.9287  1.2385  5.2192  3.9572  2.9133  2.4252  2.5328  2.3139  1.8530  1.6133  1.5169  1.3309  1.0474  1.0363  0.8693
 207  0.717154  3.7293  2.9031  1.2610  5.1965  3.9227  2.8706  2.3801  2.4811  2.2612  1.7982  1.5579  1.4613  1.2747  0.9903  0.9790  0.8113
 208  0.717267  3.7285  2.8771  1.2838  5.1740  3.8881  2.8274  2.3343  2.4288  2.2076  1.7427  1.5016  1.4047  1.2177  0.9323  0.9209  0.7523
 209  0.717376  3.7277  2.8507  1.3071  5.1524  3.8536  2.7840  2.2883  2.3759  2.1534  1.6866  1.4446  1.3474  1.1598  0.8734  0.8619  0.6925
 210  0.717483  3.7268  2.8240  1.3305  5.1315  3.8193  2.7404  2.2419  2.3225  2.0987  1.6296  1.3868  1.2894  1.1012  0.8137  0.8022  0.6318
 211  0.717584  3.7260  2.7968  1.3543  5.1119  3.7855  2.6969  2.1954  2.2685  2.0434  1.5720  1.3283  1.2307  1.0418  0.7532  0.7416  0.5704
 212  0.717683  3.7251  2.7692  1.3784  5.0931  3.7518  2.6531  2.1487  2.2142  1.9876  1.5138  1.2692  1.1713  0.9817  0.6921  0.6803  0.5081
 213  0.717778  3.7242  2.7414  1.4028  5.0753  3.7185  2.6092  2.1016  2.1594  1.9312  1.4550  1.2094  1.1112  0.9210  0.6302  0.6183  0.4451
 214  0.717870  3.7233  2.7131  1.4274  5.0579  3.6853  2.5651  2.0544  2.1041  1.8744  1.3956  1.1491  1.0505  0.8597  0.5676  0.5557  0.3815
 215  0.717957  3.7224  2.6846  1.4522  5.0416  3.6525  2.5210  2.0070  2.0485  1.8172  1.3357  1.0881  0.9893  0.7977  0.5045  0.4924  0.3173
 216  0.718042  3.7214  2.6557  1.4773  5.0244  3.6191  2.4767  1.9593  1.9926  1.7597  1.2754  1.0268  0.9276  0.7353  0.4408  0.4287  0.2525
 217  0.718056  3.7212  2.6507  1.4816  5.0213  3.6133  2.4689  1.9509  1.9827  1.7496  1.2648  1.0161  0.9168  0.7243  0.4296  0.4175  0.2411
 218  0.718071  3.7210  2.6456  1.4861  5.0187  3.6076  2.4612  1.9426  1.9729  1.7394  1.2542  1.0052  0.9059  0.7133  0.4184  0.4063  0.2296
 219  0.718085  3.7209  2.6405  1.4905  5.0156  3.6017  2.4533  1.9342  1.9630  1.7292  1.2435  0.9944  0.8950  0.7022  0.4071  0.3950  0.2181
 220  0.718099  3.7207  2.6354  1.4949  5.0126  3.5959  2.4454  1.9258  1.9531  1.7190  1.2328  0.9835  0.8840  0.6912  0.3958  0.3837  0.2067
 221  0.718113  3.7205  2.6302  1.4994  5.0098  3.5902  2.4377  1.9174  1.9432  1.7088  1.2221  0.9725  0.8731  0.6800  0.3845  0.3723  0.1951
 222  0.718127  3.7203  2.6251  1.5040  5.0070  3.5843  2.4298  1.9088  1.9331  1.6985  1.2112  0.9615  0.8620  0.6688  0.3730  0.3608  0.1834
 223  0.718141  3.7202  2.6199  1.5084  5.0044  3.5786  2.4219  1.9004  1.9232  1.6882  1.2004  0.9505  0.8509  0.6576  0.3617  0.3493  0.1717
 224  0.718155  3.7200  2.6146  1.5130  5.0017  3.5728  2.4141  1.8919  1.9132  1.6779  1.1895  0.9395  0.8398  0.6464  0.3502  0.3378  0.1601
 225  0.718169  3.7198  2.6093  1.5175  4.9989  3.5669  2.4061  1.8833  1.9031  1.6674  1.1786  0.9283  0.8286  0.6351  0.3386  0.3262  0.1483
 226  0.718183  3.7196  2.6041  1.5220  4.9960  3.5611  2.3981  1.8747  1.8929  1.6570  1.1677  0.9171  0.8174  0.6237  0.3270  0.3146  0.1365
 227  0.718306  3.7179  2.5549  1.5648  4.9709  3.5066  2.3240  1.7946  1.7982  1.5594  1.0651  0.8128  0.7124  0.5174  0.2185  0.2060  0.0260
 228  0.718423  3.7162  2.5043  1.6083  4.9502  3.4541  2.2502  1.7145  1.7026  1.4606  0.9610  0.7066  0.6055  0.4092  0.1079  0.0951 -0.0868
 229  0.718530  3.7143  2.4531  1.6521  4.9370  3.4061  2.1790  1.6364  1.6078  1.3624  0.8568  0.6001  0.4984  0.3005 -0.0034 -0.0164 -0.2004
 230  0.718627  3.7124  2.4019  1.6954  4.9297  3.3621  2.1106  1.5608  1.5148  1.2657  0.7538  0.4949  0.3925  0.1929 -0.1138 -0.1270 -0.3132
 231  0.718715  3.7104  2.3520  1.7377  4.9270  3.3220  2.0454  1.4886  1.4249  1.1720  0.6540  0.3927  0.2895  0.0883 -0.2210 -0.2345 -0.4230
 232  0.718800  3.7083  2.2995  1.7820  4.9303  3.2843  1.9796  1.4148  1.3315  1.0746  0.5496  0.2857  0.1817 -0.0212 -0.3336 -0.3472 -0.5381
 233  0.718874  3.7063  2.2485  1.8248  4.9403  3.2531  1.9186  1.3460  1.2427  0.9815  0.4494  0.1830  0.0781 -0.1266 -0.4420 -0.4559 -0.6491
 234  0.718942  3.7041  2.1951  1.8694  4.9553  3.2266  1.8579  1.2767  1.1510  0.8852  0.3454  0.0760 -0.0297 -0.2364 -0.5551 -0.5693 -0.7651
 235  0.719005  3.7020  2.1438  1.9122  4.9730  3.2022  1.8005  1.2110  1.0635  0.7931  0.2458 -0.0264 -0.1330 -0.3416 -0.6634 -0.6779 -0.8763
 236  0.719062  3.7000  2.0963  1.9518  4.9923  3.1794  1.7479  1.1506  0.9827  0.7080  0.1536 -0.1213 -0.2287 -0.4390 -0.7640 -0.7786 -0.9794
 237  0.719114  3.6981  2.0503  1.9902  5.0130  3.1592  1.6980  1.0933  0.9050  0.6261  0.0645 -0.2128 -0.3211 -0.5332 -0.8611 -0.8760 -1.0790
 238  0.719162  3.6962  2.0069  2.0263  5.0366  3.1432  1.6529  1.0408  0.8326  0.5494 -0.0189 -0.2988 -0.4078 -0.6216 -0.9523 -0.9674 -1.1727
 239  0.719207  3.6947  1.9706  2.0565  5.0576  3.1303  1.6157  0.9973  0.7722  0.4855 -0.0886 -0.3706 -0.4803 -0.6955 -1.0285 -1.0438 -1.2510
 240  0.719250  3.6941  1.9528  2.0720  5.0593  3.1132  1.5908  0.9699  0.7382  0.4502 -0.1259 -0.4087 -0.5186 -0.7343 -1.0682 -1.0835 -1.2914
 241  0.719293  3.6932  1.9271  2.0941  5.0682  3.0966  1.5597  0.9348  0.6924  0.4022 -0.1776 -0.4617 -0.5721 -0.7886 -1.1239 -1.1394 -1.3483
 242  0.719335  3.6909  1.8778  2.1343  5.1057  3.0910  1.5165  0.8828  0.6149  0.3194 -0.2691 -0.5565 -0.6677 -0.8864 -1.2253 -1.2410 -1.4529
 243  0.719373  3.6885  1.8259  2.1764  5.1461  3.0905  1.4742  0.8311  0.5353  0.2339 -0.3641 -0.6549 -0.7673 -0.9883 -1.3311 -1.3472 -1.5622
 244  0.719407  3.6862  1.7771  2.2161  5.1819  3.0927  1.4359  0.7842  0.4613  0.1542 -0.4529 -0.7471 -0.8606 -1.0839 -1.4305 -1.4468 -1.6649
 245  0.719439  3.6840  1.7307  2.2535  5.2128  3.0979  1.4015  0.7414  0.3921  0.0794 -0.5365 -0.8340 -0.9484 -1.1739 -1.5242 -1.5409 -1.7618
 246  0.719468  3.6821  1.6918  2.2852  5.2332  3.1031  1.3735  0.7066  0.3346  0.0171 -0.6064 -0.9068 -1.0221 -1.2494 -1.6030 -1.6199 -1.8433
 247  0.719496  3.6802  1.6511  2.3180  5.2534  3.1114  1.3457  0.6717  0.2753 -0.0473 -0.6791 -0.9826 -1.0988 -1.3281 -1.6851 -1.7022 -1.9283
 248  0.719523  3.6779  1.6035  2.3567  5.2760  3.1224  1.3135  0.6311  0.2060 -0.1228 -0.7643 -1.0716 -1.1889 -1.4207 -1.7816 -1.7991 -2.0282
 249  0.719546  3.6756  1.5551  2.3958  5.2994  3.1377  1.2836  0.5923  0.1369 -0.1984 -0.8505 -1.1617 -1.2802 -1.5145 -1.8796 -1.8973 -2.1295
 250  0.719568  3.6733  1.5074  2.4341  5.3232  3.1591  1.2582  0.5580  0.0712 -0.2710 -0.9339 -1.2492 -1.3690 -1.6059 -1.9752 -1.9933 -2.2287
 251  0.719587  3.6709  1.4597  2.4722  5.3465  3.1841  1.2350  0.5261  0.0070 -0.3423 -1.0164 -1.3358 -1.4569 -1.6964 -2.0701 -2.0885 -2.3271
 252  0.719606  3.6685  1.4132  2.5094  5.3681  3.2120  1.2146  0.4971 -0.0549 -0.4113 -1.0963 -1.4199 -1.5422 -1.7844 -2.1624 -2.1811 -2.4230
 253  0.719623  3.6662  1.3680  2.5453  5.3898  3.2441  1.1982  0.4725 -0.1127 -0.4763 -1.1726 -1.5005 -1.6240 -1.8688 -2.2512 -2.2701 -2.5153
 254  0.719638  3.6639  1.3240  2.5802  5.4105  3.2789  1.1846  0.4511 -0.1677 -0.5387 -1.2460 -1.5781 -1.7030 -1.9505 -2.3371 -2.3566 -2.6050
 255  0.719653  3.6616  1.2803  2.6147  5.4300  3.3162  1.1731  0.4321 -0.2209 -0.5994 -1.3181 -1.6545 -1.7805 -2.0309 -2.4220 -2.4417 -2.6935
 256  0.719666  3.6594  1.2378  2.6483  5.4481  3.3545  1.1636  0.4157 -0.2719 -0.6577 -1.3875 -1.7282 -1.8556 -2.1087 -2.5042 -2.5243 -2.7794
 257  0.719678  3.6572  1.1960  2.6812  5.4655  3.3948  1.1565  0.4020 -0.3206 -0.7138 -1.4548 -1.8000 -1.9284 -2.1844 -2.5843 -2.6047 -2.8633
 258  0.719689  3.6549  1.1548  2.7135  5.4820  3.4365  1.1514  0.3907 -0.3673 -0.7681 -1.5203 -1.8699 -1.9996 -2.2583 -2.6629 -2.6836 -2.9456
 259  0.719700  3.6528  1.1147  2.7450  5.4980  3.4790  1.1481  0.3817 -0.4118 -0.8200 -1.5836 -1.9376 -2.0685 -2.3301 -2.7391 -2.7602 -3.0257
 260  0.719710  3.6507  1.0750  2.7760  5.5129  3.5224  1.1462  0.3744 -0.4543 -0.8704 -1.6454 -2.0039 -2.1361 -2.4006 -2.8140 -2.8354 -3.1043
 261  0.719719  3.6484  1.0358  2.8065  5.5279  3.5683  1.1475  0.3705 -0.4941 -0.9182 -1.7052 -2.0683 -2.2019 -2.4693 -2.8872 -2.9091 -3.1813
 262  0.719727  3.6462  0.9973  2.8364  5.5419  3.6154  1.1508  0.3691 -0.5315 -0.9638 -1.7630 -2.1310 -2.2659 -2.5364 -2.9589 -2.9811 -3.2568
 263  0.719736  3.6441  0.9594  2.8655  5.5537  3.6626  1.1556  0.3694 -0.5666 -1.0074 -1.8190 -2.1919 -2.3281 -2.6015 -3.0287 -3.0513 -3.3305
 264  0.719743  3.6419  0.9222  2.8942  5.5638  3.7099  1.1615  0.3713 -0.6000 -1.0493 -1.8733 -2.2512 -2.3887 -2.6653 -3.0970 -3.1201 -3.4028
 265  0.719750  3.6398  0.8857  2.9222  5.5720  3.7573  1.1687  0.3749 -0.6313 -1.0891 -1.9258 -2.3088 -2.4477 -2.7274 -3.1638 -3.1871 -3.4733
 266  0.719757  3.6377  0.8499  2.9496  5.5791  3.8053  1.1772  0.3802 -0.6605 -1.1270 -1.9766 -2.3647 -2.5050 -2.7878 -3.2287 -3.2525 -3.5422
 267  0.719762  3.6356  0.8145  2.9766  5.5843  3.8538  1.1869  0.3871 -0.6879 -1.1633 -2.0259 -2.4192 -2.5608 -2.8469 -3.2924 -3.3165 -3.6098
 268  0.719768  3.6336  0.7797  3.0031  5.5864  3.9015  1.1969  0.3946 -0.7140 -1.1981 -2.0739 -2.4724 -2.6155 -2.9047 -3.3548 -3.3792 -3.6760
 269  0.719774  3.6316  0.7458  3.0289  5.5861  3.9479  1.2074  0.4030 -0.7385 -1.2314 -2.1202 -2.5241 -2.6684 -2.9608 -3.4154 -3.4402 -3.7405
 270  0.719779  3.6295  0.7123  3.0545  5.5832  3.9936  1.2180  0.4119 -0.7620 -1.2638 -2.1658 -2.5749 -2.7207 -3.0163 -3.4752 -3.5005 -3.8041
 271  0.719784  3.6276  0.6796  3.0795  5.5776  4.0374  1.2281  0.4206 -0.7844 -1.2948 -2.2100 -2.6244 -2.7716 -3.0703 -3.5335 -3.5591 -3.8662
 272  0.719789  3.6257  0.6474  3.1041  5.5703  4.0809  1.2386  0.4300 -0.8052 -1.3245 -2.2527 -2.6725 -2.8210 -3.1229 -3.5904 -3.6164 -3.9269
 273  0.719793  3.6239  0.6160  3.1281  5.5607  4.1227  1.2485  0.4391 -0.8250 -1.3530 -2.2943 -2.7194 -2.8692 -3.1743 -3.6460 -3.6724 -3.9861
 274  0.719797  3.6221  0.5855  3.1515  5.5489  4.1619  1.2570  0.4470 -0.8443 -1.3809 -2.3349 -2.7653 -2.9164 -3.2247 -3.7002 -3.7269 -4.0439
 275  0.719801  3.6203  0.5553  3.1745  5.5361  4.2014  1.2662  0.4558 -0.8619 -1.4072 -2.3743 -2.8100 -2.9623 -3.2737 -3.7532 -3.7804 -4.1006
 276  0.719804  3.6186  0.5258  3.1971  5.5225  4.2426  1.2760  0.4654 -0.8767 -1.4309 -2.4115 -2.8528 -3.0066 -3.3211 -3.8049 -3.8324 -4.1559
 277  0.719808  3.6168  0.4973  3.2189  5.5083  4.2828  1.2857  0.4750 -0.8899 -1.4528 -2.4469 -2.8937 -3.0489 -3.3667 -3.8545 -3.8824 -4.2092
 278  0.719812  3.6153  0.4698  3.2399  5.4923  4.3196  1.2936  0.4829 -0.9029 -1.4744 -2.4815 -2.9337 -3.0901 -3.4109 -3.9026 -3.9308 -4.2607
 279  0.719815  3.6139  0.4453  3.2588  5.4766  4.3515  1.2998  0.4892 -0.9146 -1.4936 -2.5125 -2.9695 -3.1270 -3.4506 -3.9456 -3.9742 -4.3068
