#NUMBER OF AGES= 1
#----------------------------------------------------       
#MIX-LEN  Y      Z          Zeff        [Fe/H] [a/Fe]
# 1.9380  0.3300 6.6318E-04 3.3757E-04  -1.65   0.40 
#----------------------------------------------------       
#**PHOTOMETRIC SYSTEM**: HST WFPC2 (Vega)                   
#----------------------------------------------------       
#AGE=12.000 EEPS=265
#EEP   M/Mo    LogTeff  LogG   LogL/Lo F218W   F255W   F300W   F336W   F439W   F450W   F555W   F606W   F622W   F675W   F791W   F814W   F850LP
  15  0.120339  3.5474  5.2445 -2.5829 20.3365 19.7484 16.3645 15.5107 14.3661 13.8071 12.4723 11.9327 11.7419 11.3627 10.5907 10.5533 10.1545
  16  0.132151  3.5551  5.2081 -2.4750 19.9821 19.1740 15.9354 15.0767 13.9380 13.4131 12.1246 11.5890 11.3987 11.0273 10.3160 10.2801  9.8941
  17  0.143281  3.5610  5.1775 -2.3854 19.6787 18.7094 15.5878 14.7285 13.5997 13.0981 11.8453 11.3139 11.1244 10.7585 10.0884 10.0536  9.6769
  18  0.154242  3.5658  5.1512 -2.3082 19.4132 18.3246 15.2989 14.4409 13.3227 12.8369 11.6118 11.0846 10.8963 10.5343  9.8929  9.8589  9.4892
  19  0.166061  3.5700  5.1266 -2.2346 19.1577 17.9662 15.0286 14.1730 13.0661 12.5932 11.3930 10.8703 10.6832 10.3248  9.7065  9.6733  9.3096
  20  0.178988  3.5740  5.1029 -2.1626 18.9047 17.6188 14.7673 13.9150 12.8206 12.3587 11.1817 10.6639 10.4782 10.1232  9.5246  9.4920  9.1339
  21  0.192777  3.5776  5.0808 -2.0936 18.6588 17.2868 14.5186 13.6706 12.5889 12.1365 10.9812 10.4685 10.2843  9.9326  9.3505  9.3185  8.9654
  22  0.207829  3.5811  5.0600 -2.0262 18.4084 16.9586 14.2753 13.4322 12.3648 11.9207 10.7864 10.2791 10.0963  9.7480  9.1805  9.1490  8.8006
  23  0.225009  3.5846  5.0392 -1.9569 18.1256 16.6064 14.0220 13.1859 12.1366 11.7004 10.5873 10.0860  9.9050  9.5603  9.0059  8.9750  8.6312
  24  0.240106  3.5874  5.0238 -1.9023 17.8878 16.3223 13.8194 12.9897 11.9568 11.5265 10.4303  9.9343  9.7547  9.4130  8.8683  8.8378  8.4977
  25  0.250668  3.5892  5.0144 -1.8672 17.7318 16.1388 13.6882 12.8627 11.8409 11.4145 10.3293  9.8367  9.6581  9.3184  8.7798  8.7495  8.4120
  26  0.257544  3.5903  5.0094 -1.8460 17.6388 16.0300 13.6096 12.7866 11.7716 11.3473 10.2687  9.7782  9.6001  9.2617  8.7267  8.6966  8.3605
  27  0.262615  3.5910  5.0063 -1.8315 17.5751 15.9559 13.5552 12.7338 11.7234 11.3006 10.2267  9.7376  9.5600  9.2225  8.6898  8.6598  8.3247
  28  0.266345  3.5916  5.0039 -1.8208 17.5294 15.9028 13.5151 12.6948 11.6879 11.2662 10.1957  9.7078  9.5304  9.1936  8.6626  8.6327  8.2983
  29  0.269071  3.5920  5.0019 -1.8126 17.4940 15.8617 13.4842 12.6649 11.6607 11.2398 10.1720  9.6850  9.5079  9.1715  8.6419  8.6122  8.2784
  30  0.271164  3.5924  5.0001 -1.8059 17.4651 15.8281 13.4591 12.6405 11.6387 11.2184 10.1529  9.6667  9.4898  9.1538  8.6253  8.5955  8.2622
  31  0.273040  3.5927  4.9989 -1.8003 17.4392 15.7977 13.4367 12.6189 11.6193 11.1997 10.1363  9.6508  9.4740  9.1386  8.6110  8.5814  8.2485
  32  0.274927  3.5931  4.9973 -1.7941 17.4113 15.7653 13.4125 12.5954 11.5981 11.1793 10.1183  9.6335  9.4570  9.1219  8.5954  8.5658  8.2334
  33  0.277216  3.5935  4.9955 -1.7871 17.3794 15.7286 13.3849 12.5686 11.5741 11.1560 10.0975  9.6137  9.4374  9.1028  8.5775  8.5480  8.2162
  34  0.280012  3.5940  4.9934 -1.7787 17.3433 15.6876 13.3532 12.5378 11.5463 11.1290 10.0734  9.5905  9.4145  9.0805  8.5564  8.5270  8.1958
  35  0.283415  3.5945  4.9906 -1.7687 17.3021 15.6413 13.3167 12.5022 11.5140 11.0977 10.0450  9.5632  9.3874  9.0540  8.5312  8.5019  8.1713
  36  0.287648  3.5950  4.9870 -1.7566 17.2540 15.5881 13.2739 12.4605 11.4759 11.0604 10.0111  9.5304  9.3550  9.0222  8.5007  8.4715  8.1415
  37  0.293361  3.5957  4.9818 -1.7403 17.1899 15.5180 13.2169 12.4048 11.4253 11.0109  9.9659  9.4866  9.3116  8.9796  8.4597  8.4306  8.1014
  38  0.299433  3.5962  4.9755 -1.7228 17.1093 15.4382 13.1519 12.3426 11.3717 10.9592  9.9196  9.4427  9.2684  8.9372  8.4159  8.3868  8.0578
  39  0.317451  3.5992  4.9543 -1.6645 16.8706 15.1783 12.9385 12.1341 11.1838 10.7762  9.7544  9.2839  9.1114  8.7838  8.2692  8.2405  7.9150
  40  0.349195  3.6074  4.9102 -1.5461 16.3540 14.5995 12.4674 11.6732 10.7739 10.3784  9.4030  8.9494  8.7815  8.4635  7.9698  7.9423  7.6274
  41  0.360935  3.6111  4.8919 -1.4989 16.1437 14.3717 12.2760 11.4852 10.6075 10.2171  9.2614  8.8155  8.6497  8.3361  7.8501  7.8232  7.5127
  42  0.371568  3.6148  4.8748 -1.4544 15.9443 14.1584 12.0937 11.3059 10.4490 10.0637  9.1271  8.6889  8.5251  8.2161  7.7374  7.7111  7.4051
  43  0.382391  3.6190  4.8575 -1.4077 15.7334 13.9332 11.8981 11.1126 10.2788  9.8990  8.9834  8.5540  8.3927  8.0889  7.6186  7.5929  7.2923
  44  0.393540  3.6239  4.8405 -1.3583 15.5085 13.6924 11.6859 10.9023 10.0946  9.7210  8.8291  8.4100  8.2514  7.9538  7.4934  7.4685  7.1743
  45  0.403949  3.6291  4.8253 -1.3111 15.2872 13.4544 11.4749 10.6924  9.9124  9.5452  8.6780  8.2699  8.1141  7.8234  7.3735  7.3494  7.0621
  46  0.412747  3.6342  4.8130 -1.2691 15.0832 13.2312 11.2783 10.4954  9.7428  9.3822  8.5394  8.1425  7.9896  7.7059  7.2669  7.2435  6.9634
  47  0.421282  3.6397  4.8020 -1.2273 14.8706 12.9982 11.0719 10.2893  9.5687  9.2151  8.3985  8.0136  7.8640  7.5880  7.1608  7.1383  6.8658
  48  0.429381  3.6454  4.7924 -1.1867 14.6562 12.7626 10.8621 10.0809  9.3965  9.0502  8.2602  7.8878  7.7415  7.4735  7.0584  7.0368  6.7723
  49  0.437304  3.6512  4.7837 -1.1468 14.4424 12.5253 10.6455  9.8689  9.2252  8.8865  8.1232  7.7634  7.6207  7.3610  6.9582  6.9376  6.6812
  50  0.445124  3.6570  4.7755 -1.1076 14.2123 12.2733 10.4242  9.6541  9.0572  8.7262  7.9889  7.6416  7.5024  7.2506  6.8598  6.8401  6.5918
  51  0.452997  3.6630  4.7677 -1.0684 13.9342 11.9777 10.1955  9.4316  8.8913  8.5674  7.8560  7.5203  7.3852  7.1404  6.7606  6.7417  6.5014
  52  0.457676  3.6666  4.7634 -1.0450 13.7494 11.7869 10.0545  9.2953  8.7925  8.4730  7.7772  7.4480  7.3155  7.0746  6.7013  6.6829  6.4473
  53  0.462295  3.6703  4.7595 -1.0217 13.5576 11.5973  9.9097  9.1587  8.6946  8.3796  7.6990  7.3766  7.2467  7.0097  6.6427  6.6248  6.3941
  54  0.466855  3.6742  4.7559 -0.9987 13.3552 11.4040  9.7620  9.0208  8.5974  8.2872  7.6215  7.3058  7.1783  6.9452  6.5845  6.5671  6.3412
  55  0.471374  3.6780  4.7523 -0.9758 13.1490 11.2137  9.6156  8.8856  8.5027  8.1973  7.5460  7.2364  7.1114  6.8820  6.5272  6.5104  6.2891
  56  0.475858  3.6817  4.7487 -0.9531 12.9357 11.0233  9.4688  8.7510  8.4094  8.1088  7.4715  7.1678  7.0452  6.8193  6.4703  6.4540  6.2375
  57  0.480297  3.6854  4.7452 -0.9306 12.7201 10.8377  9.3249  8.6196  8.3185  8.0228  7.3987  7.1006  6.9803  6.7579  6.4144  6.3986  6.1866
  58  0.484692  3.6891  4.7417 -0.9084 12.5037 10.6574  9.1846  8.4916  8.2299  7.9391  7.3276  7.0348  6.9166  6.6973  6.3594  6.3440  6.1364
  59  0.489034  3.6928  4.7381 -0.8863 12.2876 10.4818  9.0471  8.3666  8.1434  7.8576  7.2581  6.9703  6.8541  6.6379  6.3052  6.2902  6.0869
  60  0.493297  3.6962  4.7343 -0.8649 12.0800 10.3164  8.9164  8.2481  8.0610  7.7801  7.1917  6.9083  6.7940  6.5806  6.2527  6.2381  6.0387
  61  0.497469  3.6997  4.7307 -0.8437 11.8734 10.1542  8.7877  8.1318  7.9804  7.7044  7.1267  6.8477  6.7351  6.5245  6.2012  6.1871  5.9916
  62  0.501517  3.7029  4.7267 -0.8233 11.6825 10.0046  8.6675  8.0228  7.9042  7.6328  7.0651  6.7900  6.6789  6.4708  6.1518  6.1380  5.9462
  63  0.505421  3.7060  4.7228 -0.8035 11.5014  9.8625  8.5520  7.9184  7.8306  7.5638  7.0056  6.7342  6.6247  6.4190  6.1041  6.0907  5.9023
  64  0.509169  3.7090  4.7189 -0.7845 11.3308  9.7293  8.4433  7.8201  7.7609  7.4985  6.9492  6.6812  6.5730  6.3695  6.0584  6.0454  5.8602
  65  0.512774  3.7120  4.7153 -0.7660 11.1647  9.6001  8.3378  7.7249  7.6934  7.4353  6.8946  6.6299  6.5230  6.3218  6.0144  6.0017  5.8197
  66  0.516260  3.7148  4.7115 -0.7480 11.0061  9.4771  8.2373  7.6343  7.6286  7.3747  6.8422  6.5808  6.4750  6.2758  5.9721  5.9596  5.7805
  67  0.519635  3.7175  4.7078 -0.7305 10.8484  9.3557  8.1390  7.5459  7.5656  7.3159  6.7915  6.5329  6.4283  6.2312  5.9308  5.9188  5.7425
  68  0.522912  3.7202  4.7041 -0.7135 10.6936  9.2371  8.0440  7.4606  7.5048  7.2591  6.7423  6.4868  6.3832  6.1880  5.8909  5.8791  5.7056
  69  0.526106  3.7228  4.7004 -0.6966 10.5417  9.1208  7.9513  7.3775  7.4453  7.2037  6.6944  6.4416  6.3391  6.1458  5.8520  5.8404  5.6696
  70  0.529241  3.7254  4.6965 -0.6802 10.3961  9.0090  7.8620  7.2976  7.3877  7.1500  6.6478  6.3977  6.2962  6.1047  5.8138  5.8025  5.6342
  71  0.532329  3.7278  4.6926 -0.6639 10.2536  8.8992  7.7743  7.2191  7.3309  7.0970  6.6020  6.3545  6.2539  6.0642  5.7762  5.7652  5.5994
  72  0.535372  3.7301  4.6885 -0.6478 10.1169  8.7933  7.6891  7.1429  7.2755  7.0454  6.5571  6.3121  6.2125  6.0244  5.7394  5.7286  5.5651
  73  0.538390  3.7325  4.6844 -0.6318  9.9849  8.6902  7.6055  7.0683  7.2208  6.9943  6.5127  6.2702  6.1714  5.9851  5.7028  5.6922  5.5311
  74  0.541387  3.7348  4.6801 -0.6160  9.8582  8.5906  7.5245  6.9957  7.1671  6.9441  6.4690  6.2288  6.1310  5.9462  5.6666  5.6563  5.4974
  75  0.544383  3.7371  4.6757 -0.6001  9.7348  8.4930  7.4453  6.9247  7.1138  6.8944  6.4255  6.1876  6.0906  5.9075  5.6305  5.6204  5.4637
  76  0.547380  3.7393  4.6711 -0.5843  9.6148  8.3977  7.3681  6.8553  7.0613  6.8451  6.3824  6.1467  6.0505  5.8689  5.5945  5.5845  5.4300
  77  0.550373  3.7414  4.6662 -0.5685  9.4978  8.3043  7.2924  6.7873  7.0093  6.7963  6.3395  6.1060  6.0106  5.8305  5.5586  5.5489  5.3964
  78  0.553351  3.7435  4.6613 -0.5527  9.3832  8.2126  7.2178  6.7203  6.9577  6.7479  6.2970  6.0657  5.9710  5.7925  5.5230  5.5135  5.3631
  79  0.556317  3.7457  4.6564 -0.5370  9.2711  8.1223  7.1445  6.6544  6.9067  6.6999  6.2548  6.0256  5.9318  5.7548  5.4878  5.4784  5.3300
  80  0.559265  3.7477  4.6511 -0.5214  9.1625  8.0347  7.0730  6.5901  6.8565  6.6526  6.2130  5.9860  5.8929  5.7173  5.4527  5.4436  5.2971
  81  0.562181  3.7496  4.6458 -0.5060  9.0563  7.9487  7.0027  6.5270  6.8069  6.6059  6.1718  5.9468  5.8544  5.6804  5.4181  5.4091  5.2644
  82  0.566339  3.7524  4.6379 -0.4839  8.9079  7.8284  6.9042  6.4384  6.7368  6.5398  6.1131  5.8910  5.7997  5.6276  5.3686  5.3599  5.2177
  83  0.570528  3.7551  4.6298 -0.4615  8.7618  7.7095  6.8069  6.3508  6.6669  6.4737  6.0542  5.8348  5.7445  5.5744  5.3184  5.3100  5.1704
  84  0.574736  3.7578  4.6211 -0.4390  8.6194  7.5930  6.7118  6.2651  6.5974  6.4078  5.9952  5.7784  5.6889  5.5207  5.2677  5.2595  5.1223
  85  0.578944  3.7605  4.6120 -0.4163  8.4798  7.4783  6.6188  6.1813  6.5280  6.3418  5.9359  5.7217  5.6332  5.4668  5.2167  5.2087  5.0738
  86  0.583132  3.7630  4.6028 -0.3936  8.3427  7.3654  6.5274  6.0991  6.4588  6.2760  5.8767  5.6650  5.5773  5.4127  5.1657  5.1579  5.0253
  87  0.587282  3.7656  4.5932 -0.3708  8.2088  7.2546  6.4378  6.0186  6.3902  6.2105  5.8176  5.6083  5.5217  5.3589  5.1145  5.1071  4.9767
  88  0.591372  3.7681  4.5835 -0.3482  8.0785  7.1465  6.3499  5.9397  6.3222  6.1457  5.7589  5.5520  5.4663  5.3051  5.0637  5.0563  4.9281
  89  0.595380  3.7704  4.5734 -0.3257  7.9518  7.0411  6.2639  5.8626  6.2551  6.0816  5.7007  5.4962  5.4112  5.2518  5.0131  5.0060  4.8799
  90  0.599299  3.7728  4.5634 -0.3033  7.8285  6.9381  6.1798  5.7872  6.1889  6.0181  5.6431  5.4408  5.3567  5.1991  4.9629  4.9560  4.8320
  91  0.603134  3.7751  4.5533 -0.2812  7.7082  6.8374  6.0977  5.7133  6.1234  5.9553  5.5859  5.3859  5.3027  5.1467  4.9132  4.9065  4.7845
  92  0.606871  3.7774  4.5430 -0.2591  7.5920  6.7397  6.0180  5.6412  6.0588  5.8933  5.5292  5.3316  5.2492  5.0948  4.8639  4.8573  4.7373
  93  0.610515  3.7795  4.5326 -0.2373  7.4793  6.6446  5.9404  5.5709  5.9950  5.8320  5.4732  5.2777  5.1962  5.0433  4.8149  4.8086  4.6904
  94  0.614059  3.7817  4.5222 -0.2157  7.3693  6.5516  5.8652  5.5019  5.9321  5.7714  5.4175  5.2243  5.1436  4.9924  4.7664  4.7603  4.6439
  95  0.617506  3.7839  4.5116 -0.1942  7.2631  6.4615  5.7931  5.4345  5.8698  5.7115  5.3622  5.1715  5.0917  4.9419  4.7184  4.7124  4.5979
  96  0.620852  3.7859  4.5009 -0.1731  7.1602  6.3737  5.7224  5.3686  5.8085  5.6523  5.3076  5.1192  5.0402  4.8919  4.6707  4.6649  4.5522
  97  0.624101  3.7879  4.4901 -0.1520  7.0607  6.2887  5.6533  5.3047  5.7481  5.5939  5.2535  5.0674  4.9891  4.8422  4.6233  4.6176  4.5066
  98  0.627254  3.7898  4.4793 -0.1312  6.9642  6.2060  5.5849  5.2427  5.6887  5.5364  5.2002  5.0159  4.9384  4.7927  4.5760  4.5705  4.4611
  99  0.630314  3.7917  4.4682 -0.1105  6.8711  6.1260  5.5172  5.1827  5.6303  5.4798  5.1476  4.9648  4.8879  4.7436  4.5288  4.5234  4.4155
 100  0.633285  3.7935  4.4570 -0.0900  6.7794  6.0470  5.4500  5.1234  5.5725  5.4236  5.0956  4.9143  4.8380  4.6951  4.4822  4.4771  4.3705
 101  0.636171  3.7953  4.4456 -0.0696  6.6895  5.9693  5.3836  5.0650  5.5151  5.3680  5.0441  4.8644  4.7885  4.6470  4.4362  4.4310  4.3260
 102  0.638975  3.7970  4.4340 -0.0494  6.6013  5.8932  5.3185  5.0071  5.4580  5.3127  4.9929  4.8147  4.7396  4.5993  4.3904  4.3855  4.2817
 103  0.641702  3.7986  4.4223 -0.0293  6.5148  5.8182  5.2548  4.9494  5.4011  5.2575  4.9418  4.7654  4.6910  4.5521  4.3452  4.3404  4.2380
 104  0.644357  3.8002  4.4104 -0.0094  6.4310  5.7453  5.1928  4.8928  5.3448  5.2028  4.8910  4.7163  4.6425  4.5049  4.3000  4.2952  4.1941
 105  0.646942  3.8016  4.3982  0.0105  6.3494  5.6742  5.1322  4.8372  5.2890  5.1486  4.8404  4.6673  4.5942  4.4577  4.2547  4.2500  4.1502
 106  0.649463  3.8030  4.3858  0.0303  6.2701  5.6047  5.0728  4.7826  5.2338  5.0948  4.7899  4.6185  4.5460  4.4107  4.2094  4.2049  4.1062
 107  0.651923  3.8045  4.3733  0.0500  6.1933  5.5370  5.0148  4.7291  5.1791  5.0415  4.7398  4.5698  4.4979  4.3637  4.1641  4.1596  4.0621
 108  0.654326  3.8057  4.3605  0.0696  6.1187  5.4711  4.9580  4.6768  5.1251  4.9887  4.6899  4.5214  4.4499  4.3167  4.1186  4.1143  4.0178
 109  0.656678  3.8070  4.3476  0.0891  6.0460  5.4065  4.9022  4.6253  5.0715  4.9363  4.6403  4.4730  4.4021  4.2698  4.0732  4.0689  3.9735
 110  0.658984  3.8082  4.3345  0.1085  5.9750  5.3434  4.8473  4.5746  5.0184  4.8844  4.5909  4.4248  4.3544  4.2230  4.0278  4.0236  3.9291
 111  0.661246  3.8093  4.3212  0.1278  5.9061  5.2817  4.7935  4.5247  4.9657  4.8328  4.5417  4.3769  4.3069  4.1763  3.9825  3.9784  3.8847
 112  0.661996  3.8097  4.3167  0.1343  5.8829  5.2610  4.7754  4.5079  4.9481  4.8154  4.5252  4.3607  4.2909  4.1606  3.9672  3.9631  3.8698
 113  0.662743  3.8101  4.3122  0.1409  5.8593  5.2398  4.7569  4.4909  4.9300  4.7977  4.5084  4.3443  4.2746  4.1447  3.9518  3.9477  3.8546
 114  0.663487  3.8105  4.3077  0.1475  5.8352  5.2184  4.7383  4.4737  4.9118  4.7799  4.4915  4.3278  4.2582  4.1286  3.9362  3.9321  3.8393
 115  0.664228  3.8109  4.3032  0.1544  5.8102  5.1962  4.7192  4.4562  4.8931  4.7616  4.4742  4.3109  4.2415  4.1122  3.9204  3.9163  3.8239
 116  0.664967  3.8114  4.2988  0.1612  5.7848  5.1738  4.6999  4.4384  4.8742  4.7432  4.4568  4.2940  4.2248  4.0959  3.9046  3.9005  3.8085
 117  0.665703  3.8119  4.2942  0.1680  5.7591  5.1511  4.6804  4.4205  4.8551  4.7246  4.4391  4.2769  4.2079  4.0793  3.8886  3.8846  3.7929
 118  0.666437  3.8124  4.2895  0.1751  5.7336  5.1285  4.6608  4.4025  4.8359  4.7058  4.4213  4.2596  4.1907  4.0625  3.8723  3.8684  3.7771
 119  0.667167  3.8128  4.2847  0.1821  5.7083  5.1060  4.6412  4.3844  4.8164  4.6868  4.4032  4.2420  4.1733  4.0455  3.8558  3.8519  3.7609
 120  0.667893  3.8132  4.2797  0.1893  5.6834  5.0838  4.6217  4.3663  4.7970  4.6676  4.3851  4.2242  4.1558  4.0282  3.8390  3.8351  3.7444
 121  0.668614  3.8135  4.2743  0.1965  5.6590  5.0617  4.6021  4.3480  4.7772  4.6483  4.3666  4.2061  4.1379  4.0106  3.8219  3.8180  3.7275
 122  0.669330  3.8139  4.2688  0.2039  5.6348  5.0398  4.5826  4.3296  4.7575  4.6289  4.3480  4.1879  4.1197  3.9927  3.8044  3.8005  3.7104
 123  0.670042  3.8142  4.2630  0.2113  5.6111  5.0182  4.5630  4.3111  4.7377  4.6093  4.3291  4.1692  4.1012  3.9745  3.7866  3.7828  3.6928
 124  0.670748  3.8145  4.2570  0.2188  5.5875  4.9965  4.5433  4.2926  4.7175  4.5895  4.3100  4.1504  4.0826  3.9561  3.7685  3.7647  3.6748
 125  0.671448  3.8148  4.2509  0.2265  5.5640  4.9748  4.5235  4.2738  4.6973  4.5695  4.2906  4.1315  4.0637  3.9374  3.7501  3.7463  3.6567
 126  0.672144  3.8150  4.2445  0.2342  5.5405  4.9531  4.5036  4.2548  4.6768  4.5494  4.2711  4.1122  4.0445  3.9185  3.7316  3.7277  3.6383
 127  0.672836  3.8152  4.2381  0.2419  5.5172  4.9315  4.4837  4.2359  4.6563  4.5291  4.2514  4.0928  4.0252  3.8994  3.7128  3.7090  3.6196
 128  0.673523  3.8154  4.2316  0.2498  5.4939  4.9098  4.4638  4.2169  4.6357  4.5088  4.2315  4.0733  4.0057  3.8801  3.6938  3.6900  3.6009
 129  0.674206  3.8156  4.2249  0.2577  5.4709  4.8883  4.4438  4.1977  4.6149  4.4882  4.2116  4.0535  3.9861  3.8606  3.6746  3.6708  3.5817
 130  0.674884  3.8157  4.2181  0.2656  5.4480  4.8668  4.4238  4.1785  4.5941  4.4676  4.1914  4.0335  3.9663  3.8409  3.6551  3.6513  3.5625
 131  0.675555  3.8159  4.2110  0.2737  5.4254  4.8455  4.4036  4.1591  4.5731  4.4468  4.1711  4.0134  3.9462  3.8210  3.6355  3.6317  3.5429
 132  0.676220  3.8160  4.2038  0.2817  5.4033  4.8245  4.3837  4.1397  4.5521  4.4259  4.1505  3.9930  3.9259  3.8008  3.6154  3.6116  3.5229
 133  0.676878  3.8161  4.1962  0.2900  5.3817  4.8038  4.3637  4.1202  4.5309  4.4049  4.1298  3.9724  3.9054  3.7804  3.5951  3.5913  3.5026
 134  0.677528  3.8161  4.1885  0.2983  5.3605  4.7832  4.3437  4.1006  4.5097  4.3837  4.1089  3.9516  3.8845  3.7596  3.5745  3.5707  3.4819
 135  0.678171  3.8161  4.1804  0.3067  5.3397  4.7628  4.3238  4.0809  4.4884  4.3625  4.0878  3.9306  3.8635  3.7386  3.5536  3.5497  3.4609
 136  0.678806  3.8161  4.1722  0.3151  5.3193  4.7427  4.3038  4.0612  4.4670  4.3411  4.0665  3.9093  3.8423  3.7174  3.5323  3.5285  3.4396
 137  0.679433  3.8160  4.1638  0.3236  5.2992  4.7227  4.2839  4.0413  4.4455  4.3197  4.0451  3.8878  3.8208  3.6959  3.5107  3.5070  3.4179
 138  0.680051  3.8158  4.1550  0.3323  5.2797  4.7030  4.2640  4.0213  4.4241  4.2981  4.0234  3.8661  3.7991  3.6741  3.4889  3.4850  3.3960
 139  0.680660  3.8156  4.1461  0.3410  5.2608  4.6837  4.2441  4.0013  4.4024  4.2764  4.0016  3.8442  3.7771  3.6520  3.4667  3.4628  3.3735
 140  0.681259  3.8154  4.1368  0.3497  5.2426  4.6647  4.2243  3.9812  4.3808  4.2546  3.9795  3.8220  3.7549  3.6297  3.4442  3.4403  3.3509
 141  0.681849  3.8151  4.1272  0.3586  5.2248  4.6461  4.2047  3.9611  4.3591  4.2329  3.9574  3.7997  3.7325  3.6072  3.4214  3.4174  3.3277
 142  0.682428  3.8148  4.1173  0.3675  5.2079  4.6279  4.1851  3.9409  4.3374  4.2110  3.9350  3.7771  3.7097  3.5842  3.3981  3.3943  3.3042
 143  0.682995  3.8145  4.1071  0.3766  5.1919  4.6102  4.1656  3.9207  4.3158  4.1891  3.9126  3.7543  3.6868  3.5611  3.3746  3.3706  3.2802
 144  0.683551  3.8140  4.0966  0.3857  5.1766  4.5931  4.1464  3.9005  4.2941  4.1671  3.8899  3.7312  3.6636  3.5376  3.3506  3.3467  3.2559
 145  0.684095  3.8135  4.0857  0.3948  5.1625  4.5766  4.1274  3.8802  4.2725  4.1452  3.8671  3.7079  3.6402  3.5138  3.3263  3.3223  3.2312
 146  0.684626  3.8129  4.0743  0.4040  5.1496  4.5608  4.1086  3.8601  4.2510  4.1232  3.8442  3.6845  3.6165  3.4897  3.3016  3.2976  3.2059
 147  0.685145  3.8122  4.0627  0.4133  5.1379  4.5458  4.0901  3.8400  4.2297  4.1013  3.8211  3.6608  3.5926  3.4654  3.2765  3.2724  3.1802
 148  0.685651  3.8115  4.0506  0.4228  5.1280  4.5318  4.0721  3.8199  4.2084  4.0795  3.7979  3.6370  3.5684  3.4406  3.2509  3.2468  3.1540
 149  0.686143  3.8106  4.0381  0.4322  5.1198  4.5190  4.0546  3.8000  4.1874  4.0578  3.7745  3.6128  3.5440  3.4156  3.2250  3.2207  3.1272
 150  0.686622  3.8097  4.0251  0.4417  5.1127  4.5067  4.0374  3.7803  4.1665  4.0361  3.7512  3.5885  3.5194  3.3902  3.1986  3.1944  3.1001
 151  0.687087  3.8087  4.0116  0.4512  5.1077  4.4958  4.0208  3.7608  4.1459  4.0147  3.7277  3.5641  3.4945  3.3647  3.1719  3.1676  3.0724
 152  0.687537  3.8074  3.9976  0.4608  5.1050  4.4865  4.0049  3.7418  4.1258  3.9935  3.7043  3.5395  3.4695  3.3388  3.1447  3.1402  3.0441
 153  0.687973  3.8061  3.9829  0.4704  5.1044  4.4785  3.9898  3.7231  4.1059  3.9726  3.6809  3.5148  3.4443  3.3126  3.1171  3.1126  3.0154
 154  0.688395  3.8046  3.9676  0.4801  5.1053  4.4717  3.9754  3.7050  4.0864  3.9520  3.6576  3.4901  3.4192  3.2865  3.0894  3.0847  2.9864
 155  0.688802  3.8030  3.9518  0.4898  5.1085  4.4666  3.9617  3.6873  4.0674  3.9317  3.6344  3.4656  3.3940  3.2603  3.0613  3.0566  2.9569
 156  0.689195  3.8013  3.9354  0.4995  5.1141  4.4632  3.9490  3.6703  4.0487  3.9117  3.6113  3.4409  3.3688  3.2338  3.0331  3.0282  2.9270
 157  0.689574  3.7994  3.9183  0.5093  5.1230  4.4623  3.9376  3.6540  4.0306  3.8922  3.5884  3.4163  3.3436  3.2073  3.0045  2.9995  2.8967
 158  0.689937  3.7971  3.8996  0.5189  5.1415  4.4680  3.9297  3.6400  4.0144  3.8741  3.5660  3.3919  3.3184  3.1805  2.9751  2.9699  2.8652
 159  0.690284  3.7942  3.8788  0.5284  5.1734  4.4830  3.9268  3.6293  4.0009  3.8581  3.5446  3.3678  3.2933  3.1534  2.9449  2.9395  2.8323
 160  0.690615  3.7910  3.8566  0.5378  5.2159  4.5053  3.9281  3.6215  3.9895  3.8439  3.5238  3.3440  3.2684  3.1263  2.9141  2.9084  2.7985
 161  0.690934  3.7874  3.8332  0.5471  5.2679  4.5341  3.9339  3.6167  3.9801  3.8310  3.5036  3.3204  3.2435  3.0989  2.8827  2.8767  2.7639
 162  0.691225  3.7836  3.8095  0.5558  5.3308  4.5706  3.9451  3.6162  3.9736  3.8208  3.4851  3.2982  3.2200  3.0726  2.8521  2.8460  2.7300
 163  0.691517  3.7803  3.7876  0.5648  5.3830  4.5997  3.9518  3.6130  3.9645  3.8083  3.4655  3.2756  3.1963  3.0466  2.8225  2.8160  2.6972
 164  0.691808  3.7776  3.7675  0.5741  5.4248  4.6214  3.9539  3.6069  3.9527  3.7937  3.4449  3.2523  3.1720  3.0203  2.7930  2.7864  2.6652
 165  0.692096  3.7751  3.7483  0.5837  5.4599  4.6384  3.9534  3.5988  3.9394  3.7777  3.4234  3.2284  3.1471  2.9937  2.7636  2.7566  2.6333
 166  0.692382  3.7726  3.7287  0.5934  5.4972  4.6567  3.9536  3.5913  3.9259  3.7615  3.4016  3.2039  3.1218  2.9665  2.7334  2.7264  2.6008
 167  0.692662  3.7696  3.7071  0.6034  5.5430  4.6809  3.9573  3.5863  3.9137  3.7461  3.3798  3.1794  3.0962  2.9387  2.7023  2.6949  2.5667
 168  0.692937  3.7666  3.6846  0.6137  5.5947  4.7089  3.9636  3.5834  3.9020  3.7311  3.3576  3.1540  3.0697  2.9100  2.6698  2.6622  2.5312
 169  0.693204  3.7636  3.6622  0.6245  5.6464  4.7363  3.9694  3.5802  3.8894  3.7149  3.3343  3.1275  3.0421  2.8800  2.6363  2.6285  2.4947
 170  0.693465  3.7610  3.6406  0.6358  5.6898  4.7578  3.9712  3.5738  3.8736  3.6960  3.3090  3.0996  3.0133  2.8493  2.6025  2.5943  2.4581
 171  0.693716  3.7588  3.6198  0.6478  5.7234  4.7720  3.9680  3.5637  3.8547  3.6743  3.2820  3.0702  2.9832  2.8176  2.5681  2.5598  2.4215
 172  0.693956  3.7568  3.5996  0.6604  5.7489  4.7801  3.9607  3.5503  3.8329  3.6501  3.2531  3.0396  2.9519  2.7848  2.5332  2.5246  2.3845
 173  0.694186  3.7550  3.5793  0.6734  5.7695  4.7845  3.9508  3.5347  3.8093  3.6241  3.2229  3.0077  2.9193  2.7510  2.4972  2.4886  2.3468
 174  0.694404  3.7533  3.5592  0.6869  5.7859  4.7854  3.9386  3.5174  3.7840  3.5967  3.1916  2.9747  2.8858  2.7164  2.4606  2.4518  2.3084
 175  0.694614  3.7518  3.5393  0.7008  5.7971  4.7826  3.9237  3.4979  3.7571  3.5679  3.1592  2.9408  2.8514  2.6809  2.4234  2.4144  2.2695
 176  0.694814  3.7503  3.5197  0.7149  5.8027  4.7757  3.9063  3.4764  3.7287  3.5377  3.1258  2.9062  2.8164  2.6449  2.3858  2.3767  2.2306
 177  0.695008  3.7491  3.5005  0.7293  5.8045  4.7658  3.8869  3.4534  3.6991  3.5065  3.0917  2.8709  2.7807  2.6084  2.3478  2.3386  2.1913
 178  0.695195  3.7480  3.4813  0.7438  5.8036  4.7540  3.8661  3.4293  3.6686  3.4745  3.0571  2.8351  2.7446  2.5715  2.3096  2.3002  2.1518
 179  0.695378  3.7469  3.4625  0.7585  5.7996  4.7398  3.8437  3.4038  3.6373  3.4419  3.0218  2.7990  2.7080  2.5342  2.2712  2.2617  2.1123
 180  0.695556  3.7459  3.4438  0.7733  5.7934  4.7241  3.8204  3.3776  3.6054  3.4087  2.9864  2.7625  2.6713  2.4968  2.2326  2.2230  2.0726
 181  0.695730  3.7450  3.4253  0.7883  5.7853  4.7067  3.7959  3.3506  3.5730  3.3751  2.9505  2.7258  2.6343  2.4591  2.1938  2.1842  2.0329
 182  0.695891  3.7442  3.4083  0.8023  5.7759  4.6893  3.7722  3.3246  3.5423  3.3433  2.9169  2.6914  2.5995  2.4239  2.1576  2.1479  1.9957
 183  0.696050  3.7434  3.3912  0.8165  5.7648  4.6705  3.7475  3.2979  3.5109  3.3109  2.8826  2.6564  2.5643  2.3881  2.1210  2.1112  1.9584
 184  0.696209  3.7427  3.3742  0.8308  5.7518  4.6504  3.7218  3.2702  3.4787  3.2777  2.8478  2.6209  2.5286  2.3518  2.0838  2.0740  1.9204
 185  0.696368  3.7420  3.3570  0.8453  5.7386  4.6299  3.6959  3.2423  3.4463  3.2443  2.8127  2.5850  2.4925  2.3152  2.0464  2.0365  1.8823
 186  0.696525  3.7414  3.3398  0.8601  5.7240  4.6082  3.6689  3.2134  3.4132  3.2103  2.7769  2.5487  2.4559  2.2781  2.0085  1.9985  1.8436
 187  0.696682  3.7408  3.3226  0.8751  5.7074  4.5850  3.6409  3.1837  3.3792  3.1755  2.7406  2.5117  2.4187  2.2405  1.9701  1.9601  1.8046
 188  0.696839  3.7402  3.3051  0.8902  5.6909  4.5618  3.6126  3.1537  3.3449  3.1403  2.7040  2.4744  2.3812  2.2025  1.9315  1.9214  1.7652
 189  0.696995  3.7396  3.2876  0.9055  5.6731  4.5374  3.5834  3.1229  3.3099  3.1045  2.6667  2.4364  2.3431  2.1639  1.8921  1.8820  1.7252
 190  0.697149  3.7390  3.2698  0.9211  5.6542  4.5121  3.5534  3.0913  3.2742  3.0680  2.6288  2.3980  2.3044  2.1248  1.8524  1.8421  1.6848
 191  0.697303  3.7385  3.2519  0.9369  5.6355  4.4867  3.5231  3.0593  3.2379  3.0310  2.5903  2.3589  2.2651  2.0852  1.8120  1.8017  1.6437
 192  0.697456  3.7380  3.2338  0.9529  5.6156  4.4603  3.4920  3.0267  3.2011  2.9933  2.5513  2.3193  2.2254  2.0450  1.7711  1.7607  1.6022
 193  0.697608  3.7374  3.2155  0.9692  5.5944  4.4329  3.4601  2.9932  3.1635  2.9551  2.5117  2.2792  2.1850  2.0043  1.7297  1.7193  1.5603
 194  0.697758  3.7369  3.1967  0.9858  5.5729  4.4048  3.4273  2.9589  3.1249  2.9157  2.4710  2.2380  2.1437  1.9625  1.6873  1.6768  1.5172
 195  0.697905  3.7363  3.1774  1.0031  5.5508  4.3758  3.3933  2.9234  3.0850  2.8750  2.4289  2.1954  2.1009  1.9193  1.6434  1.6328  1.4726
 196  0.698049  3.7358  3.1576  1.0208  5.5268  4.3451  3.3579  2.8864  3.0438  2.8330  2.3857  2.1515  2.0569  1.8749  1.5984  1.5878  1.4270
 197  0.698192  3.7352  3.1372  1.0391  5.5024  4.3137  3.3216  2.8485  3.0013  2.7897  2.3411  2.1063  2.0116  1.8292  1.5519  1.5413  1.3799
 198  0.698330  3.7347  3.1161  1.0579  5.4786  4.2823  3.2846  2.8098  2.9577  2.7453  2.2952  2.0599  1.9650  1.7822  1.5041  1.4934  1.3315
 199  0.698467  3.7341  3.0948  1.0771  5.4528  4.2491  3.2461  2.7697  2.9131  2.6998  2.2484  2.0126  1.9174  1.7342  1.4555  1.4447  1.2821
 200  0.698600  3.7335  3.0727  1.0969  5.4272  4.2153  3.2068  2.7287  2.8670  2.6530  2.2001  1.9637  1.8684  1.6847  1.4053  1.3945  1.2313
 201  0.698728  3.7328  3.0500  1.1172  5.4018  4.1813  3.1667  2.6867  2.8199  2.6049  2.1505  1.9135  1.8179  1.6339  1.3537  1.3428  1.1790
 202  0.698854  3.7323  3.0269  1.1380  5.3752  4.1461  3.1253  2.6435  2.7716  2.5557  2.0997  1.8622  1.7664  1.5819  1.3010  1.2901  1.1255
 203  0.698977  3.7316  3.0031  1.1592  5.3488  4.1106  3.0833  2.5996  2.7222  2.5055  2.0479  1.8098  1.7138  1.5288  1.2472  1.2361  1.0710
 204  0.699096  3.7309  2.9788  1.1808  5.3240  4.0757  3.0413  2.5554  2.6723  2.4545  1.9954  1.7564  1.6603  1.4748  1.1924  1.1812  1.0153
 205  0.699211  3.7302  2.9539  1.2028  5.3003  4.0411  2.9990  2.5110  2.6217  2.4028  1.9418  1.7022  1.6058  1.4199  1.1365  1.1253  0.9586
 206  0.699324  3.7294  2.9285  1.2253  5.2765  4.0060  2.9561  2.4657  2.5702  2.3501  1.8873  1.6470  1.5504  1.3640  1.0796  1.0684  0.9009
 207  0.699432  3.7287  2.9027  1.2480  5.2534  3.9710  2.9128  2.4200  2.5179  2.2968  1.8320  1.5909  1.4941  1.3071  1.0219  1.0105  0.8422
 208  0.699538  3.7279  2.8765  1.2711  5.2305  3.9359  2.8691  2.3737  2.4649  2.2426  1.7758  1.5340  1.4369  1.2494  0.9632  0.9518  0.7826
 209  0.699640  3.7270  2.8498  1.2946  5.2088  3.9010  2.8252  2.3272  2.4115  2.1878  1.7190  1.4763  1.3790  1.1909  0.9037  0.8921  0.7220
 210  0.699738  3.7262  2.8227  1.3184  5.1877  3.8663  2.7811  2.2804  2.3574  2.1325  1.6614  1.4180  1.3203  1.1315  0.8433  0.8317  0.6607
 211  0.699834  3.7254  2.7952  1.3425  5.1679  3.8321  2.7370  2.2333  2.3029  2.0765  1.6032  1.3587  1.2609  1.0715  0.7822  0.7704  0.5985
 212  0.699926  3.7244  2.7674  1.3669  5.1489  3.7981  2.6927  2.1860  2.2479  2.0201  1.5442  1.2990  1.2008  1.0107  0.7202  0.7084  0.5356
 213  0.700014  3.7235  2.7392  1.3914  5.1308  3.7643  2.6483  2.1385  2.1924  1.9631  1.4848  1.2385  1.1401  0.9493  0.6576  0.6457  0.4719
 214  0.700099  3.7226  2.7107  1.4164  5.1131  3.7306  2.6037  2.0906  2.1365  1.9056  1.4247  1.1774  1.0787  0.8872  0.5944  0.5824  0.4075
 215  0.700181  3.7217  2.6818  1.4415  5.0954  3.6967  2.5588  2.0425  2.0802  1.8477  1.3642  1.1159  1.0168  0.8246  0.5305  0.5184  0.3426
 216  0.700259  3.7207  2.6526  1.4668  5.0778  3.6629  2.5139  1.9942  2.0236  1.7895  1.3031  1.0538  0.9543  0.7615  0.4662  0.4539  0.2769
 217  0.700273  3.7205  2.6475  1.4713  5.0748  3.6570  2.5059  1.9856  2.0136  1.7791  1.2923  1.0428  0.9433  0.7503  0.4547  0.4425  0.2654
 218  0.700286  3.7203  2.6422  1.4758  5.0723  3.6513  2.4982  1.9772  2.0036  1.7689  1.2814  1.0317  0.9321  0.7390  0.4432  0.4310  0.2537
 219  0.700299  3.7202  2.6371  1.4804  5.0690  3.6452  2.4901  1.9686  1.9935  1.7585  1.2705  1.0206  0.9211  0.7278  0.4318  0.4195  0.2420
 220  0.700313  3.7200  2.6318  1.4849  5.0660  3.6393  2.4821  1.9600  1.9834  1.7481  1.2597  1.0096  0.9099  0.7165  0.4202  0.4080  0.2302
 221  0.700326  3.7199  2.6266  1.4895  5.0633  3.6334  2.4741  1.9514  1.9733  1.7377  1.2488  0.9984  0.8987  0.7051  0.4087  0.3964  0.2185
 222  0.700338  3.7197  2.6213  1.4941  5.0603  3.6274  2.4661  1.9427  1.9630  1.7271  1.2377  0.9872  0.8873  0.6937  0.3970  0.3846  0.2066
 223  0.700352  3.7195  2.6160  1.4986  5.0577  3.6215  2.4581  1.9341  1.9529  1.7166  1.2266  0.9759  0.8761  0.6822  0.3853  0.3730  0.1947
 224  0.700365  3.7193  2.6107  1.5033  5.0548  3.6156  2.4500  1.9254  1.9426  1.7061  1.2155  0.9646  0.8647  0.6708  0.3736  0.3612  0.1827
 225  0.700378  3.7191  2.6053  1.5079  5.0520  3.6096  2.4418  1.9166  1.9323  1.6954  1.2043  0.9533  0.8532  0.6591  0.3618  0.3493  0.1707
 226  0.700391  3.7189  2.5999  1.5126  5.0490  3.6035  2.4337  1.9078  1.9219  1.6847  1.1931  0.9418  0.8418  0.6476  0.3500  0.3375  0.1587
 227  0.700504  3.7173  2.5504  1.5555  5.0235  3.5485  2.3590  1.8273  1.8267  1.5866  1.0902  0.8370  0.7363  0.5408  0.2409  0.2284  0.0476
 228  0.700611  3.7155  2.4995  1.5994  5.0034  3.4961  2.2850  1.7469  1.7306  1.4872  0.9853  0.7301  0.6288  0.4318  0.1295  0.1167 -0.0660
 229  0.700709  3.7137  2.4482  1.6432  4.9904  3.4481  2.2138  1.6687  1.6357  1.3889  0.8810  0.6236  0.5216  0.3231  0.0182  0.0052 -0.1796
 230  0.700801  3.7116  2.3957  1.6878  4.9838  3.4033  2.1436  1.5913  1.5402  1.2896  0.7753  0.5155  0.4128  0.2126 -0.0951 -0.1084 -0.2955
 231  0.700880  3.7097  2.3456  1.7301  4.9817  3.3636  2.0786  1.5190  1.4500  1.1957  0.6751  0.4129  0.3095  0.1077 -0.2028 -0.2163 -0.4056
 232  0.700956  3.7076  2.2931  1.7744  4.9868  3.3269  2.0132  1.4459  1.3571  1.0986  0.5710  0.3062  0.2020 -0.0016 -0.3151 -0.3288 -0.5206
 233  0.701023  3.7055  2.2415  1.8176  4.9975  3.2965  1.9521  1.3767  1.2674  1.0045  0.4698  0.2024  0.0972 -0.1082 -0.4247 -0.4387 -0.6329
 234  0.701086  3.7033  2.1875  1.8628  5.0137  3.2706  1.8912  1.3071  1.1748  0.9073  0.3647  0.0943 -0.0117 -0.2192 -0.5390 -0.5533 -0.7501
 235  0.701143  3.7012  2.1372  1.9049  5.0308  3.2449  1.8341  1.2419  1.0885  0.8165  0.2666 -0.0065 -0.1134 -0.3227 -0.6457 -0.6602 -0.8595
 236  0.701194  3.6993  2.0903  1.9440  5.0501  3.2226  1.7822  1.1825  1.0088  0.7325  0.1757 -0.1001 -0.2078 -0.4188 -0.7448 -0.7596 -0.9612
 237  0.701242  3.6973  2.0439  1.9828  5.0708  3.2022  1.7319  1.1247  0.9305  0.6499  0.0859 -0.1925 -0.3010 -0.5138 -0.8428 -0.8577 -1.0617
 238  0.701286  3.6955  2.0014  2.0181  5.0937  3.1864  1.6878  1.0733  0.8595  0.5749  0.0042 -0.2766 -0.3859 -0.6002 -0.9320 -0.9472 -1.1533
 239  0.701328  3.6942  1.9678  2.0462  5.1109  3.1721  1.6518  1.0317  0.8026  0.5148 -0.0611 -0.3437 -0.4536 -0.6693 -1.0031 -1.0185 -1.2262
 240  0.701366  3.6938  1.9538  2.0589  5.1085  3.1534  1.6290  1.0070  0.7738  0.4852 -0.0921 -0.3752 -0.4853 -0.7012 -1.0355 -1.0509 -1.2591
 241  0.701407  3.6923  1.9176  2.0890  5.1292  3.1403  1.5917  0.9636  0.7134  0.4212 -0.1618 -0.4471 -0.5577 -0.7750 -1.1117 -1.1273 -1.3374
 242  0.701444  3.6899  1.8654  2.1316  5.1691  3.1365  1.5472  0.9098  0.6321  0.3342 -0.2581 -0.5468 -0.6585 -0.8781 -1.2186 -1.2345 -1.4476
 243  0.701478  3.6875  1.8140  2.1733  5.2078  3.1368  1.5056  0.8590  0.5535  0.2497 -0.3520 -0.6443 -0.7571 -0.9790 -1.3235 -1.3397 -1.5560
 244  0.701509  3.6852  1.7661  2.2122  5.2406  3.1391  1.4681  0.8131  0.4808  0.1714 -0.4391 -0.7347 -0.8486 -1.0727 -1.4209 -1.4374 -1.6566
 245  0.701538  3.6831  1.7217  2.2483  5.2677  3.1438  1.4349  0.7720  0.4143  0.0996 -0.5194 -0.8182 -0.9330 -1.1592 -1.5110 -1.5278 -1.7498
 246  0.701565  3.6813  1.6828  2.2797  5.2861  3.1495  1.4074  0.7378  0.3573  0.0378 -0.5889 -0.8905 -1.0062 -1.2343 -1.5893 -1.6063 -1.8308
 247  0.701590  3.6793  1.6401  2.3144  5.3057  3.1580  1.3777  0.7006  0.2946 -0.0303 -0.6656 -0.9705 -1.0871 -1.3173 -1.6759 -1.6932 -1.9204
 248  0.701614  3.6769  1.5904  2.3547  5.3310  3.1718  1.3454  0.6593  0.2228 -0.1087 -0.7545 -1.0634 -1.1813 -1.4141 -1.7768 -1.7943 -2.0248
 249  0.701634  3.6746  1.5420  2.3938  5.3537  3.1885  1.3164  0.6214  0.1544 -0.1838 -0.8402 -1.1530 -1.2721 -1.5074 -1.8743 -1.8922 -2.1258
 250  0.701654  3.6722  1.4940  2.4322  5.3774  3.2116  1.2918  0.5879  0.0888 -0.2563 -0.9237 -1.2407 -1.3610 -1.5990 -1.9702 -1.9885 -2.2252
 251  0.701672  3.6698  1.4465  2.4703  5.3997  3.2374  1.2692  0.5565  0.0248 -0.3274 -1.0059 -1.3271 -1.4486 -1.6893 -2.0648 -2.0833 -2.3234
 252  0.701688  3.6675  1.4001  2.5073  5.4208  3.2666  1.2496  0.5285 -0.0363 -0.3957 -1.0854 -1.4107 -1.5335 -1.7769 -2.1567 -2.1755 -2.4189
 253  0.701702  3.6652  1.3553  2.5430  5.4416  3.2996  1.2341  0.5049 -0.0933 -0.4600 -1.1609 -1.4904 -1.6145 -1.8605 -2.2446 -2.2638 -2.5104
 254  0.701716  3.6629  1.3113  2.5778  5.4615  3.3353  1.2210  0.4842 -0.1479 -0.5219 -1.2339 -1.5677 -1.6931 -1.9418 -2.3303 -2.3499 -2.5998
 255  0.701729  3.6606  1.2678  2.6123  5.4801  3.3731  1.2100  0.4659 -0.2009 -0.5823 -1.3056 -1.6438 -1.7704 -2.0219 -2.4148 -2.4347 -2.6880
 256  0.701742  3.6584  1.2252  2.6458  5.4973  3.4119  1.2010  0.4500 -0.2517 -0.6405 -1.3750 -1.7175 -1.8453 -2.0997 -2.4971 -2.5173 -2.7739
 257  0.701752  3.6562  1.1834  2.6787  5.5144  3.4529  1.1944  0.4371 -0.2999 -0.6963 -1.4420 -1.7890 -1.9180 -2.1751 -2.5771 -2.5977 -2.8577
 258  0.701762  3.6539  1.1423  2.7110  5.5302  3.4948  1.1897  0.4263 -0.3463 -0.7502 -1.5073 -1.8587 -1.9889 -2.2489 -2.6553 -2.6763 -2.9398
 259  0.701771  3.6517  1.1020  2.7426  5.5454  3.5377  1.1867  0.4178 -0.3906 -0.8022 -1.5706 -1.9265 -2.0581 -2.3209 -2.7318 -2.7531 -3.0201
 260  0.701781  3.6496  1.0625  2.7736  5.5595  3.5813  1.1853  0.4110 -0.4326 -0.8521 -1.6321 -1.9926 -2.1253 -2.3911 -2.8064 -2.8280 -3.0984
 261  0.701788  3.6474  1.0233  2.8039  5.5742  3.6282  1.1876  0.4082 -0.4716 -0.8993 -1.6914 -2.0567 -2.1909 -2.4596 -2.8795 -2.9015 -3.1753
 262  0.701796  3.6453  0.9846  2.8339  5.5868  3.6753  1.1912  0.4072 -0.5086 -0.9448 -1.7492 -2.1194 -2.2548 -2.5266 -2.9511 -2.9735 -3.2509
 263  0.701803  3.6431  0.9469  2.8630  5.5974  3.7221  1.1960  0.4078 -0.5436 -0.9881 -1.8049 -2.1800 -2.3168 -2.5917 -3.0208 -3.0436 -3.3244
 264  0.701810  3.6409  0.9096  2.8917  5.6064  3.7694  1.2022  0.4102 -0.5766 -1.0297 -1.8592 -2.2393 -2.3775 -2.6555 -3.0892 -3.1123 -3.3967
 265  0.701817  3.6388  0.8731  2.9198  5.6135  3.8169  1.2096  0.4142 -0.6076 -1.0693 -1.9116 -2.2968 -2.4364 -2.7175 -3.1558 -3.1793 -3.4672
 266  0.701822  3.6367  0.8372  2.9472  5.6194  3.8649  1.2183  0.4198 -0.6365 -1.1070 -1.9623 -2.3527 -2.4936 -2.7779 -3.2208 -3.2448 -3.5361
 267  0.701827  3.6346  0.8019  2.9742  5.6230  3.9131  1.2282  0.4269 -0.6636 -1.1429 -2.0113 -2.4070 -2.5493 -2.8368 -3.2843 -3.3086 -3.6035
 268  0.701833  3.6326  0.7671  3.0007  5.6234  3.9601  1.2380  0.4344 -0.6896 -1.1778 -2.0596 -2.4606 -2.6042 -2.8949 -3.3470 -3.3716 -3.6700
 269  0.701838  3.6306  0.7333  3.0266  5.6213  4.0055  1.2480  0.4426 -0.7142 -1.2111 -2.1059 -2.5121 -2.6572 -2.9511 -3.4075 -3.4325 -3.7343
 270  0.701842  3.6286  0.6998  3.0522  5.6171  4.0507  1.2584  0.4514 -0.7375 -1.2434 -2.1514 -2.5631 -2.7095 -3.0065 -3.4673 -3.4927 -3.7980
 271  0.701847  3.6267  0.6671  3.0772  5.6100  4.0936  1.2681  0.4599 -0.7597 -1.2744 -2.1955 -2.6124 -2.7603 -3.0604 -3.5255 -3.5512 -3.8599
 272  0.701851  3.6248  0.6351  3.1017  5.6013  4.1363  1.2782  0.4690 -0.7804 -1.3039 -2.2381 -2.6605 -2.8096 -3.1130 -3.5823 -3.6085 -3.9204
 273  0.701855  3.6229  0.6037  3.1257  5.5902  4.1769  1.2872  0.4773 -0.8006 -1.3329 -2.2801 -2.7078 -2.8583 -3.1649 -3.6380 -3.6647 -3.9798
 274  0.701859  3.6212  0.5733  3.1492  5.5770  4.2151  1.2951  0.4847 -0.8199 -1.3606 -2.3207 -2.7537 -2.9054 -3.2151 -3.6922 -3.7191 -4.0375
 275  0.701862  3.6194  0.5430  3.1723  5.5637  4.2558  1.3047  0.4940 -0.8363 -1.3860 -2.3595 -2.7980 -2.9511 -3.2640 -3.7452 -3.7725 -4.0943
 276  0.701865  3.6177  0.5136  3.1948  5.5492  4.2963  1.3141  0.5032 -0.8509 -1.4095 -2.3967 -2.8408 -2.9953 -3.3115 -3.7967 -3.8245 -4.1495
 277  0.701868  3.6160  0.4850  3.2166  5.5336  4.3352  1.3229  0.5120 -0.8643 -1.4317 -2.4326 -2.8821 -3.0380 -3.3573 -3.8466 -3.8747 -4.2030
 278  0.701871  3.6144  0.4575  3.2378  5.5165  4.3711  1.3300  0.5192 -0.8777 -1.4535 -2.4674 -2.9223 -3.0795 -3.4019 -3.8950 -3.9234 -4.2548
 279  0.701869  3.6130  0.4317  3.2578  5.4992  4.4038  1.3360  0.5254 -0.8897 -1.4735 -2.4998 -2.9598 -3.1182 -3.4433 -3.9401 -3.9690 -4.3033
