#NUMBER OF AGES= 1
#----------------------------------------------------       
#MIX-LEN  Y      Z          Zeff        [Fe/H] [a/Fe]
# 1.9380  0.3300 6.6318E-04 3.3757E-04  -1.65   0.40 
#----------------------------------------------------       
#**PHOTOMETRIC SYSTEM**: HST WFPC2 (Vega)                   
#----------------------------------------------------       
#AGE=12.400 EEPS=265
#EEP   M/Mo    LogTeff  LogG   LogL/Lo F218W   F255W   F300W   F336W   F439W   F450W   F555W   F606W   F622W   F675W   F791W   F814W   F850LP
  15  0.118433  3.5460  5.2504 -2.6012 20.3953 19.8468 16.4379 15.5855 14.4407 13.8752 12.5323 11.9923 11.8013 11.4206 10.6373 10.5995 10.1983
  16  0.130124  3.5539  5.2136 -2.4920 20.0390 19.2642 16.0027 15.1445 14.0044 13.4745 12.1788 11.6425 11.4521 11.0796 10.3594 10.3232  9.9354
  17  0.141111  3.5600  5.1825 -2.4012 19.7334 18.7909 15.6484 14.7889 13.6581 13.1527 11.8939 11.3617 11.1721 10.8052 10.1286 10.0936  9.7153
  18  0.151777  3.5648  5.1560 -2.3238 19.4671 18.4018 15.3569 14.4986 13.3781 12.8893 11.6587 11.1306 10.9421 10.5793  9.9324  9.8983  9.5272
  19  0.163207  3.5690  5.1314 -2.2506 19.2138 18.0444 15.0874 14.2312 13.1217 12.6462 11.4404 10.9167 10.7294 10.3702  9.7471  9.7137  9.3487
  20  0.175861  3.5730  5.1075 -2.1784 18.9600 17.6949 14.8243 13.9712 12.8740 12.4098 11.2278 10.7089 10.5229 10.1671  9.5644  9.5316  9.1723
  21  0.189576  3.5768  5.0850 -2.1081 18.7113 17.3573 14.5710 13.7220 12.6375 12.1831 11.0233 10.5095 10.3249  9.9726  9.3871  9.3549  9.0007
  22  0.204269  3.5804  5.0639 -2.0406 18.4630 17.0293 14.3275 13.4832 12.4126 11.9667 10.8279 10.3195 10.1365  9.7874  9.2168  9.1852  8.8357
  23  0.221419  3.5840  5.0426 -1.9700 18.1815 16.6749 14.0706 13.2329 12.1800 11.7422 10.6251 10.1226  9.9413  9.5958  9.0391  9.0080  8.6634
  24  0.237347  3.5869  5.0259 -1.9113 17.9272 16.3689 13.8528 13.0220 11.9864 11.5551 10.4562  9.9593  9.7794  9.4372  8.8909  8.8603  8.5196
  25  0.248970  3.5890  5.0154 -1.8721 17.7538 16.1646 13.7068 12.8808 11.8574 11.4304 10.3437  9.8505  9.6718  9.3318  8.7924  8.7621  8.4242
  26  0.256365  3.5901  5.0098 -1.8491 17.6521 16.0454 13.6209 12.7976 11.7816 11.3570 10.2775  9.7867  9.6085  9.2699  8.7344  8.7043  8.3680
  27  0.261768  3.5909  5.0065 -1.8335 17.5836 15.9657 13.5626 12.7411 11.7300 11.3071 10.2326  9.7433  9.5656  9.2280  8.6950  8.6651  8.3298
  28  0.265731  3.5915  5.0040 -1.8222 17.5352 15.9095 13.5202 12.6998 11.6925 11.2707 10.1998  9.7117  9.5343  9.1974  8.6662  8.6363  8.3019
  29  0.268610  3.5919  5.0020 -1.8136 17.4982 15.8665 13.4879 12.6685 11.6641 11.2431 10.1750  9.6879  9.5108  9.1743  8.6446  8.6148  8.2810
  30  0.270790  3.5923  5.0002 -1.8068 17.4684 15.8318 13.4621 12.6434 11.6413 11.2210 10.1553  9.6689  9.4920  9.1560  8.6275  8.5977  8.2644
  31  0.272680  3.5927  4.9991 -1.8011 17.4423 15.8012 13.4395 12.6215 11.6217 11.2021 10.1385  9.6530  9.4762  9.1407  8.6131  8.5834  8.2505
  32  0.274520  3.5931  4.9975 -1.7951 17.4147 15.7691 13.4156 12.5984 11.6010 11.1821 10.1208  9.6360  9.4594  9.1243  8.5977  8.5681  8.2357
  33  0.276711  3.5935  4.9957 -1.7882 17.3836 15.7333 13.3887 12.5724 11.5775 11.1594 10.1007  9.6168  9.4405  9.1058  8.5805  8.5509  8.2190
  34  0.279360  3.5939  4.9937 -1.7802 17.3487 15.6935 13.3581 12.5426 11.5508 11.1334 10.0775  9.5945  9.4185  9.0844  8.5602  8.5308  8.1994
  35  0.282561  3.5944  4.9910 -1.7707 17.3091 15.6490 13.3232 12.5086 11.5200 11.1035 10.0504  9.5685  9.3927  9.0592  8.5362  8.5069  8.1762
  36  0.286518  3.5949  4.9876 -1.7593 17.2636 15.5985 13.2827 12.4691 11.4839 11.0683 10.0185  9.5375  9.3621  9.0292  8.5076  8.4782  8.1482
  37  0.291852  3.5955  4.9829 -1.7441 17.2044 15.5336 13.2298 12.4175 11.4369 11.0223  9.9764  9.4968  9.3218  8.9895  8.4695  8.4402  8.1110
  38  0.298199  3.5963  4.9763 -1.7254 17.1243 15.4499 13.1619 12.3518 11.3787 10.9656  9.9250  9.4477  9.2732  8.9420  8.4223  8.3932  8.0645
  39  0.307889  3.5976  4.9651 -1.6949 16.9923 15.3130 13.0493 12.2426 11.2822 10.8720  9.8410  9.3673  9.1940  8.8644  8.3458  8.3169  7.9895
  40  0.337181  3.6040  4.9264 -1.5909 16.5534 14.8221 12.6495 11.8514 10.9316 10.5314  9.5372  9.0768  8.9070  8.5850  8.0832  8.0553  7.7361
  41  0.355512  3.6094  4.8993 -1.5195 16.2365 14.4723 12.3606 11.5684 10.6810 10.2883  9.3237  8.8743  8.7076  8.3919  7.9025  7.8754  7.5628
  42  0.366097  3.6129  4.8823 -1.4758 16.0421 14.2630 12.1830 11.3937 10.5264 10.1385  9.1924  8.7503  8.5855  8.2742  7.7917  7.7651  7.4569
  43  0.376604  3.6168  4.8653 -1.4310 15.8408 14.0478 11.9975 11.2109 10.3650  9.9823  9.0558  8.6218  8.4592  8.1526  7.6779  7.6518  7.3485
  44  0.387510  3.6213  4.8480 -1.3832 15.6247 13.8168 11.7953 11.0107 10.1890  9.8121  8.9077  8.4832  8.3231  8.0222  7.5565  7.5311  7.2336
  45  0.398355  3.6264  4.8319 -1.3346 15.4001 13.5761 11.5824 10.7994 10.0047  9.6342  8.7540  8.3402  8.1829  7.8886  7.4331  7.4086  7.1177
  46  0.407653  3.6314  4.8184 -1.2912 15.1942 13.3527 11.3848 10.6021  9.8339  9.4696  8.6133  8.2102  8.0557  7.7681  7.3231  7.2993  7.0151
  47  0.416220  3.6366  4.8067 -1.2496 14.9882 13.1272 11.1857 10.4027  9.6637  9.3061  8.4749  8.0832  7.9318  7.6514  7.2175  7.1946  6.9177
  48  0.424384  3.6421  4.7965 -1.2090 14.7781 12.8968 10.9811 10.1987  9.4931  9.1426  8.3373  7.9577  7.8094  7.5368  7.1147  7.0927  6.8236
  49  0.432281  3.6478  4.7873 -1.1692 14.5653 12.6619 10.7708  9.9910  9.3230  8.9799  8.2009  7.8337  7.6889  7.4244  7.0143  6.9932  6.7320
  50  0.440010  3.6535  4.7789 -1.1301 14.3501 12.4238 10.5545  9.7804  9.1550  8.8195  8.0666  7.7120  7.5707  7.3141  6.9162  6.8960  6.6429
  51  0.447749  3.6593  4.7709 -1.0912 14.1043 12.1577 10.3325  9.5647  8.9894  8.6612  7.9341  7.5913  7.4538  7.2048  6.8184  6.7990  6.5539
  52  0.452430  3.6629  4.7663 -1.0677 13.9331 11.9766 10.1946  9.4306  8.8900  8.5661  7.8546  7.5187  7.3837  7.1388  6.7589  6.7401  6.4996
  53  0.457052  3.6665  4.7620 -1.0444 13.7499 11.7878 10.0538  9.2949  8.7916  8.4721  7.7760  7.4468  7.3144  7.0734  6.7000  6.6816  6.4459
  54  0.461620  3.6704  4.7581 -1.0212 13.5571 11.5970  9.9090  9.1580  8.6937  8.3787  7.6979  7.3755  7.2455  7.0085  6.6415  6.6236  6.3927
  55  0.466141  3.6740  4.7543 -0.9983 13.3594 11.4081  9.7643  9.0229  8.5981  8.2877  7.6215  7.3054  7.1780  6.9447  6.5837  6.5664  6.3402
  56  0.470624  3.6778  4.7506 -0.9754 13.1529 11.2173  9.6178  8.8875  8.5032  8.1977  7.5459  7.2360  7.1110  6.8814  6.5264  6.5095  6.2881
  57  0.475063  3.6816  4.7470 -0.9528 12.9419 11.0289  9.4723  8.7541  8.4106  8.1098  7.4718  7.1678  7.0451  6.8191  6.4698  6.4535  6.2367
  58  0.479463  3.6852  4.7435 -0.9304 12.7268 10.8431  9.3284  8.6226  8.3197  8.0237  7.3990  7.1006  6.9802  6.7576  6.4140  6.3981  6.1858
  59  0.483819  3.6890  4.7400 -0.9081 12.5096 10.6620  9.1876  8.4941  8.2308  7.9398  7.3278  7.0347  6.9164  6.6970  6.3589  6.3434  6.1356
  60  0.488104  3.6924  4.7362 -0.8863 12.2991 10.4906  9.0530  8.3719  8.1459  7.8597  7.2594  6.9711  6.8549  6.6384  6.3053  6.2903  6.0865
  61  0.492312  3.6961  4.7327 -0.8649 12.0873 10.3216  8.9201  8.2513  8.0626  7.7814  7.1924  6.9087  6.7944  6.5807  6.2526  6.2380  6.0383
  62  0.496443  3.6994  4.7287 -0.8439 11.8864 10.1633  8.7941  8.1371  7.9831  7.7066  7.1281  6.8487  6.7360  6.5251  6.2015  6.1873  5.9915
  63  0.500462  3.7026  4.7248 -0.8233 11.6925 10.0115  8.6724  8.0271  7.9061  7.6344  7.0660  6.7905  6.6794  6.4712  6.1518  6.1380  5.9459
  64  0.504326  3.7057  4.7208 -0.8036 11.5134  9.8711  8.5583  7.9239  7.8332  7.5659  7.0070  6.7352  6.6255  6.4196  6.1042  6.0908  5.9021
  65  0.508037  3.7089  4.7171 -0.7846 11.3406  9.7361  8.4484  7.8244  7.7630  7.5002  6.9502  6.6819  6.5736  6.3700  6.0586  6.0455  5.8599
  66  0.511608  3.7117  4.7132 -0.7661 11.1769  9.6087  8.3442  7.7304  7.6960  7.4374  6.8960  6.6310  6.5239  6.3224  6.0147  6.0019  5.8195
  67  0.515049  3.7145  4.7095 -0.7482 11.0171  9.4848  8.2432  7.6393  7.6311  7.3768  6.8435  6.5816  6.4758  6.2764  5.9722  5.9598  5.7803
  68  0.518368  3.7172  4.7057 -0.7309 10.8629  9.3657  8.1464  7.5521  7.5689  7.3185  6.7932  6.5343  6.4295  6.2322  5.9314  5.9193  5.7426
  69  0.521585  3.7199  4.7020 -0.7138 10.7082  9.2473  8.0514  7.4669  7.5080  7.2619  6.7442  6.4882  6.3846  6.1892  5.8918  5.8798  5.7059
  70  0.524724  3.7224  4.6982 -0.6972 10.5598  9.1335  7.9604  7.3853  7.4495  7.2072  6.6968  6.4436  6.3410  6.1474  5.8530  5.8414  5.6701
  71  0.527796  3.7249  4.6944 -0.6809 10.4139  9.0215  7.8711  7.3053  7.3919  7.1536  6.6504  6.3999  6.2981  6.1064  5.8150  5.8037  5.6350
  72  0.530805  3.7273  4.6904 -0.6648 10.2747  8.9142  7.7852  7.2284  7.3362  7.1016  6.6053  6.3572  6.2565  6.0665  5.7780  5.7668  5.6006
  73  0.533768  3.7297  4.6865 -0.6489 10.1381  8.8084  7.7002  7.1525  7.2811  7.0503  6.5607  6.3152  6.2155  6.0271  5.7414  5.7306  5.5667
  74  0.536693  3.7320  4.6823 -0.6332 10.0076  8.7069  7.6183  7.0792  7.2274  7.0002  6.5172  6.2741  6.1752  5.9884  5.7056  5.6949  5.5332
  75  0.539599  3.7342  4.6781 -0.6175  9.8820  8.6082  7.5380  7.0074  7.1744  6.9506  6.4740  6.2332  6.1352  5.9501  5.6699  5.6594  5.5000
  76  0.542490  3.7365  4.6737 -0.6021  9.7611  8.5127  7.4604  6.9378  7.1223  6.9019  6.4314  6.1929  6.0957  5.9121  5.6344  5.6243  5.4670
  77  0.545377  3.7386  4.6691 -0.5865  9.6428  8.4189  7.3842  6.8694  7.0706  6.8534  6.3890  6.1527  6.0562  5.8743  5.5991  5.5891  5.4339
  78  0.548258  3.7407  4.6644 -0.5710  9.5272  8.3268  7.3096  6.8023  7.0195  6.8055  6.3470  6.1128  6.0172  5.8367  5.5640  5.5541  5.4010
  79  0.551127  3.7429  4.6596 -0.5556  9.4144  8.2365  7.2364  6.7365  6.9689  6.7581  6.3053  6.0732  5.9783  5.7994  5.5290  5.5194  5.3683
  80  0.553986  3.7449  4.6546 -0.5402  9.3050  8.1485  7.1648  6.6722  6.9190  6.7111  6.2639  6.0339  5.9398  5.7622  5.4943  5.4850  5.3357
  81  0.556827  3.7469  4.6495 -0.5250  9.1977  8.0619  7.0941  6.6087  6.8695  6.6645  6.2228  5.9950  5.9015  5.7255  5.4599  5.4507  5.3034
  82  0.560885  3.7497  4.6420 -0.5030  9.0470  7.9402  6.9947  6.5193  6.7994  6.5984  6.1644  5.9395  5.8471  5.6731  5.4108  5.4019  5.2572
  83  0.564984  3.7525  4.6340 -0.4809  8.8983  7.8195  6.8959  6.4305  6.7291  6.5321  6.1056  5.8835  5.7922  5.6202  5.3611  5.3525  5.2103
  84  0.569116  3.7552  4.6256 -0.4584  8.7535  7.7014  6.7992  6.3433  6.6592  6.4660  6.0466  5.8271  5.7367  5.5666  5.3107  5.3022  5.1626
  85  0.573265  3.7578  4.6166 -0.4357  8.6110  7.5849  6.7040  6.2575  6.5894  6.3997  5.9872  5.7703  5.6810  5.5127  5.2597  5.2515  5.1142
  86  0.577412  3.7604  4.6074 -0.4130  8.4712  7.4700  6.6106  6.1733  6.5197  6.3334  5.9277  5.7134  5.6249  5.4585  5.2084  5.2004  5.0655
  87  0.581540  3.7630  4.5979 -0.3901  8.3342  7.3569  6.5191  6.0909  6.4502  6.2674  5.8681  5.6563  5.5687  5.4041  5.1569  5.1492  5.0165
  88  0.585630  3.7655  4.5881 -0.3672  8.2007  7.2464  6.4294  6.0103  6.3813  6.2017  5.8087  5.5994  5.5127  5.3498  5.1055  5.0980  4.9675
  89  0.589660  3.7679  4.5780 -0.3444  8.0706  7.1384  6.3415  5.9312  6.3131  6.1365  5.7496  5.5427  5.4569  5.2957  5.0541  5.0468  4.9186
  90  0.593611  3.7703  4.5679 -0.3218  7.9439  7.0327  6.2552  5.8538  6.2456  6.0720  5.6909  5.4864  5.4014  5.2421  5.0031  4.9960  4.8698
  91  0.597469  3.7727  4.5576 -0.2993  7.8200  6.9292  6.1707  5.7779  6.1790  6.0081  5.6329  5.4306  5.3465  5.1888  4.9526  4.9456  4.8215
  92  0.601229  3.7750  4.5472 -0.2769  7.7002  6.8289  6.0886  5.7040  6.1132  5.9451  5.5754  5.3754  5.2921  5.1360  4.9024  4.8956  4.7735
  93  0.604891  3.7772  4.5365 -0.2547  7.5844  6.7313  6.0088  5.6319  6.0484  5.8828  5.5185  5.3207  5.2382  5.0837  4.8526  4.8461  4.7259
  94  0.608449  3.7794  4.5260 -0.2328  7.4713  6.6358  5.9310  5.5612  5.9843  5.8212  5.4621  5.2665  5.1849  5.0320  4.8034  4.7970  4.6787
  95  0.611908  3.7815  4.5152 -0.2111  7.3622  6.5434  5.8559  5.4923  5.9212  5.7605  5.4062  5.2129  5.1321  4.9807  4.7546  4.7483  4.6318
  96  0.615261  3.7836  4.5043 -0.1896  7.2564  6.4535  5.7836  5.4249  5.8590  5.7005  5.3507  5.1598  5.0799  4.9300  4.7061  4.7002  4.5854
  97  0.618512  3.7856  4.4934 -0.1683  7.1541  6.3662  5.7131  5.3591  5.7975  5.6412  5.2960  5.1073  5.0282  4.8797  4.6583  4.6524  4.5394
  98  0.621664  3.7876  4.4824 -0.1472  7.0548  6.2813  5.6439  5.2952  5.7372  5.5827  5.2418  5.0553  4.9770  4.8298  4.6106  4.6049  4.4936
  99  0.624716  3.7895  4.4712 -0.1263  6.9596  6.1994  5.5762  5.2332  5.6778  5.5252  5.1884  5.0037  4.9261  4.7802  4.5631  4.5576  4.4478
 100  0.627675  3.7913  4.4598 -0.1057  6.8671  6.1197  5.5089  5.1732  5.6194  5.4686  5.1357  4.9526  4.8756  4.7311  4.5159  4.5105  4.4021
 101  0.630543  3.7931  4.4482 -0.0851  6.7767  6.0417  5.4424  5.1143  5.5617  5.4126  5.0837  4.9021  4.8255  4.6823  4.4691  4.4638  4.3569
 102  0.633323  3.7947  4.4366 -0.0648  6.6879  5.9649  5.3767  5.0561  5.5046  5.3570  5.0322  4.8521  4.7762  4.6342  4.4229  4.4177  4.3122
 103  0.636020  3.7964  4.4249 -0.0447  6.6014  5.8898  5.3122  4.9986  5.4479  5.3020  4.9811  4.8024  4.7272  4.5864  4.3770  4.3720  4.2678
 104  0.638641  3.7979  4.4129 -0.0246  6.5166  5.8162  5.2492  4.9419  5.3916  5.2474  4.9303  4.7532  4.6786  4.5391  4.3315  4.3266  4.2236
 105  0.641188  3.7994  4.4007 -0.0047  6.4340  5.7443  5.1877  4.8858  5.3356  5.1931  4.8797  4.7043  4.6302  4.4920  4.2863  4.2814  4.1797
 106  0.643666  3.8008  4.3883  0.0150  6.3539  5.6741  5.1278  4.8307  5.2804  5.1392  4.8293  4.6555  4.5821  4.4450  4.2411  4.2363  4.1358
 107  0.646083  3.8022  4.3757  0.0347  6.2762  5.6058  5.0690  4.7765  5.2257  5.0860  4.7792  4.6070  4.5341  4.3982  4.1959  4.1913  4.0919
 108  0.648444  3.8035  4.3629  0.0543  6.2006  5.5392  5.0116  4.7235  5.1715  5.0330  4.7294  4.5586  4.4862  4.3513  4.1507  4.1461  4.0479
 109  0.650756  3.8048  4.3499  0.0738  6.1270  5.4739  4.9552  4.6712  5.1177  4.9805  4.6798  4.5104  4.4386  4.3047  4.1054  4.1011  4.0038
 110  0.653022  3.8060  4.3368  0.0931  6.0555  5.4103  4.8998  4.6200  5.0646  4.9286  4.6305  4.4622  4.3910  4.2580  4.0602  4.0558  3.9594
 111  0.655249  3.8071  4.3235  0.1124  5.9858  5.3480  4.8455  4.5697  5.0119  4.8770  4.5814  4.4143  4.3435  4.2113  4.0149  4.0106  3.9151
 112  0.655988  3.8075  4.3190  0.1189  5.9626  5.3272  4.8272  4.5529  4.9943  4.8596  4.5649  4.3981  4.3275  4.1956  3.9997  3.9954  3.9002
 113  0.656725  3.8079  4.3144  0.1255  5.9388  5.3060  4.8087  4.5357  4.9762  4.8420  4.5482  4.3818  4.3112  4.1797  3.9843  3.9799  3.8851
 114  0.657459  3.8082  4.3099  0.1321  5.9146  5.2845  4.7901  4.5184  4.9580  4.8242  4.5313  4.3653  4.2949  4.1636  3.9687  3.9644  3.8699
 115  0.658190  3.8087  4.3054  0.1390  5.8893  5.2620  4.7707  4.5006  4.9393  4.8059  4.5139  4.3485  4.2782  4.1473  3.9529  3.9486  3.8544
 116  0.658919  3.8092  4.3010  0.1458  5.8638  5.2394  4.7513  4.4828  4.9204  4.7875  4.4965  4.3315  4.2615  4.1309  3.9370  3.9328  3.8390
 117  0.659646  3.8096  4.2964  0.1527  5.8378  5.2165  4.7316  4.4647  4.9013  4.7688  4.4789  4.3144  4.2445  4.1143  3.9210  3.9168  3.8233
 118  0.660371  3.8102  4.2918  0.1597  5.8118  5.1935  4.7118  4.4466  4.8821  4.7500  4.4610  4.2970  4.2273  4.0975  3.9047  3.9006  3.8075
 119  0.661093  3.8106  4.2870  0.1668  5.7861  5.1707  4.6920  4.4282  4.8626  4.7310  4.4429  4.2794  4.2099  4.0805  3.8882  3.8841  3.7913
 120  0.661811  3.8110  4.2819  0.1740  5.7608  5.1482  4.6723  4.4100  4.8430  4.7118  4.4246  4.2616  4.1923  4.0631  3.8713  3.8673  3.7749
 121  0.662525  3.8113  4.2766  0.1812  5.7360  5.1258  4.6524  4.3915  4.8233  4.6924  4.4062  4.2435  4.1744  4.0455  3.8541  3.8502  3.7579
 122  0.663234  3.8117  4.2712  0.1886  5.7114  5.1036  4.6328  4.3730  4.8035  4.6729  4.3875  4.2252  4.1562  4.0276  3.8367  3.8327  3.7408
 123  0.663939  3.8120  4.2654  0.1961  5.6873  5.0816  4.6129  4.3543  4.7835  4.6533  4.3685  4.2065  4.1377  4.0093  3.8188  3.8149  3.7231
 124  0.664637  3.8123  4.2594  0.2036  5.6634  5.0596  4.5930  4.3356  4.7633  4.6334  4.3493  4.1876  4.1189  3.9908  3.8007  3.7966  3.7052
 125  0.665331  3.8126  4.2532  0.2113  5.6396  5.0377  4.5730  4.3166  4.7430  4.6133  4.3299  4.1686  4.0999  3.9720  3.7822  3.7782  3.6869
 126  0.666020  3.8128  4.2469  0.2191  5.6157  5.0157  4.5530  4.2974  4.7224  4.5930  4.3102  4.1492  4.0807  3.9530  3.7635  3.7595  3.6685
 127  0.666704  3.8130  4.2405  0.2269  5.5921  4.9937  4.5328  4.2783  4.7017  4.5726  4.2904  4.1297  4.0613  3.9337  3.7446  3.7407  3.6497
 128  0.667385  3.8132  4.2339  0.2348  5.5685  4.9718  4.5125  4.2590  4.6810  4.5521  4.2705  4.1100  4.0417  3.9143  3.7255  3.7215  3.6307
 129  0.668062  3.8134  4.2272  0.2427  5.5451  4.9500  4.4924  4.2396  4.6601  4.5315  4.2504  4.0901  4.0219  3.8948  3.7062  3.7023  3.6115
 130  0.668733  3.8136  4.2203  0.2507  5.5218  4.9282  4.4720  4.2202  4.6391  4.5106  4.2300  4.0701  4.0019  3.8750  3.6866  3.6827  3.5921
 131  0.669397  3.8138  4.2133  0.2588  5.4988  4.9065  4.4517  4.2005  4.6179  4.4897  4.2095  4.0497  3.9817  3.8549  3.6669  3.6629  3.5724
 132  0.670058  3.8139  4.2060  0.2671  5.4764  4.8852  4.4315  4.1809  4.5967  4.4686  4.1889  4.0292  3.9613  3.8346  3.6467  3.6427  3.5523
 133  0.670709  3.8139  4.1984  0.2753  5.4544  4.8642  4.4112  4.1612  4.5754  4.4475  4.1680  4.0085  3.9406  3.8139  3.6262  3.6223  3.5319
 134  0.671354  3.8140  4.1907  0.2837  5.4329  4.8433  4.3910  4.1414  4.5540  4.4262  4.1470  3.9875  3.9196  3.7931  3.6055  3.6015  3.5111
 135  0.671991  3.8140  4.1826  0.2921  5.4117  4.8226  4.3708  4.1215  4.5326  4.4047  4.1256  3.9664  3.8985  3.7720  3.5844  3.5804  3.4900
 136  0.672620  3.8140  4.1744  0.3006  5.3910  4.8021  4.3506  4.1014  4.5109  4.3832  4.1043  3.9449  3.8771  3.7505  3.5629  3.5591  3.4685
 137  0.673242  3.8138  4.1659  0.3092  5.3706  4.7819  4.3304  4.0814  4.4893  4.3616  4.0826  3.9232  3.8554  3.7289  3.5413  3.5373  3.4468
 138  0.673854  3.8138  4.1571  0.3179  5.3508  4.7620  4.3103  4.0612  4.4676  4.3398  4.0608  3.9014  3.8335  3.7069  3.5192  3.5153  3.4246
 139  0.674458  3.8136  4.1480  0.3267  5.3317  4.7424  4.2902  4.0410  4.4458  4.3179  4.0388  3.8792  3.8113  3.6847  3.4969  3.4930  3.4021
 140  0.675051  3.8134  4.1387  0.3355  5.3130  4.7231  4.2702  4.0207  4.4239  4.2960  4.0165  3.8569  3.7890  3.6622  3.4742  3.4702  3.3792
 141  0.675635  3.8131  4.1291  0.3444  5.2950  4.7042  4.2503  4.0004  4.4020  4.2739  3.9942  3.8343  3.7663  3.6394  3.4512  3.4472  3.3559
 142  0.676208  3.8128  4.1192  0.3534  5.2779  4.6858  4.2305  3.9799  4.3801  4.2518  3.9716  3.8116  3.7435  3.6164  3.4278  3.4238  3.3322
 143  0.676770  3.8125  4.1090  0.3625  5.2615  4.6679  4.2109  3.9596  4.3583  4.2297  3.9489  3.7885  3.7203  3.5930  3.4040  3.4000  3.3081
 144  0.677321  3.8120  4.0984  0.3718  5.2461  4.6505  4.1914  3.9391  4.3364  4.2076  3.9261  3.7653  3.6969  3.5693  3.3799  3.3758  3.2836
 145  0.677858  3.8114  4.0874  0.3810  5.2321  4.6339  4.1723  3.9188  4.3147  4.1854  3.9031  3.7418  3.6732  3.5452  3.3554  3.3512  3.2586
 146  0.678384  3.8109  4.0761  0.3903  5.2190  4.6179  4.1533  3.8984  4.2928  4.1632  3.8799  3.7182  3.6494  3.5210  3.3305  3.3263  3.2330
 147  0.678898  3.8102  4.0644  0.3997  5.2072  4.6027  4.1347  3.8782  4.2712  4.1411  3.8566  3.6942  3.6252  3.4964  3.3052  3.3009  3.2072
 148  0.679397  3.8095  4.0522  0.4092  5.1968  4.5884  4.1164  3.8580  4.2498  4.1190  3.8331  3.6701  3.6008  3.4714  3.2795  3.2751  3.1808
 149  0.679884  3.8086  4.0397  0.4187  5.1879  4.5749  4.0986  3.8379  4.2284  4.0970  3.8096  3.6458  3.5762  3.4462  3.2533  3.2489  3.1539
 150  0.680357  3.8077  4.0266  0.4283  5.1807  4.5627  4.0813  3.8181  4.2074  4.0751  3.7860  3.6214  3.5514  3.4208  3.2268  3.2224  3.1266
 151  0.680816  3.8067  4.0130  0.4379  5.1758  4.5519  4.0648  3.7987  4.1866  4.0536  3.7624  3.5967  3.5263  3.3949  3.1998  3.1954  3.0986
 152  0.681259  3.8054  3.9988  0.4476  5.1734  4.5427  4.0491  3.7798  4.1663  4.0323  3.7389  3.5719  3.5012  3.3690  3.1725  3.1679  3.0703
 153  0.681690  3.8040  3.9839  0.4573  5.1726  4.5348  4.0340  3.7613  4.1463  4.0112  3.7153  3.5472  3.4760  3.3428  3.1449  3.1402  3.0414
 154  0.682105  3.8026  3.9683  0.4671  5.1745  4.5288  4.0199  3.7434  4.1268  3.9906  3.6919  3.5224  3.4507  3.3164  3.1169  3.1121  3.0121
 155  0.682507  3.8009  3.9521  0.4768  5.1795  4.5251  4.0070  3.7263  4.1079  3.9703  3.6686  3.4977  3.4254  3.2900  3.0887  3.0837  2.9823
 156  0.682893  3.7991  3.9355  0.4867  5.1868  4.5230  3.9948  3.7096  4.0893  3.9503  3.6454  3.4729  3.4000  3.2634  3.0601  3.0551  2.9520
 157  0.683267  3.7972  3.9180  0.4965  5.1983  4.5237  3.9842  3.6938  4.0713  3.9308  3.6223  3.4481  3.3746  3.2366  3.0311  3.0260  2.9213
 158  0.683624  3.7948  3.8992  0.5063  5.2182  4.5302  3.9767  3.6802  4.0551  3.9126  3.5998  3.4234  3.3491  3.2096  3.0016  2.9961  2.8896
 159  0.683966  3.7920  3.8786  0.5159  5.2497  4.5448  3.9736  3.6694  4.0411  3.8963  3.5780  3.3992  3.3238  3.1824  2.9712  2.9656  2.8567
 160  0.684293  3.7889  3.8569  0.5253  5.2900  4.5654  3.9743  3.6613  4.0290  3.8813  3.5568  3.3750  3.2986  3.1550  2.9404  2.9346  2.8231
 161  0.684608  3.7856  3.8342  0.5348  5.3390  4.5920  3.9791  3.6559  4.0186  3.8677  3.5361  3.3510  3.2734  3.1275  2.9092  2.9030  2.7887
 162  0.684896  3.7819  3.8108  0.5436  5.3991  4.6266  3.9889  3.6547  4.0112  3.8566  3.5171  3.3285  3.2497  3.1011  2.8787  2.8723  2.7549
 163  0.685184  3.7786  3.7890  0.5529  5.4510  4.6553  3.9952  3.6511  4.0015  3.8436  3.4971  3.3054  3.2256  3.0747  2.8487  2.8420  2.7218
 164  0.685472  3.7759  3.7687  0.5623  5.4935  4.6773  3.9976  3.6449  3.9895  3.8286  3.4760  3.2817  3.2007  3.0478  2.8186  2.8118  2.6892
 165  0.685757  3.7735  3.7493  0.5721  5.5284  4.6940  3.9968  3.6366  3.9756  3.8121  3.4540  3.2572  3.1754  3.0207  2.7886  2.7816  2.6568
 166  0.686040  3.7711  3.7297  0.5822  5.5621  4.7098  3.9955  3.6283  3.9609  3.7948  3.4314  3.2322  3.1496  2.9931  2.7583  2.7510  2.6242
 167  0.686316  3.7683  3.7089  0.5924  5.6020  4.7299  3.9968  3.6217  3.9469  3.7779  3.4087  3.2068  3.1232  2.9649  2.7269  2.7194  2.5901
 168  0.686587  3.7656  3.6872  0.6031  5.6485  4.7540  4.0008  3.6172  3.9336  3.7613  3.3853  3.1806  3.0958  2.9352  2.6939  2.6862  2.5542
 169  0.686850  3.7628  3.6652  0.6143  5.6946  4.7775  4.0040  3.6119  3.9191  3.7435  3.3607  3.1530  3.0673  2.9046  2.6599  2.6519  2.5175
 170  0.687105  3.7603  3.6437  0.6260  5.7340  4.7960  4.0036  3.6038  3.9018  3.7231  3.3344  3.1242  3.0376  2.8731  2.6255  2.6172  2.4804
 171  0.687350  3.7582  3.6227  0.6384  5.7652  4.8082  3.9989  3.5923  3.8815  3.7002  3.3063  3.0939  3.0066  2.8406  2.5903  2.5820  2.4432
 172  0.687586  3.7562  3.6022  0.6514  5.7894  4.8151  3.9905  3.5780  3.8587  3.6751  3.2765  3.0624  2.9745  2.8070  2.5546  2.5460  2.4053
 173  0.687811  3.7544  3.5816  0.6648  5.8088  4.8183  3.9796  3.5615  3.8342  3.6482  3.2455  3.0296  2.9410  2.7723  2.5178  2.5091  2.3667
 174  0.688026  3.7527  3.5614  0.6786  5.8233  4.8177  3.9662  3.5431  3.8079  3.6198  3.2132  2.9957  2.9067  2.7368  2.4804  2.4716  2.3276
 175  0.688232  3.7512  3.5413  0.6927  5.8325  4.8132  3.9502  3.5225  3.7800  3.5901  3.1800  2.9610  2.8715  2.7006  2.4424  2.4334  2.2881
 176  0.688430  3.7498  3.5215  0.7072  5.8365  4.8050  3.9317  3.5002  3.7506  3.5589  3.1458  2.9256  2.8356  2.6638  2.4042  2.3950  2.2484
 177  0.688622  3.7487  3.5021  0.7219  5.8365  4.7938  3.9111  3.4760  3.7201  3.5268  3.1109  2.8895  2.7992  2.6266  2.3655  2.3563  2.2085
 178  0.688808  3.7474  3.4827  0.7368  5.8342  4.7807  3.8893  3.4510  3.6887  3.4940  3.0754  2.8531  2.7623  2.5889  2.3266  2.3172  2.1684
 179  0.688988  3.7464  3.4636  0.7518  5.8290  4.7655  3.8660  3.4247  3.6566  3.4605  3.0395  2.8161  2.7250  2.5509  2.2874  2.2779  2.1281
 180  0.689166  3.7454  3.4448  0.7668  5.8217  4.7487  3.8417  3.3976  3.6239  3.4265  3.0031  2.7790  2.6875  2.5127  2.2481  2.2385  2.0877
 181  0.689339  3.7446  3.4260  0.7821  5.8123  4.7302  3.8163  3.3697  3.5907  3.3921  2.9666  2.7415  2.6498  2.4743  2.2087  2.1990  2.0473
 182  0.689495  3.7438  3.4090  0.7961  5.8023  4.7123  3.7923  3.3435  3.5597  3.3601  2.9327  2.7068  2.6149  2.4390  2.1723  2.1626  2.0102
 183  0.689652  3.7431  3.3920  0.8103  5.7906  4.6931  3.7673  3.3165  3.5282  3.3276  2.8984  2.6718  2.5797  2.4031  2.1356  2.1258  1.9727
 184  0.689807  3.7424  3.3750  0.8247  5.7771  4.6726  3.7414  3.2887  3.4959  3.2944  2.8636  2.6363  2.5439  2.3668  2.0985  2.0886  1.9348
 185  0.689962  3.7418  3.3579  0.8393  5.7633  4.6517  3.7152  3.2605  3.4633  3.2609  2.8284  2.6004  2.5078  2.3302  2.0610  2.0511  1.8966
 186  0.690117  3.7412  3.3408  0.8540  5.7482  4.6296  3.6879  3.2315  3.4300  3.2267  2.7926  2.5639  2.4711  2.2931  2.0231  2.0131  1.8580
 187  0.690271  3.7406  3.3236  0.8689  5.7312  4.6061  3.6598  3.2016  3.3960  3.1919  2.7562  2.5270  2.4339  2.2555  1.9848  1.9747  1.8190
 188  0.690424  3.7400  3.3062  0.8841  5.7143  4.5826  3.6312  3.1715  3.3616  3.1566  2.7196  2.4897  2.3964  2.2175  1.9461  1.9360  1.7796
 189  0.690576  3.7394  3.2887  0.8995  5.6961  4.5580  3.6020  3.1406  3.3265  3.1207  2.6822  2.4517  2.3582  2.1789  1.9068  1.8966  1.7397
 190  0.690728  3.7388  3.2710  0.9150  5.6770  4.5325  3.5718  3.1088  3.2908  3.0842  2.6443  2.4133  2.3196  2.1398  1.8671  1.8568  1.6993
 191  0.690878  3.7383  3.2530  0.9308  5.6578  4.5068  3.5413  3.0767  3.2545  3.0471  2.6057  2.3742  2.2803  2.1002  1.8266  1.8163  1.6582
 192  0.691028  3.7378  3.2350  0.9468  5.6376  4.4801  3.5101  3.0440  3.2175  3.0095  2.5668  2.3346  2.2406  2.0600  1.7859  1.7755  1.6168
 193  0.691177  3.7372  3.2167  0.9632  5.6162  4.4525  3.4780  3.0104  3.1798  2.9710  2.5271  2.2944  2.2002  2.0193  1.7444  1.7340  1.5748
 194  0.691324  3.7367  3.1980  0.9799  5.5943  4.4241  3.4450  2.9759  3.1411  2.9315  2.4863  2.2530  2.1587  1.9773  1.7019  1.6914  1.5316
 195  0.691467  3.7361  3.1785  0.9972  5.5718  4.3948  3.4108  2.9400  3.1009  2.8906  2.4440  2.2102  2.1156  1.9339  1.6578  1.6473  1.4868
 196  0.691609  3.7356  3.1587  1.0150  5.5474  4.3638  3.3751  2.9029  3.0595  2.8484  2.4006  2.1662  2.0715  1.8894  1.6126  1.6020  1.4411
 197  0.691747  3.7350  3.1382  1.0333  5.5230  4.3323  3.3386  2.8647  3.0167  2.8050  2.3557  2.1209  2.0260  1.8435  1.5661  1.5554  1.3939
 198  0.691883  3.7345  3.1171  1.0522  5.4988  4.3005  3.3012  2.8258  2.9731  2.7603  2.3097  2.0742  1.9792  1.7963  1.5181  1.5073  1.3452
 199  0.692016  3.7339  3.0956  1.0715  5.4727  4.2670  3.2626  2.7855  2.9281  2.7145  2.2626  2.0266  1.9313  1.7480  1.4692  1.4584  1.2955
 200  0.692146  3.7333  3.0734  1.0914  5.4471  4.2331  3.2230  2.7441  2.8818  2.6675  2.2140  1.9775  1.8820  1.6983  1.4187  1.4079  1.2444
 201  0.692270  3.7327  3.0506  1.1118  5.4215  4.1989  3.1825  2.7020  2.8344  2.6191  2.1642  1.9269  1.8314  1.6472  1.3668  1.3559  1.1919
 202  0.692393  3.7321  3.0274  1.1327  5.3946  4.1634  3.1409  2.6585  2.7858  2.5697  2.1132  1.8755  1.7796  1.5950  1.3139  1.3029  1.1382
 203  0.692512  3.7314  3.0036  1.1540  5.3680  4.1276  3.0987  2.6144  2.7362  2.5192  2.0612  1.8228  1.7268  1.5417  1.2598  1.2487  1.0834
 204  0.692629  3.7307  2.9792  1.1758  5.3430  4.0925  3.0564  2.5700  2.6861  2.4680  2.0084  1.7692  1.6730  1.4874  1.2048  1.1937  1.0275
 205  0.692742  3.7300  2.9541  1.1979  5.3190  4.0577  3.0140  2.5253  2.6351  2.4160  1.9545  1.7148  1.6184  1.4322  1.1487  1.1375  0.9706
 206  0.692851  3.7293  2.9287  1.2204  5.2951  4.0224  2.9707  2.4798  2.5834  2.3631  1.8999  1.6593  1.5626  1.3761  1.0915  1.0803  0.9126
 207  0.692958  3.7285  2.9028  1.2433  5.2718  3.9872  2.9272  2.4338  2.5309  2.3095  1.8442  1.6030  1.5061  1.3190  1.0335  1.0222  0.8536
 208  0.693060  3.7277  2.8764  1.2665  5.2488  3.9518  2.8833  2.3873  2.4777  2.2551  1.7879  1.5458  1.4487  1.2610  0.9746  0.9632  0.7938
 209  0.693160  3.7268  2.8496  1.2900  5.2270  3.9168  2.8392  2.3406  2.4240  2.2000  1.7308  1.4878  1.3904  1.2022  0.9147  0.9032  0.7330
 210  0.693256  3.7260  2.8224  1.3140  5.2059  3.8819  2.7949  2.2936  2.3697  2.1444  1.6729  1.4292  1.3315  1.1426  0.8541  0.8425  0.6713
 211  0.693348  3.7252  2.7948  1.3382  5.1859  3.8475  2.7506  2.2463  2.3148  2.0882  1.6143  1.3697  1.2718  1.0822  0.7927  0.7810  0.6088
 212  0.693438  3.7242  2.7668  1.3627  5.1667  3.8132  2.7061  2.1987  2.2597  2.0315  1.5551  1.3096  1.2114  1.0212  0.7304  0.7186  0.5456
 213  0.693524  3.7233  2.7385  1.3874  5.1486  3.7793  2.6615  2.1510  2.2039  1.9742  1.4954  1.2489  1.1503  0.9595  0.6676  0.6556  0.4816
 214  0.693607  3.7224  2.7098  1.4124  5.1308  3.7454  2.6166  2.1028  2.1477  1.9165  1.4350  1.1875  1.0887  0.8971  0.6040  0.5920  0.4169
 215  0.693686  3.7215  2.6808  1.4377  5.1125  3.7111  2.5714  2.0545  2.0911  1.8583  1.3741  1.1257  1.0265  0.8341  0.5399  0.5278  0.3516
 216  0.693762  3.7205  2.6516  1.4631  5.0948  3.6771  2.5263  2.0059  2.0342  1.7997  1.3128  1.0632  0.9637  0.7707  0.4751  0.4629  0.2857
 217  0.693775  3.7203  2.6464  1.4676  5.0918  3.6712  2.5184  1.9974  2.0242  1.7894  1.3020  1.0522  0.9527  0.7595  0.4637  0.4515  0.2741
 218  0.693788  3.7201  2.6411  1.4721  5.0893  3.6655  2.5106  1.9890  2.0142  1.7791  1.2912  1.0412  0.9415  0.7483  0.4522  0.4400  0.2624
 219  0.693801  3.7200  2.6359  1.4767  5.0859  3.6594  2.5024  1.9803  2.0041  1.7687  1.2803  1.0301  0.9305  0.7370  0.4408  0.4285  0.2508
 220  0.693814  3.7198  2.6308  1.4812  5.0830  3.6535  2.4945  1.9718  1.9940  1.7584  1.2694  1.0190  0.9193  0.7258  0.4292  0.4170  0.2390
 221  0.693827  3.7197  2.6255  1.4857  5.0803  3.6476  2.4865  1.9632  1.9839  1.7479  1.2585  1.0079  0.9081  0.7144  0.4177  0.4054  0.2273
 222  0.693840  3.7195  2.6202  1.4903  5.0773  3.6416  2.4785  1.9545  1.9737  1.7374  1.2474  0.9967  0.8967  0.7030  0.4060  0.3936  0.2154
 223  0.693852  3.7193  2.6149  1.4949  5.0746  3.6357  2.4705  1.9459  1.9635  1.7269  1.2364  0.9854  0.8855  0.6915  0.3943  0.3820  0.2035
 224  0.693865  3.7191  2.6096  1.4995  5.0717  3.6298  2.4623  1.9371  1.9532  1.7163  1.2252  0.9741  0.8741  0.6800  0.3826  0.3702  0.1915
 225  0.693877  3.7189  2.6041  1.5042  5.0689  3.6238  2.4542  1.9284  1.9429  1.7056  1.2141  0.9627  0.8626  0.6684  0.3708  0.3583  0.1795
 226  0.693889  3.7188  2.5989  1.5089  5.0659  3.6176  2.4460  1.9195  1.9325  1.6949  1.2028  0.9513  0.8512  0.6569  0.3590  0.3465  0.1674
 227  0.694002  3.7171  2.5482  1.5529  5.0397  3.5613  2.3696  1.8371  1.8351  1.5945  1.0974  0.8440  0.7433  0.5475  0.2474  0.2348  0.0538
 228  0.694103  3.7153  2.4981  1.5959  5.0204  3.5100  2.2971  1.7583  1.7407  1.4970  0.9944  0.7391  0.6377  0.4405  0.1380  0.1251 -0.0578
 229  0.694198  3.7135  2.4468  1.6398  5.0073  3.4619  2.2256  1.6799  1.6456  1.3984  0.8900  0.6323  0.5302  0.3316  0.0264  0.0134 -0.1717
 230  0.694288  3.7114  2.3931  1.6854  5.0005  3.4160  2.1538  1.6007  1.5480  1.2970  0.7819  0.5218  0.4190  0.2186 -0.0893 -0.1027 -0.2901
 231  0.694366  3.7094  2.3421  1.7286  4.9986  3.3758  2.0878  1.5273  1.4563  1.2015  0.6800  0.4175  0.3140  0.1119 -0.1990 -0.2124 -0.4021
 232  0.694439  3.7074  2.2894  1.7730  5.0043  3.3395  2.0224  1.4541  1.3631  1.1040  0.5756  0.3104  0.2061  0.0022 -0.3117 -0.3254 -0.5175
 233  0.694505  3.7053  2.2372  1.8167  5.0154  3.3091  1.9607  1.3842  1.2723  1.0088  0.4731  0.2053  0.1000 -0.1056 -0.4226 -0.4366 -0.6312
 234  0.694565  3.7030  2.1833  1.8618  5.0315  3.2828  1.8998  1.3146  1.1800  0.9119  0.3683  0.0975 -0.0086 -0.2162 -0.5365 -0.5508 -0.7480
 235  0.694620  3.7009  2.1334  1.9035  5.0490  3.2575  1.8432  1.2500  1.0942  0.8216  0.2708 -0.0027 -0.1097 -0.3192 -0.6427 -0.6572 -0.8568
 236  0.694669  3.6990  2.0862  1.9429  5.0683  3.2351  1.7911  1.1903  1.0141  0.7372  0.1793 -0.0967 -0.2046 -0.4158 -0.7423 -0.7570 -0.9590
 237  0.694716  3.6971  2.0393  1.9821  5.0890  3.2144  1.7401  1.1317  0.9348  0.6537  0.0885 -0.1903 -0.2989 -0.5119 -0.8413 -0.8563 -1.0606
 238  0.694757  3.6953  1.9982  2.0163  5.1112  3.1989  1.6972  1.0819  0.8660  0.5808  0.0093 -0.2718 -0.3811 -0.5957 -0.9278 -0.9430 -1.1494
 239  0.694798  3.6940  1.9656  2.0437  5.1264  3.1836  1.6614  1.0406  0.8101  0.5220 -0.0545 -0.3374 -0.4473 -0.6631 -0.9972 -1.0125 -1.2204
 240  0.694836  3.6936  1.9501  2.0576  5.1248  3.1647  1.6372  1.0144  0.7790  0.4899 -0.0882 -0.3716 -0.4817 -0.6978 -1.0325 -1.0479 -1.2563
 241  0.694875  3.6919  1.9112  2.0898  5.1503  3.1540  1.5992  0.9697  0.7154  0.4223 -0.1621 -0.4480 -0.5588 -0.7765 -1.1138 -1.1295 -1.3400
 242  0.694911  3.6895  1.8583  2.1329  5.1908  3.1509  1.5544  0.9155  0.6333  0.3343 -0.2596 -0.5490 -0.6608 -0.8808 -1.2220 -1.2379 -1.4517
 243  0.694944  3.6871  1.8073  2.1743  5.2291  3.1516  1.5134  0.8654  0.5553  0.2505 -0.3528 -0.6457 -0.7586 -0.9810 -1.3261 -1.3423 -1.5591
 244  0.694974  3.6849  1.7606  2.2123  5.2602  3.1540  1.4770  0.8207  0.4846  0.1742 -0.4377 -0.7338 -0.8478 -1.0723 -1.4211 -1.4376 -1.6573
 245  0.695001  3.6829  1.7182  2.2466  5.2855  3.1589  1.4458  0.7819  0.4213  0.1061 -0.5140 -0.8132 -0.9281 -1.1546 -1.5068 -1.5237 -1.7460
 246  0.695027  3.6809  1.6774  2.2798  5.3044  3.1645  1.4164  0.7454  0.3610  0.0407 -0.5875 -0.8896 -1.0055 -1.2339 -1.5895 -1.6065 -1.8315
 247  0.695052  3.6787  1.6311  2.3174  5.3276  3.1746  1.3845  0.7054  0.2932 -0.0330 -0.6706 -0.9763 -1.0932 -1.3239 -1.6833 -1.7007 -1.9286
 248  0.695074  3.6763  1.5812  2.3577  5.3518  3.1883  1.3522  0.6641  0.2213 -0.1116 -0.7597 -1.0694 -1.1875 -1.4209 -1.7845 -1.8021 -2.0332
 249  0.695093  3.6740  1.5328  2.3969  5.3747  3.2058  1.3236  0.6266  0.1530 -0.1866 -0.8454 -1.1592 -1.2784 -1.5144 -1.8821 -1.9000 -2.1344
 250  0.695112  3.6716  1.4843  2.4357  5.3984  3.2295  1.2988  0.5929  0.0867 -0.2599 -0.9298 -1.2477 -1.3683 -1.6069 -1.9790 -1.9974 -2.2348
 251  0.695129  3.6693  1.4371  2.4735  5.4204  3.2560  1.2769  0.5622  0.0235 -0.3303 -1.0113 -1.3334 -1.4552 -1.6964 -2.0729 -2.0915 -2.3322
 252  0.695145  3.6670  1.3909  2.5104  5.4419  3.2864  1.2582  0.5351 -0.0369 -0.3979 -1.0901 -1.4164 -1.5394 -1.7835 -2.1641 -2.1831 -2.4272
 253  0.695158  3.6646  1.3462  2.5459  5.4628  3.3202  1.2433  0.5122 -0.0935 -0.4618 -1.1652 -1.4958 -1.6201 -1.8667 -2.2519 -2.2712 -2.5185
 254  0.695171  3.6623  1.3020  2.5808  5.4825  3.3564  1.2304  0.4916 -0.1481 -0.5239 -1.2385 -1.5733 -1.6989 -1.9483 -2.3378 -2.3574 -2.6081
 255  0.695184  3.6600  1.2583  2.6154  5.5012  3.3948  1.2197  0.4737 -0.2011 -0.5843 -1.3102 -1.6495 -1.7763 -2.0285 -2.4226 -2.4425 -2.6966
 256  0.695195  3.6578  1.2158  2.6489  5.5180  3.4341  1.2110  0.4582 -0.2515 -0.6421 -1.3793 -1.7229 -1.8510 -2.1059 -2.5045 -2.5247 -2.7821
 257  0.695206  3.6556  1.1740  2.6818  5.5354  3.4758  1.2048  0.4457 -0.2997 -0.6980 -1.4464 -1.7944 -1.9238 -2.1816 -2.5846 -2.6053 -2.8662
 258  0.695215  3.6533  1.1327  2.7144  5.5512  3.5183  1.2004  0.4352 -0.3461 -0.7520 -1.5119 -1.8644 -1.9949 -2.2556 -2.6632 -2.6842 -2.9485
 259  0.695224  3.6512  1.0923  2.7460  5.5663  3.5619  1.1977  0.4271 -0.3902 -0.8037 -1.5752 -1.9323 -2.0641 -2.3276 -2.7396 -2.7610 -3.0289
 260  0.695233  3.6491  1.0528  2.7769  5.5801  3.6061  1.1967  0.4208 -0.4320 -0.8534 -1.6365 -1.9981 -2.1312 -2.3977 -2.8142 -2.8359 -3.1072
 261  0.695240  3.6468  1.0135  2.8073  5.5944  3.6537  1.1995  0.4185 -0.4706 -0.9004 -1.6957 -2.0622 -2.1967 -2.4662 -2.8873 -2.9094 -3.1842
 262  0.695247  3.6447  0.9748  2.8373  5.6061  3.7012  1.2034  0.4178 -0.5074 -0.9457 -1.7534 -2.1248 -2.2606 -2.5332 -2.9589 -2.9814 -3.2597
 263  0.695254  3.6425  0.9371  2.8664  5.6159  3.7484  1.2084  0.4188 -0.5422 -0.9889 -1.8091 -2.1854 -2.3227 -2.5983 -3.0287 -3.0516 -3.3334
 264  0.695260  3.6403  0.8998  2.8951  5.6242  3.7964  1.2151  0.4216 -0.5748 -1.0303 -1.8632 -2.2447 -2.3833 -2.6621 -3.0971 -3.1203 -3.4056
 265  0.695267  3.6382  0.8630  2.9232  5.6310  3.8453  1.2233  0.4264 -0.6054 -1.0695 -1.9155 -2.3022 -2.4422 -2.7242 -3.1638 -3.1875 -3.4763
 266  0.695272  3.6361  0.8272  2.9507  5.6356  3.8936  1.2323  0.4324 -0.6339 -1.1069 -1.9661 -2.3580 -2.4993 -2.7845 -3.2288 -3.2527 -3.5451
 267  0.695277  3.6340  0.7918  2.9777  5.6378  3.9425  1.2424  0.4399 -0.6608 -1.1427 -2.0151 -2.4124 -2.5551 -2.8434 -3.2924 -3.3168 -3.6127
 268  0.695282  3.6320  0.7570  3.0044  5.6365  3.9891  1.2522  0.4475 -0.6867 -1.1776 -2.0633 -2.4658 -2.6099 -2.9015 -3.3549 -3.3798 -3.6792
 269  0.695287  3.6300  0.7232  3.0301  5.6331  4.0343  1.2622  0.4557 -0.7112 -1.2108 -2.1096 -2.5174 -2.6628 -2.9577 -3.4154 -3.4406 -3.7434
 270  0.695292  3.6280  0.6897  3.0558  5.6273  4.0793  1.2725  0.4646 -0.7344 -1.2430 -2.1550 -2.5682 -2.7151 -3.0131 -3.4753 -3.5008 -3.8071
 271  0.695296  3.6261  0.6570  3.0809  5.6190  4.1220  1.2822  0.4731 -0.7565 -1.2739 -2.1992 -2.6177 -2.7660 -3.0670 -3.5335 -3.5594 -3.8691
 272  0.695299  3.6242  0.6252  3.1053  5.6090  4.1639  1.2919  0.4820 -0.7771 -1.3033 -2.2417 -2.6656 -2.8152 -3.1196 -3.5901 -3.6163 -3.9294
 273  0.695303  3.6224  0.5937  3.1294  5.5968  4.2040  1.3006  0.4900 -0.7973 -1.3323 -2.2837 -2.7131 -2.8640 -3.1715 -3.6460 -3.6727 -3.9889
 274  0.695307  3.6206  0.5632  3.1529  5.5825  4.2417  1.3084  0.4973 -0.8165 -1.3601 -2.3244 -2.7589 -2.9112 -3.2217 -3.7002 -3.7273 -4.0467
 275  0.695310  3.6188  0.5331  3.1759  5.5684  4.2823  1.3179  0.5066 -0.8325 -1.3850 -2.3629 -2.8030 -2.9565 -3.2705 -3.7530 -3.7805 -4.1033
 276  0.695313  3.6171  0.5037  3.1984  5.5531  4.3225  1.3271  0.5157 -0.8469 -1.4085 -2.4001 -2.8458 -3.0007 -3.3179 -3.8046 -3.8324 -4.1585
 277  0.695316  3.6154  0.4752  3.2203  5.5367  4.3606  1.3355  0.5242 -0.8605 -1.4308 -2.4359 -2.8872 -3.0434 -3.3638 -3.8545 -3.8827 -4.2120
 278  0.695319  3.6139  0.4478  3.2414  5.5192  4.3957  1.3423  0.5312 -0.8735 -1.4523 -2.4705 -2.9272 -3.0848 -3.4081 -3.9026 -3.9311 -4.2635
 279  0.695320  3.6125  0.4225  3.2610  5.5017  4.4263  1.3474  0.5367 -0.8855 -1.4720 -2.5024 -2.9640 -3.1228 -3.4489 -3.9469 -3.9759 -4.3111
