#NUMBER OF AGES= 1
#----------------------------------------------------       
#MIX-LEN  Y      Z          Zeff        [Fe/H] [a/Fe]
# 1.9380  0.3300 4.8102E-03 2.4485E-03  -0.78   0.40 
#----------------------------------------------------       
#**PHOTOMETRIC SYSTEM**: HST WFPC2 (Vega)                   
#----------------------------------------------------       
#AGE=10.000 EEPS=267
#EEP   M/Mo    LogTeff  LogG   LogL/Lo F218W   F255W   F300W   F336W   F439W   F450W   F555W   F606W   F622W   F675W   F791W   F814W   F850LP
  13  0.115528  3.5189  5.2387 -2.7086 20.8027 20.8213 16.9913 16.2099 15.0655 14.5973 13.3023 12.7888 12.6058 12.1584 10.9746 10.9273 10.4016
  14  0.136953  3.5214  5.1700 -2.5562 20.4051 20.3722 16.5546 15.7629 14.6132 14.1612 12.8848 12.3718 12.1896 11.7465 10.5893 10.5429 10.0229
  15  0.158483  3.5249  5.1183 -2.4270 20.0621 19.9668 16.1673 15.3643 14.2084 13.7708 12.5133 12.0017 11.8200 11.3831 10.2596 10.2144  9.7030
  16  0.178086  3.5295  5.0837 -2.3235 19.7788 19.6108 15.8352 15.0200 13.8563 13.4318 12.1939 11.6843 11.5029 11.0741  9.9915  9.9478  9.4476
  17  0.194348  3.5335  5.0595 -2.2452 19.5618 19.3313 15.5773 14.7529 13.5831 13.1686 11.9467 11.4389 11.2578 10.8356  9.7877  9.7452  9.2550
  18  0.209070  3.5368  5.0394 -2.1804 19.3834 19.1030 15.3667 14.5357 13.3610 12.9540 11.7445 11.2384 11.0573 10.6403  9.6197  9.5783  9.0959
  19  0.223471  3.5398  5.0220 -2.1221 19.2222 18.8964 15.1771 14.3405 13.1615 12.7607 11.5625 11.0576 10.8768 10.4643  9.4685  9.4280  8.9528
  20  0.235985  3.5423  5.0077 -2.0740 19.0895 18.7265 15.0216 14.1808 12.9983 12.6022 11.4131 10.9094 10.7287 10.3199  9.3444  9.3046  8.8352
  21  0.245649  3.5442  4.9967 -2.0379 18.9908 18.5999 14.9056 14.0618 12.8763 12.4837 11.3011 10.7983 10.6177 10.2115  9.2512  9.2119  8.7470
  22  0.252789  3.5456  4.9881 -2.0116 18.9193 18.5081 14.8215 13.9756 12.7879 12.3976 11.2197 10.7174 10.5369 10.1325  9.1832  9.1443  8.6826
  23  0.258085  3.5466  4.9818 -1.9923 18.8676 18.4424 14.7612 13.9139 12.7245 12.3356 11.1608 10.6588 10.4783 10.0752  9.1338  9.0952  8.6357
  24  0.262231  3.5473  4.9770 -1.9776 18.8281 18.3921 14.7154 13.8670 12.6763 12.2883 11.1159 10.6142 10.4337 10.0316  9.0961  9.0576  8.6000
  25  0.265434  3.5479  4.9734 -1.9662 18.7972 18.3528 14.6799 13.8307 12.6390 12.2519 11.0812 10.5796 10.3992  9.9979  9.0670  9.0287  8.5724
  26  0.267962  3.5484  4.9704 -1.9573 18.7727 18.3214 14.6517 13.8019 12.6093 12.2228 11.0536 10.5522 10.3718  9.9711  9.0439  9.0057  8.5505
  27  0.270124  3.5489  4.9680 -1.9496 18.7515 18.2942 14.6273 13.7770 12.5839 12.1979 11.0299 10.5287 10.3484  9.9482  9.0243  8.9862  8.5319
  28  0.272298  3.5493  4.9661 -1.9425 18.7317 18.2682 14.6044 13.7535 12.5598 12.1743 11.0076 10.5066 10.3263  9.9267  9.0060  8.9680  8.5147
  29  0.274522  3.5496  4.9641 -1.9351 18.7111 18.2416 14.5807 13.7293 12.5351 12.1500 10.9847 10.4838 10.3035  9.9045  8.9870  8.9492  8.4969
  30  0.277145  3.5502  4.9621 -1.9271 18.6884 18.2120 14.5546 13.7026 12.5077 12.1232 10.9592 10.4586 10.2783  9.8800  8.9662  8.9285  8.4773
  31  0.280369  3.5508  4.9600 -1.9175 18.6613 18.1768 14.5234 13.6707 12.4751 12.0911 10.9289 10.4286 10.2483  9.8509  8.9414  8.9039  8.4541
  32  0.284219  3.5515  4.9572 -1.9061 18.6292 18.1356 14.4868 13.6334 12.4369 12.0536 10.8933 10.3934 10.2131  9.8165  8.9121  8.8747  8.4264
  33  0.288757  3.5522  4.9536 -1.8924 18.5909 18.0869 14.4433 13.5889 12.3914 12.0088 10.8508 10.3513 10.1711  9.7757  8.8769  8.8397  8.3932
  34  0.315977  3.5584  4.9254 -1.8015 18.3307 17.7565 14.1468 13.2852 12.0738 11.6974 10.5546 10.0599  9.8793  9.4950  8.6402  8.6051  8.1732
  35  0.328553  3.5615  4.9110 -1.7583 18.2051 17.5913 14.0058 13.1417 11.9251 11.5501 10.4142  9.9213  9.7406  9.3613  8.5287  8.4945  8.0698
  36  0.367932  3.5719  4.8628 -1.6171 17.7779 17.0001 13.5281 12.6600 11.4441 11.0718  9.9646  9.4771  9.2975  8.9304  8.1688  8.1366  7.7345
  37  0.382228  3.5769  4.8429 -1.5609 17.6042 16.7409 13.3313 12.4620 11.2463 10.8728  9.7767  9.2921  9.1128  8.7524  8.0250  7.9936  7.6029
  38  0.393902  3.5814  4.8264 -1.5139 17.4619 16.5193 13.1675 12.2972 11.0804 10.7046  9.6167  9.1345  8.9552  8.6012  7.9048  7.8744  7.4939
  39  0.406095  3.5862  4.8092 -1.4642 17.3011 16.2765 12.9876 12.1173 10.9031 10.5251  9.4480  8.9693  8.7902  8.4432  7.7779  7.7483  7.3786
  40  0.417897  3.5911  4.7929 -1.4154 17.1385 16.0323 12.8058 11.9359 10.7261 10.3461  9.2809  8.8065  8.6279  8.2880  7.6531  7.6243  7.2656
  41  0.428774  3.5962  4.7782 -1.3695 16.9825 15.8051 12.6310 11.7614 10.5561 10.1749  9.1227  8.6535  8.4752  8.1428  7.5356  7.5078  7.1595
  42  0.438766  3.6011  4.7650 -1.3269 16.8345 15.5957 12.4652 11.5956 10.3946 10.0131  8.9744  8.5110  8.3334  8.0081  7.4262  7.3991  7.0609
  43  0.448234  3.6059  4.7529 -1.2860 16.6913 15.3976 12.3041 11.4345 10.2378  9.8565  8.8323  8.3751  8.1983  7.8802  7.3217  7.2954  6.9668
  44  0.457750  3.6111  4.7413 -1.2447 16.5456 15.2011 12.1394 11.2696 10.0772  9.6970  8.6890  8.2390  8.0632  7.7526  7.2166  7.1911  6.8722
  45  0.467549  3.6166  4.7302 -1.2023 16.3958 15.0079 11.9683 11.0972  9.9074  9.5297  8.5407  8.0994  7.9249  7.6223  7.1085  7.0838  6.7749
  46  0.477253  3.6225  4.7203 -1.1597 16.2459 14.8242 11.7931 10.9190  9.7309  9.3567  8.3895  7.9583  7.7853  7.4915  7.0000  6.9763  6.6780
  47  0.486833  3.6290  4.7116 -1.1168 16.0882 14.6325 11.6067 10.7288  9.5466  9.1769  8.2350  7.8155  7.6445  7.3601  6.8909  6.8680  6.5807
  48  0.496436  3.6358  4.7038 -1.0733 15.9188 14.4231 11.4020 10.5200  9.3529  8.9885  8.0759  7.6696  7.5014  7.2272  6.7803  6.7585  6.4825
  49  0.506127  3.6430  4.6968 -1.0291 15.7249 14.1579 11.1682 10.2829  9.1503  8.7911  7.9121  7.5207  7.3562  7.0921  6.6676  6.6467  6.3825
  50  0.515819  3.6504  4.6905 -0.9848 15.4987 13.8373 10.9095 10.0232  8.9438  8.5901  7.7476  7.3716  7.2116  6.9577  6.5542  6.5344  6.2815
  51  0.525393  3.6580  4.6848 -0.9407 15.2314 13.4498 10.6230  9.7401  8.7368  8.3885  7.5846  7.2244  7.0697  6.8252  6.4406  6.4218  6.1799
  52  0.530388  3.6621  4.6820 -0.9176 15.0703 13.2189 10.4638  9.5854  8.6290  8.2838  7.5003  7.1482  6.9967  6.7566  6.3808  6.3626  6.1261
  53  0.535327  3.6661  4.6793 -0.8948 14.8937 12.9756 10.3011  9.4291  8.5230  8.1809  7.4175  7.0734  6.9253  6.6894  6.3217  6.3040  6.0728
  54  0.540213  3.6701  4.6767 -0.8723 14.7005 12.7224 10.1363  9.2725  8.4191  8.0803  7.3366  7.0003  6.8554  6.6236  6.2635  6.2463  6.0202
  55  0.545044  3.6740  4.6740 -0.8501 14.4885 12.4596  9.9708  9.1173  8.3179  7.9828  7.2580  6.9291  6.7875  6.5596  6.2063  6.1896  5.9684
  56  0.549827  3.6778  4.6712 -0.8282 14.2333 12.1834  9.8016  8.9619  8.2193  7.8884  7.1817  6.8599  6.7217  6.4973  6.1503  6.1341  5.9177
  57  0.554568  3.6815  4.6682 -0.8067 13.9595 11.9060  9.6332  8.8089  8.1234  7.7970  7.1074  6.7926  6.6576  6.4366  6.0955  6.0798  5.8679
  58  0.559256  3.6851  4.6651 -0.7856 13.6872 11.6377  9.4698  8.6613  8.0308  7.7090  7.0356  6.7272  6.5953  6.3776  6.0419  6.0266  5.8190
  59  0.563902  3.6886  4.6618 -0.7647 13.4235 11.3831  9.3129  8.5197  7.9415  7.6242  6.9659  6.6636  6.5346  6.3200  5.9894  5.9746  5.7710
  60  0.568500  3.6920  4.6583 -0.7442 13.1767 11.1482  9.1650  8.3863  7.8557  7.5428  6.8985  6.6017  6.4755  6.2637  5.9380  5.9236  5.7240
  61  0.573052  3.6952  4.6547 -0.7240 12.9913 10.9575  9.0346  8.2662  7.7739  7.4651  6.8330  6.5414  6.4174  6.2086  5.8876  5.8735  5.6778
  62  0.577542  3.6984  4.6510 -0.7042 12.8305 10.7878  8.9128  8.1532  7.6948  7.3900  6.7694  6.4825  6.3606  6.1545  5.8380  5.8244  5.6324
  63  0.581973  3.7016  4.6473 -0.6846 12.6792 10.6297  8.7962  8.0447  7.6180  7.3170  6.7072  6.4248  6.3049  6.1015  5.7895  5.7762  5.5878
  64  0.586345  3.7047  4.6437 -0.6652 12.5333 10.4807  8.6838  7.9403  7.5432  7.2463  6.6465  6.3684  6.2504  6.0495  5.7418  5.7288  5.5440
  65  0.590667  3.7077  4.6398 -0.6462 12.3889 10.3383  8.5748  7.8391  7.4704  7.1774  6.5874  6.3133  6.1970  5.9985  5.6949  5.6824  5.5009
  66  0.594921  3.7106  4.6358 -0.6274 12.2311 10.1941  8.4658  7.7391  7.3992  7.1103  6.5297  6.2595  6.1449  5.9488  5.6492  5.6369  5.4586
  67  0.599118  3.7135  4.6319 -0.6089 12.0501 10.0419  8.3547  7.6386  7.3294  7.0446  6.4733  6.2069  6.0940  5.9001  5.6042  5.5923  5.4173
  68  0.603250  3.7162  4.6277 -0.5906 11.8680  9.8933  8.2461  7.5407  7.2612  6.9808  6.4184  6.1555  6.0443  5.8524  5.5602  5.5486  5.3766
  69  0.607316  3.7190  4.6235 -0.5726 11.6856  9.7482  8.1398  7.4452  7.1948  6.9185  6.3647  6.1054  5.9956  5.8058  5.5171  5.5058  5.3367
  70  0.611316  3.7217  4.6192 -0.5550 11.5056  9.6077  8.0364  7.3525  7.1301  6.8579  6.3124  6.0563  5.9480  5.7602  5.4749  5.4639  5.2976
  71  0.615247  3.7242  4.6148 -0.5375 11.3290  9.4722  7.9361  7.2625  7.0671  6.7989  6.2614  6.0085  5.9015  5.7156  5.4335  5.4227  5.2592
  72  0.619110  3.7266  4.6103 -0.5204 11.1607  9.3435  7.8396  7.1759  7.0057  6.7416  6.2118  5.9618  5.8561  5.6721  5.3930  5.3825  5.2215
  73  0.622903  3.7290  4.6056 -0.5036 11.0025  9.2223  7.7470  7.0925  6.9461  6.6858  6.1633  5.9162  5.8118  5.6295  5.3534  5.3430  5.1846
  74  0.626620  3.7314  4.6010 -0.4871 10.8492  9.1060  7.6576  7.0120  6.8880  6.6315  6.1161  5.8718  5.7685  5.5879  5.3146  5.3046  5.1485
  75  0.630257  3.7336  4.5963 -0.4710 10.7014  8.9948  7.5714  6.9343  6.8318  6.5788  6.0703  5.8284  5.7263  5.5473  5.2768  5.2670  5.1132
  76  0.633816  3.7358  4.5916 -0.4551 10.5581  8.8876  7.4879  6.8593  6.7770  6.5276  6.0256  5.7863  5.6852  5.5078  5.2400  5.2303  5.0787
  77  0.637307  3.7378  4.5868 -0.4397 10.4206  8.7853  7.4077  6.7869  6.7238  6.4779  5.9820  5.7452  5.6450  5.4691  5.2037  5.1943  5.0447
  78  0.640737  3.7398  4.5818 -0.4243 10.2878  8.6868  7.3300  6.7170  6.6720  6.4294  5.9395  5.7049  5.6058  5.4312  5.1682  5.1590  5.0114
  79  0.644099  3.7418  4.5768 -0.4093 10.1600  8.5924  7.2551  6.6495  6.6217  6.3822  5.8980  5.6655  5.5673  5.3941  5.1333  5.1243  4.9786
  80  0.647403  3.7436  4.5718 -0.3946 10.0369  8.5016  7.1828  6.5842  6.5726  6.3362  5.8575  5.6269  5.5295  5.3575  5.0990  5.0901  4.9462
  81  0.650649  3.7454  4.5666 -0.3800  9.9176  8.4139  7.1129  6.5211  6.5248  6.2913  5.8177  5.5890  5.4924  5.3217  5.0651  5.0564  4.9143
  82  0.654719  3.7477  4.5599 -0.3618  9.7714  8.3061  7.0265  6.4430  6.4652  6.2352  5.7680  5.5416  5.4459  5.2766  5.0226  5.0141  4.8741
  83  0.658752  3.7498  4.5530 -0.3436  9.6296  8.2012  6.9423  6.3669  6.4065  6.1800  5.7189  5.4947  5.3999  5.2321  4.9804  4.9721  4.8340
  84  0.662745  3.7519  4.5459 -0.3255  9.4919  8.0993  6.8599  6.2925  6.3486  6.1255  5.6703  5.4482  5.3543  5.1877  4.9383  4.9303  4.7942
  85  0.666699  3.7539  4.5385 -0.3075  9.3586  8.0003  6.7796  6.2197  6.2914  6.0716  5.6222  5.4020  5.3089  5.1437  4.8965  4.8886  4.7544
  86  0.670613  3.7559  4.5309 -0.2895  9.2282  7.9031  6.7005  6.1481  6.2349  6.0182  5.5744  5.3563  5.2640  5.1000  4.8550  4.8473  4.7148
  87  0.674486  3.7578  4.5230 -0.2716  9.1013  7.8075  6.6226  6.0774  6.1789  5.9655  5.5271  5.3110  5.2195  5.0568  4.8139  4.8063  4.6756
  88  0.678308  3.7596  4.5149 -0.2538  8.9778  7.7141  6.5461  6.0082  6.1236  5.9133  5.4804  5.2661  5.1754  5.0140  4.7731  4.7657  4.6365
  89  0.682071  3.7613  4.5065 -0.2361  8.8600  7.6237  6.4718  5.9406  6.0692  5.8620  5.4343  5.2217  5.1318  4.9716  4.7326  4.7253  4.5978
  90  0.685769  3.7629  4.4979 -0.2187  8.7473  7.5368  6.3999  5.8753  6.0158  5.8114  5.3887  5.1779  5.0887  4.9296  4.6925  4.6853  4.5592
  91  0.689390  3.7645  4.4892 -0.2014  8.6387  7.4527  6.3301  5.8117  5.9634  5.7617  5.3437  5.1346  5.0461  4.8880  4.6527  4.6457  4.5210
  92  0.692933  3.7660  4.4804 -0.1844  8.5347  7.3716  6.2628  5.7500  5.9120  5.7128  5.2995  5.0920  5.0041  4.8472  4.6135  4.6066  4.4833
  93  0.696392  3.7674  4.4713 -0.1675  8.4352  7.2937  6.1980  5.6903  5.8617  5.6650  5.2559  5.0500  4.9627  4.8068  4.5748  4.5680  4.4459
  94  0.699764  3.7688  4.4624 -0.1509  8.3398  7.2187  6.1352  5.6326  5.8126  5.6180  5.2131  5.0087  4.9220  4.7670  4.5365  4.5298  4.4090
  95  0.703047  3.7701  4.4533 -0.1347  8.2483  7.1464  6.0746  5.5767  5.7645  5.5722  5.1710  4.9680  4.8819  4.7278  4.4988  4.4922  4.3724
  96  0.706242  3.7713  4.4443 -0.1187  8.1620  7.0783  6.0170  5.5236  5.7178  5.5273  5.1296  4.9279  4.8423  4.6890  4.4614  4.4550  4.3363
  97  0.709351  3.7725  4.4351 -0.1029  8.0796  7.0131  5.9617  5.4725  5.6722  5.4834  5.0890  4.8884  4.8033  4.6509  4.4245  4.4181  4.3005
  98  0.712379  3.7736  4.4260 -0.0875  8.0010  6.9506  5.9083  5.4230  5.6275  5.4405  5.0491  4.8496  4.7650  4.6133  4.3882  4.3820  4.2652
  99  0.715326  3.7747  4.4169 -0.0723  7.9250  6.8899  5.8564  5.3750  5.5839  5.3983  5.0099  4.8116  4.7273  4.5764  4.3524  4.3463  4.2305
 100  0.718196  3.7758  4.4079 -0.0573  7.8514  6.8310  5.8058  5.3282  5.5411  5.3570  4.9714  4.7741  4.6903  4.5400  4.3173  4.3112  4.1962
 101  0.720992  3.7767  4.3989 -0.0426  7.7805  6.7737  5.7568  5.2827  5.4991  5.3165  4.9336  4.7373  4.6538  4.5043  4.2827  4.2767  4.1626
 102  0.723716  3.7777  4.3899 -0.0281  7.7117  6.7180  5.7088  5.2382  5.4580  5.2766  4.8964  4.7010  4.6180  4.4691  4.2486  4.2426  4.1294
 103  0.726372  3.7786  4.3810 -0.0139  7.6456  6.6640  5.6625  5.1951  5.4178  5.2376  4.8598  4.6654  4.5827  4.4345  4.2150  4.2091  4.0966
 104  0.728965  3.7795  4.3721  0.0002  7.5813  6.6114  5.6171  5.1529  5.3783  5.1993  4.8238  4.6304  4.5480  4.4004  4.1819  4.1760  4.0643
 105  0.731504  3.7803  4.3631  0.0140  7.5198  6.5606  5.5731  5.1120  5.3396  5.1617  4.7884  4.5958  4.5138  4.3667  4.1492  4.1434  4.0323
 106  0.733997  3.7812  4.3541  0.0276  7.4598  6.5109  5.5299  5.0718  5.3014  5.1246  4.7536  4.5618  4.4800  4.3335  4.1169  4.1112  4.0007
 107  0.736454  3.7819  4.3452  0.0411  7.4020  6.4626  5.4880  5.0326  5.2641  5.0883  4.7192  4.5282  4.4467  4.3008  4.0850  4.0793  3.9694
 108  0.738885  3.7827  4.3363  0.0544  7.3458  6.4155  5.4469  4.9942  5.2273  5.0524  4.6854  4.4950  4.4139  4.2684  4.0534  4.0478  3.9385
 109  0.741294  3.7833  4.3273  0.0675  7.2917  6.3696  5.4067  4.9567  5.1911  5.0172  4.6519  4.4623  4.3814  4.2364  4.0222  4.0166  3.9078
 110  0.743658  3.7840  4.3183  0.0805  7.2386  6.3242  5.3671  4.9196  5.1555  4.9825  4.6189  4.4299  4.3494  4.2048  3.9913  3.9858  3.8775
 111  0.745917  3.7847  4.3095  0.0933  7.1855  6.2790  5.3277  4.8829  5.1203  4.9481  4.5865  4.3981  4.3178  4.1737  3.9609  3.9554  3.8477
 112  0.746931  3.7850  4.3054  0.0991  7.1610  6.2582  5.3097  4.8660  5.1041  4.9324  4.5715  4.3835  4.3033  4.1594  3.9469  3.9415  3.8340
 113  0.747947  3.7853  4.3013  0.1051  7.1366  6.2374  5.2915  4.8490  5.0878  4.9164  4.5564  4.3687  4.2886  4.1450  3.9328  3.9274  3.8201
 114  0.748962  3.7856  4.2971  0.1111  7.1123  6.2165  5.2732  4.8320  5.0713  4.9004  4.5412  4.3537  4.2737  4.1303  3.9185  3.9131  3.8061
 115  0.749974  3.7858  4.2927  0.1172  7.0885  6.1959  5.2551  4.8149  5.0547  4.8842  4.5257  4.3386  4.2587  4.1154  3.9040  3.8986  3.7918
 116  0.750984  3.7861  4.2881  0.1234  7.0648  6.1752  5.2369  4.7979  5.0380  4.8679  4.5101  4.3232  4.2435  4.1004  3.8892  3.8838  3.7772
 117  0.751993  3.7863  4.2834  0.1296  7.0417  6.1550  5.2187  4.7808  5.0212  4.8514  4.4943  4.3077  4.2280  4.0851  3.8742  3.8688  3.7624
 118  0.752999  3.7866  4.2786  0.1359  7.0185  6.1345  5.2005  4.7635  5.0042  4.8347  4.4783  4.2919  4.2124  4.0696  3.8590  3.8536  3.7473
 119  0.754003  3.7868  4.2737  0.1423  6.9955  6.1142  5.1823  4.7462  4.9870  4.8179  4.4621  4.2760  4.1965  4.0539  3.8435  3.8382  3.7320
 120  0.755005  3.7870  4.2686  0.1488  6.9729  6.0939  5.1640  4.7289  4.9699  4.8010  4.4458  4.2599  4.1805  4.0381  3.8280  3.8226  3.7166
 121  0.756006  3.7873  4.2635  0.1553  6.9504  6.0737  5.1458  4.7115  4.9526  4.7840  4.4294  4.2437  4.1644  4.0221  3.8121  3.8069  3.7010
 122  0.757005  3.7874  4.2582  0.1620  6.9281  6.0537  5.1275  4.6941  4.9352  4.7669  4.4128  4.2273  4.1481  4.0059  3.7962  3.7909  3.6852
 123  0.757995  3.7876  4.2529  0.1686  6.9054  6.0333  5.1090  4.6765  4.9175  4.7495  4.3959  4.2107  4.1315  3.9894  3.7800  3.7747  3.6691
 124  0.758981  3.7878  4.2475  0.1753  6.8823  6.0125  5.0901  4.6586  4.8996  4.7318  4.3789  4.1938  4.1148  3.9729  3.7636  3.7583  3.6529
 125  0.759970  3.7879  4.2420  0.1821  6.8598  5.9921  5.0715  4.6408  4.8817  4.7143  4.3618  4.1769  4.0980  3.9562  3.7471  3.7419  3.6365
 126  0.760959  3.7881  4.2364  0.1889  6.8374  5.9718  5.0529  4.6230  4.8638  4.6966  4.3447  4.1599  4.0810  3.9394  3.7305  3.7253  3.6200
 127  0.761946  3.7883  4.2307  0.1958  6.8154  5.9516  5.0343  4.6051  4.8457  4.6788  4.3274  4.1428  4.0640  3.9225  3.7138  3.7085  3.6034
 128  0.762931  3.7885  4.2249  0.2027  6.7940  5.9318  5.0159  4.5875  4.8277  4.6610  4.3100  4.1256  4.0468  3.9054  3.6968  3.6916  3.5865
 129  0.763915  3.7886  4.2190  0.2097  6.7728  5.9121  4.9975  4.5697  4.8096  4.6430  4.2924  4.1082  4.0294  3.8881  3.6798  3.6745  3.5696
 130  0.764896  3.7886  4.2128  0.2167  6.7523  5.8928  4.9793  4.5521  4.7916  4.6251  4.2748  4.0907  4.0120  3.8708  3.6625  3.6572  3.5523
 131  0.765873  3.7887  4.2065  0.2238  6.7327  5.8740  4.9613  4.5346  4.7735  4.6071  4.2571  4.0730  3.9944  3.8532  3.6450  3.6398  3.5349
 132  0.766846  3.7888  4.2001  0.2309  6.7135  5.8554  4.9435  4.5172  4.7553  4.5891  4.2393  4.0552  3.9766  3.8355  3.6273  3.6221  3.5172
 133  0.767815  3.7888  4.1936  0.2381  6.6949  5.8371  4.9257  4.4998  4.7371  4.5709  4.2213  4.0373  3.9588  3.8176  3.6094  3.6043  3.4993
 134  0.768779  3.7887  4.1868  0.2453  6.6770  5.8192  4.9081  4.4825  4.7189  4.5528  4.2032  4.0193  3.9407  3.7995  3.5914  3.5862  3.4812
 135  0.769737  3.7887  4.1799  0.2527  6.6601  5.8019  4.8909  4.4653  4.7008  4.5346  4.1850  4.0010  3.9225  3.7813  3.5731  3.5679  3.4629
 136  0.770690  3.7887  4.1729  0.2600  6.6430  5.7845  4.8735  4.4481  4.6825  4.5163  4.1667  3.9827  3.9040  3.7629  3.5547  3.5495  3.4444
 137  0.771636  3.7886  4.1657  0.2674  6.6268  5.7676  4.8563  4.4309  4.6642  4.4980  4.1483  3.9642  3.8856  3.7443  3.5361  3.5309  3.4256
 138  0.772576  3.7885  4.1583  0.2748  6.6114  5.7512  4.8394  4.4139  4.6459  4.4796  4.1297  3.9456  3.8670  3.7256  3.5173  3.5120  3.4067
 139  0.773510  3.7883  4.1507  0.2822  6.5970  5.7353  4.8227  4.3971  4.6277  4.4612  4.1111  3.9268  3.8481  3.7067  3.4982  3.4929  3.3875
 140  0.774435  3.7881  4.1430  0.2898  6.5833  5.7199  4.8063  4.3803  4.6095  4.4428  4.0924  3.9079  3.8292  3.6877  3.4790  3.4737  3.3680
 141  0.775353  3.7879  4.1350  0.2975  6.5706  5.7051  4.7901  4.3638  4.5914  4.4244  4.0735  3.8889  3.8101  3.6685  3.4596  3.4542  3.3484
 142  0.776263  3.7876  4.1269  0.3051  6.5586  5.6907  4.7742  4.3473  4.5732  4.4060  4.0546  3.8698  3.7909  3.6492  3.4399  3.4346  3.3285
 143  0.777164  3.7873  4.1184  0.3128  6.5482  5.6772  4.7587  4.3312  4.5552  4.3876  4.0356  3.8506  3.7715  3.6296  3.4201  3.4147  3.3084
 144  0.778056  3.7870  4.1098  0.3205  6.5387  5.6644  4.7436  4.3154  4.5372  4.3693  4.0166  3.8312  3.7521  3.6099  3.4000  3.3946  3.2879
 145  0.778940  3.7866  4.1011  0.3283  6.5298  5.6517  4.7285  4.2995  4.5192  4.3509  3.9975  3.8117  3.7326  3.5901  3.3799  3.3744  3.2674
 146  0.779813  3.7862  4.0920  0.3361  6.5227  5.6403  4.7142  4.2841  4.5015  4.3327  3.9784  3.7922  3.7128  3.5702  3.3594  3.3539  3.2465
 147  0.780678  3.7857  4.0826  0.3439  6.5182  5.6304  4.7007  4.2693  4.4840  4.3147  3.9592  3.7725  3.6931  3.5500  3.3387  3.3332  3.2253
 148  0.781533  3.7850  4.0728  0.3518  6.5157  5.6217  4.6878  4.2549  4.4669  4.2968  3.9400  3.7528  3.6731  3.5298  3.3178  3.3122  3.2038
 149  0.782377  3.7844  4.0627  0.3597  6.5148  5.6142  4.6756  4.2410  4.4499  4.2792  3.9209  3.7331  3.6532  3.5093  3.2966  3.2910  3.1820
 150  0.783212  3.7836  4.0519  0.3676  6.5186  5.6095  4.6651  4.2282  4.4336  4.2619  3.9018  3.7133  3.6331  3.4886  3.2751  3.2694  3.1597
 151  0.784037  3.7827  4.0408  0.3756  6.5244  5.6061  4.6553  4.2160  4.4177  4.2450  3.8829  3.6935  3.6129  3.4679  3.2534  3.2476  3.1372
 152  0.784852  3.7816  4.0290  0.3835  6.5345  5.6047  4.6466  4.2045  4.4025  4.2287  3.8641  3.6737  3.5929  3.4471  3.2313  3.2255  3.1141
 153  0.785659  3.7804  4.0166  0.3914  6.5474  5.6049  4.6389  4.1938  4.3879  4.2127  3.8455  3.6540  3.5728  3.4262  3.2091  3.2031  3.0908
 154  0.786456  3.7790  4.0038  0.3993  6.5652  5.6080  4.6330  4.1842  4.3741  4.1975  3.8272  3.6344  3.5527  3.4052  3.1867  3.1805  3.0670
 155  0.787246  3.7775  3.9901  0.4073  6.5895  5.6149  4.6295  4.1765  4.3613  4.1829  3.8092  3.6150  3.5327  3.3842  3.1639  3.1577  3.0428
 156  0.788034  3.7757  3.9757  0.4152  6.6214  5.6263  4.6287  4.1710  4.3497  4.1694  3.7916  3.5957  3.5129  3.3631  3.1409  3.1345  3.0181
 157  0.788815  3.7738  3.9606  0.4230  6.6609  5.6420  4.6308  4.1677  4.3394  4.1567  3.7744  3.5766  3.4931  3.3421  3.1176  3.1111  2.9930
 158  0.789598  3.7719  3.9455  0.4308  6.7033  5.6589  4.6340  4.1654  4.3293  4.1442  3.7572  3.5576  3.4734  3.3211  3.0945  3.0878  2.9680
 159  0.790384  3.7698  3.9298  0.4386  6.7572  5.6823  4.6415  4.1667  4.3209  4.1330  3.7407  3.5390  3.4540  3.3003  3.0712  3.0644  2.9427
 160  0.791174  3.7672  3.9124  0.4461  6.8340  5.7207  4.6584  4.1756  4.3159  4.1242  3.7250  3.5207  3.4349  3.2792  3.0473  3.0402  2.9162
 161  0.791975  3.7642  3.8936  0.4534  6.9318  5.7714  4.6835  4.1912  4.3143  4.1179  3.7105  3.5032  3.4162  3.2586  3.0232  3.0160  2.8892
 162  0.792669  3.7614  3.8767  0.4594  7.0329  5.8251  4.7119  4.2104  4.3159  4.1149  3.6996  3.4895  3.4013  3.2417  3.0030  2.9955  2.8662
 163  0.793362  3.7582  3.8581  0.4654  7.1579  5.8913  4.7482  4.2358  4.3202  4.1138  3.6893  3.4757  3.3862  3.2244  2.9819  2.9741  2.8417
 164  0.794053  3.7545  3.8377  0.4715  7.3044  5.9699  4.7924  4.2676  4.3273  4.1146  3.6796  3.4621  3.3711  3.2067  2.9600  2.9518  2.8161
 165  0.794738  3.7505  3.8154  0.4784  7.4628  6.0543  4.8403  4.3024  4.3351  4.1159  3.6695  3.4478  3.3552  3.1880  2.9365  2.9280  2.7885
 166  0.795408  3.7464  3.7913  0.4865  7.6207  6.1377  4.8872  4.3359  4.3407  4.1149  3.6570  3.4310  3.3369  3.1667  2.9103  2.9015  2.7580
 167  0.796049  3.7424  3.7655  0.4964  7.7688  6.2159  4.9289  4.3647  4.3415  4.1092  3.6403  3.4100  3.3142  3.1413  2.8800  2.8707  2.7233
 168  0.796649  3.7387  3.7390  0.5085  7.8971  6.2823  4.9608  4.3848  4.3355  4.0972  3.6182  3.3839  3.2868  3.1112  2.8453  2.8357  2.6846
 169  0.797200  3.7355  3.7125  0.5223  8.0030  6.3347  4.9816  4.3954  4.3224  4.0789  3.5908  3.3532  3.2547  3.0768  2.8069  2.7970  2.6426
 170  0.797706  3.7328  3.6867  0.5376  8.0840  6.3711  4.9906  4.3960  4.3024  4.0545  3.5589  3.3184  3.2189  3.0390  2.7657  2.7556  2.5984
 171  0.798173  3.7306  3.6619  0.5539  8.1430  6.3931  4.9894  4.3879  4.2769  4.0254  3.5237  3.2807  3.1803  2.9989  2.7228  2.7124  2.5529
 172  0.798609  3.7287  3.6378  0.5709  8.1847  6.4039  4.9804  4.3732  4.2475  3.9928  3.4860  3.2410  3.1399  2.9570  2.6787  2.6681  2.5068
 173  0.799020  3.7272  3.6144  0.5883  8.2129  6.4060  4.9654  4.3535  4.2150  3.9578  3.4466  3.1999  3.0983  2.9143  2.6339  2.6231  2.4601
 174  0.799411  3.7259  3.5917  0.6059  8.2305  6.4011  4.9457  4.3298  4.1803  3.9209  3.4060  3.1578  3.0557  2.8707  2.5886  2.5778  2.4133
 175  0.799789  3.7247  3.5694  0.6239  8.2396  6.3906  4.9221  4.3030  4.1438  3.8825  3.3645  3.1151  3.0124  2.8267  2.5429  2.5320  2.3663
 176  0.800155  3.7237  3.5476  0.6419  8.2424  6.3760  4.8958  4.2739  4.1060  3.8431  3.3223  3.0718  2.9688  2.7822  2.4972  2.4861  2.3194
 177  0.800511  3.7229  3.5262  0.6600  8.2397  6.3576  4.8670  4.2426  4.0671  3.8027  3.2795  3.0280  2.9247  2.7374  2.4513  2.4401  2.2724
 178  0.800860  3.7221  3.5050  0.6782  8.2360  6.3378  4.8370  4.2103  4.0275  3.7618  3.2363  2.9840  2.8803  2.6925  2.4053  2.3941  2.2254
 179  0.801202  3.7213  3.4838  0.6964  8.2307  6.3173  4.8065  4.1776  3.9876  3.7206  3.1930  2.9398  2.8359  2.6475  2.3592  2.3479  2.1784
 180  0.801539  3.7205  3.4628  0.7147  8.2239  6.2957  4.7752  4.1442  3.9474  3.6792  3.1495  2.8955  2.7914  2.6024  2.3131  2.3017  2.1314
 181  0.801868  3.7198  3.4419  0.7330  8.2140  6.2722  4.7427  4.1098  3.9067  3.6373  3.1058  2.8510  2.7466  2.5571  2.2669  2.2554  2.0844
 182  0.802117  3.7193  3.4259  0.7472  8.2045  6.2529  4.7169  4.0827  3.8749  3.6046  3.0718  2.8165  2.7119  2.5221  2.2312  2.2197  2.0481
 183  0.802365  3.7189  3.4096  0.7616  8.1939  6.2327  4.6902  4.0547  3.8425  3.5714  3.0373  2.7814  2.6767  2.4865  2.1950  2.1834  2.0111
 184  0.802612  3.7184  3.3932  0.7764  8.1820  6.2115  4.6627  4.0259  3.8092  3.5373  3.0019  2.7456  2.6407  2.4501  2.1579  2.1464  1.9736
 185  0.802859  3.7180  3.3766  0.7912  8.1697  6.1899  4.6348  3.9968  3.7756  3.5029  2.9663  2.7094  2.6043  2.4135  2.1206  2.1089  1.9357
 186  0.803105  3.7175  3.3596  0.8064  8.1567  6.1677  4.6061  3.9669  3.7412  3.4677  2.9298  2.6724  2.5672  2.3759  2.0824  2.0707  1.8968
 187  0.803349  3.7170  3.3421  0.8221  8.1433  6.1449  4.5767  3.9362  3.7057  3.4314  2.8921  2.6342  2.5288  2.3371  2.0430  2.0313  1.8568
 188  0.803592  3.7165  3.3242  0.8381  8.1291  6.1216  4.5465  3.9046  3.6695  3.3943  2.8537  2.5952  2.4896  2.2975  2.0027  1.9909  1.8159
 189  0.803834  3.7160  3.3059  0.8545  8.1134  6.0969  4.5150  3.8720  3.6322  3.3562  2.8143  2.5552  2.4495  2.2571  1.9615  1.9496  1.7741
 190  0.804071  3.7154  3.2865  0.8720  8.0969  6.0711  4.4818  3.8374  3.5926  3.3157  2.7723  2.5127  2.4067  2.2139  1.9176  1.9057  1.7295
 191  0.804305  3.7149  3.2665  0.8901  8.0782  6.0434  4.4467  3.8010  3.5512  3.2734  2.7286  2.4683  2.3622  2.1690  1.8720  1.8600  1.6833
 192  0.804534  3.7144  3.2449  0.9094  8.0602  6.0156  4.4104  3.7631  3.5076  3.2287  2.6823  2.4214  2.3151  2.1213  1.8235  1.8115  1.6340
 193  0.804758  3.7137  3.2223  0.9297  8.0413  5.9865  4.3721  3.7232  3.4618  3.1818  2.6337  2.3720  2.2655  2.0712  1.7725  1.7604  1.5822
 194  0.804978  3.7131  3.1988  0.9507  8.0215  5.9564  4.3327  3.6821  3.4144  3.1334  2.5833  2.3210  2.2141  2.0194  1.7198  1.7076  1.5287
 195  0.805194  3.7124  3.1746  0.9724  8.0011  5.9258  4.2919  3.6395  3.3654  3.0831  2.5312  2.2680  2.1610  1.9657  1.6651  1.6528  1.4731
 196  0.805403  3.7117  3.1492  0.9950  7.9811  5.8955  4.2505  3.5960  3.3149  3.0313  2.4774  2.2134  2.1060  1.9101  1.6085  1.5962  1.4156
 197  0.805609  3.7109  3.1230  1.0183  7.9617  5.8656  4.2082  3.5515  3.2630  2.9781  2.4219  2.1569  2.0493  1.8527  1.5500  1.5375  1.3561
 198  0.805811  3.7101  3.0962  1.0420  7.9411  5.8349  4.1649  3.5060  3.2099  2.9236  2.3651  2.0991  1.9912  1.7941  1.4901  1.4776  1.2953
 199  0.806007  3.7093  3.0685  1.0665  7.9206  5.8045  4.1211  3.4597  3.1556  2.8677  2.3069  2.0399  1.9317  1.7338  1.4287  1.4161  1.2328
 200  0.806199  3.7084  3.0401  1.0917  7.9002  5.7743  4.0765  3.4126  3.1000  2.8106  2.2470  1.9790  1.8705  1.6718  1.3655  1.3528  1.1684
 201  0.806384  3.7076  3.0107  1.1174  7.8807  5.7452  4.0318  3.3651  3.0435  2.7523  2.1860  1.9168  1.8079  1.6085  1.3007  1.2879  1.1025
 202  0.806565  3.7065  2.9804  1.1438  7.8612  5.7171  3.9870  3.3173  2.9860  2.6930  2.1237  1.8532  1.7439  1.5437  1.2344  1.2215  1.0349
 203  0.806740  3.7055  2.9492  1.1708  7.8383  5.6881  3.9418  3.2690  2.9279  2.6330  2.0604  1.7886  1.6789  1.4776  1.1668  1.1539  0.9659
 204  0.806909  3.7043  2.9173  1.1983  7.8152  5.6600  3.8962  3.2202  2.8688  2.5718  1.9958  1.7226  1.6125  1.4103  1.0978  1.0847  0.8955
 205  0.807072  3.7031  2.8845  1.2263  7.7925  5.6329  3.8507  3.1713  2.8089  2.5098  1.9301  1.6554  1.5449  1.3416  1.0275  1.0142  0.8236
 206  0.807229  3.7019  2.8511  1.2549  7.7700  5.6073  3.8052  3.1221  2.7482  2.4469  1.8635  1.5872  1.4762  1.2719  0.9559  0.9424  0.7503
 207  0.807380  3.7006  2.8169  1.2841  7.7478  5.5835  3.7598  3.0731  2.6868  2.3831  1.7958  1.5180  1.4065  1.2010  0.8831  0.8695  0.6758
 208  0.807525  3.6993  2.7821  1.3136  7.7258  5.5612  3.7146  3.0240  2.6248  2.3188  1.7274  1.4479  1.3358  1.1292  0.8092  0.7956  0.6002
 209  0.807664  3.6979  2.7467  1.3436  7.7044  5.5408  3.6698  2.9750  2.5623  2.2537  1.6580  1.3768  1.2642  1.0564  0.7343  0.7205  0.5234
 210  0.807797  3.6965  2.7106  1.3740  7.6838  5.5232  3.6256  2.9264  2.4994  2.1882  1.5880  1.3049  1.1918  0.9827  0.6586  0.6445  0.4456
 211  0.807923  3.6950  2.6740  1.4047  7.6641  5.5099  3.5820  2.8783  2.4360  2.1221  1.5173  1.2323  1.1186  0.9083  0.5818  0.5676  0.3669
 212  0.808044  3.6935  2.6369  1.4359  7.6454  5.4993  3.5391  2.8306  2.3725  2.0556  1.4460  1.1591  1.0447  0.8330  0.5043  0.4899  0.2874
 213  0.808159  3.6919  2.5993  1.4673  7.6284  5.4919  3.4972  2.7837  2.3087  1.9889  1.3742  1.0852  0.9703  0.7572  0.4261  0.4115  0.2069
 214  0.808268  3.6903  2.5611  1.4991  7.6130  5.4876  3.4563  2.7376  2.2448  1.9217  1.3018  1.0107  0.8950  0.6805  0.3470  0.3322  0.1257
 215  0.808365  3.6886  2.5209  1.5324  7.5986  5.4883  3.4164  2.6924  2.1793  1.8527  1.2269  0.9333  0.8169  0.6007  0.2645  0.2495  0.0406
 216  0.808464  3.6866  2.4772  1.5684  7.5894  5.4955  3.3772  2.6474  2.1102  1.7795  1.1467  0.8504  0.7332  0.5151  0.1755  0.1602 -0.0512
 217  0.808478  3.6864  2.4712  1.5733  7.5912  5.4979  3.3724  2.6418  2.1009  1.7696  1.1359  0.8391  0.7217  0.5034  0.1633  0.1480 -0.0638
 218  0.808491  3.6860  2.4654  1.5781  7.5928  5.4998  3.3676  2.6360  2.0917  1.7598  1.1250  0.8280  0.7105  0.4919  0.1514  0.1360 -0.0761
 219  0.808503  3.6858  2.4598  1.5826  7.5950  5.5020  3.3630  2.6304  2.0829  1.7504  1.1148  0.8174  0.6997  0.4809  0.1400  0.1247 -0.0878
 220  0.808516  3.6856  2.4544  1.5871  7.5979  5.5045  3.3586  2.6252  2.0744  1.7414  1.1049  0.8071  0.6894  0.4704  0.1291  0.1137 -0.0991
 221  0.808529  3.6853  2.4491  1.5915  7.6010  5.5069  3.3543  2.6198  2.0659  1.7323  1.0950  0.7968  0.6790  0.4598  0.1180  0.1027 -0.1104
 222  0.808542  3.6851  2.4438  1.5958  7.6041  5.5094  3.3500  2.6145  2.0575  1.7234  1.0852  0.7867  0.6687  0.4493  0.1072  0.0918 -0.1216
 223  0.808555  3.6849  2.4385  1.6002  7.6070  5.5119  3.3456  2.6092  2.0490  1.7144  1.0753  0.7764  0.6583  0.4387  0.0962  0.0808 -0.1329
 224  0.808569  3.6846  2.4331  1.6046  7.6104  5.5145  3.3414  2.6040  2.0406  1.7054  1.0654  0.7662  0.6480  0.4281  0.0853  0.0698 -0.1441
 225  0.808582  3.6844  2.4277  1.6090  7.6139  5.5175  3.3373  2.5989  2.0323  1.6963  1.0555  0.7559  0.6376  0.4175  0.0743  0.0588 -0.1554
 226  0.808595  3.6841  2.4223  1.6134  7.6175  5.5203  3.3332  2.5937  2.0239  1.6874  1.0456  0.7457  0.6272  0.4069  0.0633  0.0478 -0.1668
 227  0.808716  3.6819  2.3729  1.6538  7.6593  5.5512  3.2971  2.5477  1.9470  1.6050  0.9547  0.6514  0.5319  0.3094 -0.0376 -0.0534 -0.2708
 228  0.808829  3.6803  2.3359  1.6843  7.7137  5.5730  3.2690  2.5111  1.8877  1.5414  0.8851  0.5794  0.4591  0.2351 -0.1143 -0.1302 -0.3494
 229  0.808936  3.6797  2.3215  1.6966  7.7857  5.5762  3.2544  2.4909  1.8601  1.5120  0.8539  0.5476  0.4270  0.2027 -0.1468 -0.1629 -0.3823
 230  0.809048  3.6776  2.2745  1.7352  7.8347  5.6188  3.2243  2.4507  1.7876  1.4338  0.7673  0.4575  0.3359  0.1096 -0.2432 -0.2593 -0.4813
 231  0.809152  3.6746  2.2145  1.7834  7.8740  5.6887  3.1956  2.4103  1.7012  1.3397  0.6613  0.3469  0.2237 -0.0056 -0.3628 -0.3794 -0.6051
 232  0.809246  3.6719  2.1591  1.8280  7.8993  5.7542  3.1710  2.3759  1.6225  1.2537  0.5641  0.2452  0.1205 -0.1115 -0.4728 -0.4898 -0.7188
 233  0.809330  3.6696  2.1118  1.8660  7.8887  5.8046  3.1492  2.3472  1.5559  1.1811  0.4820  0.1591  0.0332 -0.2013 -0.5662 -0.5835 -0.8154
 234  0.809409  3.6682  2.0834  1.8890  7.8584  5.8345  3.1378  2.3337  1.5166  1.1380  0.4329  0.1075 -0.0192 -0.2551 -0.6219 -0.6394 -0.8732
 235  0.809487  3.6670  2.0577  1.9100  7.8208  5.8575  3.1273  2.3226  1.4810  1.0991  0.3884  0.0607 -0.0668 -0.3040 -0.6725 -0.6901 -0.9256
 236  0.809563  3.6639  1.9972  1.9581  7.8123  5.9174  3.1031  2.2902  1.3993  1.0095  0.2857 -0.0473 -0.1764 -0.4169 -0.7904 -0.8084 -1.0480
 237  0.809631  3.6606  1.9336  2.0083  7.7997  5.9790  3.0812  2.2600  1.3163  0.9177  0.1796 -0.1591 -0.2901 -0.5340 -0.9128 -0.9313 -1.1754
 238  0.809693  3.6572  1.8714  2.0572  7.7804  6.0424  3.0638  2.2354  1.2381  0.8306  0.0780 -0.2667 -0.3995 -0.6470 -1.0312 -1.0501 -1.2990
 239  0.809747  3.6539  1.8105  2.1046  7.7555  6.1053  3.0492  2.2144  1.1639  0.7477 -0.0198 -0.3703 -0.5050 -0.7561 -1.1460 -1.1654 -1.4190
 240  0.809796  3.6505  1.7497  2.1520  7.7276  6.1695  3.0370  2.1964  1.0920  0.6668 -0.1160 -0.4726 -0.6093 -0.8639 -1.2600 -1.2798 -1.5385
 241  0.809840  3.6471  1.6882  2.1998  7.6986  6.2369  3.0261  2.1800  1.0207  0.5864 -0.2122 -0.5750 -0.7137 -0.9720 -1.3745 -1.3948 -1.6587
 242  0.809879  3.6438  1.6308  2.2442  7.6643  6.3046  3.0188  2.1685  0.9563  0.5134 -0.3004 -0.6691 -0.8098 -1.0716 -1.4804 -1.5012 -1.7702
 243  0.809915  3.6406  1.5753  2.2870  7.6245  6.3690  3.0126  2.1590  0.8960  0.4446 -0.3847 -0.7593 -0.9020 -1.1670 -1.5822 -1.6034 -1.8775
 244  0.809947  3.6375  1.5209  2.3288  7.5819  6.4300  3.0073  2.1513  0.8387  0.3789 -0.4660 -0.8464 -0.9910 -1.2592 -1.6812 -1.7028 -1.9821
 245  0.809976  3.6343  1.4674  2.3697  7.5363  6.4863  3.0021  2.1446  0.7840  0.3160 -0.5447 -0.9308 -1.0776 -1.3487 -1.7776 -1.7996 -2.0842
 246  0.810003  3.6312  1.4149  2.4098  7.4886  6.5390  2.9972  2.1389  0.7317  0.2557 -0.6208 -1.0126 -1.1615 -1.4356 -1.8719 -1.8943 -2.1842
 247  0.810028  3.6281  1.3633  2.4489  7.4401  6.5895  2.9941  2.1357  0.6830  0.1990 -0.6936 -1.0910 -1.2418 -1.5191 -1.9633 -1.9862 -2.2816
 248  0.810050  3.6250  1.3127  2.4871  7.3906  6.6327  2.9912  2.1338  0.6367  0.1449 -0.7636 -1.1666 -1.3195 -1.5999 -2.0525 -2.0757 -2.3769
 249  0.810071  3.6219  1.2626  2.5249  7.3394  6.6715  2.9878  2.1321  0.5920  0.0926 -0.8321 -1.2405 -1.3955 -1.6788 -2.1405 -2.1641 -2.4709
 250  0.810089  3.6189  1.2138  2.5617  7.2876  6.7048  2.9836  2.1303  0.5498  0.0432 -0.8977 -1.3112 -1.4682 -1.7542 -2.2256 -2.2495 -2.5623
 251  0.810106  3.6159  1.1660  2.5976  7.2350  6.7328  2.9791  2.1287  0.5097 -0.0039 -0.9607 -1.3792 -1.5380 -1.8270 -2.3088 -2.3331 -2.6519
 252  0.810123  3.6130  1.1188  2.6330  7.1814  6.7551  2.9737  2.1271  0.4707 -0.0498 -1.0229 -1.4459 -1.6065 -1.8982 -2.3909 -2.4154 -2.7401
 253  0.810137  3.6100  1.0729  2.6674  7.1281  6.7721  2.9681  2.1259  0.4348 -0.0924 -1.0814 -1.5087 -1.6711 -1.9656 -2.4702 -2.4950 -2.8259
 254  0.810151  3.6072  1.0277  2.7011  7.0749  6.7840  2.9620  2.1250  0.4013 -0.1322 -1.1369 -1.5686 -1.7325 -2.0301 -2.5477 -2.5728 -2.9100
 255  0.810163  3.6044  0.9835  2.7341  7.0226  6.7889  2.9554  2.1245  0.3707 -0.1687 -1.1889 -1.6249 -1.7902 -2.0914 -2.6228 -2.6482 -2.9919
 256  0.810176  3.6016  0.9401  2.7664  6.9703  6.7897  2.9480  2.1236  0.3421 -0.2027 -1.2379 -1.6780 -1.8443 -2.1496 -2.6962 -2.7219 -3.0725
 257  0.810186  3.5988  0.8972  2.7981  6.9185  6.7880  2.9403  2.1232  0.3158 -0.2342 -1.2838 -1.7274 -1.8945 -2.2040 -2.7683 -2.7942 -3.1517
 258  0.810196  3.5961  0.8555  2.8289  6.8674  6.7832  2.9319  2.1224  0.2920 -0.2625 -1.3257 -1.7728 -1.9404 -2.2549 -2.8380 -2.8642 -3.2290
 259  0.810206  3.5934  0.8145  2.8592  6.8167  6.7754  2.9222  2.1208  0.2705 -0.2877 -1.3637 -1.8140 -1.9819 -2.3022 -2.9059 -2.9326 -3.3047
 260  0.810215  3.5907  0.7743  2.8887  6.7667  6.7655  2.9115  2.1186  0.2515 -0.3096 -1.3968 -1.8501 -2.0176 -2.3453 -2.9723 -2.9993 -3.3791
 261  0.810223  3.5881  0.7352  2.9175  6.7174  6.7533  2.8994  2.1153  0.2347 -0.3288 -1.4262 -1.8824 -2.0493 -2.3850 -3.0364 -3.0638 -3.4515
 262  0.810231  3.5856  0.6964  2.9459  6.6686  6.7396  2.8862  2.1115  0.2202 -0.3447 -1.4516 -1.9107 -2.0768 -2.4213 -3.0990 -3.1268 -3.5226
 263  0.810238  3.5831  0.6588  2.9736  6.6210  6.7245  2.8716  2.1060  0.2081 -0.3574 -1.4731 -1.9352 -2.1003 -2.4542 -3.1590 -3.1873 -3.5916
 264  0.810244  3.5806  0.6217  3.0007  6.5744  6.7090  2.8564  2.1003  0.1987 -0.3664 -1.4897 -1.9549 -2.1185 -2.4830 -3.2169 -3.2458 -3.6591
 265  0.810251  3.5782  0.5854  3.0274  6.5295  6.6947  2.8415  2.0958  0.1947 -0.3680 -1.4953 -1.9636 -2.1245 -2.5033 -3.2712 -3.3011 -3.7248
 266  0.810257  3.5758  0.5500  3.0533  6.4865  6.6814  2.8268  2.0921  0.1953 -0.3633 -1.4922 -1.9636 -2.1210 -2.5167 -3.3223 -3.3534 -3.7882
 267  0.810263  3.5735  0.5152  3.0788  6.4444  6.6679  2.8116  2.0881  0.1977 -0.3560 -1.4852 -1.9599 -2.1133 -2.5267 -3.3717 -3.4041 -3.8505
 268  0.810268  3.5712  0.4810  3.1037  6.4038  6.6547  2.7964  2.0841  0.2021 -0.3457 -1.4743 -1.9523 -2.1017 -2.5333 -3.4180 -3.4518 -3.9105
 269  0.810273  3.5690  0.4475  3.1282  6.3640  6.6398  2.7794  2.0773  0.2048 -0.3352 -1.4617 -1.9435 -2.0890 -2.5382 -3.4614 -3.4972 -3.9687
 270  0.810278  3.5666  0.4146  3.1521  6.3261  6.6261  2.7634  2.0719  0.2108 -0.3209 -1.4450 -1.9310 -2.0725 -2.5395 -3.5020 -3.5399 -4.0246
 271  0.810282  3.5644  0.3825  3.1754  6.2898  6.6133  2.7481  2.0670  0.2202 -0.3031 -1.4250 -1.9154 -2.0531 -2.5379 -3.5399 -3.5802 -4.0787
 272  0.810287  3.5622  0.3505  3.1983  6.2561  6.6035  2.7351  2.0654  0.2360 -0.2776 -1.3965 -1.8919 -2.0256 -2.5295 -3.5737 -3.6166 -4.1302
 273  0.810291  3.5600  0.3194  3.2207  6.2225  6.5925  2.7211  2.0622  0.2505 -0.2539 -1.3712 -1.8714 -2.0019 -2.5227 -3.6067 -3.6521 -4.1804
 274  0.810294  3.5578  0.2886  3.2426  6.1917  6.5845  2.7099  2.0626  0.2705 -0.2242 -1.3405 -1.8461 -1.9734 -2.5113 -3.6360 -3.6842 -4.2281
 275  0.810298  3.5556  0.2584  3.2640  6.1637  6.5784  2.7016  2.0655  0.2956 -0.1898 -1.3078 -1.8210 -1.9470 -2.4990 -3.6604 -3.7117 -4.2719
 276  0.810302  3.5535  0.2292  3.2848  6.1376  6.5727  2.6943  2.0690  0.3237 -0.1522 -1.2731 -1.7953 -1.9209 -2.4854 -3.6806 -3.7354 -4.3121
 277  0.810305  3.5515  0.2009  3.3051  6.1131  6.5680  2.6885  2.0741  0.3543 -0.1124 -1.2367 -1.7683 -1.8938 -2.4702 -3.6982 -3.7565 -4.3499
 278  0.810308  3.5496  0.1737  3.3245  6.0906  6.5649  2.6845  2.0813  0.3875 -0.0706 -1.1991 -1.7402 -1.8658 -2.4534 -3.7133 -3.7752 -4.3852
 279  0.810312  3.5479  0.1501  3.3415  6.0703  6.5604  2.6793  2.0852  0.4147 -0.0354 -1.1674 -1.7169 -1.8428 -2.4400 -3.7267 -3.7917 -4.4158
