#NUMBER OF AGES= 1
#----------------------------------------------------       
#MIX-LEN  Y      Z          Zeff        [Fe/H] [a/Fe]
# 1.9380  0.3300 4.8102E-03 2.4485E-03  -0.78   0.40 
#----------------------------------------------------       
#**PHOTOMETRIC SYSTEM**: HST WFPC2 (Vega)                   
#----------------------------------------------------       
#AGE=10.200 EEPS=267
#EEP   M/Mo    LogTeff  LogG   LogL/Lo F218W   F255W   F300W   F336W   F439W   F450W   F555W   F606W   F622W   F675W   F791W   F814W   F850LP
  13  0.113822  3.5187  5.2448 -2.7220 20.8377 20.8606 17.0295 16.2490 15.1051 14.6354 13.3389 12.8253 12.6422 12.1945 11.0085 10.9612 10.4350
  14  0.134974  3.5212  5.1756 -2.5692 20.4391 20.4109 16.5921 15.8013 14.6521 14.1987 12.9207 12.4076 12.2254 11.7819 10.6222 10.5757 10.0551
  15  0.156335  3.5245  5.1225 -2.4389 20.0940 20.0056 16.2039 15.4021 14.2469 13.8079 12.5485 12.0367 11.8550 11.4173 10.2901 10.2448  9.7323
  16  0.175912  3.5289  5.0869 -2.3341 19.8082 19.6484 15.8700 15.0561 13.8932 13.4674 12.2273 11.7175 11.5361 11.1064 10.0192  9.9753  9.4738
  17  0.192374  3.5330  5.0619 -2.2539 19.5861 19.3627 15.6061 14.7828 13.6136 13.1980 11.9744 11.4664 11.2852 10.8623  9.8105  9.7678  9.2765
  18  0.207082  3.5364  5.0416 -2.1884 19.4053 19.1310 15.3925 14.5623 13.3882 12.9803 11.7694 11.2630 11.0819 10.6643  9.6403  9.5988  9.1155
  19  0.221497  3.5394  5.0238 -2.1294 19.2424 18.9224 15.2009 14.3650 13.1865 12.7850 11.5854 11.0803 10.8994 10.4864  9.4874  9.4468  8.9706
  20  0.234319  3.5420  5.0091 -2.0798 19.1055 18.7471 15.0404 14.2001 13.0180 12.6214 11.4312 10.9274 10.7466 10.3374  9.3593  9.3195  8.8494
  21  0.244407  3.5440  4.9977 -2.0421 19.0021 18.6145 14.9189 14.0755 12.8904 12.4974 11.3140 10.8111 10.6305 10.2240  9.2619  9.2225  8.7571
  22  0.251891  3.5454  4.9888 -2.0144 18.9271 18.5182 14.8307 13.9850 12.7976 12.4071 11.2287 10.7263 10.5457 10.1412  9.1906  9.1517  8.6896
  23  0.257416  3.5465  4.9822 -1.9943 18.8730 18.4493 14.7675 13.9204 12.7312 12.3421 11.1670 10.6650 10.4845 10.0813  9.1390  9.1003  8.6406
  24  0.261721  3.5472  4.9773 -1.9791 18.8320 18.3972 14.7200 13.8717 12.6811 12.2931 11.1204 10.6187 10.4382 10.0360  9.0999  9.0614  8.6035
  25  0.265051  3.5479  4.9736 -1.9673 18.8001 18.3565 14.6832 13.8341 12.6425 12.2553 11.0845 10.5829 10.4025 10.0011  9.0697  9.0314  8.5750
  26  0.267664  3.5484  4.9706 -1.9581 18.7749 18.3242 14.6542 13.8045 12.6120 12.2254 11.0561 10.5547 10.3743  9.9735  9.0460  9.0078  8.5525
  27  0.269860  3.5488  4.9681 -1.9503 18.7535 18.2967 14.6295 13.7793 12.5862 12.2002 11.0321 10.5309 10.3505  9.9503  9.0261  8.9880  8.5336
  28  0.272032  3.5492  4.9662 -1.9432 18.7336 18.2707 14.6066 13.7557 12.5621 12.1765 11.0098 10.5087 10.3284  9.9287  9.0078  8.9698  8.5164
  29  0.274224  3.5496  4.9642 -1.9359 18.7132 18.2443 14.5831 13.7318 12.5376 12.1525 10.9871 10.4861 10.3058  9.9067  8.9890  8.9512  8.4987
  30  0.276780  3.5502  4.9623 -1.9280 18.6910 18.2153 14.5575 13.7056 12.5107 12.1262 10.9620 10.4614 10.2811  9.8828  8.9686  8.9309  8.4795
  31  0.279899  3.5507  4.9602 -1.9187 18.6646 18.1810 14.5271 13.6745 12.4790 12.0950 10.9326 10.4322 10.2519  9.8544  8.9445  8.9069  8.4570
  32  0.283605  3.5514  4.9575 -1.9077 18.6336 18.1412 14.4918 13.6385 12.4421 12.0587 10.8981 10.3982 10.2179  9.8212  8.9161  8.8787  8.4302
  33  0.287954  3.5521  4.9540 -1.8946 18.5969 18.0945 14.4500 13.5958 12.3984 12.0157 10.8574 10.3578 10.1776  9.7820  8.8824  8.8451  8.3984
  34  0.304660  3.5558  4.9368 -1.8384 18.4362 17.8895 14.2670 13.4084 12.2029 11.8238 10.6744 10.1775  9.9970  9.6082  8.7365  8.7005  8.2626
  35  0.325880  3.5609  4.9137 -1.7670 18.2305 17.6252 14.0343 13.1707 11.9549 11.5798 10.4425  9.9493  9.7686  9.3883  8.5511  8.5167  8.0906
  36  0.358588  3.5693  4.8743 -1.6512 17.8828 17.1478 13.6456 12.7783 11.5616 11.1888 10.0742  9.5853  9.4053  9.0351  8.2556  8.2229  7.8151
  37  0.379179  3.5758  4.8467 -1.5724 17.6396 16.7954 13.3721 12.5030 11.2875 10.9144  9.8160  9.3308  9.1514  8.7896  8.0546  8.0230  7.6298
  38  0.390918  3.5803  4.8300 -1.5252 17.4976 16.5741 13.2079 12.3377 11.1206 10.7453  9.6552  9.1723  8.9929  8.6374  7.9337  7.9031  7.5201
  39  0.403123  3.5850  4.8128 -1.4756 17.3384 16.3333 13.0295 12.1592 10.9442 10.5667  9.4870  9.0074  8.8282  8.4796  7.8070  7.7772  7.4049
  40  0.414970  3.5899  4.7963 -1.4267 17.1766 16.0901 12.8486 11.9786 10.7676 10.3881  9.3200  8.8445  8.6658  8.3242  7.6820  7.6530  7.2916
  41  0.426010  3.5950  4.7812 -1.3803 17.0197 15.8594 12.6728 11.8031 10.5967 10.2157  9.1602  8.6897  8.5113  8.1771  7.5632  7.5352  7.1843
  42  0.436143  3.5999  4.7676 -1.3371 16.8707 15.6473 12.5059 11.6363 10.4341 10.0526  9.0104  8.5455  8.3678  8.0406  7.4525  7.4252  7.0845
  43  0.445648  3.6047  4.7554 -1.2961 16.7275 15.4482 12.3451 11.4755 10.2774  9.8960  8.8679  8.4090  8.2319  7.9120  7.3476  7.3211  6.9900
  44  0.455072  3.6097  4.7437 -1.2552 16.5836 15.2527 12.1825 11.3128 10.1189  9.7383  8.7258  8.2738  8.0977  7.7851  7.2433  7.2176  6.8962
  45  0.464725  3.6151  4.7325 -1.2133 16.4355 15.0591 12.0140 11.1434  9.9526  9.5741  8.5797  8.1359  7.9610  7.6562  7.1366  7.1117  6.8001
  46  0.474381  3.6209  4.7223 -1.1710 16.2871 14.8750 11.8415 10.9684  9.7792  9.4039  8.4303  7.9961  7.8227  7.5264  7.0289  7.0049  6.7037
  47  0.483927  3.6272  4.7132 -1.1284 16.1326 14.6869 11.6595 10.7828  9.5981  9.2269  8.2775  7.8545  7.6829  7.3959  6.9205  6.8974  6.6070
  48  0.493450  3.6338  4.7052 -1.0853 15.9676 14.4842 11.4614 10.5806  9.4081  9.0420  8.1206  7.7103  7.5413  7.2641  6.8109  6.7889  6.5096
  49  0.503034  3.6408  4.6980 -1.0416 15.7827 14.2391 11.2378 10.3534  9.2091  8.8483  7.9591  7.5632  7.3975  7.1304  6.6995  6.6783  6.4107
  50  0.512594  3.6481  4.6916 -0.9978 15.5687 13.9378 10.9889 10.1027  9.0057  8.6503  7.7964  7.4156  7.2542  6.9972  6.5875  6.5674  6.3110
  51  0.522057  3.6556  4.6857 -0.9541 15.3176 13.5756 10.7142  9.8299  8.8012  8.4511  7.6348  7.2696  7.1131  6.8656  6.4753  6.4562  6.2108
  52  0.527048  3.6597  4.6828 -0.9310 15.1645 13.3553 10.5581  9.6772  8.6929  8.3458  7.5500  7.1929  7.0395  6.7967  6.4155  6.3970  6.1571
  53  0.531985  3.6636  4.6800 -0.9081 14.9976 13.1207 10.3981  9.5225  8.5862  8.2423  7.4666  7.1176  6.9675  6.7290  6.3562  6.3382  6.1037
  54  0.536867  3.6677  4.6773 -0.8855 14.8150 12.8747 10.2354  9.3669  8.4815  8.1407  7.3849  7.0438  6.8969  6.6626  6.2977  6.2802  6.0509
  55  0.541690  3.6716  4.6746 -0.8632 14.6150 12.6190 10.0714  9.2119  8.3793  8.0419  7.3054  6.9718  6.8282  6.5978  6.2401  6.2232  5.9989
  56  0.546462  3.6754  4.6719 -0.8412 14.3825 12.3516  9.9046  9.0569  8.2795  7.9461  7.2280  6.9017  6.7614  6.5347  6.1837  6.1672  5.9478
  57  0.551190  3.6791  4.6690 -0.8196 14.1287 12.0791  9.7377  8.9039  8.1824  7.8532  7.1527  6.8334  6.6964  6.4732  6.1284  6.1124  5.8975
  58  0.555862  3.6828  4.6659 -0.7984 13.8590 11.8079  9.5726  8.7541  8.0883  7.7636  7.0798  6.7672  6.6333  6.4136  6.0743  6.0588  5.8484
  59  0.560489  3.6864  4.6628 -0.7773 13.5921 11.5465  9.4125  8.6094  7.9973  7.6771  7.0090  6.7028  6.5719  6.3553  6.0214  6.0063  5.8000
  60  0.565072  3.6898  4.6594 -0.7567 13.3376 11.3017  9.2602  8.4720  7.9098  7.5940  6.9405  6.6401  6.5121  6.2984  5.9695  5.9548  5.7526
  61  0.569609  3.6931  4.6559 -0.7364 13.1245 11.0894  9.1212  8.3452  7.8260  7.5145  6.8741  6.5790  6.4534  6.2428  5.9186  5.9043  5.7061
  62  0.574087  3.6963  4.6522 -0.7165 12.9369 10.9001  8.9919  8.2264  7.7452  7.4378  6.8096  6.5195  6.3962  6.1883  5.8687  5.8548  5.6604
  63  0.578509  3.6995  4.6485 -0.6968 12.7792 10.7346  8.8723  8.1153  7.6673  7.3637  6.7467  6.4613  6.3400  6.1348  5.8199  5.8063  5.6155
  64  0.582871  3.7026  4.6449 -0.6774 12.6299 10.5801  8.7577  8.0088  7.5916  7.2920  6.6854  6.4044  6.2850  6.0824  5.7718  5.7586  5.5714
  65  0.587183  3.7057  4.6410 -0.6583 12.4848 10.4339  8.6471  7.9061  7.5180  7.2223  6.6256  6.3487  6.2312  6.0311  5.7246  5.7119  5.5281
  66  0.591427  3.7086  4.6371 -0.6394 12.3332 10.2899  8.5380  7.8055  7.4461  7.1544  6.5673  6.2944  6.1787  5.9809  5.6786  5.6660  5.4854
  67  0.595615  3.7115  4.6332 -0.6209 12.1677 10.1431  8.4288  7.7058  7.3758  7.0882  6.5104  6.2413  6.1272  5.9317  5.6332  5.6211  5.4438
  68  0.599739  3.7142  4.6291 -0.6025 11.9932  9.9961  8.3205  7.6076  7.3070  7.0236  6.4548  6.1894  6.0770  5.8836  5.5888  5.5770  5.4028
  69  0.603797  3.7170  4.6249 -0.5844 11.8126  9.8496  8.2134  7.5111  7.2399  6.9606  6.4006  6.1388  6.0279  5.8367  5.5454  5.5339  5.3627
  70  0.607790  3.7197  4.6207 -0.5667 11.6332  9.7075  8.1090  7.4173  7.1745  6.8993  6.3478  6.0893  5.9799  5.7907  5.5029  5.4916  5.3233
  71  0.611714  3.7223  4.6164 -0.5492 11.4561  9.5698  8.0074  7.3261  7.1108  6.8397  6.2962  6.0410  5.9330  5.7457  5.4612  5.4501  5.2846
  72  0.615572  3.7248  4.6119 -0.5320 11.2851  9.4381  7.9093  7.2382  7.0487  6.7817  6.2461  5.9938  5.8872  5.7018  5.4203  5.4096  5.2467
  73  0.619361  3.7272  4.6073 -0.5151 11.1218  9.3129  7.8148  7.1532  6.9884  6.7252  6.1971  5.9478  5.8424  5.6587  5.3804  5.3698  5.2095
  74  0.623077  3.7296  4.6027 -0.4985 10.9647  9.1932  7.7236  7.0712  6.9296  6.6702  6.1493  5.9029  5.7987  5.6167  5.3412  5.3310  5.1731
  75  0.626714  3.7318  4.5980 -0.4822 10.8144  9.0794  7.6359  6.9921  6.8726  6.6168  6.1029  5.8590  5.7560  5.5757  5.3030  5.2931  5.1375
  76  0.630273  3.7340  4.5934 -0.4663 10.6687  8.9697  7.5509  6.9157  6.8171  6.5649  6.0577  5.8164  5.7144  5.5358  5.2658  5.2560  5.1027
  77  0.633762  3.7361  4.5886 -0.4507 10.5289  8.8652  7.4693  6.8421  6.7632  6.5146  6.0136  5.7748  5.6739  5.4967  5.2293  5.2197  5.0684
  78  0.637187  3.7381  4.5836 -0.4353 10.3939  8.7646  7.3903  6.7710  6.7108  6.4655  5.9706  5.7341  5.6342  5.4585  5.1935  5.1841  5.0348
  79  0.640540  3.7401  4.5787 -0.4202 10.2639  8.6682  7.3142  6.7024  6.6599  6.4178  5.9288  5.6944  5.5955  5.4211  5.1584  5.1492  5.0019
  80  0.643834  3.7420  4.5737 -0.4054 10.1386  8.5754  7.2406  6.6360  6.6103  6.3712  5.8879  5.6555  5.5574  5.3843  5.1239  5.1149  4.9694
  81  0.647067  3.7438  4.5686 -0.3908 10.0172  8.4860  7.1695  6.5718  6.5619  6.3259  5.8478  5.6174  5.5201  5.3483  5.0900  5.0811  4.9375
  82  0.651128  3.7461  4.5620 -0.3725  9.8686  8.3762  7.0817  6.4925  6.5017  6.2692  5.7976  5.5696  5.4733  5.3030  5.0472  5.0386  4.8971
  83  0.655150  3.7483  4.5552 -0.3542  9.7244  8.2695  6.9962  6.4152  6.4424  6.2135  5.7481  5.5224  5.4270  5.2581  5.0048  4.9963  4.8568
  84  0.659131  3.7504  4.5481 -0.3361  9.5843  8.1659  6.9127  6.3398  6.3840  6.1585  5.6992  5.4756  5.3811  5.2135  4.9625  4.9543  4.8168
  85  0.663073  3.7525  4.5408 -0.3180  9.4489  8.0654  6.8313  6.2661  6.3264  6.1043  5.6508  5.4291  5.3355  5.1693  4.9205  4.9125  4.7769
  86  0.666973  3.7545  4.5333 -0.3000  9.3165  7.9668  6.7513  6.1937  6.2695  6.0505  5.6027  5.3832  5.2903  5.1254  4.8789  4.8710  4.7372
  87  0.670830  3.7564  4.5255 -0.2820  9.1881  7.8705  6.6729  6.1225  6.2132  5.9975  5.5552  5.3376  5.2455  5.0820  4.8375  4.8298  4.6978
  88  0.674637  3.7582  4.5175 -0.2642  9.0633  7.7765  6.5960  6.0529  6.1577  5.9451  5.5082  5.2925  5.2012  5.0388  4.7964  4.7889  4.6585
  89  0.678389  3.7600  4.5092 -0.2465  8.9425  7.6844  6.5205  5.9843  6.1028  5.8933  5.4618  5.2478  5.1574  4.9962  4.7558  4.7483  4.6196
  90  0.682080  3.7616  4.5007 -0.2289  8.8268  7.5957  6.4473  5.9179  6.0489  5.8423  5.4159  5.2037  5.1139  4.9540  4.7154  4.7081  4.5809
  91  0.685699  3.7633  4.4920 -0.2115  8.7157  7.5099  6.3763  5.8532  5.9960  5.7921  5.3705  5.1601  5.0710  4.9121  4.6754  4.6683  4.5424
  92  0.689243  3.7648  4.4832 -0.1944  8.6092  7.4272  6.3077  5.7904  5.9440  5.7428  5.3259  5.1171  5.0287  4.8709  4.6359  4.6289  4.5045
  93  0.692705  3.7662  4.4742 -0.1774  8.5073  7.3475  6.2414  5.7297  5.8931  5.6944  5.2819  5.0747  4.9869  4.8302  4.5968  4.5899  4.4668
  94  0.696082  3.7676  4.4652 -0.1607  8.4095  7.2709  6.1774  5.6708  5.8433  5.6469  5.2386  5.0330  4.9458  4.7900  4.5582  4.5514  4.4296
  95  0.699373  3.7690  4.4561 -0.1442  8.3157  7.1969  6.1155  5.6138  5.7945  5.6004  5.1960  4.9918  4.9053  4.7504  4.5201  4.5134  4.3927
  96  0.702574  3.7702  4.4470 -0.1280  8.2266  7.1266  6.0563  5.5591  5.7471  5.5549  5.1542  4.9514  4.8653  4.7113  4.4824  4.4759  4.3563
  97  0.705691  3.7714  4.4378 -0.1121  8.1413  7.0592  5.9993  5.5065  5.7007  5.5104  5.1131  4.9115  4.8259  4.6728  4.4453  4.4388  4.3202
  98  0.708723  3.7726  4.4286 -0.0965  8.0606  6.9950  5.9446  5.4559  5.6554  5.4669  5.0727  4.8722  4.7872  4.6348  4.4086  4.4022  4.2846
  99  0.711674  3.7737  4.4194 -0.0811  7.9830  6.9332  5.8918  5.4070  5.6112  5.4242  5.0331  4.8337  4.7491  4.5974  4.3724  4.3661  4.2494
 100  0.714547  3.7748  4.4102 -0.0660  7.9081  6.8733  5.8404  5.3594  5.5679  5.3824  4.9941  4.7958  4.7116  4.5606  4.3368  4.3306  4.2148
 101  0.717345  3.7757  4.4011 -0.0511  7.8360  6.8152  5.7905  5.3132  5.5254  5.3414  4.9558  4.7585  4.6747  4.5245  4.3018  4.2957  4.1807
 102  0.720070  3.7767  4.3920 -0.0364  7.7661  6.7587  5.7419  5.2680  5.4838  5.3011  4.9182  4.7219  4.6385  4.4889  4.2673  4.2612  4.1471
 103  0.722729  3.7776  4.3829 -0.0221  7.6990  6.7040  5.6949  5.2242  5.4431  5.2616  4.8812  4.6859  4.6028  4.4539  4.2333  4.2273  4.1139
 104  0.725326  3.7785  4.3739 -0.0078  7.6336  6.6507  5.6488  5.1814  5.4031  5.2229  4.8449  4.6504  4.5677  4.4194  4.1998  4.1938  4.0813
 105  0.727868  3.7793  4.3648  0.0061  7.5711  6.5992  5.6041  5.1399  5.3640  5.1848  4.8091  4.6155  4.5331  4.3853  4.1667  4.1608  4.0489
 106  0.730363  3.7802  4.3557  0.0199  7.5102  6.5488  5.5604  5.0991  5.3254  5.1474  4.7739  4.5811  4.4990  4.3518  4.1341  4.1283  4.0170
 107  0.732821  3.7809  4.3466  0.0335  7.4516  6.5000  5.5179  5.0594  5.2877  5.1107  4.7391  4.5471  4.4653  4.3187  4.1018  4.0961  3.9854
 108  0.735251  3.7817  4.3377  0.0469  7.3947  6.4523  5.4763  5.0206  5.2505  5.0744  4.7049  4.5136  4.4321  4.2860  4.0699  4.0642  3.9541
 109  0.737657  3.7823  4.3285  0.0602  7.3399  6.4060  5.4357  4.9826  5.2140  5.0389  4.6711  4.4806  4.3993  4.2537  4.0384  4.0328  3.9231
 110  0.740018  3.7830  4.3195  0.0733  7.2865  6.3605  5.3959  4.9452  5.1781  5.0039  4.6379  4.4479  4.3670  4.2218  4.0072  4.0016  3.8925
 111  0.742273  3.7837  4.3106  0.0862  7.2331  6.3152  5.3563  4.9083  5.1426  4.9692  4.6051  4.4158  4.3351  4.1904  3.9765  3.9709  3.8624
 112  0.743276  3.7840  4.3065  0.0920  7.2086  6.2945  5.3383  4.8914  5.1264  4.9534  4.5901  4.4012  4.3206  4.1761  3.9625  3.9571  3.8487
 113  0.744279  3.7843  4.3024  0.0980  7.1843  6.2738  5.3203  4.8746  5.1101  4.9375  4.5750  4.3864  4.3060  4.1617  3.9484  3.9430  3.8349
 114  0.745282  3.7846  4.2982  0.1039  7.1601  6.2531  5.3021  4.8576  5.0937  4.9215  4.5598  4.3715  4.2911  4.1470  3.9342  3.9287  3.8209
 115  0.746282  3.7848  4.2938  0.1100  7.1362  6.2325  5.2840  4.8405  5.0771  4.9054  4.5444  4.3564  4.2761  4.1322  3.9197  3.9142  3.8066
 116  0.747280  3.7851  4.2892  0.1162  7.1125  6.2119  5.2658  4.8235  5.0604  4.8891  4.5289  4.3410  4.2609  4.1172  3.9049  3.8995  3.7920
 117  0.748277  3.7853  4.2846  0.1224  7.0894  6.1917  5.2476  4.8064  5.0437  4.8726  4.5131  4.3255  4.2455  4.1019  3.8900  3.8845  3.7773
 118  0.749272  3.7856  4.2797  0.1287  7.0662  6.1712  5.2294  4.7891  5.0267  4.8560  4.4971  4.3098  4.2299  4.0864  3.8748  3.8693  3.7622
 119  0.750263  3.7858  4.2748  0.1351  7.0432  6.1509  5.2112  4.7718  5.0096  4.8392  4.4810  4.2939  4.2141  4.0708  3.8593  3.8539  3.7470
 120  0.751254  3.7860  4.2698  0.1416  7.0206  6.1307  5.1930  4.7545  4.9925  4.8224  4.4647  4.2779  4.1981  4.0550  3.8438  3.8384  3.7316
 121  0.752243  3.7863  4.2647  0.1481  6.9980  6.1105  5.1747  4.7371  4.9752  4.8054  4.4483  4.2617  4.1820  4.0390  3.8280  3.8227  3.7160
 122  0.753230  3.7864  4.2594  0.1547  6.9757  6.0905  5.1565  4.7197  4.9578  4.7883  4.4318  4.2453  4.1657  4.0229  3.8121  3.8067  3.7002
 123  0.754209  3.7866  4.2541  0.1613  6.9530  6.0701  5.1380  4.7021  4.9402  4.7709  4.4149  4.2288  4.1492  4.0065  3.7959  3.7906  3.6842
 124  0.755183  3.7868  4.2487  0.1680  6.9298  6.0493  5.1191  4.6842  4.9224  4.7533  4.3980  4.2119  4.1325  3.9900  3.7796  3.7743  3.6681
 125  0.756160  3.7869  4.2432  0.1748  6.9072  6.0290  5.1005  4.6664  4.9045  4.7358  4.3809  4.1951  4.1158  3.9733  3.7632  3.7579  3.6517
 126  0.757137  3.7871  4.2376  0.1816  6.8848  6.0086  5.0818  4.6486  4.8866  4.7182  4.3639  4.1781  4.0988  3.9566  3.7466  3.7413  3.6352
 127  0.758112  3.7873  4.2320  0.1884  6.8627  5.9884  5.0633  4.6307  4.8686  4.7004  4.3466  4.1610  4.0819  3.9397  3.7299  3.7246  3.6187
 128  0.759085  3.7875  4.2261  0.1953  6.8412  5.9686  5.0448  4.6131  4.8506  4.6826  4.3292  4.1439  4.0647  3.9226  3.7130  3.7077  3.6019
 129  0.760056  3.7876  4.2202  0.2023  6.8200  5.9489  5.0264  4.5953  4.8326  4.6647  4.3117  4.1265  4.0474  3.9054  3.6960  3.6907  3.5850
 130  0.761024  3.7876  4.2141  0.2093  6.7994  5.9295  5.0082  4.5777  4.8145  4.6468  4.2941  4.1091  4.0300  3.8881  3.6788  3.6734  3.5677
 131  0.761988  3.7877  4.2079  0.2163  6.7797  5.9107  4.9902  4.5602  4.7965  4.6289  4.2765  4.0914  4.0124  3.8706  3.6613  3.6560  3.5503
 132  0.762948  3.7878  4.2015  0.2234  6.7605  5.8921  4.9724  4.5428  4.7783  4.6109  4.2587  4.0737  3.9947  3.8529  3.6437  3.6384  3.5327
 133  0.763904  3.7878  4.1950  0.2306  6.7418  5.8738  4.9546  4.5254  4.7602  4.5928  4.2407  4.0558  3.9769  3.8350  3.6258  3.6206  3.5149
 134  0.764855  3.7877  4.1882  0.2378  6.7238  5.8558  4.9370  4.5081  4.7420  4.5747  4.2227  4.0378  3.9589  3.8171  3.6078  3.6026  3.4968
 135  0.765799  3.7877  4.1813  0.2451  6.7067  5.8385  4.9197  4.4909  4.7239  4.5565  4.2045  4.0196  3.9407  3.7989  3.5896  3.5843  3.4786
 136  0.766739  3.7877  4.1743  0.2524  6.6897  5.8211  4.9023  4.4737  4.7057  4.5383  4.1863  4.0013  3.9223  3.7805  3.5713  3.5659  3.4601
 137  0.767672  3.7876  4.1671  0.2598  6.6735  5.8042  4.8852  4.4565  4.6874  4.5200  4.1679  3.9829  3.9039  3.7620  3.5527  3.5474  3.4414
 138  0.768598  3.7875  4.1598  0.2672  6.6581  5.7878  4.8683  4.4395  4.6692  4.5016  4.1494  3.9643  3.8854  3.7433  3.5339  3.5286  3.4225
 139  0.769518  3.7873  4.1522  0.2746  6.6436  5.7719  4.8516  4.4227  4.6510  4.4833  4.1308  3.9456  3.8665  3.7245  3.5149  3.5095  3.4033
 140  0.770429  3.7871  4.1445  0.2822  6.6300  5.7565  4.8352  4.4060  4.6329  4.4650  4.1122  3.9267  3.8477  3.7055  3.4958  3.4904  3.3840
 141  0.771333  3.7869  4.1365  0.2899  6.6173  5.7418  4.8191  4.3895  4.6148  4.4466  4.0933  3.9078  3.8286  3.6864  3.4764  3.4710  3.3644
 142  0.772229  3.7866  4.1284  0.2975  6.6053  5.7274  4.8032  4.3731  4.5966  4.4283  4.0745  3.8887  3.8095  3.6671  3.4568  3.4514  3.3445
 143  0.773116  3.7863  4.1200  0.3051  6.5950  5.7140  4.7877  4.3570  4.5787  4.4099  4.0556  3.8696  3.7902  3.6476  3.4370  3.4315  3.3244
 144  0.773994  3.7860  4.1114  0.3128  6.5856  5.7012  4.7727  4.3413  4.5608  4.3917  4.0366  3.8502  3.7708  3.6279  3.4170  3.4115  3.3041
 145  0.774864  3.7856  4.1027  0.3206  6.5767  5.6885  4.7577  4.3254  4.5428  4.3733  4.0175  3.8309  3.7514  3.6082  3.3969  3.3914  3.2836
 146  0.775724  3.7852  4.0936  0.3284  6.5697  5.6771  4.7434  4.3101  4.5252  4.3552  3.9985  3.8114  3.7316  3.5884  3.3765  3.3709  3.2628
 147  0.776575  3.7847  4.0842  0.3362  6.5653  5.6672  4.7299  4.2954  4.5078  4.3373  3.9794  3.7918  3.7120  3.5682  3.3559  3.3503  3.2417
 148  0.777416  3.7840  4.0744  0.3441  6.5629  5.6586  4.7171  4.2811  4.4907  4.3194  3.9603  3.7722  3.6921  3.5481  3.3350  3.3294  3.2202
 149  0.778247  3.7834  4.0643  0.3519  6.5619  5.6508  4.7048  4.2671  4.4738  4.3019  3.9412  3.7525  3.6722  3.5277  3.3139  3.3083  3.1985
 150  0.779068  3.7826  4.0535  0.3598  6.5656  5.6458  4.6941  4.2542  4.4576  4.2847  3.9222  3.7328  3.6523  3.5071  3.2925  3.2868  3.1763
 151  0.779879  3.7817  4.0424  0.3678  6.5713  5.6421  4.6842  4.2419  4.4417  4.2679  3.9034  3.7131  3.6322  3.4865  3.2709  3.2650  3.1538
 152  0.780681  3.7806  4.0306  0.3757  6.5817  5.6409  4.6757  4.2305  4.4267  4.2517  3.8847  3.6934  3.6122  3.4657  3.2489  3.2430  3.1308
 153  0.781475  3.7794  4.0183  0.3836  6.5953  5.6414  4.6683  4.2200  4.4121  4.2358  3.8662  3.6738  3.5922  3.4449  3.2267  3.2207  3.1076
 154  0.782258  3.7780  4.0054  0.3915  6.6137  5.6448  4.6626  4.2108  4.3985  4.2207  3.8480  3.6542  3.5722  3.4240  3.2044  3.1981  3.0838
 155  0.783036  3.7765  3.9917  0.3994  6.6388  5.6523  4.6595  4.2034  4.3858  4.2063  3.8301  3.6349  3.5523  3.4031  3.1816  3.1754  3.0596
 156  0.783810  3.7747  3.9773  0.4073  6.6717  5.6642  4.6592  4.1983  4.3744  4.1928  3.8125  3.6157  3.5325  3.3820  3.1587  3.1522  3.0350
 157  0.784578  3.7728  3.9623  0.4151  6.7118  5.6803  4.6616  4.1953  4.3642  4.1802  3.7954  3.5966  3.5128  3.3611  3.1355  3.1289  3.0100
 158  0.785348  3.7710  3.9474  0.4229  6.7542  5.6974  4.6650  4.1933  4.3540  4.1676  3.7781  3.5776  3.4930  3.3401  3.1124  3.1057  2.9851
 159  0.786120  3.7689  3.9319  0.4307  6.8084  5.7214  4.6729  4.1950  4.3454  4.1561  3.7614  3.5589  3.4735  3.3192  3.0892  3.0823  2.9598
 160  0.786895  3.7664  3.9149  0.4382  6.8830  5.7583  4.6890  4.2034  4.3399  4.1470  3.7456  3.5405  3.4543  3.2982  3.0654  3.0583  2.9336
 161  0.787680  3.7636  3.8966  0.4456  6.9776  5.8068  4.7128  4.2181  4.3377  4.1401  3.7309  3.5229  3.4356  3.2776  3.0414  3.0342  2.9068
 162  0.788366  3.7608  3.8797  0.4517  7.0787  5.8601  4.7409  4.2371  4.3389  4.1368  3.7197  3.5089  3.4205  3.2604  3.0211  3.0135  2.8837
 163  0.789050  3.7576  3.8610  0.4578  7.2033  5.9258  4.7768  4.2622  4.3428  4.1353  3.7090  3.4947  3.4050  3.2428  2.9996  2.9918  2.8589
 164  0.789733  3.7539  3.8403  0.4642  7.3490  6.0037  4.8205  4.2935  4.3493  4.1356  3.6988  3.4807  3.3895  3.2247  2.9773  2.9691  2.8328
 165  0.790409  3.7499  3.8178  0.4713  7.5056  6.0866  4.8673  4.3273  4.3565  4.1363  3.6882  3.4659  3.3730  3.2054  2.9533  2.9448  2.8047
 166  0.791069  3.7458  3.7935  0.4797  7.6615  6.1687  4.9132  4.3599  4.3612  4.1345  3.6750  3.4484  3.3541  3.1835  2.9264  2.9176  2.7736
 167  0.791699  3.7419  3.7675  0.4900  7.8074  6.2455  4.9537  4.3877  4.3611  4.1279  3.6575  3.4266  3.3307  3.1574  2.8955  2.8861  2.7383
 168  0.792290  3.7382  3.7410  0.5023  7.9331  6.3103  4.9842  4.4066  4.3541  4.1150  3.6347  3.3999  3.3026  3.1266  2.8602  2.8506  2.6990
 169  0.792833  3.7351  3.7144  0.5164  8.0366  6.3612  5.0038  4.4161  4.3401  4.0959  3.6066  3.3685  3.2699  3.0917  2.8213  2.8113  2.6565
 170  0.793332  3.7324  3.6886  0.5319  8.1156  6.3963  5.0118  4.4157  4.3194  4.0708  3.5741  3.3332  3.2335  3.0534  2.7796  2.7695  2.6119
 171  0.793794  3.7302  3.6637  0.5484  8.1730  6.4173  5.0097  4.4069  4.2933  4.0411  3.5384  3.2950  3.1945  3.0128  2.7363  2.7259  2.5660
 172  0.794225  3.7284  3.6394  0.5655  8.2136  6.4273  5.0000  4.3915  4.2633  4.0080  3.5002  3.2548  3.1536  2.9705  2.6917  2.6811  2.5194
 173  0.794633  3.7269  3.6159  0.5831  8.2408  6.4286  4.9843  4.3712  4.2302  3.9725  3.4603  3.2133  3.1115  2.9273  2.6465  2.6357  2.4724
 174  0.795021  3.7256  3.5931  0.6009  8.2575  6.4230  4.9639  4.3469  4.1950  3.9351  3.4193  3.1707  3.0685  2.8833  2.6008  2.5899  2.4251
 175  0.795396  3.7244  3.5706  0.6191  8.2658  6.4119  4.9398  4.3195  4.1580  3.8962  3.3773  3.1275  3.0247  2.8388  2.5546  2.5437  2.3777
 176  0.795759  3.7234  3.5486  0.6373  8.2678  6.3967  4.9129  4.2899  4.1197  3.8563  3.3346  3.0838  2.9806  2.7938  2.5084  2.4973  2.3303
 177  0.796113  3.7226  3.5271  0.6556  8.2652  6.3779  4.8836  4.2581  4.0803  3.8153  3.2913  3.0395  2.9361  2.7486  2.4621  2.4509  2.2829
 178  0.796460  3.7218  3.5057  0.6740  8.2607  6.3575  4.8530  4.2252  4.0401  3.7739  3.2476  2.9950  2.8912  2.7032  2.4156  2.4044  2.2354
 179  0.796800  3.7210  3.4844  0.6924  8.2549  6.3365  4.8220  4.1920  3.9997  3.7322  3.2038  2.9503  2.8463  2.6577  2.3691  2.3578  2.1880
 180  0.797135  3.7203  3.4632  0.7109  8.2473  6.3143  4.7902  4.1581  3.9590  3.6903  3.1598  2.9055  2.8013  2.6121  2.3225  2.3111  2.1405
 181  0.797462  3.7196  3.4421  0.7294  8.2367  6.2901  4.7571  4.1231  3.9178  3.6479  3.1156  2.8606  2.7560  2.5663  2.2758  2.2643  2.0930
 182  0.797707  3.7191  3.4261  0.7436  8.2269  6.2707  4.7311  4.0959  3.8860  3.6152  3.0817  2.8261  2.7214  2.5314  2.2402  2.2286  2.0567
 183  0.797951  3.7186  3.4099  0.7580  8.2159  6.2503  4.7044  4.0679  3.8535  3.5820  3.0472  2.7910  2.6862  2.4958  2.2040  2.1924  2.0198
 184  0.798194  3.7182  3.3935  0.7727  8.2037  6.2289  4.6767  4.0391  3.8203  3.5479  3.0118  2.7552  2.6502  2.4595  2.1670  2.1554  1.9824
 185  0.798438  3.7177  3.3769  0.7875  8.1911  6.2072  4.6488  4.0099  3.7867  3.5136  2.9763  2.7191  2.6139  2.4229  2.1297  2.1180  1.9445
 186  0.798680  3.7173  3.3600  0.8027  8.1779  6.1849  4.6201  3.9800  3.7523  3.4784  2.9398  2.6821  2.5768  2.3853  2.0916  2.0799  1.9057
 187  0.798921  3.7168  3.3425  0.8184  8.1643  6.1619  4.5905  3.9492  3.7168  3.4421  2.9021  2.6439  2.5384  2.3466  2.0522  2.0404  1.8657
 188  0.799160  3.7163  3.3246  0.8344  8.1497  6.1385  4.5602  3.9175  3.6805  3.4049  2.8637  2.6049  2.4992  2.3070  2.0119  2.0000  1.8248
 189  0.799398  3.7158  3.3063  0.8509  8.1338  6.1137  4.5286  3.8847  3.6431  3.3667  2.8241  2.5648  2.4590  2.2664  1.9706  1.9586  1.7829
 190  0.799632  3.7152  3.2869  0.8684  8.1170  6.0877  4.4953  3.8500  3.6034  3.3261  2.7821  2.5222  2.4162  2.2232  1.9266  1.9147  1.7383
 191  0.799862  3.7147  3.2668  0.8865  8.0979  6.0597  4.4600  3.8134  3.5618  3.2837  2.7382  2.4777  2.3715  2.1782  1.8808  1.8688  1.6919
 192  0.800088  3.7142  3.2452  0.9059  8.0796  6.0317  4.4234  3.7753  3.5181  3.2388  2.6918  2.4306  2.3242  2.1303  1.8322  1.8202  1.6425
 193  0.800308  3.7135  3.2225  0.9262  8.0604  6.0024  4.3851  3.7353  3.4722  3.1918  2.6431  2.3812  2.2745  2.0801  1.7811  1.7690  1.5906
 194  0.800525  3.7129  3.1991  0.9473  8.0401  5.9721  4.3454  3.6940  3.4246  3.1433  2.5926  2.3300  2.2231  2.0282  1.7283  1.7161  1.5370
 195  0.800738  3.7122  3.1748  0.9690  8.0195  5.9414  4.3045  3.6513  3.3755  3.0929  2.5404  2.2770  2.1698  1.9744  1.6735  1.6612  1.4813
 196  0.800945  3.7115  3.1494  0.9916  7.9991  5.9110  4.2629  3.6077  3.3249  3.0410  2.4865  2.2222  2.1148  1.9187  1.6169  1.6045  1.4238
 197  0.801147  3.7107  3.1231  1.0149  7.9795  5.8810  4.2206  3.5631  3.2730  2.9877  2.4309  2.1657  2.0580  1.8613  1.5582  1.5458  1.3642
 198  0.801347  3.7099  3.0963  1.0388  7.9586  5.8501  4.1771  3.5174  3.2197  2.9330  2.3740  2.1078  1.9998  1.8025  1.4983  1.4858  1.3033
 199  0.801540  3.7091  3.0686  1.0633  7.9377  5.8195  4.1331  3.4710  3.1653  2.8771  2.3157  2.0485  1.9402  1.7421  1.4367  1.4241  1.2406
 200  0.801729  3.7082  3.0401  1.0885  7.9170  5.7891  4.0883  3.4237  3.1096  2.8198  2.2557  1.9874  1.8788  1.6800  1.3734  1.3607  1.1761
 201  0.801912  3.7074  3.0107  1.1143  7.8972  5.7599  4.0435  3.3761  3.0529  2.7613  2.1945  1.9250  1.8161  1.6165  1.3085  1.2957  1.1101
 202  0.802090  3.7063  2.9803  1.1408  7.8760  5.7309  3.9982  3.3279  2.9952  2.7019  2.1320  1.8613  1.7519  1.5516  1.2420  1.2291  1.0423
 203  0.802263  3.7053  2.9490  1.1678  7.8527  5.7018  3.9529  3.2795  2.9369  2.6417  2.0686  1.7966  1.6868  1.4854  1.1743  1.1613  0.9732
 204  0.802429  3.7041  2.9171  1.1954  7.8293  5.6735  3.9071  3.2305  2.8777  2.5804  2.0038  1.7304  1.6202  1.4178  1.1051  1.0920  0.9026
 205  0.802590  3.7029  2.8842  1.2235  7.8062  5.6463  3.8614  3.1814  2.8175  2.5182  1.9379  1.6630  1.5524  1.3490  1.0346  1.0213  0.8304
 206  0.802745  3.7017  2.8507  1.2522  7.7834  5.6207  3.8157  3.1321  2.7567  2.4551  1.8711  1.5946  1.4835  1.2791  0.9628  0.9493  0.7570
 207  0.802894  3.7004  2.8164  1.2814  7.7610  5.5968  3.7702  3.0828  2.6951  2.3911  1.8032  1.5252  1.4136  1.2080  0.8898  0.8762  0.6823
 208  0.803037  3.6991  2.7815  1.3110  7.7387  5.5744  3.7248  3.0336  2.6329  2.3265  1.7346  1.4549  1.3427  1.1359  0.8157  0.8020  0.6064
 209  0.803174  3.6977  2.7460  1.3411  7.7171  5.5540  3.6798  2.9844  2.5701  2.2612  1.6650  1.3835  1.2708  1.0629  0.7405  0.7267  0.5294
 210  0.803305  3.6963  2.7098  1.3716  7.6963  5.5366  3.6354  2.9356  2.5070  2.1955  1.5947  1.3114  1.1982  0.9890  0.6646  0.6505  0.4514
 211  0.803429  3.6948  2.6731  1.4024  7.6764  5.5233  3.5917  2.8873  2.4434  2.1291  1.5238  1.2385  1.1248  0.9143  0.5876  0.5733  0.3724
 212  0.803548  3.6933  2.6359  1.4337  7.6576  5.5126  3.5486  2.8395  2.3796  2.0624  1.4522  1.1651  1.0506  0.8388  0.5098  0.4954  0.2926
 213  0.803661  3.6917  2.5982  1.4652  7.6406  5.5053  3.5066  2.7925  2.3157  1.9955  1.3802  1.0910  0.9759  0.7627  0.4313  0.4167  0.2119
 214  0.803768  3.6901  2.5598  1.4972  7.6251  5.5011  3.4655  2.7462  2.2514  1.9280  1.3075  1.0161  0.9003  0.6856  0.3519  0.3370  0.1303
 215  0.803864  3.6884  2.5191  1.5309  7.6103  5.5019  3.4253  2.7006  2.1852  1.8582  1.2317  0.9378  0.8213  0.6049  0.2683  0.2533  0.0441
 216  0.803962  3.6864  2.4754  1.5668  7.6043  5.5103  3.3865  2.6560  2.1162  1.7850  1.1515  0.8549  0.7376  0.5193  0.1794  0.1641 -0.0476
 217  0.803975  3.6862  2.4696  1.5716  7.6063  5.5128  3.3819  2.6505  2.1072  1.7754  1.1410  0.8439  0.7264  0.5080  0.1675  0.1522 -0.0598
 218  0.803988  3.6858  2.4639  1.5763  7.6080  5.5148  3.3772  2.6448  2.0982  1.7658  1.1304  0.8330  0.7155  0.4967  0.1558  0.1405 -0.0719
 219  0.804000  3.6856  2.4584  1.5808  7.6103  5.5170  3.3728  2.6394  2.0895  1.7566  1.1203  0.8226  0.7049  0.4859  0.1447  0.1293 -0.0834
 220  0.804012  3.6854  2.4531  1.5852  7.6133  5.5196  3.3685  2.6342  2.0811  1.7477  1.1105  0.8125  0.6947  0.4755  0.1339  0.1185 -0.0945
 221  0.804025  3.6851  2.4479  1.5895  7.6164  5.5221  3.3642  2.6290  2.0727  1.7387  1.1008  0.8023  0.6844  0.4650  0.1230  0.1076 -0.1057
 222  0.804038  3.6849  2.4426  1.5938  7.6195  5.5246  3.3600  2.6237  2.0644  1.7299  1.0910  0.7923  0.6742  0.4546  0.1122  0.0968 -0.1168
 223  0.804051  3.6847  2.4374  1.5982  7.6225  5.5271  3.3556  2.6185  2.0560  1.7210  1.0813  0.7821  0.6639  0.4441  0.1014  0.0860 -0.1279
 224  0.804064  3.6844  2.4321  1.6025  7.6259  5.5297  3.3515  2.6133  2.0477  1.7121  1.0715  0.7720  0.6538  0.4337  0.0906  0.0751 -0.1390
 225  0.804076  3.6842  2.4267  1.6068  7.6294  5.5327  3.3475  2.6083  2.0395  1.7031  1.0617  0.7619  0.6435  0.4232  0.0797  0.0642 -0.1502
 226  0.804089  3.6839  2.4214  1.6112  7.6330  5.5355  3.3434  2.6031  2.0312  1.6943  1.0519  0.7517  0.6332  0.4127  0.0689  0.0534 -0.1614
 227  0.804208  3.6817  2.3725  1.6512  7.6751  5.5658  3.3074  2.5574  1.9548  1.6125  0.9617  0.6582  0.5386  0.3160 -0.0312 -0.0470 -0.2646
 228  0.804320  3.6802  2.3363  1.6811  7.7302  5.5866  3.2796  2.5211  1.8965  1.5500  0.8933  0.5875  0.4672  0.2431 -0.1064 -0.1223 -0.3416
 229  0.804425  3.6796  2.3219  1.6935  7.8011  5.5882  3.2641  2.5001  1.8684  1.5202  0.8618  0.5554  0.4348  0.2105 -0.1391 -0.1552 -0.3747
 230  0.804536  3.6774  2.2725  1.7339  7.8492  5.6359  3.2340  2.4595  1.7932  1.4389  0.7716  0.4615  0.3397  0.1132 -0.2399 -0.2561 -0.4783
 231  0.804638  3.6744  2.2126  1.7821  7.8873  5.7053  3.2053  2.4193  1.7070  1.3449  0.6657  0.3510  0.2277 -0.0018 -0.3593 -0.3760 -0.6019
 232  0.804730  3.6717  2.1575  1.8264  7.9102  5.7698  3.1807  2.3849  1.6287  1.2594  0.5691  0.2498  0.1251 -0.1071 -0.4687 -0.4858 -0.7150
 233  0.804812  3.6694  2.1109  1.8639  7.8981  5.8191  3.1592  2.3568  1.5631  1.1879  0.4882  0.1650  0.0390 -0.1956 -0.5607 -0.5780 -0.8102
 234  0.804890  3.6681  2.0840  1.8856  7.8662  5.8472  3.1485  2.3445  1.5259  1.1472  0.4418  0.1163 -0.0105 -0.2465 -0.6134 -0.6308 -0.8648
 235  0.804967  3.6668  2.0555  1.9090  7.8309  5.8727  3.1366  2.3313  1.4863  1.1039  0.3923  0.0642 -0.0634 -0.3008 -0.6697 -0.6873 -0.9231
 236  0.805041  3.6636  1.9940  1.9578  7.8219  5.9330  3.1119  2.2983  1.4034  1.0129  0.2881 -0.0453 -0.1746 -0.4154 -0.7893 -0.8074 -1.0473
 237  0.805108  3.6603  1.9306  2.0078  7.8084  5.9942  3.0902  2.2684  1.3207  0.9215  0.1824 -0.1568 -0.2879 -0.5321 -0.9113 -0.9299 -1.1743
 238  0.805168  3.6569  1.8684  2.0567  7.7884  6.0573  3.0728  2.2439  1.2427  0.8346  0.0809 -0.2643 -0.3972 -0.6450 -1.0296 -1.0485 -1.2978
 239  0.805221  3.6536  1.8074  2.1043  7.7629  6.1202  3.0581  2.2228  1.1684  0.7515 -0.0172 -0.3681 -0.5030 -0.7543 -1.1447 -1.1641 -1.4181
 240  0.805268  3.6502  1.7464  2.1518  7.7348  6.1841  3.0458  2.2048  1.0962  0.6704 -0.1136 -0.4707 -0.6075 -0.8624 -1.2590 -1.2788 -1.5379
 241  0.805312  3.6468  1.6852  2.1993  7.7052  6.2519  3.0351  2.1887  1.0254  0.5904 -0.2093 -0.5725 -0.7114 -0.9700 -1.3729 -1.3933 -1.6575
 242  0.805350  3.6436  1.6282  2.2434  7.6701  6.3190  3.0280  2.1775  0.9616  0.5182 -0.2968 -0.6659 -0.8067 -1.0688 -1.4780 -1.4988 -1.7682
 243  0.805385  3.6404  1.5726  2.2863  7.6299  6.3832  3.0217  2.1680  0.9012  0.4493 -0.3812 -0.7562 -0.8991 -1.1643 -1.5800 -1.6012 -1.8757
 244  0.805416  3.6373  1.5182  2.3281  7.5870  6.4437  3.0163  2.1603  0.8441  0.3837 -0.4624 -0.8432 -0.9880 -1.2564 -1.6789 -1.7005 -1.9802
 245  0.805444  3.6341  1.4648  2.3689  7.5411  6.4994  3.0110  2.1535  0.7895  0.3210 -0.5409 -0.9274 -1.0744 -1.3457 -1.7751 -1.7972 -2.0822
 246  0.805471  3.6310  1.4123  2.4090  7.4932  6.5518  3.0061  2.1478  0.7373  0.2608 -0.6169 -1.0092 -1.1582 -1.4325 -1.8694 -1.8919 -2.1822
 247  0.805495  3.6279  1.3607  2.4481  7.4445  6.6016  3.0029  2.1446  0.6886  0.2041 -0.6897 -1.0875 -1.2385 -1.5160 -1.9609 -1.9838 -2.2796
 248  0.805517  3.6248  1.3101  2.4863  7.3948  6.6443  2.9998  2.1427  0.6424  0.1501 -0.7595 -1.1630 -1.3160 -1.5967 -2.0499 -2.0732 -2.3748
 249  0.805537  3.6217  1.2600  2.5241  7.3434  6.6827  2.9962  2.1408  0.5977  0.0978 -0.8281 -1.2369 -1.3921 -1.6756 -2.1380 -2.1617 -2.4689
 250  0.805555  3.6187  1.2113  2.5609  7.2915  6.7152  2.9918  2.1389  0.5556  0.0486 -0.8935 -1.3074 -1.4645 -1.7508 -2.2230 -2.2469 -2.5602
 251  0.805572  3.6157  1.1634  2.5968  7.2387  6.7427  2.9872  2.1372  0.5155  0.0015 -0.9566 -1.3754 -1.5344 -1.8235 -2.3062 -2.3305 -2.6497
 252  0.805588  3.6128  1.1162  2.6322  7.1850  6.7645  2.9816  2.1355  0.4766 -0.0444 -1.0187 -1.4420 -1.6028 -1.8947 -2.3884 -2.4129 -2.7381
 253  0.805602  3.6098  1.0704  2.6666  7.1316  6.7810  2.9759  2.1342  0.4408 -0.0868 -1.0770 -1.5047 -1.6671 -1.9619 -2.4676 -2.4924 -2.8238
 254  0.805616  3.6070  1.0251  2.7003  7.0783  6.7921  2.9696  2.1333  0.4074 -0.1264 -1.1323 -1.5644 -1.7283 -2.0263 -2.5451 -2.5702 -2.9079
 255  0.805627  3.6042  0.9809  2.7332  7.0259  6.7965  2.9629  2.1327  0.3769 -0.1628 -1.1842 -1.6205 -1.7858 -2.0873 -2.6201 -2.6454 -2.9898
 256  0.805640  3.6014  0.9376  2.7656  6.9736  6.7970  2.9553  2.1317  0.3484 -0.1967 -1.2330 -1.6733 -1.8397 -2.1453 -2.6935 -2.7192 -3.0704
 257  0.805650  3.5986  0.8947  2.7972  6.9217  6.7950  2.9475  2.1312  0.3222 -0.2280 -1.2786 -1.7225 -1.8896 -2.1995 -2.7655 -2.7915 -3.1496
 258  0.805660  3.5959  0.8530  2.8281  6.8706  6.7898  2.9389  2.1302  0.2986 -0.2561 -1.3203 -1.7676 -1.9352 -2.2502 -2.8352 -2.8614 -3.2268
 259  0.805670  3.5932  0.8120  2.8584  6.8198  6.7817  2.9290  2.1285  0.2772 -0.2811 -1.3579 -1.8084 -1.9762 -2.2972 -2.9032 -2.9299 -3.3027
 260  0.805678  3.5905  0.7718  2.8879  6.7698  6.7715  2.9181  2.1262  0.2584 -0.3027 -1.3906 -1.8441 -2.0116 -2.3400 -2.9695 -2.9965 -3.3770
 261  0.805686  3.5879  0.7326  2.9166  6.7204  6.7590  2.9058  2.1227  0.2417 -0.3217 -1.4198 -1.8762 -2.0429 -2.3795 -3.0336 -3.0610 -3.4494
 262  0.805694  3.5854  0.6939  2.9451  6.6716  6.7452  2.8924  2.1187  0.2274 -0.3373 -1.4448 -1.9041 -2.0701 -2.4155 -3.0961 -3.1239 -3.5206
 263  0.805701  3.5829  0.6563  2.9728  6.6241  6.7299  2.8776  2.1131  0.2155 -0.3497 -1.4659 -1.9282 -2.0930 -2.4480 -3.1559 -3.1843 -3.5895
 264  0.805707  3.5804  0.6192  2.9999  6.5775  6.7143  2.8623  2.1073  0.2063 -0.3584 -1.4820 -1.9474 -2.1107 -2.4765 -3.2137 -3.2427 -3.6569
 265  0.805713  3.5780  0.5829  3.0266  6.5328  6.7003  2.8475  2.1030  0.2031 -0.3588 -1.4859 -1.9544 -2.1148 -2.4955 -3.2677 -3.2977 -3.7226
 266  0.805719  3.5756  0.5475  3.0525  6.4899  6.6870  2.8326  2.0992  0.2038 -0.3539 -1.4824 -1.9540 -2.1109 -2.5086 -3.3187 -3.3500 -3.7860
 267  0.805725  3.5733  0.5127  3.0780  6.4478  6.6735  2.8174  2.0952  0.2065 -0.3462 -1.4749 -1.9499 -2.1027 -2.5183 -3.3679 -3.4005 -3.8482
 268  0.805730  3.5710  0.4785  3.1029  6.4072  6.6600  2.8019  2.0908  0.2105 -0.3360 -1.4638 -1.9421 -2.0910 -2.5247 -3.4139 -3.4480 -3.9081
 269  0.805735  3.5688  0.4450  3.1274  6.3675  6.6451  2.7849  2.0840  0.2134 -0.3252 -1.4508 -1.9330 -2.0779 -2.5292 -3.4571 -3.4932 -3.9662
 270  0.805740  3.5664  0.4121  3.1513  6.3297  6.6315  2.7690  2.0787  0.2199 -0.3104 -1.4336 -1.9200 -2.0610 -2.5302 -3.4975 -3.5357 -4.0221
 271  0.805744  3.5642  0.3799  3.1746  6.2936  6.6189  2.7537  2.0740  0.2297 -0.2921 -1.4131 -1.9040 -2.0411 -2.5282 -3.5352 -3.5758 -4.0761
 272  0.805748  3.5620  0.3479  3.1975  6.2600  6.6092  2.7408  2.0725  0.2459 -0.2660 -1.3841 -1.8800 -2.0132 -2.5193 -3.5687 -3.6119 -4.1274
 273  0.805752  3.5598  0.3168  3.2199  6.2265  6.5983  2.7269  2.0695  0.2608 -0.2419 -1.3585 -1.8592 -1.9892 -2.5123 -3.6015 -3.6472 -4.1775
 274  0.805756  3.5576  0.2860  3.2418  6.1959  6.5907  2.7161  2.0703  0.2814 -0.2117 -1.3274 -1.8337 -1.9606 -2.5006 -3.6305 -3.6792 -4.2251
 275  0.805760  3.5554  0.2558  3.2632  6.1682  6.5845  2.7079  2.0732  0.3070 -0.1767 -1.2946 -1.8089 -1.9348 -2.4884 -3.6542 -3.7060 -4.2683
 276  0.805763  3.5533  0.2266  3.2840  6.1423  6.5790  2.7010  2.0771  0.3358 -0.1384 -1.2593 -1.7827 -1.9083 -2.4744 -3.6740 -3.7293 -4.3083
 277  0.805766  3.5513  0.1983  3.3043  6.1179  6.5744  2.6953  2.0825  0.3669 -0.0982 -1.2226 -1.7555 -1.8810 -2.4590 -3.6914 -3.7503 -4.3460
 278  0.805770  3.5493  0.1711  3.3237  6.0956  6.5716  2.6916  2.0900  0.4006 -0.0560 -1.1848 -1.7272 -1.8528 -2.4420 -3.7063 -3.7688 -4.3812
 279  0.805773  3.5476  0.1471  3.3410  6.0745  6.5661  2.6851  2.0922  0.4260 -0.0220 -1.1540 -1.7049 -1.8308 -2.4297 -3.7209 -3.7863 -4.4126
