#NUMBER OF AGES= 1
#----------------------------------------------------       
#MIX-LEN  Y      Z          Zeff        [Fe/H] [a/Fe]
# 1.9380  0.3300 4.8102E-03 2.4485E-03  -0.78   0.40 
#----------------------------------------------------       
#**PHOTOMETRIC SYSTEM**: HST WFPC2 (Vega)                   
#----------------------------------------------------       
#AGE=10.400 EEPS=267
#EEP   M/Mo    LogTeff  LogG   LogL/Lo F218W   F255W   F300W   F336W   F439W   F450W   F555W   F606W   F622W   F675W   F791W   F814W   F850LP
  13  0.112115  3.5185  5.2509 -2.7355 20.8727 20.8999 17.0678 16.2881 15.1447 14.6735 13.3754 12.8618 12.6787 12.2306 11.0424 10.9951 10.4684
  14  0.132995  3.5209  5.1812 -2.5821 20.4730 20.4496 16.6296 15.8398 14.6910 14.2362 12.9566 12.4435 12.2612 11.8172 10.6551 10.6085 10.0874
  15  0.154186  3.5241  5.1268 -2.4508 20.1259 20.0443 16.2406 15.4399 14.2854 13.8450 12.5836 12.0716 11.8899 11.4516 10.3206 10.2751  9.7616
  16  0.173738  3.5284  5.0900 -2.3448 19.8375 19.6859 15.9047 15.0922 13.9301 13.5029 12.2608 11.7507 11.5692 11.1387 10.0469 10.0028  9.5000
  17  0.190400  3.5325  5.0643 -2.2626 19.6104 19.3940 15.6350 14.8127 13.6441 13.2275 12.0021 11.4939 11.3127 10.8890  9.8332  9.7905  9.2980
  18  0.205093  3.5360  5.0437 -2.1963 19.4272 19.1590 15.4183 14.5889 13.4154 13.0066 11.7943 11.2877 11.1066 10.6882  9.6609  9.6193  9.1350
  19  0.219524  3.5390  5.0257 -2.1367 19.2625 18.9484 15.2246 14.3895 13.2115 12.8093 11.6083 11.1030 10.9221 10.5085  9.5063  9.4655  8.9884
  20  0.232654  3.5417  5.0106 -2.0856 19.1215 18.7677 15.0592 14.2194 13.0377 12.6406 11.4493 10.9453 10.7645 10.3549  9.3742  9.3344  8.8635
  21  0.243164  3.5437  4.9986 -2.0462 19.0134 18.6291 14.9322 14.0892 12.9045 12.5111 11.3269 10.8239 10.6433 10.2365  9.2726  9.2331  8.7672
  22  0.250992  3.5452  4.9895 -2.0173 18.9348 18.5283 14.8398 13.9944 12.8073 12.4166 11.2376 10.7352 10.5546 10.1499  9.1980  9.1590  8.6965
  23  0.256747  3.5464  4.9827 -1.9963 18.8784 18.4562 14.7738 13.9269 12.7379 12.3486 11.1732 10.6711 10.4907 10.0874  9.1441  9.1054  8.6455
  24  0.261212  3.5471  4.9776 -1.9806 18.8359 18.4023 14.7246 13.8764 12.6859 12.2978 11.1249 10.6232 10.4427 10.0403  9.1036  9.0651  8.6070
  25  0.264668  3.5478  4.9737 -1.9684 18.8030 18.3602 14.6865 13.8376 12.6460 12.2588 11.0878 10.5862 10.4058 10.0043  9.0724  9.0341  8.5775
  26  0.267367  3.5483  4.9707 -1.9588 18.7771 18.3271 14.6567 13.8071 12.6147 12.2281 11.0586 10.5572 10.3768  9.9760  9.0481  9.0099  8.5544
  27  0.269597  3.5487  4.9682 -1.9510 18.7554 18.2992 14.6318 13.7816 12.5885 12.2025 11.0342 10.5330 10.3526  9.9524  9.0278  8.9897  8.5353
  28  0.271766  3.5491  4.9663 -1.9439 18.7355 18.2732 14.6087 13.7580 12.5644 12.1788 11.0119 10.5108 10.3305  9.9308  9.0095  8.9715  8.5181
  29  0.273927  3.5496  4.9643 -1.9367 18.7153 18.2470 14.5855 13.7343 12.5401 12.1550 10.9894 10.4884 10.3081  9.9090  8.9909  8.9531  8.5006
  30  0.276415  3.5501  4.9624 -1.9289 18.6935 18.2186 14.5604 13.7085 12.5138 12.1291 10.9649 10.4642 10.2839  9.8855  8.9709  8.9332  8.4818
  31  0.279429  3.5506  4.9603 -1.9198 18.6679 18.1852 14.5308 13.6784 12.4829 12.0989 10.9363 10.4359 10.2556  9.8579  8.9476  8.9100  8.4599
  32  0.282990  3.5513  4.9578 -1.9092 18.6381 18.1468 14.4968 13.6436 12.4472 12.0638 10.9030 10.4030 10.2227  9.8259  8.9202  8.8828  8.4341
  33  0.287151  3.5520  4.9545 -1.8967 18.6029 18.1020 14.4567 13.6027 12.4054 12.0226 10.8640 10.3643 10.1841  9.7883  8.8879  8.8506  8.4036
  34  0.293343  3.5533  4.9481 -1.8753 18.5417 18.0225 14.3872 13.5316 12.3320 11.9502 10.7943 10.2951 10.1147  9.7214  8.8328  8.7958  8.3521
  35  0.323207  3.5603  4.9164 -1.7757 18.2560 17.6591 14.0628 13.1996 11.9848 11.6095 10.4708  9.9772  9.7965  9.4153  8.5735  8.5390  8.1114
  36  0.349244  3.5666  4.8858 -1.6853 17.9877 17.2955 13.7631 12.8966 11.6791 11.3059 10.1839  9.6934  9.5131  9.1398  8.3425  8.3092  7.8956
  37  0.376130  3.5747  4.8504 -1.5839 17.6751 16.8499 13.4129 12.5441 11.3286 10.9559  9.8553  9.3695  9.1901  8.8267  8.0841  8.0524  7.6567
  38  0.387935  3.5792  4.8337 -1.5365 17.5333 16.6288 13.2482 12.3782 11.1609 10.7860  9.6937  9.2100  9.0306  8.6735  7.9626  7.9318  7.5463
  39  0.400150  3.5839  4.8163 -1.4870 17.3757 16.3902 13.0714 12.2011 10.9853 10.6083  9.5260  9.0455  8.8663  8.5160  7.8361  7.8061  7.4312
  40  0.412043  3.5887  4.7996 -1.4380 17.2147 16.1479 12.8914 12.0213 10.8091 10.4301  9.3591  8.8825  8.7037  8.3603  7.7109  7.6817  7.3177
  41  0.423247  3.5937  4.7842 -1.3910 17.0568 15.9137 12.7146 11.8448 10.6372 10.2565  9.1977  8.7259  8.5474  8.2114  7.5909  7.5625  7.2092
  42  0.433520  3.5986  4.7703 -1.3474 16.9069 15.6990 12.5466 11.6770 10.4736 10.0921  9.0464  8.5800  8.4021  8.0731  7.4788  7.4513  7.1081
  43  0.443062  3.6034  4.7579 -1.3062 16.7638 15.4988 12.3860 11.5164 10.3171  9.9355  8.9034  8.4429  8.2656  7.9438  7.3735  7.3468  7.0133
  44  0.452393  3.6083  4.7461 -1.2657 16.6216 15.3042 12.2256 11.3560 10.1606  9.7796  8.7626  8.3087  8.1322  7.8176  7.2700  7.2441  6.9202
  45  0.461901  3.6136  4.7348 -1.2244 16.4752 15.1104 12.0597 11.1895  9.9978  9.6185  8.6186  8.1724  7.9971  7.6901  7.1647  7.1396  6.8254
  46  0.471510  3.6192  4.7243 -1.1823 16.3283 14.9257 11.8900 11.0177  9.8275  9.4510  8.4711  8.0340  7.8600  7.5613  7.0578  7.0335  6.7294
  47  0.481020  3.6253  4.7149 -1.1401 16.1769 14.7414 11.7124 10.8367  9.6496  9.2770  8.3200  7.8936  7.7214  7.4316  6.9502  6.9268  6.6333
  48  0.490463  3.6318  4.7066 -1.0974 16.0164 14.5453 11.5207 10.6411  9.4633  9.0955  8.1653  7.7510  7.5812  7.3010  6.8416  6.8192  6.5367
  49  0.499941  3.6387  4.6993 -1.0541 15.8405 14.3203 11.3074 10.4239  9.2680  8.9054  8.0060  7.6057  7.4388  7.1687  6.7314  6.7100  6.4389
  50  0.509369  3.6458  4.6927 -1.0107 15.6388 14.0383 11.0683 10.1822  9.0676  8.7104  7.8452  7.4596  7.2967  7.0367  6.6208  6.6003  6.3405
  51  0.518720  3.6532  4.6866 -0.9675 15.4037 13.7014 10.8054  9.9198  8.8656  8.5138  7.6851  7.3147  7.1565  6.9061  6.5100  6.4905  6.2417
  52  0.523709  3.6572  4.6836 -0.9443 15.2588 13.4916 10.6524  9.7689  8.7568  8.4079  7.5997  7.2376  7.0824  6.8368  6.4502  6.4313  6.1881
  53  0.528642  3.6611  4.6807 -0.9214 15.1015 13.2658 10.4952  9.6159  8.6495  8.3036  7.5157  7.1617  7.0096  6.7685  6.3907  6.3724  6.1346
  54  0.533521  3.6652  4.6780 -0.8987 14.9295 13.0270 10.3345  9.4612  8.5439  8.2011  7.4332  7.0873  6.9384  6.7015  6.3320  6.3141  6.0816
  55  0.538337  3.6691  4.6753 -0.8763 14.7415 12.7783 10.1719  9.3064  8.4406  8.1010  7.3527  7.0145  6.8689  6.6361  6.2740  6.2567  6.0294
  56  0.543097  3.6730  4.6726 -0.8542 14.5316 12.5199 10.0076  9.1520  8.3398  8.0038  7.2743  6.9435  6.8011  6.5722  6.2171  6.2003  5.9779
  57  0.547812  3.6768  4.6697 -0.8325 14.2978 12.2522  9.8422  8.9989  8.2414  7.9094  7.1980  6.8743  6.7352  6.5099  6.1613  6.1449  5.9272
  58  0.552467  3.6805  4.6668 -0.8111 14.0307 11.9780  9.6753  8.8469  8.1458  7.8182  7.1240  6.8073  6.6714  6.4495  6.1068  6.0909  5.8777
  59  0.557076  3.6841  4.6637 -0.7900 13.7607 11.7099  9.5121  8.6991  8.0532  7.7300  7.0521  6.7419  6.6092  6.3906  6.0534  6.0380  5.8290
  60  0.561643  3.6876  4.6605 -0.7692 13.4985 11.4552  9.3555  8.5577  7.9639  7.6453  6.9826  6.6784  6.5486  6.3331  6.0010  5.9860  5.7813
  61  0.566166  3.6910  4.6570 -0.7488 13.2577 11.2213  9.2079  8.4241  7.8781  7.5638  6.9152  6.6167  6.4895  6.2769  5.9497  5.9351  5.7344
  62  0.570632  3.6942  4.6534 -0.7288 13.0434 11.0124  9.0710  8.2996  7.7956  7.4856  6.8497  6.5564  6.4317  6.2220  5.8994  5.8853  5.6884
  63  0.575044  3.6974  4.6498 -0.7090 12.8792 10.8395  8.9484  8.1860  7.7166  7.4104  6.7862  6.4978  6.3751  6.1681  5.8502  5.8364  5.6432
  64  0.579396  3.7005  4.6462 -0.6896 12.7264 10.6794  8.8316  8.0773  7.6400  7.3377  6.7243  6.4403  6.3197  6.1153  5.8019  5.7884  5.5988
  65  0.583698  3.7036  4.6423 -0.6704 12.5807 10.5296  8.7194  7.9731  7.5655  7.2672  6.6638  6.3842  6.2655  6.0636  5.7543  5.7414  5.5552
  66  0.587932  3.7066  4.6384 -0.6515 12.4353 10.3856  8.6102  7.8720  7.4930  7.1985  6.6049  6.3293  6.2124  6.0130  5.7079  5.6951  5.5123
  67  0.592112  3.7094  4.6345 -0.6328 12.2854 10.2443  8.5029  7.7730  7.4222  7.1317  6.5475  6.2757  6.1605  5.9634  5.6621  5.6498  5.4703
  68  0.596228  3.7123  4.6305 -0.6144 12.1183 10.0989  8.3948  7.6745  7.3529  7.0664  6.4913  6.2233  6.1097  5.9149  5.6175  5.6054  5.4291
  69  0.600278  3.7151  4.6264 -0.5963 11.9396  9.9511  8.2869  7.5770  7.2850  7.0027  6.4365  6.1722  6.0602  5.8676  5.5737  5.5620  5.3886
  70  0.604264  3.7178  4.6222 -0.5784 11.7609  9.8072  8.1815  7.4822  7.2190  6.9408  6.3832  6.1223  6.0118  5.8212  5.5308  5.5193  5.3490
  71  0.608181  3.7204  4.6179 -0.5609 11.5832  9.6673  8.0787  7.3898  7.1545  6.8804  6.3311  6.0735  5.9645  5.7758  5.4889  5.4776  5.3101
  72  0.612034  3.7229  4.6135 -0.5435 11.4095  9.5326  7.9790  7.3005  7.0918  6.8218  6.2804  6.0259  5.9183  5.7315  5.4476  5.4367  5.2718
  73  0.615818  3.7254  4.6090 -0.5266 11.2411  9.4034  7.8826  7.2139  7.0307  6.7646  6.2309  5.9793  5.8731  5.6880  5.4074  5.3966  5.2344
  74  0.619534  3.7278  4.6044 -0.5099 11.0802  9.2804  7.7896  7.1304  6.9712  6.7089  6.1825  5.9340  5.8288  5.6456  5.3678  5.3574  5.1976
  75  0.623171  3.7300  4.5997 -0.4935 10.9275  9.1639  7.7004  7.0500  6.9135  6.6548  6.1356  5.8896  5.7857  5.6042  5.3293  5.3192  5.1618
  76  0.626730  3.7323  4.5951 -0.4774 10.7793  9.0518  7.6139  6.9721  6.8572  6.6022  6.0898  5.8465  5.7437  5.5638  5.2917  5.2817  5.1266
  77  0.630217  3.7344  4.5904 -0.4618 10.6372  8.9451  7.5309  6.8973  6.8027  6.5513  6.0452  5.8044  5.7028  5.5244  5.2549  5.2451  5.0921
  78  0.633637  3.7364  4.5855 -0.4462 10.5000  8.8423  7.4506  6.8250  6.7496  6.5016  6.0017  5.7634  5.6627  5.4858  5.2188  5.2092  5.0583
  79  0.636981  3.7384  4.5806 -0.4311 10.3678  8.7440  7.3733  6.7553  6.6981  6.4533  5.9595  5.7233  5.6236  5.4481  5.1835  5.1741  5.0252
  80  0.640265  3.7404  4.5756 -0.4162 10.2403  8.6493  7.2985  6.6878  6.6480  6.4063  5.9182  5.6842  5.5853  5.4112  5.1488  5.1396  4.9926
  81  0.643486  3.7423  4.5707 -0.4016 10.1169  8.5581  7.2260  6.6225  6.5990  6.3604  5.8779  5.6458  5.5478  5.3750  5.1149  5.1058  4.9606
  82  0.647537  3.7446  4.5641 -0.3832  9.9659  8.4463  7.1368  6.5420  6.5382  6.3032  5.8272  5.5977  5.5007  5.3293  5.0718  5.0631  4.9200
  83  0.651547  3.7468  4.5573 -0.3649  9.8191  8.3378  7.0501  6.4635  6.4783  6.2470  5.7774  5.5501  5.4541  5.2842  5.0291  5.0206  4.8797
  84  0.655518  3.7489  4.5504 -0.3466  9.6768  8.2324  6.9654  6.3871  6.4194  6.1916  5.7281  5.5030  5.4078  5.2394  4.9867  4.9783  4.8395
  85  0.659447  3.7510  4.5431 -0.3285  9.5392  8.1305  6.8830  6.3124  6.3614  6.1370  5.6793  5.4562  5.3620  5.1949  4.9446  4.9364  4.7994
  86  0.663332  3.7530  4.5358 -0.3105  9.4048  8.0305  6.8021  6.2392  6.3041  6.0828  5.6310  5.4101  5.3166  5.1509  4.9028  4.8947  4.7596
  87  0.667174  3.7550  4.5280 -0.2925  9.2750  7.9336  6.7232  6.1676  6.2475  6.0296  5.5833  5.3643  5.2716  5.1071  4.8611  4.8533  4.7199
  88  0.670966  3.7568  4.5200 -0.2746  9.1488  7.8389  6.6459  6.0976  6.1918  5.9768  5.5360  5.3188  5.2270  5.0637  4.8197  4.8121  4.6804
  89  0.674708  3.7587  4.5119 -0.2568  9.0250  7.7451  6.5692  6.0280  6.1364  5.9246  5.4893  5.2739  5.1829  5.0209  4.7789  4.7714  4.6414
  90  0.678391  3.7603  4.5034 -0.2392  8.9063  7.6546  6.4948  5.9605  6.0820  5.8732  5.4430  5.2295  5.1392  4.9783  4.7383  4.7310  4.6026
  91  0.682008  3.7620  4.4949 -0.2216  8.7927  7.5671  6.4225  5.8947  6.0285  5.8226  5.3973  5.1856  5.0959  4.9362  4.6981  4.6909  4.5639
  92  0.685553  3.7636  4.4861 -0.2043  8.6837  7.4827  6.3526  5.8309  5.9760  5.7727  5.3523  5.1422  5.0532  4.8946  4.6582  4.6512  4.5256
  93  0.689018  3.7651  4.4771 -0.1873  8.5794  7.4014  6.2849  5.7690  5.9245  5.7239  5.3078  5.0994  5.0112  4.8535  4.6188  4.6118  4.4877
  94  0.692401  3.7665  4.4680 -0.1704  8.4792  7.3231  6.2196  5.7090  5.8740  5.6758  5.2641  5.0573  4.9696  4.8130  4.5799  4.5730  4.4501
  95  0.695698  3.7679  4.4589 -0.1537  8.3830  7.2474  6.1564  5.6509  5.8246  5.6287  5.2211  5.0157  4.9286  4.7730  4.5414  4.5347  4.4130
  96  0.698907  3.7691  4.4497 -0.1373  8.2911  7.1749  6.0956  5.5946  5.7764  5.5826  5.1788  4.9749  4.8883  4.7336  4.5035  4.4968  4.3762
  97  0.702030  3.7703  4.4405 -0.1213  8.2030  7.1053  6.0368  5.5405  5.7292  5.5374  5.1372  4.9346  4.8486  4.6947  4.4660  4.4595  4.3399
  98  0.705068  3.7715  4.4311 -0.1054  8.1203  7.0395  5.9809  5.4888  5.6833  5.4933  5.0964  4.8949  4.8095  4.6563  4.4289  4.4225  4.3039
  99  0.708022  3.7726  4.4219 -0.0899  8.0411  6.9765  5.9271  5.4390  5.6385  5.4501  5.0562  4.8558  4.7708  4.6185  4.3923  4.3860  4.2683
 100  0.710898  3.7737  4.4125 -0.0747  7.9648  6.9156  5.8749  5.3906  5.5946  5.4078  5.0168  4.8175  4.7329  4.5813  4.3563  4.3500  4.2333
 101  0.713698  3.7747  4.4033 -0.0596  7.8915  6.8567  5.8242  5.3437  5.5517  5.3663  4.9781  4.7798  4.6956  4.5447  4.3209  4.3146  4.1988
 102  0.716425  3.7757  4.3941 -0.0447  7.8205  6.7994  5.7750  5.2979  5.5096  5.3256  4.9401  4.7428  4.6590  4.5087  4.2860  4.2799  4.1648
 103  0.719086  3.7766  4.3848 -0.0302  7.7523  6.7440  5.7272  5.2533  5.4684  5.2857  4.9027  4.7064  4.6229  4.4733  4.2516  4.2455  4.1312
 104  0.721687  3.7775  4.3757 -0.0158  7.6859  6.6900  5.6805  5.2099  5.4280  5.2464  4.8660  4.6705  4.5874  4.4384  4.2177  4.2117  4.0982
 105  0.724232  3.7783  4.3665 -0.0018  7.6224  6.6377  5.6352  5.1678  5.3884  5.2079  4.8298  4.6352  4.5524  4.4040  4.1842  4.1783  4.0655
 106  0.726730  3.7792  4.3573  0.0122  7.5606  6.5867  5.5909  5.1264  5.3494  5.1701  4.7942  4.6004  4.5179  4.3701  4.1512  4.1454  4.0333
 107  0.729188  3.7800  4.3481  0.0259  7.5013  6.5373  5.5478  5.0862  5.3113  5.1330  4.7590  4.5660  4.4839  4.3366  4.1187  4.1128  4.0013
 108  0.731616  3.7807  4.3390  0.0394  7.4436  6.4891  5.5058  5.0469  5.2738  5.0965  4.7244  4.5322  4.4504  4.3036  4.0864  4.0807  3.9697
 109  0.734020  3.7814  4.3298  0.0529  7.3880  6.4424  5.4648  5.0085  5.2369  5.0606  4.6904  4.4989  4.4172  4.2710  4.0546  4.0489  3.9384
 110  0.736378  3.7820  4.3206  0.0660  7.3344  6.3968  5.4248  4.9709  5.2006  5.0252  4.6568  4.4659  4.3846  4.2387  4.0231  4.0174  3.9075
 111  0.738630  3.7828  4.3117  0.0791  7.2806  6.3513  5.3849  4.9337  5.1649  4.9903  4.6237  4.4335  4.3524  4.2071  3.9921  3.9864  3.8771
 112  0.739621  3.7830  4.3076  0.0849  7.2562  6.3308  5.3670  4.9169  5.1487  4.9745  4.6088  4.4189  4.3379  4.1928  3.9782  3.9726  3.8634
 113  0.740611  3.7834  4.3035  0.0909  7.2320  6.3103  5.3490  4.9001  5.1324  4.9586  4.5937  4.4041  4.3233  4.1784  3.9641  3.9585  3.8496
 114  0.741601  3.7836  4.2993  0.0968  7.2079  6.2897  5.3310  4.8832  5.1160  4.9426  4.5785  4.3892  4.3085  4.1637  3.9499  3.9443  3.8356
 115  0.742591  3.7839  4.2949  0.1029  7.1839  6.2691  5.3129  4.8661  5.0995  4.9265  4.5631  4.3741  4.2935  4.1489  3.9354  3.9298  3.8214
 116  0.743577  3.7842  4.2903  0.1090  7.1602  6.2486  5.2947  4.8490  5.0828  4.9102  4.5476  4.3588  4.2783  4.1339  3.9206  3.9152  3.8069
 117  0.744562  3.7844  4.2857  0.1152  7.1371  6.2284  5.2765  4.8319  5.0662  4.8939  4.5319  4.3434  4.2630  4.1187  3.9057  3.9002  3.7922
 118  0.745545  3.7846  4.2808  0.1215  7.1139  6.2079  5.2583  4.8147  5.0492  4.8773  4.5159  4.3277  4.2474  4.1033  3.8905  3.8850  3.7771
 119  0.746524  3.7849  4.2759  0.1278  7.0909  6.1876  5.2401  4.7974  5.0322  4.8605  4.4999  4.3118  4.2316  4.0877  3.8752  3.8696  3.7619
 120  0.747503  3.7850  4.2709  0.1343  7.0683  6.1675  5.2219  4.7802  5.0151  4.8437  4.4836  4.2958  4.2157  4.0719  3.8596  3.8542  3.7466
 121  0.748480  3.7852  4.2658  0.1408  7.0457  6.1474  5.2036  4.7628  4.9979  4.8268  4.4672  4.2796  4.1996  4.0559  3.8439  3.8384  3.7311
 122  0.749455  3.7855  4.2605  0.1474  7.0234  6.1273  5.1854  4.7454  4.9805  4.8097  4.4507  4.2634  4.1834  4.0399  3.8280  3.8226  3.7153
 123  0.750422  3.7856  4.2552  0.1540  7.0006  6.1070  5.1669  4.7278  4.9629  4.7924  4.4340  4.2469  4.1669  4.0236  3.8118  3.8065  3.6993
 124  0.751385  3.7858  4.2499  0.1607  6.9773  6.0862  5.1480  4.7098  4.9451  4.7748  4.4171  4.2300  4.1502  4.0071  3.7957  3.7902  3.6832
 125  0.752350  3.7860  4.2444  0.1675  6.9547  6.0659  5.1294  4.6920  4.9273  4.7573  4.4000  4.2132  4.1335  3.9904  3.7793  3.7738  3.6669
 126  0.753315  3.7862  4.2389  0.1743  6.9322  6.0455  5.1107  4.6743  4.9094  4.7397  4.3830  4.1963  4.1167  3.9737  3.7627  3.7573  3.6505
 127  0.754278  3.7864  4.2333  0.1811  6.9100  6.0253  5.0922  4.6564  4.8915  4.7221  4.3658  4.1793  4.0998  3.9569  3.7460  3.7407  3.6340
 128  0.755238  3.7865  4.2274  0.1880  6.8885  6.0054  5.0737  4.6387  4.8735  4.7043  4.3485  4.1622  4.0826  3.9399  3.7292  3.7238  3.6172
 129  0.756197  3.7866  4.2215  0.1948  6.8671  5.9857  5.0553  4.6209  4.8555  4.6864  4.3310  4.1448  4.0654  3.9227  3.7122  3.7068  3.6003
 130  0.757153  3.7867  4.2154  0.2019  6.8465  5.9662  5.0371  4.6033  4.8374  4.6685  4.3134  4.1274  4.0480  3.9054  3.6951  3.6896  3.5832
 131  0.758103  3.7868  4.2092  0.2088  6.8268  5.9474  5.0191  4.5857  4.8194  4.6506  4.2958  4.1098  4.0305  3.8879  3.6776  3.6722  3.5658
 132  0.759051  3.7868  4.2028  0.2159  6.8074  5.9288  5.0013  4.5683  4.8014  4.6327  4.2780  4.0922  4.0128  3.8703  3.6600  3.6547  3.5482
 133  0.759993  3.7869  4.1963  0.2231  6.7887  5.9105  4.9835  4.5509  4.7833  4.6147  4.2602  4.0743  3.9950  3.8525  3.6423  3.6369  3.5304
 134  0.760931  3.7868  4.1896  0.2303  6.7705  5.8925  4.9659  4.5336  4.7651  4.5966  4.2422  4.0563  3.9770  3.8346  3.6243  3.6189  3.5125
 135  0.761862  3.7868  4.1828  0.2376  6.7533  5.8751  4.9485  4.5164  4.7470  4.5784  4.2240  4.0382  3.9589  3.8164  3.6061  3.6007  3.4943
 136  0.762788  3.7867  4.1757  0.2449  6.7364  5.8578  4.9312  4.4992  4.7289  4.5602  4.2058  4.0199  3.9406  3.7982  3.5878  3.5824  3.4758
 137  0.763707  3.7866  4.1686  0.2523  6.7202  5.8409  4.9141  4.4821  4.7106  4.5420  4.1876  4.0016  3.9222  3.7797  3.5693  3.5639  3.4572
 138  0.764619  3.7865  4.1613  0.2597  6.7048  5.8245  4.8972  4.4652  4.6925  4.5237  4.1691  3.9830  3.9037  3.7610  3.5505  3.5452  3.4383
 139  0.765525  3.7864  4.1537  0.2671  6.6903  5.8086  4.8805  4.4484  4.6743  4.5054  4.1505  3.9644  3.8849  3.7423  3.5316  3.5262  3.4192
 140  0.766423  3.7862  4.1460  0.2746  6.6767  5.7932  4.8641  4.4317  4.6562  4.4871  4.1319  3.9456  3.8662  3.7234  3.5125  3.5071  3.3999
 141  0.767313  3.7859  4.1380  0.2822  6.6640  5.7785  4.8480  4.4152  4.6381  4.4689  4.1132  3.9267  3.8471  3.7043  3.4932  3.4877  3.3804
 142  0.768195  3.7857  4.1299  0.2898  6.6520  5.7641  4.8321  4.3989  4.6201  4.4506  4.0944  3.9076  3.8281  3.6850  3.4737  3.4682  3.3606
 143  0.769069  3.7854  4.1215  0.2974  6.6418  5.7507  4.8168  4.3829  4.6022  4.4322  4.0755  3.8886  3.8089  3.6656  3.4539  3.4484  3.3405
 144  0.769933  3.7851  4.1129  0.3051  6.6325  5.7379  4.8018  4.3672  4.5844  4.4141  4.0567  3.8693  3.7895  3.6460  3.4340  3.4284  3.3202
 145  0.770789  3.7847  4.1042  0.3129  6.6236  5.7252  4.7868  4.3513  4.5665  4.3958  4.0376  3.8500  3.7701  3.6263  3.4139  3.4083  3.2998
 146  0.771635  3.7843  4.0951  0.3207  6.6168  5.7140  4.7726  4.3361  4.5489  4.3777  4.0186  3.8305  3.7505  3.6065  3.3936  3.3880  3.2791
 147  0.772472  3.7838  4.0857  0.3285  6.6124  5.7041  4.7592  4.3215  4.5315  4.3598  3.9996  3.8111  3.7309  3.5865  3.3731  3.3674  3.2580
 148  0.773299  3.7831  4.0760  0.3364  6.6101  5.6955  4.7464  4.3072  4.5145  4.3421  3.9806  3.7915  3.7111  3.5664  3.3523  3.3465  3.2366
 149  0.774116  3.7825  4.0659  0.3442  6.6090  5.6874  4.7340  4.2932  4.4977  4.3246  3.9615  3.7719  3.6913  3.5461  3.3312  3.3256  3.2150
 150  0.774925  3.7816  4.0552  0.3521  6.6126  5.6821  4.7232  4.2802  4.4815  4.3076  3.9427  3.7523  3.6714  3.5256  3.3099  3.3041  3.1928
 151  0.775722  3.7808  4.0441  0.3600  6.6182  5.6780  4.7131  4.2678  4.4657  4.2908  3.9239  3.7327  3.6515  3.5051  3.2884  3.2825  3.1705
 152  0.776510  3.7796  4.0323  0.3678  6.6290  5.6770  4.7048  4.2566  4.4508  4.2746  3.9054  3.7131  3.6315  3.4844  3.2665  3.2605  3.1475
 153  0.777290  3.7785  4.0200  0.3757  6.6432  5.6779  4.6976  4.2463  4.4364  4.2589  3.8869  3.6936  3.6116  3.4636  3.2444  3.2383  3.1243
 154  0.778061  3.7771  4.0070  0.3836  6.6622  5.6817  4.6923  4.2373  4.4228  4.2438  3.8688  3.6741  3.5917  3.4428  3.2221  3.2158  3.1006
 155  0.778825  3.7755  3.9934  0.3915  6.6881  5.6896  4.6895  4.2303  4.4103  4.2296  3.8510  3.6548  3.5718  3.4220  3.1993  3.1931  3.0765
 156  0.779586  3.7738  3.9789  0.3994  6.7220  5.7021  4.6897  4.2256  4.3991  4.2163  3.8334  3.6357  3.5521  3.4009  3.1765  3.1699  3.0519
 157  0.780341  3.7719  3.9640  0.4072  6.7627  5.7186  4.6925  4.2230  4.3889  4.2037  3.8163  3.6167  3.5325  3.3800  3.1534  3.1467  3.0269
 158  0.781097  3.7701  3.9493  0.4150  6.8051  5.7359  4.6959  4.2212  4.3787  4.1909  3.7990  3.5975  3.5127  3.3591  3.1303  3.1236  3.0022
 159  0.781855  3.7680  3.9340  0.4228  6.8595  5.7605  4.7043  4.2233  4.3699  4.1792  3.7821  3.5788  3.4930  3.3381  3.1071  3.1002  2.9769
 160  0.782616  3.7657  3.9174  0.4303  6.9320  5.7960  4.7196  4.2313  4.3640  4.1697  3.7661  3.5603  3.4738  3.3172  3.0835  3.0764  2.9510
 161  0.783385  3.7630  3.8995  0.4378  7.0234  5.8422  4.7421  4.2450  4.3610  4.1624  3.7512  3.5426  3.4550  3.2965  3.0597  3.0523  2.9245
 162  0.784063  3.7602  3.8826  0.4440  7.1246  5.8951  4.7699  4.2638  4.3618  4.1587  3.7398  3.5283  3.4396  3.2791  3.0392  3.0315  2.9012
 163  0.784739  3.7570  3.8639  0.4503  7.2486  5.9603  4.8055  4.2885  4.3653  4.1568  3.7287  3.5138  3.4238  3.2611  3.0173  3.0095  2.8761
 164  0.785413  3.7533  3.8430  0.4569  7.3936  6.0375  4.8486  4.3194  4.3714  4.1566  3.7181  3.4993  3.4078  3.2426  2.9946  2.9864  2.8495
 165  0.786080  3.7494  3.8202  0.4642  7.5483  6.1189  4.8943  4.3522  4.3778  4.1566  3.7069  3.4840  3.3909  3.2229  2.9701  2.9615  2.8209
 166  0.786730  3.7453  3.7956  0.4729  7.7023  6.1998  4.9392  4.3840  4.3817  4.1540  3.6931  3.4658  3.3712  3.2003  2.9425  2.9337  2.7891
 167  0.787350  3.7414  3.7695  0.4835  7.8461  6.2752  4.9785  4.4106  4.3807  4.1466  3.6747  3.4433  3.3472  3.1735  2.9110  2.9016  2.7532
 168  0.787931  3.7377  3.7429  0.4961  7.9691  6.3382  5.0077  4.4284  4.3727  4.1329  3.6512  3.4159  3.3183  3.1421  2.8751  2.8655  2.7134
 169  0.788466  3.7347  3.7163  0.5105  8.0703  6.3877  5.0261  4.4368  4.3578  4.1129  3.6224  3.3838  3.2850  3.1066  2.8356  2.8256  2.6704
 170  0.788959  3.7321  3.6905  0.5262  8.1472  6.4214  5.0329  4.4354  4.3363  4.0871  3.5893  3.3479  3.2482  3.0678  2.7935  2.7834  2.6254
 171  0.789415  3.7299  3.6654  0.5429  8.2030  6.4414  5.0300  4.4258  4.3096  4.0568  3.5531  3.3093  3.2087  3.0267  2.7498  2.7394  2.5791
 172  0.789842  3.7281  3.6411  0.5602  8.2425  6.4507  5.0196  4.4098  4.2790  4.0233  3.5144  3.2687  3.1673  2.9840  2.7048  2.6942  2.5321
 173  0.790246  3.7266  3.6174  0.5780  8.2687  6.4513  5.0032  4.3889  4.2455  3.9872  3.4740  3.2267  3.1247  2.9403  2.6590  2.6483  2.4847
 174  0.790632  3.7253  3.5944  0.5960  8.2844  6.4449  4.9822  4.3640  4.2097  3.9492  3.4326  3.1836  3.0813  2.8958  2.6129  2.6020  2.4370
 175  0.791003  3.7241  3.5719  0.6143  8.2919  6.4332  4.9575  4.3360  4.1721  3.9099  3.3900  3.1400  3.0370  2.8509  2.5663  2.5554  2.3891
 176  0.791364  3.7231  3.5497  0.6327  8.2933  6.4174  4.9300  4.3059  4.1334  3.8694  3.3469  3.0957  2.9924  2.8054  2.5197  2.5086  2.3412
 177  0.791716  3.7223  3.5280  0.6512  8.2907  6.3982  4.9003  4.2736  4.0934  3.8280  3.3031  3.0510  2.9474  2.7597  2.4729  2.4617  2.2934
 178  0.792060  3.7215  3.5064  0.6698  8.2854  6.3772  4.8691  4.2401  4.0528  3.7860  3.2589  3.0060  2.9021  2.7139  2.4259  2.4147  2.2455
 179  0.792399  3.7207  3.4849  0.6884  8.2790  6.3556  4.8375  4.2064  4.0118  3.7439  3.2147  2.9608  2.8567  2.6679  2.3790  2.3677  2.1975
 180  0.792730  3.7200  3.4635  0.7071  8.2708  6.3328  4.8051  4.1720  3.9706  3.7014  3.1701  2.9156  2.8112  2.6218  2.3319  2.3204  2.1496
 181  0.793057  3.7193  3.4423  0.7258  8.2594  6.3080  4.7714  4.1364  3.9289  3.6585  3.1255  2.8701  2.7655  2.5756  2.2847  2.2732  2.1015
 182  0.793298  3.7189  3.4264  0.7400  8.2493  6.2885  4.7454  4.1092  3.8971  3.6259  3.0916  2.8356  2.7309  2.5407  2.2491  2.2375  2.0654
 183  0.793538  3.7183  3.4102  0.7543  8.2380  6.2680  4.7185  4.0811  3.8646  3.5926  3.0571  2.8006  2.6957  2.5051  2.2130  2.2013  2.0285
 184  0.793777  3.7179  3.3938  0.7690  8.2254  6.2464  4.6908  4.0522  3.8314  3.5586  3.0217  2.7649  2.6597  2.4688  2.1761  2.1644  1.9911
 185  0.794017  3.7174  3.3772  0.7838  8.2126  6.2245  4.6628  4.0230  3.7978  3.5243  2.9862  2.7288  2.6236  2.4323  2.1388  2.1271  1.9533
 186  0.794255  3.7170  3.3604  0.7990  8.1992  6.2021  4.6341  3.9931  3.7634  3.4891  2.9498  2.6918  2.5865  2.3948  2.1007  2.0890  1.9146
 187  0.794492  3.7165  3.3429  0.8147  8.1852  6.1790  4.6044  3.9621  3.7279  3.4528  2.9122  2.6536  2.5481  2.3561  2.0613  2.0495  1.8746
 188  0.794728  3.7160  3.3250  0.8307  8.1703  6.1554  4.5739  3.9304  3.6915  3.4156  2.8736  2.6146  2.5088  2.3165  2.0210  2.0091  1.8337
 189  0.794963  3.7155  3.3068  0.8472  8.1542  6.1304  4.5422  3.8974  3.6540  3.3772  2.8340  2.5744  2.4685  2.2757  1.9797  1.9677  1.7917
 190  0.795193  3.7150  3.2873  0.8647  8.1371  6.1043  4.5088  3.8627  3.6143  3.3366  2.7919  2.5317  2.4257  2.2325  1.9357  1.9236  1.7470
 191  0.795419  3.7145  3.2671  0.8830  8.1176  6.0760  4.4733  3.8259  3.5725  3.2940  2.7479  2.4872  2.3808  2.1873  1.8897  1.8777  1.7005
 192  0.795642  3.7140  3.2455  0.9024  8.0989  6.0478  4.4365  3.7876  3.5286  3.2489  2.7013  2.4399  2.3333  2.1393  1.8409  1.8289  1.6510
 193  0.795859  3.7134  3.2228  0.9227  8.0795  6.0183  4.3980  3.7474  3.4826  3.2019  2.6525  2.3903  2.2836  2.0890  1.7898  1.7777  1.5990
 194  0.796072  3.7127  3.1994  0.9438  8.0588  5.9878  4.3581  3.7059  3.4349  3.1532  2.6019  2.3391  2.2320  2.0370  1.7368  1.7246  1.5453
 195  0.796282  3.7121  3.1750  0.9656  8.0380  5.9571  4.3172  3.6631  3.3856  3.1027  2.5496  2.2859  2.1787  1.9831  1.6820  1.6697  1.4896
 196  0.796486  3.7113  3.1496  0.9882  8.0172  5.9265  4.2753  3.6194  3.3350  3.0507  2.4956  2.2311  2.1236  1.9274  1.6252  1.6128  1.4319
 197  0.796686  3.7105  3.1232  1.0116  7.9973  5.8963  4.2329  3.5747  3.2829  2.9973  2.4399  2.1744  2.0667  1.8698  1.5665  1.5541  1.3723
 198  0.796882  3.7098  3.0964  1.0355  7.9761  5.8652  4.1892  3.5288  3.2296  2.9425  2.3829  2.1165  2.0083  1.8109  1.5064  1.4939  1.3112
 199  0.797073  3.7090  3.0687  1.0600  7.9548  5.8345  4.1451  3.4823  3.1750  2.8864  2.3244  2.0570  1.9487  1.7504  1.4448  1.4322  1.2485
 200  0.797259  3.7081  3.0401  1.0853  7.9338  5.8040  4.1002  3.4348  3.1191  2.8290  2.2644  1.9958  1.8871  1.6882  1.3813  1.3686  1.1838
 201  0.797440  3.7072  3.0106  1.1112  7.9137  5.7746  4.0552  3.3870  3.0623  2.7704  2.2030  1.9333  1.8242  1.6245  1.3162  1.3034  1.1176
 202  0.797615  3.7062  2.9802  1.1377  7.8907  5.7448  4.0095  3.3386  3.0045  2.7108  2.1403  1.8694  1.7600  1.5595  1.2497  1.2368  1.0498
 203  0.797786  3.7051  2.9489  1.1648  7.8671  5.7155  3.9640  3.2900  2.9460  2.6504  2.0768  1.8045  1.6947  1.4931  1.1818  1.1688  0.9805
 204  0.797950  3.7040  2.9168  1.1925  7.8434  5.6870  3.9180  3.2408  2.8866  2.5889  2.0118  1.7382  1.6279  1.4253  1.1124  1.0993  0.9097
 205  0.798108  3.7028  2.8839  1.2207  7.8199  5.6598  3.8721  3.1915  2.8262  2.5265  1.9458  1.6706  1.5599  1.3564  1.0417  1.0284  0.8373
 206  0.798261  3.7016  2.8503  1.2495  7.7969  5.6340  3.8262  3.1420  2.7652  2.4632  1.8788  1.6020  1.4908  1.2862  0.9697  0.9562  0.7637
 207  0.798407  3.7002  2.8159  1.2787  7.7741  5.6101  3.7806  3.0925  2.7034  2.3991  1.8107  1.5324  1.4207  1.2149  0.8965  0.8829  0.6888
 208  0.798548  3.6989  2.7809  1.3085  7.7516  5.5875  3.7350  3.0431  2.6410  2.3342  1.7417  1.4618  1.3496  1.1426  0.8222  0.8084  0.6126
 209  0.798683  3.6975  2.7453  1.3386  7.7298  5.5671  3.6899  2.9938  2.5780  2.2687  1.6720  1.3902  1.2775  1.0694  0.7468  0.7329  0.5354
 210  0.798812  3.6961  2.7091  1.3692  7.7088  5.5499  3.6453  2.9449  2.5146  2.2028  1.6014  1.3179  1.2045  0.9953  0.6705  0.6564  0.4571
 211  0.798936  3.6946  2.6722  1.4001  7.6887  5.5366  3.6014  2.8964  2.4508  2.1362  1.5303  1.2448  1.1309  0.9203  0.5933  0.5790  0.3779
 212  0.799053  3.6931  2.6349  1.4315  7.6698  5.5259  3.5581  2.8484  2.3867  2.0692  1.4585  1.1710  1.0565  0.8445  0.5153  0.5009  0.2978
 213  0.799164  3.6916  2.5971  1.4631  7.6527  5.5186  3.5159  2.8012  2.3226  2.0020  1.3862  1.0967  0.9816  0.7682  0.4365  0.4219  0.2169
 214  0.799268  3.6899  2.5585  1.4953  7.6372  5.5146  3.4748  2.7549  2.2581  1.9343  1.3132  1.0215  0.9056  0.6907  0.3568  0.3419  0.1348
 215  0.799363  3.6881  2.5172  1.5294  7.6220  5.5154  3.4342  2.7089  2.1911  1.8637  1.2365  0.9423  0.8257  0.6091  0.2721  0.2571  0.0476
 216  0.799461  3.6862  2.4737  1.5653  7.6192  5.5252  3.3958  2.6645  2.1222  1.7905  1.1564  0.8594  0.7420  0.5236  0.1833  0.1680 -0.0440
 217  0.799472  3.6860  2.4681  1.5699  7.6214  5.5277  3.3914  2.6592  2.1135  1.7812  1.1461  0.8488  0.7311  0.5125  0.1718  0.1564 -0.0559
 218  0.799485  3.6857  2.4624  1.5746  7.6233  5.5299  3.3869  2.6537  2.1047  1.7719  1.1357  0.8381  0.7204  0.5015  0.1603  0.1450 -0.0676
 219  0.799497  3.6855  2.4571  1.5789  7.6256  5.5321  3.3825  2.6484  2.0961  1.7628  1.1258  0.8279  0.7100  0.4909  0.1494  0.1340 -0.0790
 220  0.799509  3.6852  2.4518  1.5833  7.6287  5.5347  3.3784  2.6433  2.0878  1.7540  1.1162  0.8178  0.7000  0.4806  0.1386  0.1232 -0.0900
 221  0.799522  3.6850  2.4466  1.5876  7.6318  5.5372  3.3741  2.6381  2.0796  1.7451  1.1065  0.8078  0.6898  0.4703  0.1280  0.1125 -0.1010
 222  0.799534  3.6848  2.4415  1.5918  7.6349  5.5397  3.3699  2.6329  2.0713  1.7364  1.0969  0.7979  0.6797  0.4599  0.1173  0.1018 -0.1119
 223  0.799546  3.6845  2.4363  1.5961  7.6380  5.5423  3.3657  2.6278  2.0631  1.7276  1.0872  0.7878  0.6696  0.4496  0.1066  0.0911 -0.1230
 224  0.799559  3.6843  2.4310  1.6004  7.6414  5.5449  3.3616  2.6226  2.0548  1.7188  1.0776  0.7778  0.6595  0.4392  0.0959  0.0804 -0.1339
 225  0.799571  3.6840  2.4258  1.6047  7.6449  5.5479  3.3576  2.6176  2.0467  1.7100  1.0679  0.7678  0.6494  0.4289  0.0852  0.0696 -0.1450
 226  0.799584  3.6838  2.4205  1.6090  7.6485  5.5508  3.3536  2.6126  2.0385  1.7012  1.0582  0.7578  0.6392  0.4186  0.0745  0.0589 -0.1561
 227  0.799701  3.6816  2.3720  1.6487  7.6908  5.5804  3.3177  2.5671  1.9626  1.6200  0.9687  0.6650  0.5453  0.3226 -0.0248 -0.0407 -0.2583
 228  0.799811  3.6801  2.3366  1.6779  7.7467  5.6003  3.2902  2.5312  1.9054  1.5586  0.9016  0.5956  0.4753  0.2512 -0.0985 -0.1144 -0.3338
 229  0.799914  3.6795  2.3224  1.6904  7.8166  5.6003  3.2738  2.5093  1.8767  1.5283  0.8697  0.5632  0.4426  0.2182 -0.1314 -0.1475 -0.3670
 230  0.800024  3.6771  2.2705  1.7326  7.8637  5.6530  3.2437  2.4684  1.7989  1.4440  0.7759  0.4654  0.3435  0.1168 -0.2366 -0.2528 -0.4754
 231  0.800124  3.6742  2.2107  1.7808  7.9006  5.7218  3.2150  2.4282  1.7127  1.3502  0.6702  0.3551  0.2316  0.0019 -0.3558 -0.3725 -0.5987
 232  0.800213  3.6715  2.1559  1.8249  7.9211  5.7853  3.1904  2.3940  1.6348  1.2651  0.5740  0.2545  0.1296 -0.1028 -0.4646 -0.4817 -0.7112
 233  0.800295  3.6693  2.1100  1.8618  7.9075  5.8336  3.1691  2.3663  1.5702  1.1947  0.4943  0.1709  0.0449 -0.1899 -0.5552 -0.5725 -0.8049
 234  0.800371  3.6680  2.0847  1.8823  7.8741  5.8599  3.1592  2.3552  1.5352  1.1564  0.4507  0.1250 -0.0018 -0.2379 -0.6049 -0.6223 -0.8563
 235  0.800446  3.6666  2.0532  1.9079  7.8410  5.8880  3.1459  2.3400  1.4916  1.1087  0.3962  0.0677 -0.0599 -0.2977 -0.6668 -0.6845 -0.9206
 236  0.800519  3.6633  1.9908  1.9575  7.8315  5.9487  3.1208  2.3064  1.4075  1.0164  0.2904 -0.0434 -0.1728 -0.4139 -0.7882 -0.8063 -1.0466
 237  0.800585  3.6600  1.9276  2.0073  7.8171  6.0093  3.0991  2.2768  1.3252  0.9254  0.1851 -0.1545 -0.2858 -0.5302 -0.9098 -0.9284 -1.1732
 238  0.800643  3.6566  1.8654  2.0562  7.7963  6.0722  3.0818  2.2524  1.2473  0.8386  0.0838 -0.2618 -0.3949 -0.6429 -1.0280 -1.0470 -1.2965
 239  0.800694  3.6533  1.8043  2.1040  7.7704  6.1351  3.0670  2.2313  1.1729  0.7553 -0.0145 -0.3659 -0.5010 -0.7525 -1.1434 -1.1628 -1.4172
 240  0.800741  3.6499  1.7431  2.1515  7.7420  6.1988  3.0546  2.2132  1.1005  0.6741 -0.1111 -0.4688 -0.6057 -0.8609 -1.2579 -1.2778 -1.5374
 241  0.800783  3.6465  1.6822  2.1988  7.7117  6.2668  3.0442  2.1974  1.0301  0.5945 -0.2064 -0.5700 -0.7091 -0.9679 -1.3714 -1.3918 -1.6564
 242  0.800821  3.6433  1.6256  2.2427  7.6759  6.3333  3.0372  2.1865  0.9669  0.5229 -0.2931 -0.6627 -0.8036 -1.0659 -1.4757 -1.4965 -1.7663
 243  0.800855  3.6401  1.5699  2.2856  7.6354  6.3974  3.0308  2.1769  0.9065  0.4540 -0.3777 -0.7531 -0.8962 -1.1616 -1.5779 -1.5991 -1.8740
 244  0.800885  3.6370  1.5155  2.3274  7.5921  6.4574  3.0253  2.1692  0.8494  0.3886 -0.4587 -0.8399 -0.9849 -1.2535 -1.6766 -1.6982 -1.9783
 245  0.800913  3.6338  1.4623  2.3681  7.5460  6.5125  3.0199  2.1624  0.7950  0.3260 -0.5371 -0.9240 -1.0711 -1.3427 -1.7726 -1.7947 -2.0801
 246  0.800939  3.6307  1.4097  2.4082  7.4979  6.5647  3.0150  2.1567  0.7430  0.2659 -0.6130 -1.0057 -1.1549 -1.4294 -1.8669 -1.8894 -2.1802
 247  0.800962  3.6276  1.3580  2.4474  7.4490  6.6137  3.0116  2.1535  0.6942  0.2092 -0.6858 -1.0840 -1.2352 -1.5129 -1.9584 -1.9814 -2.2777
 248  0.800984  3.6245  1.3075  2.4855  7.3991  6.6558  3.0085  2.1516  0.6481  0.1554 -0.7554 -1.1593 -1.3125 -1.5934 -2.0474 -2.0707 -2.3727
 249  0.801003  3.6214  1.2573  2.5234  7.3474  6.6939  3.0046  2.1495  0.6034  0.1030 -0.8242 -1.2334 -1.3886 -1.6724 -2.1355 -2.1592 -2.4670
 250  0.801021  3.6184  1.2088  2.5600  7.2954  6.7257  3.0001  2.1475  0.5614  0.0539 -0.8894 -1.3037 -1.4608 -1.7474 -2.2204 -2.2444 -2.5581
 251  0.801037  3.6154  1.1609  2.5959  7.2424  6.7526  2.9953  2.1457  0.5213  0.0068 -0.9525 -1.3716 -1.5307 -1.8200 -2.3036 -2.3279 -2.6476
 252  0.801053  3.6125  1.1137  2.6314  7.1885  6.7739  2.9895  2.1439  0.4825 -0.0390 -1.0145 -1.4381 -1.5991 -1.8912 -2.3859 -2.4104 -2.7361
 253  0.801067  3.6096  1.0679  2.6657  7.1351  6.7899  2.9837  2.1425  0.4467 -0.0811 -1.0726 -1.5006 -1.6632 -1.9582 -2.4649 -2.4897 -2.8217
 254  0.801081  3.6067  1.0226  2.6995  7.0818  6.8002  2.9773  2.1416  0.4135 -0.1206 -1.1278 -1.5601 -1.7242 -2.0224 -2.5424 -2.5675 -2.9058
 255  0.801092  3.6039  0.9784  2.7323  7.0292  6.8041  2.9704  2.1408  0.3832 -0.1569 -1.1795 -1.6160 -1.7815 -2.0832 -2.6174 -2.6427 -2.9877
 256  0.801103  3.6011  0.9351  2.7647  6.9769  6.8043  2.9626  2.1398  0.3547 -0.1906 -1.2281 -1.6686 -1.8351 -2.1410 -2.6908 -2.7165 -3.0683
 257  0.801114  3.5983  0.8922  2.7963  6.9250  6.8019  2.9548  2.1391  0.3287 -0.2217 -1.2735 -1.7176 -1.8847 -2.1950 -2.7628 -2.7888 -3.1475
 258  0.801123  3.5956  0.8505  2.8272  6.8739  6.7963  2.9459  2.1381  0.3052 -0.2496 -1.3148 -1.7623 -1.9299 -2.2455 -2.8324 -2.8586 -3.2247
 259  0.801133  3.5929  0.8095  2.8575  6.8229  6.7880  2.9358  2.1362  0.2839 -0.2744 -1.3522 -1.8028 -1.9705 -2.2922 -2.9005 -2.9272 -3.3007
 260  0.801141  3.5902  0.7693  2.8870  6.7729  6.7776  2.9247  2.1338  0.2653 -0.2958 -1.3845 -1.8382 -2.0055 -2.3347 -2.9667 -2.9937 -3.3749
 261  0.801149  3.5877  0.7301  2.9157  6.7235  6.7647  2.9121  2.1300  0.2486 -0.3146 -1.4134 -1.8699 -2.0366 -2.3740 -3.0307 -3.0582 -3.4473
 262  0.801157  3.5852  0.6914  2.9442  6.6747  6.7507  2.8986  2.1258  0.2345 -0.3299 -1.4381 -1.8976 -2.0634 -2.4098 -3.0932 -3.1210 -3.5185
 263  0.801164  3.5826  0.6538  2.9719  6.6272  6.7354  2.8837  2.1202  0.2229 -0.3420 -1.4586 -1.9211 -2.0857 -2.4419 -3.1528 -3.1813 -3.5874
 264  0.801170  3.5801  0.6167  2.9990  6.5806  6.7196  2.8682  2.1143  0.2139 -0.3503 -1.4743 -1.9399 -2.1029 -2.4700 -3.2105 -3.2396 -3.6548
 265  0.801176  3.5777  0.5804  3.0257  6.5361  6.7060  2.8534  2.1103  0.2115 -0.3496 -1.4764 -1.9452 -2.1051 -2.4877 -3.2642 -3.2944 -3.7204
 266  0.801182  3.5754  0.5450  3.0516  6.4932  6.6926  2.8385  2.1063  0.2123 -0.3445 -1.4726 -1.9445 -2.1008 -2.5005 -3.3151 -3.3465 -3.7838
 267  0.801187  3.5731  0.5102  3.0771  6.4511  6.6790  2.8232  2.1023  0.2153 -0.3365 -1.4646 -1.9398 -2.0921 -2.5098 -3.3642 -3.3968 -3.8459
 268  0.801192  3.5707  0.4760  3.1021  6.4106  6.6653  2.8074  2.0975  0.2189 -0.3263 -1.4533 -1.9320 -2.0803 -2.5161 -3.4098 -3.4441 -3.9057
 269  0.801197  3.5685  0.4425  3.1265  6.3710  6.6504  2.7904  2.0907  0.2221 -0.3152 -1.4399 -1.9225 -2.0668 -2.5203 -3.4528 -3.4892 -3.9637
 270  0.801201  3.5662  0.4096  3.1504  6.3334  6.6370  2.7745  2.0854  0.2290 -0.2999 -1.4223 -1.9091 -2.0495 -2.5209 -3.4930 -3.5316 -4.0196
 271  0.801206  3.5640  0.3774  3.1738  6.2973  6.6245  2.7594  2.0810  0.2392 -0.2810 -1.4012 -1.8925 -2.0292 -2.5185 -3.5305 -3.5714 -4.0734
 272  0.801209  3.5617  0.3454  3.1966  6.2639  6.6149  2.7465  2.0796  0.2558 -0.2544 -1.3717 -1.8681 -2.0008 -2.5092 -3.5637 -3.6072 -4.1246
 273  0.801213  3.5595  0.3142  3.2191  6.2306  6.6042  2.7327  2.0768  0.2711 -0.2299 -1.3458 -1.8471 -1.9765 -2.5018 -3.5962 -3.6423 -4.1746
 274  0.801217  3.5573  0.2833  3.2409  6.2001  6.5968  2.7222  2.0780  0.2923 -0.1992 -1.3143 -1.8212 -1.9477 -2.4899 -3.6250 -3.6741 -4.2221
 275  0.801221  3.5551  0.2533  3.2623  6.1727  6.5906  2.7142  2.0809  0.3183 -0.1636 -1.2814 -1.7968 -1.9225 -2.4778 -3.6479 -3.7003 -4.2647
 276  0.801224  3.5530  0.2240  3.2833  6.1470  6.5853  2.7077  2.0852  0.3479 -0.1247 -1.2454 -1.7701 -1.8956 -2.4633 -3.6674 -3.7232 -4.3045
 277  0.801227  3.5510  0.1957  3.3035  6.1227  6.5809  2.7021  2.0909  0.3795 -0.0840 -1.2085 -1.7427 -1.8682 -2.4477 -3.6846 -3.7440 -4.3421
 278  0.801231  3.5490  0.1684  3.3230  6.1005  6.5783  2.6987  2.0987  0.4137 -0.0414 -1.1705 -1.7141 -1.8399 -2.4305 -3.6994 -3.7624 -4.3772
 279  0.801234  3.5473  0.1441  3.3405  6.0786  6.5718  2.6910  2.0993  0.4373 -0.0085 -1.1407 -1.6930 -1.8189 -2.4194 -3.7151 -3.7808 -4.4094
