#NUMBER OF AGES= 1
#----------------------------------------------------       
#MIX-LEN  Y      Z          Zeff        [Fe/H] [a/Fe]
# 1.9380  0.3300 4.8102E-03 2.4485E-03  -0.78   0.40 
#----------------------------------------------------       
#**PHOTOMETRIC SYSTEM**: HST WFPC2 (Vega)                   
#----------------------------------------------------       
#AGE=11.200 EEPS=267
#EEP   M/Mo    LogTeff  LogG   LogL/Lo F218W   F255W   F300W   F336W   F439W   F450W   F555W   F606W   F622W   F675W   F791W   F814W   F850LP
  13  0.105890  3.5178  5.2741 -2.7865 21.0057 21.0498 17.2134 16.4374 15.2957 14.8190 13.5147 13.0008 12.8174 12.3679 11.1712 11.1236 10.5951
  14  0.125733  3.5201  5.2033 -2.6319 20.6030 20.5966 16.7724 15.9859 14.8390 14.3789 13.0932 12.5799 12.3973 11.9520 10.7810 10.7342 10.2110
  15  0.146417  3.5228  5.1440 -2.4956 20.2453 20.1862 16.3757 15.5791 14.4267 13.9814 12.7133 12.2009 12.0189 11.5783 10.4352 10.3892  9.8726
  16  0.165570  3.5265  5.1029 -2.3862 19.9513 19.8296 16.0384 15.2307 14.0717 13.6393 12.3894 11.8784 11.6969 11.2629 10.1543 10.1096  9.6022
  17  0.182686  3.5307  5.0742 -2.2980 19.7084 19.5207 15.7516 14.9334 13.7677 13.3467 12.1140 11.6050 11.4237 10.9969  9.9252  9.8819  9.3848
  18  0.197571  3.5343  5.0522 -2.2275 19.5132 19.2693 15.5199 14.6938 13.5227 13.1105 11.8920 11.3846 11.2035 10.7826  9.7419  9.6997  9.2115
  19  0.211850  3.5375  5.0332 -2.1658 19.3431 19.0520 15.3195 14.4872 13.3115 12.9062 11.6996 11.1937 11.0127 10.5967  9.5818  9.5406  9.0598
  20  0.225875  3.5403  5.0165 -2.1096 19.1880 18.8533 15.1373 14.2998 13.1199 12.7205 11.5247 11.0200 10.8392 10.4275  9.4365  9.3961  8.9222
  21  0.237857  3.5428  5.0030 -2.0640 19.0624 18.6924 14.9900 14.1486 12.9652 12.5703 11.3830 10.8794 10.6987 10.2905  9.3187  9.2791  8.8107
  22  0.247145  3.5445  4.9924 -2.0297 18.9687 18.5722 14.8798 14.0355 12.8494 12.4576 11.2765 10.7737 10.5931 10.1874  9.2301  9.1909  8.7267
  23  0.253933  3.5459  4.9846 -2.0049 18.9015 18.4862 14.8011 13.9549 12.7665 12.3767 11.2000 10.6977 10.5172 10.1132  9.1662  9.1275  8.6663
  24  0.259082  3.5468  4.9789 -1.9867 18.8525 18.4237 14.7439 13.8963 12.7063 12.3178 11.1440 10.6421 10.4616 10.0588  9.1194  9.0808  8.6219
  25  0.263063  3.5476  4.9746 -1.9728 18.8152 18.3760 14.7007 13.8520 12.6607 12.2733 11.1016 10.6000 10.4195 10.0177  9.0839  9.0455  8.5883
  26  0.266154  3.5482  4.9712 -1.9621 18.7861 18.3387 14.6671 13.8176 12.6255 12.2388 11.0688 10.5674 10.3869  9.9858  9.0565  9.0183  8.5623
  27  0.268571  3.5486  4.9686 -1.9537 18.7629 18.3088 14.6403 13.7904 12.5975 12.2113 11.0427 10.5414 10.3610  9.9605  9.0348  8.9967  8.5418
  28  0.270776  3.5490  4.9667 -1.9464 18.7426 18.2823 14.6168 13.7663 12.5728 12.1871 11.0198 10.5187 10.3384  9.9384  9.0161  8.9780  8.5242
  29  0.272860  3.5495  4.9647 -1.9393 18.7230 18.2566 14.5941 13.7430 12.5491 12.1637 10.9977 10.4968 10.3164  9.9171  8.9979  8.9600  8.5072
  30  0.275146  3.5499  4.9629 -1.9321 18.7025 18.2300 14.5705 13.7188 12.5243 12.1395 10.9748 10.4740 10.2937  9.8950  8.9792  8.9413  8.4896
  31  0.277822  3.5504  4.9610 -1.9239 18.6793 18.1995 14.5437 13.6914 12.4962 12.1119 10.9487 10.4482 10.2679  9.8699  8.9579  8.9203  8.4697
  32  0.280921  3.5510  4.9587 -1.9145 18.6528 18.1654 14.5134 13.6604 12.4645 12.0808 10.9191 10.4190 10.2387  9.8416  8.9337  8.8962  8.4469
  33  0.284475  3.5516  4.9559 -1.9037 18.6225 18.1265 14.4787 13.6251 12.4282 12.0451 10.8854 10.3855 10.2053  9.8090  8.9058  8.8685  8.4206
  34  0.288520  3.5523  4.9522 -1.8912 18.5874 18.0822 14.4391 13.5846 12.3868 12.0044 10.8467 10.3472 10.1670  9.7717  8.8736  8.8364  8.3902
  35  0.304168  3.5558  4.9357 -1.8381 18.4361 17.8897 14.2668 13.4082 12.2029 11.8239 10.6746 10.1776  9.9971  9.6082  8.7360  8.7000  8.2621
  36  0.324604  3.5607  4.9130 -1.7689 18.2370 17.6347 14.0416 13.1782 11.9624 11.5872 10.4497  9.9562  9.7756  9.3950  8.5561  8.5217  8.0951
  37  0.355441  3.5685  4.8760 -1.6600 17.9110 17.1890 13.6776 12.8105 11.5933 11.2205 10.1037  9.6143  9.4344  9.0631  8.2783  8.2454  7.8358
  38  0.376893  3.5752  4.8472 -1.5781 17.6584 16.8261 13.3942 12.5253 11.3093 10.9365  9.8367  9.3511  9.1718  8.8089  8.0695  8.0379  7.6430
  39  0.388638  3.5796  4.8304 -1.5308 17.5159 16.6050 13.2296 12.3596 11.1422 10.7672  9.6758  9.1924  9.0131  8.6565  7.9482  7.9174  7.5328
  40  0.400495  3.5841  4.8132 -1.4823 17.3619 16.3716 13.0564 12.1862 10.9704 10.5933  9.5118  9.0315  8.8523  8.5024  7.8245  7.7945  7.4203
  41  0.412133  3.5890  4.7967 -1.4341 17.2032 16.1331 12.8791 12.0091 10.7970 10.4178  9.3474  8.8710  8.6921  8.3492  7.7012  7.6721  7.3085
  42  0.422972  3.5938  4.7817 -1.3885 17.0498 15.9062 12.7074 11.8376 10.6298 10.2490  9.1904  8.7186  8.5401  8.2043  7.5844  7.5560  7.2029
  43  0.432920  3.5985  4.7681 -1.3460 16.9044 15.6981 12.5445 11.6748 10.4707 10.0891  9.0430  8.5765  8.3985  8.0696  7.4754  7.4478  7.1046
  44  0.442223  3.6032  4.7557 -1.3056 16.7645 15.5023 12.3875 11.5178 10.3174  9.9356  8.9029  8.4420  8.2647  7.9427  7.3720  7.3453  7.0116
  45  0.451322  3.6080  4.7442 -1.2658 16.6253 15.3118 12.2305 11.3608 10.1640  9.7828  8.7646  8.3101  8.1335  7.8187  7.2705  7.2445  6.9202
  46  0.460480  3.6131  4.7331 -1.2257 16.4836 15.1237 12.0702 11.2000 10.0064  9.6266  8.6247  8.1776  8.0021  7.6946  7.1681  7.1430  6.8282
  47  0.469801  3.6186  4.7226 -1.1847 16.3401 14.9422 11.9049 11.0330  9.8407  9.4635  8.4808  8.0425  7.8683  7.5687  7.0638  7.0394  6.7345
  48  0.479068  3.6245  4.7131 -1.1432 16.1931 14.7630 11.7324 10.8572  9.6674  9.2939  8.3333  7.9052  7.7326  7.4417  6.9583  6.9348  6.6402
  49  0.488249  3.6308  4.7047 -1.1015 16.0376 14.5737 11.5468 10.6678  9.4861  9.1172  8.1822  7.7659  7.5955  7.3140  6.8521  6.8295  6.5455
  50  0.497272  3.6374  4.6973 -1.0598 15.8715 14.3639 11.3451 10.4621  9.2991  8.9352  8.0294  7.6262  7.4586  7.1867  6.7461  6.7245  6.4515
  51  0.506160  3.6442  4.6908 -1.0184 15.6853 14.1078 11.1218 10.2359  9.1084  8.7495  7.8759  7.4867  7.3227  7.0605  6.6405  6.6198  6.3576
  52  0.511114  3.6481  4.6873 -0.9952 15.5678 13.9405 10.9864 10.0999  9.0003  8.6444  7.7900  7.4089  7.2473  6.9903  6.5811  6.5609  6.3046
  53  0.516032  3.6519  4.6840 -0.9721 15.4399 13.7558 10.8437  9.9576  8.8921  8.5392  7.7046  7.3318  7.1728  6.9209  6.5218  6.5022  6.2516
  54  0.520904  3.6559  4.6809 -0.9491 15.3006 13.5539 10.6948  9.8105  8.7846  8.4346  7.6201  7.2555  7.0993  6.8522  6.4628  6.4437  6.1987
  55  0.525708  3.6599  4.6779 -0.9265 15.1500 13.3369 10.5415  9.6607  8.6786  8.3316  7.5371  7.1805  7.0274  6.7848  6.4041  6.3856  6.1461
  56  0.530449  3.6638  4.6750 -0.9040 14.9863 13.1066 10.3850  9.5093  8.5744  8.2304  7.4557  7.1069  6.9569  6.7185  6.3461  6.3282  6.0937
  57  0.535133  3.6677  4.6723 -0.8819 14.8074 12.8654 10.2256  9.3569  8.4720  8.1312  7.3757  7.0347  6.8879  6.6535  6.2888  6.2713  6.0420
  58  0.539743  3.6715  4.6695 -0.8601 14.6130 12.6163 10.0658  9.2060  8.3724  8.0348  7.2981  6.9644  6.8208  6.5903  6.2326  6.2155  5.9911
  59  0.544296  3.6752  4.6667 -0.8387 14.3878 12.3551  9.9029  9.0547  8.2748  7.9411  7.2224  6.8959  6.7555  6.5287  6.1774  6.1608  5.9411
  60  0.548800  3.6788  4.6638 -0.8175 14.1413 12.0899  9.7405  8.9056  8.1802  7.8506  7.1490  6.8293  6.6921  6.4687  6.1234  6.1073  5.8921
  61  0.553256  3.6824  4.6608 -0.7966 13.8775 11.8243  9.5788  8.7589  8.0881  7.7628  7.0777  6.7644  6.6303  6.4102  6.0705  6.0548  5.8439
  62  0.557662  3.6859  4.6575 -0.7762 13.6169 11.5686  9.4225  8.6175  7.9992  7.6783  7.0085  6.7014  6.5702  6.3533  6.0187  6.0034  5.7967
  63  0.562016  3.6893  4.6542 -0.7560 13.3653 11.3264  9.2724  8.4821  7.9133  7.5968  6.9413  6.6400  6.5116  6.2976  5.9679  5.9531  5.7503
  64  0.566317  3.6925  4.6507 -0.7362 13.1483 11.1132  9.1345  8.3566  7.8310  7.5187  6.8763  6.5803  6.4544  6.2431  5.9182  5.9038  5.7049
  65  0.570576  3.6957  4.6470 -0.7166 12.9614 10.9256  9.0073  8.2400  7.7520  7.4437  6.8132  6.5221  6.3984  6.1899  5.8694  5.8554  5.6601
  66  0.574767  3.6987  4.6433 -0.6975 12.8069 10.7632  8.8905  8.1316  7.6760  7.3715  6.7518  6.4653  6.3436  6.1377  5.8217  5.8080  5.6162
  67  0.578905  3.7017  4.6394 -0.6786 12.6616 10.6121  8.7788  8.0279  7.6023  7.3015  6.6921  6.4098  6.2900  6.0866  5.7747  5.7614  5.5731
  68  0.582986  3.7047  4.6356 -0.6599 12.5212 10.4694  8.6712  7.9279  7.5306  7.2335  6.6338  6.3556  6.2375  6.0366  5.7287  5.7158  5.5308
  69  0.587002  3.7075  4.6316 -0.6416 12.3822 10.3325  8.5666  7.8309  7.4607  7.1675  6.5769  6.3026  6.1862  5.9875  5.6836  5.6710  5.4893
  70  0.590958  3.7103  4.6275 -0.6235 12.2255 10.1910  8.4611  7.7342  7.3923  7.1029  6.5214  6.2508  6.1361  5.9396  5.6394  5.6272  5.4485
  71  0.594847  3.7130  4.6235 -0.6056 12.0623 10.0505  8.3566  7.6393  7.3254  7.0400  6.4673  6.2003  6.0870  5.8927  5.5962  5.5841  5.4086
  72  0.598675  3.7156  4.6192 -0.5881 11.8901  9.9090  8.2530  7.5457  7.2601  6.9787  6.4145  6.1508  6.0392  5.8469  5.5538  5.5421  5.3694
  73  0.602436  3.7182  4.6150 -0.5708 11.7185  9.7713  8.1520  7.4547  7.1965  6.9191  6.3630  6.1026  5.9924  5.8021  5.5123  5.5008  5.3309
  74  0.606137  3.7207  4.6106 -0.5538 11.5480  9.6373  8.0533  7.3661  7.1344  6.8608  6.3126  6.0554  5.9466  5.7582  5.4716  5.4604  5.2931
  75  0.609760  3.7231  4.6061 -0.5371 11.3810  9.5081  7.9576  7.2801  7.0740  6.8042  6.2637  6.0094  5.9019  5.7152  5.4317  5.4208  5.2561
  76  0.613315  3.7254  4.6017 -0.5207 11.2200  9.3842  7.8649  7.1969  7.0150  6.7491  6.2158  5.9644  5.8583  5.6734  5.3927  5.3821  5.2199
  77  0.616802  3.7278  4.5971 -0.5045 11.0662  9.2666  7.7757  7.1167  6.9578  6.6955  6.1692  5.9206  5.8156  5.6323  5.3546  5.3442  5.1844
  78  0.620224  3.7300  4.5923 -0.4886 10.9197  9.1547  7.6899  7.0394  6.9020  6.6433  6.1238  5.8778  5.7738  5.5923  5.3172  5.3069  5.1494
  79  0.623565  3.7320  4.5876 -0.4731 10.7788  9.0477  7.6073  6.9649  6.8479  6.5926  6.0796  5.8360  5.7332  5.5531  5.2807  5.2707  5.1152
  80  0.626839  3.7341  4.5828 -0.4579 10.6426  8.9450  7.5274  6.8929  6.7953  6.5434  6.0365  5.7953  5.6935  5.5148  5.2449  5.2352  5.0818
  81  0.630039  3.7360  4.5779 -0.4429 10.5110  8.8463  7.4502  6.8233  6.7441  6.4954  5.9945  5.7556  5.6548  5.4775  5.2100  5.2004  5.0490
  82  0.634094  3.7385  4.5716 -0.4239 10.3478  8.7242  7.3542  6.7366  6.6799  6.4352  5.9416  5.7055  5.6058  5.4303  5.1657  5.1564  5.0074
  83  0.638089  3.7409  4.5650 -0.4052 10.1904  8.6067  7.2611  6.6527  6.6171  6.3762  5.8898  5.6562  5.5576  5.3838  5.1220  5.1128  4.9662
  84  0.642029  3.7432  4.5583 -0.3866 10.0380  8.4934  7.1709  6.5712  6.5556  6.3185  5.8386  5.6076  5.5101  5.3379  5.0787  5.0697  4.9253
  85  0.645920  3.7453  4.5513 -0.3682  9.8916  8.3845  7.0838  6.4924  6.4954  6.2619  5.7884  5.5597  5.4631  5.2923  5.0356  5.0269  4.8846
  86  0.649762  3.7475  4.5441 -0.3499  9.7486  8.2783  6.9985  6.4153  6.4362  6.2061  5.7388  5.5122  5.4166  5.2472  4.9929  4.9845  4.8442
  87  0.653559  3.7495  4.5367 -0.3317  9.6108  8.1758  6.9158  6.3404  6.3779  6.1512  5.6898  5.4653  5.3706  5.2025  4.9505  4.9422  4.8039
  88  0.657303  3.7516  4.5291 -0.3136  9.4770  8.0762  6.8350  6.2672  6.3206  6.0971  5.6414  5.4189  5.3250  5.1582  4.9085  4.9003  4.7639
  89  0.660998  3.7535  4.5212 -0.2956  9.3471  7.9791  6.7560  6.1956  6.2641  6.0437  5.5935  5.3730  5.2798  5.1143  4.8667  4.8587  4.7240
  90  0.664640  3.7554  4.5131 -0.2778  9.2215  7.8848  6.6789  6.1255  6.2083  5.9910  5.5461  5.3275  5.2351  5.0708  4.8252  4.8174  4.6844
  91  0.668223  3.7571  4.5047 -0.2600  9.0990  7.7922  6.6031  6.0566  6.1532  5.9390  5.4993  5.2824  5.1908  5.0277  4.7841  4.7764  4.6450
  92  0.671745  3.7588  4.4962 -0.2423  8.9799  7.7017  6.5286  5.9891  6.0989  5.8876  5.4530  5.2379  5.1470  4.9851  4.7434  4.7359  4.6060
  93  0.675200  3.7604  4.4874 -0.2248  8.8659  7.6141  6.4563  5.9232  6.0453  5.8369  5.4073  5.1940  5.1037  4.9429  4.7030  4.6956  4.5673
  94  0.678583  3.7620  4.4784 -0.2075  8.7562  7.5294  6.3860  5.8592  5.9927  5.7870  5.3621  5.1504  5.0608  4.9011  4.6629  4.6557  4.5287
  95  0.681888  3.7635  4.4692 -0.1903  8.6511  7.4476  6.3180  5.7969  5.9411  5.7379  5.3175  5.1074  5.0185  4.8598  4.6234  4.6162  4.4906
  96  0.685111  3.7649  4.4600 -0.1733  8.5500  7.3685  6.2520  5.7365  5.8904  5.6897  5.2736  5.0650  4.9767  4.8191  4.5842  4.5772  4.4527
  97  0.688254  3.7663  4.4507 -0.1567  8.4531  7.2923  6.1884  5.6777  5.8408  5.6423  5.2303  5.0232  4.9355  4.7788  4.5454  4.5386  4.4152
  98  0.691313  3.7674  4.4410 -0.1401  8.3612  7.2196  6.1273  5.6213  5.7923  5.5960  5.1877  4.9821  4.8949  4.7390  4.5071  4.5003  4.3782
  99  0.694287  3.7686  4.4315 -0.1240  8.2727  7.1494  6.0679  5.5665  5.7448  5.5506  5.1459  4.9415  4.8549  4.6999  4.4693  4.4626  4.3415
 100  0.697181  3.7698  4.4219 -0.1080  8.1888  7.0824  6.0111  5.5139  5.6986  5.5061  5.1047  4.9015  4.8154  4.6611  4.4319  4.4252  4.3051
 101  0.699993  3.7709  4.4122 -0.0923  8.1088  7.0184  5.9564  5.4631  5.6534  5.4625  5.0643  4.8622  4.7765  4.6230  4.3949  4.3884  4.2692
 102  0.702729  3.7719  4.4025 -0.0768  8.0322  6.9570  5.9036  5.4142  5.6091  5.4199  5.0244  4.8234  4.7382  4.5854  4.3584  4.3519  4.2336
 103  0.705394  3.7728  4.3928 -0.0616  7.9591  6.8982  5.8528  5.3668  5.5660  5.3781  4.9854  4.7853  4.7005  4.5483  4.3224  4.3160  4.1986
 104  0.707994  3.7738  4.3832 -0.0466  7.8884  6.8409  5.8033  5.3208  5.5237  5.3371  4.9470  4.7478  4.6633  4.5118  4.2870  4.2807  4.1640
 105  0.710535  3.7747  4.3735 -0.0319  7.8209  6.7859  5.7555  5.2761  5.4822  5.2969  4.9092  4.7109  4.6268  4.4759  4.2520  4.2458  4.1298
 106  0.713025  3.7755  4.3639 -0.0174  7.7553  6.7322  5.7087  5.2324  5.4416  5.2575  4.8721  4.6747  4.5909  4.4405  4.2177  4.2114  4.0961
 107  0.715476  3.7763  4.3543 -0.0031  7.6926  6.6804  5.6634  5.1901  5.4018  5.2189  4.8356  4.6390  4.5555  4.4057  4.1836  4.1775  4.0629
 108  0.717895  3.7770  4.3446  0.0110  7.6317  6.6299  5.6192  5.1486  5.3626  5.1808  4.7996  4.6038  4.5205  4.3713  4.1500  4.1440  4.0300
 109  0.720291  3.7777  4.3350  0.0248  7.5731  6.5810  5.5761  5.1082  5.3243  5.1433  4.7641  4.5690  4.4861  4.3373  4.1169  4.1109  3.9974
 110  0.722642  3.7784  4.3253  0.0386  7.5169  6.5337  5.5344  5.0689  5.2867  5.1066  4.7292  4.5348  4.4521  4.3038  4.0841  4.0782  3.9652
 111  0.724886  3.7791  4.3159  0.0521  7.4603  6.4863  5.4927  5.0300  5.2494  5.0704  4.6948  4.5011  4.4186  4.2708  4.0519  4.0460  3.9336
 112  0.725833  3.7794  4.3119  0.0579  7.4356  6.4657  5.4747  5.0131  5.2333  5.0547  4.6799  4.4866  4.4042  4.2566  4.0380  4.0321  3.9200
 113  0.726780  3.7797  4.3078  0.0637  7.4112  6.4452  5.4567  4.9962  5.2170  5.0388  4.6649  4.4718  4.3896  4.2422  4.0240  4.0180  3.9062
 114  0.727728  3.7800  4.3036  0.0697  7.3868  6.4247  5.4385  4.9792  5.2007  5.0228  4.6497  4.4569  4.3749  4.2276  4.0097  4.0039  3.8922
 115  0.728674  3.7803  4.2992  0.0757  7.3630  6.4044  5.4206  4.9622  5.1843  5.0068  4.6344  4.4419  4.3599  4.2129  3.9953  3.9894  3.8780
 116  0.729618  3.7805  4.2947  0.0818  7.3394  6.3842  5.4025  4.9452  5.1677  4.9905  4.6189  4.4266  4.3448  4.1979  3.9806  3.9748  3.8636
 117  0.730559  3.7808  4.2901  0.0880  7.3164  6.3643  5.3846  4.9282  5.1511  4.9742  4.6032  4.4112  4.3295  4.1828  3.9657  3.9599  3.8489
 118  0.731498  3.7810  4.2852  0.0943  7.2934  6.3443  5.3666  4.9112  5.1343  4.9577  4.5873  4.3956  4.3139  4.1674  3.9506  3.9448  3.8339
 119  0.732436  3.7812  4.2803  0.1006  7.2707  6.3244  5.3485  4.8940  5.1173  4.9412  4.5713  4.3798  4.2982  4.1518  3.9353  3.9296  3.8188
 120  0.733372  3.7814  4.2753  0.1070  7.2482  6.3046  5.3306  4.8769  5.1003  4.9244  4.5552  4.3638  4.2824  4.1361  3.9198  3.9141  3.8035
 121  0.734306  3.7815  4.2701  0.1134  7.2259  6.2848  5.3125  4.8596  5.0832  4.9076  4.5389  4.3478  4.2664  4.1203  3.9042  3.8984  3.7880
 122  0.735237  3.7817  4.2649  0.1199  7.2035  6.2650  5.2944  4.8423  5.0660  4.8906  4.5224  4.3315  4.2502  4.1042  3.8883  3.8826  3.7723
 123  0.736162  3.7819  4.2596  0.1265  7.1809  6.2449  5.2760  4.8247  5.0486  4.8734  4.5058  4.3150  4.2338  4.0879  3.8723  3.8666  3.7564
 124  0.737085  3.7822  4.2543  0.1332  7.1577  6.2244  5.2574  4.8069  5.0308  4.8560  4.4890  4.2984  4.2173  4.0716  3.8561  3.8504  3.7404
 125  0.738009  3.7823  4.2488  0.1399  7.1353  6.2042  5.2388  4.7893  5.0132  4.8386  4.4722  4.2817  4.2007  4.0551  3.8399  3.8341  3.7242
 126  0.738932  3.7824  4.2433  0.1466  7.1128  6.1840  5.2203  4.7715  4.9955  4.8211  4.4551  4.2649  4.1839  4.0385  3.8234  3.8177  3.7079
 127  0.739854  3.7826  4.2377  0.1534  7.0907  6.1640  5.2018  4.7538  4.9777  4.8036  4.4381  4.2481  4.1671  4.0218  3.8068  3.8012  3.6915
 128  0.740774  3.7827  4.2319  0.1603  7.0691  6.1443  5.1834  4.7361  4.9599  4.7860  4.4209  4.2310  4.1501  4.0048  3.7901  3.7845  3.6749
 129  0.741691  3.7829  4.2260  0.1672  7.0478  6.1247  5.1651  4.7184  4.9420  4.7683  4.4037  4.2138  4.1330  3.9878  3.7732  3.7676  3.6581
 130  0.742606  3.7830  4.2200  0.1740  7.0271  6.1054  5.1469  4.7008  4.9241  4.7505  4.3862  4.1966  4.1157  3.9706  3.7562  3.7505  3.6411
 131  0.743517  3.7830  4.2138  0.1810  7.0074  6.0867  5.1291  4.6834  4.9062  4.7328  4.3687  4.1791  4.0984  3.9533  3.7389  3.7332  3.6238
 132  0.744422  3.7831  4.2075  0.1881  6.9881  6.0681  5.1112  4.6659  4.8883  4.7150  4.3511  4.1615  4.0809  3.9358  3.7215  3.7158  3.6064
 133  0.745325  3.7831  4.2010  0.1952  6.9692  6.0498  5.0935  4.6486  4.8703  4.6970  4.3334  4.1439  4.0632  3.9182  3.7038  3.6982  3.5887
 134  0.746220  3.7831  4.1944  0.2023  6.9509  6.0318  5.0757  4.6312  4.8523  4.6791  4.3155  4.1261  4.0454  3.9004  3.6860  3.6804  3.5710
 135  0.747110  3.7830  4.1876  0.2095  6.9333  6.0141  5.0583  4.6140  4.8343  4.6611  4.2976  4.1080  4.0274  3.8824  3.6681  3.6624  3.5529
 136  0.747995  3.7830  4.1805  0.2167  6.9165  5.9970  5.0411  4.5969  4.8163  4.6430  4.2795  4.0899  4.0093  3.8643  3.6498  3.6442  3.5345
 137  0.748873  3.7829  4.1734  0.2241  6.9003  5.9802  5.0240  4.5799  4.7983  4.6249  4.2613  4.0718  3.9910  3.8459  3.6314  3.6258  3.5160
 138  0.749743  3.7828  4.1661  0.2314  6.8847  5.9636  5.0071  4.5629  4.7802  4.6068  4.2430  4.0533  3.9726  3.8274  3.6128  3.6072  3.4973
 139  0.750607  3.7826  4.1586  0.2388  6.8700  5.9476  4.9904  4.5461  4.7621  4.5887  4.2246  4.0348  3.9541  3.8088  3.5941  3.5884  3.4784
 140  0.751462  3.7825  4.1509  0.2463  6.8564  5.9322  4.9740  4.5295  4.7441  4.5705  4.2061  4.0162  3.9354  3.7900  3.5751  3.5694  3.4592
 141  0.752310  3.7823  4.1429  0.2538  6.8438  5.9175  4.9580  4.5131  4.7262  4.5524  4.1876  3.9975  3.9166  3.7711  3.5559  3.5501  3.4398
 142  0.753148  3.7820  4.1348  0.2613  6.8320  5.9031  4.9422  4.4968  4.7084  4.5342  4.1689  3.9786  3.8977  3.7520  3.5366  3.5307  3.4202
 143  0.753980  3.7817  4.1264  0.2689  6.8218  5.8895  4.9268  4.4808  4.6907  4.5162  4.1503  3.9597  3.8786  3.7328  3.5169  3.5112  3.4003
 144  0.754801  3.7813  4.1178  0.2765  6.8125  5.8766  4.9117  4.4650  4.6730  4.4982  4.1315  3.9406  3.8595  3.7134  3.4972  3.4913  3.3801
 145  0.755614  3.7810  4.1091  0.2842  6.8038  5.8637  4.8967  4.4492  4.6553  4.4802  4.1128  3.9214  3.8402  3.6938  3.4772  3.4714  3.3598
 146  0.756416  3.7805  4.1000  0.2920  6.7973  5.8523  4.8825  4.4340  4.6380  4.4623  4.0940  3.9022  3.8208  3.6742  3.4571  3.4513  3.3392
 147  0.757210  3.7800  4.0906  0.2998  6.7928  5.8421  4.8690  4.4193  4.6208  4.4446  4.0751  3.8830  3.8014  3.6544  3.4367  3.4308  3.3183
 148  0.757994  3.7794  4.0809  0.3076  6.7907  5.8332  4.8562  4.4051  4.6040  4.4271  4.0563  3.8636  3.7818  3.6345  3.4161  3.4101  3.2971
 149  0.758768  3.7787  4.0709  0.3154  6.7900  5.8251  4.8439  4.3912  4.5873  4.4098  4.0375  3.8443  3.7622  3.6144  3.3954  3.3893  3.2757
 150  0.759531  3.7779  4.0603  0.3232  6.7935  5.8196  4.8331  4.3784  4.5713  4.3928  4.0188  3.8248  3.7425  3.5942  3.3743  3.3681  3.2538
 151  0.760284  3.7770  4.0494  0.3311  6.7990  5.8151  4.8230  4.3660  4.5555  4.3761  4.0002  3.8053  3.7228  3.5738  3.3529  3.3468  3.2317
 152  0.761027  3.7760  4.0378  0.3390  6.8100  5.8140  4.8149  4.3552  4.5407  4.3601  3.9818  3.7859  3.7030  3.5533  3.3313  3.3251  3.2091
 153  0.761762  3.7748  4.0258  0.3469  6.8247  5.8150  4.8081  4.3454  4.5264  4.3444  3.9634  3.7665  3.6833  3.5328  3.3095  3.3031  3.1861
 154  0.762488  3.7736  4.0131  0.3547  6.8445  5.8191  4.8032  4.3370  4.5129  4.3294  3.9453  3.7472  3.6635  3.5122  3.2873  3.2809  3.1627
 155  0.763206  3.7721  3.9999  0.3625  6.8712  5.8274  4.8009  4.3306  4.5004  4.3151  3.9276  3.7280  3.6438  3.4914  3.2650  3.2584  3.1389
 156  0.763919  3.7704  3.9857  0.3704  6.9064  5.8411  4.8021  4.3269  4.4892  4.3017  3.9101  3.7089  3.6240  3.4706  3.2423  3.2355  3.1146
 157  0.764625  3.7687  3.9713  0.3782  6.9484  5.8594  4.8062  4.3256  4.4788  4.2888  3.8926  3.6898  3.6042  3.4496  3.2193  3.2124  3.0899
 158  0.765331  3.7669  3.9571  0.3860  6.9925  5.8785  4.8110  4.3252  4.4683  4.2758  3.8751  3.6705  3.5844  3.4287  3.1964  3.1893  3.0653
 159  0.766035  3.7651  3.9423  0.3937  7.0461  5.9029  4.8193  4.3277  4.4592  4.2639  3.8581  3.6516  3.5648  3.4077  3.1733  3.1661  3.0404
 160  0.766738  3.7630  3.9264  0.4014  7.1137  5.9350  4.8327  4.3344  4.4523  4.2533  3.8417  3.6330  3.5454  3.3869  3.1500  3.1426  3.0149
 161  0.767441  3.7605  3.9095  0.4091  7.1968  5.9754  4.8517  4.3455  4.4474  4.2446  3.8261  3.6149  3.5263  3.3661  3.1265  3.1190  2.9890
 162  0.768094  3.7578  3.8925  0.4158  7.2988  6.0274  4.8788  4.3635  4.4470  4.2396  3.8134  3.5994  3.5097  3.3477  3.1049  3.0971  2.9646
 163  0.768742  3.7547  3.8730  0.4229  7.4207  6.0903  4.9125  4.3868  4.4486  4.2358  3.8007  3.5833  3.4924  3.3281  3.0817  3.0736  2.9381
 164  0.769385  3.7511  3.8515  0.4303  7.5598  6.1620  4.9520  4.4145  4.4522  4.2336  3.7883  3.5671  3.4747  3.3079  3.0571  3.0488  2.9098
 165  0.770019  3.7471  3.8279  0.4387  7.7082  6.2389  4.9943  4.4442  4.4558  4.2308  3.7746  3.5494  3.4554  3.2859  3.0304  3.0217  2.8790
 166  0.770636  3.7432  3.8026  0.4485  7.8548  6.3150  5.0351  4.4722  4.4563  4.2251  3.7580  3.5285  3.4331  3.2607  3.0004  2.9913  2.8447
 167  0.771222  3.7394  3.7758  0.4603  7.9902  6.3852  5.0698  4.4948  4.4516  4.2143  3.7367  3.5032  3.4062  3.2312  2.9662  2.9567  2.8063
 168  0.771772  3.7360  3.7487  0.4741  8.1046  6.4427  5.0942  4.5083  4.4399  4.1970  3.7101  3.4729  3.3746  3.1970  2.9278  2.9180  2.7642
 169  0.772279  3.7331  3.7218  0.4895  8.1968  6.4863  5.1077  4.5124  4.4214  4.1737  3.6785  3.4381  3.3387  3.1590  2.8861  2.8760  2.7192
 170  0.772750  3.7306  3.6955  0.5062  8.2663  6.5153  5.1104  4.5073  4.3967  4.1450  3.6428  3.3999  3.2994  3.1179  2.8419  2.8315  2.6722
 171  0.773189  3.7285  3.6699  0.5238  8.3159  6.5311  5.1038  4.4944  4.3672  4.1120  3.6041  3.3589  3.2577  3.0747  2.7960  2.7854  2.6239
 172  0.773602  3.7268  3.6450  0.5421  8.3504  6.5367  5.0902  4.4754  4.3340  4.0759  3.5632  3.3160  3.2141  3.0298  2.7489  2.7381  2.5747
 173  0.773994  3.7253  3.6207  0.5607  8.3721  6.5339  5.0707  4.4515  4.2979  4.0373  3.5204  3.2717  3.1692  2.9839  2.7010  2.6901  2.5252
 174  0.774369  3.7241  3.5970  0.5797  8.3838  6.5244  5.0466  4.4238  4.2595  3.9970  3.4766  3.2264  3.1235  2.9371  2.6526  2.6417  2.4754
 175  0.774733  3.7230  3.5737  0.5989  8.3880  6.5096  5.0191  4.3933  4.2196  3.9551  3.4318  3.1804  3.0770  2.8898  2.6039  2.5929  2.4253
 176  0.775084  3.7220  3.5507  0.6182  8.3880  6.4916  4.9892  4.3605  4.1782  3.9123  3.3863  3.1338  3.0301  2.8423  2.5551  2.5439  2.3752
 177  0.775429  3.7212  3.5281  0.6376  8.3830  6.4700  4.9568  4.3258  4.1359  3.8685  3.3402  3.0868  2.9827  2.7943  2.5060  2.4946  2.3251
 178  0.775767  3.7205  3.5057  0.6571  8.3741  6.4460  4.9229  4.2897  4.0927  3.8241  3.2937  3.0394  2.9351  2.7461  2.4568  2.4454  2.2750
 179  0.776098  3.7196  3.4833  0.6767  8.3649  6.4218  4.8888  4.2535  4.0495  3.7795  3.2471  2.9921  2.8874  2.6978  2.4075  2.3960  2.2248
 180  0.776424  3.7189  3.4611  0.6963  8.3534  6.3962  4.8537  4.2164  4.0058  3.7346  3.2002  2.9444  2.8396  2.6494  2.3581  2.3465  2.1745
 181  0.776743  3.7183  3.4389  0.7159  8.3387  6.3687  4.8173  4.1783  3.9615  3.6893  3.1531  2.8965  2.7915  2.6008  2.3086  2.2970  2.1242
 182  0.776967  3.7179  3.4231  0.7300  8.3275  6.3486  4.7911  4.1509  3.9298  3.6568  3.1195  2.8624  2.7571  2.5662  2.2733  2.2617  2.0883
 183  0.777190  3.7174  3.4072  0.7443  8.3150  6.3277  4.7641  4.1228  3.8975  3.6238  3.0852  2.8277  2.7223  2.5309  2.2375  2.2258  2.0519
 184  0.777413  3.7170  3.3911  0.7588  8.3014  6.3056  4.7363  4.0938  3.8644  3.5900  3.0502  2.7922  2.6867  2.4950  2.2009  2.1891  2.0148
 185  0.777636  3.7166  3.3748  0.7734  8.2878  6.2835  4.7082  4.0647  3.8312  3.5559  3.0150  2.7565  2.6508  2.4588  2.1641  2.1524  1.9776
 186  0.777859  3.7161  3.3581  0.7884  8.2736  6.2608  4.6794  4.0347  3.7970  3.5211  2.9789  2.7199  2.6141  2.4218  2.1264  2.1146  1.9393
 187  0.778080  3.7156  3.3408  0.8041  8.2586  6.2372  4.6495  4.0037  3.7615  3.4848  2.9414  2.6819  2.5759  2.3833  2.0873  2.0753  1.8995
 188  0.778299  3.7152  3.3231  0.8201  8.2425  6.2129  4.6186  3.9716  3.7251  3.4476  2.9030  2.6429  2.5368  2.3437  2.0471  2.0351  1.8588
 189  0.778517  3.7147  3.3046  0.8367  8.2253  6.1873  4.5863  3.9382  3.6870  3.4086  2.8628  2.6022  2.4959  2.3025  2.0051  1.9931  1.8162
 190  0.778731  3.7142  3.2852  0.8543  8.2070  6.1604  4.5524  3.9029  3.6470  3.3678  2.8205  2.5593  2.4528  2.2590  1.9610  1.9489  1.7714
 191  0.778942  3.7137  3.2647  0.8729  8.1867  6.1317  4.5162  3.8655  3.6047  3.3246  2.7760  2.5143  2.4075  2.2133  1.9146  1.9024  1.7243
 192  0.779148  3.7131  3.2430  0.8924  8.1668  6.1029  4.4789  3.8268  3.5604  3.2793  2.7290  2.4666  2.3597  2.1650  1.8655  1.8533  1.6745
 193  0.779350  3.7125  3.2203  0.9128  8.1464  6.0729  4.4401  3.7863  3.5142  3.2320  2.6801  2.4169  2.3098  2.1146  1.8142  1.8020  1.6224
 194  0.779549  3.7119  3.1968  0.9340  8.1245  6.0421  4.3997  3.7443  3.4662  3.1830  2.6293  2.3654  2.2581  2.0624  1.7610  1.7488  1.5685
 195  0.779744  3.7113  3.1724  0.9558  8.1029  6.0112  4.3585  3.7013  3.4169  3.1324  2.5768  2.3122  2.2047  2.0084  1.7061  1.6938  1.5127
 196  0.779935  3.7105  3.1471  0.9784  8.0809  5.9800  4.3163  3.6572  3.3660  3.0803  2.5227  2.2572  2.1494  1.9526  1.6493  1.6369  1.4551
 197  0.780122  3.7098  3.1208  1.0018  8.0602  5.9496  4.2736  3.6124  3.3138  3.0267  2.4669  2.2005  2.0923  1.8949  1.5906  1.5780  1.3953
 198  0.780304  3.7090  3.0938  1.0258  8.0379  5.9184  4.2298  3.5663  3.2602  2.9718  2.4097  2.1424  2.0340  1.8359  1.5304  1.5178  1.3341
 199  0.780484  3.7082  3.0661  1.0504  8.0158  5.8873  4.1852  3.5195  3.2056  2.9156  2.3512  2.0829  1.9741  1.7753  1.4686  1.4559  1.2713
 200  0.780657  3.7073  3.0374  1.0757  7.9939  5.8566  4.1401  3.4718  3.1495  2.8580  2.2910  2.0215  1.9124  1.7130  1.4049  1.3921  1.2066
 201  0.780826  3.7064  3.0079  1.1017  7.9700  5.8256  4.0944  3.4234  3.0924  2.7992  2.2294  1.9588  1.8494  1.6491  1.3397  1.3268  1.1401
 202  0.780989  3.7054  2.9774  1.1282  7.9435  5.7943  4.0480  3.3744  3.0344  2.7394  2.1667  1.8948  1.7851  1.5838  1.2731  1.2600  1.0722
 203  0.781149  3.7043  2.9460  1.1554  7.9189  5.7648  4.0021  3.3255  2.9756  2.6788  2.1027  1.8296  1.7194  1.5173  1.2050  1.1918  1.0026
 204  0.781302  3.7032  2.9139  1.1832  7.8942  5.7360  3.9558  3.2761  2.9159  2.6169  2.0376  1.7630  1.6524  1.4493  1.1353  1.1220  0.9316
 205  0.781450  3.7020  2.8808  1.2116  7.8701  5.7089  3.9097  3.2265  2.8552  2.5542  1.9713  1.6952  1.5841  1.3800  1.0642  1.0509  0.8589
 206  0.781593  3.7008  2.8471  1.2405  7.8462  5.6831  3.8636  3.1768  2.7939  2.4906  1.9039  1.6262  1.5147  1.3095  0.9919  0.9783  0.7849
 207  0.781730  3.6995  2.8125  1.2700  7.8226  5.6589  3.8175  3.1270  2.7317  2.4261  1.8355  1.5562  1.4442  1.2379  0.9183  0.9046  0.7096
 208  0.781861  3.6982  2.7773  1.2999  7.7996  5.6365  3.7716  3.0772  2.6688  2.3609  1.7661  1.4852  1.3727  1.1651  0.8435  0.8298  0.6331
 209  0.781987  3.6968  2.7415  1.3302  7.7772  5.6163  3.7263  3.0276  2.6054  2.2949  1.6959  1.4133  1.3001  1.0915  0.7678  0.7538  0.5554
 210  0.782107  3.6953  2.7050  1.3611  7.7557  5.6003  3.6814  2.9786  2.5416  2.2284  1.6249  1.3404  1.2268  1.0168  0.6910  0.6768  0.4767
 211  0.782222  3.6939  2.6680  1.3923  7.7354  5.5870  3.6372  2.9297  2.4773  2.1614  1.5532  1.2668  1.1526  0.9413  0.6133  0.5990  0.3970
 212  0.782332  3.6924  2.6305  1.4238  7.7163  5.5767  3.5937  2.8814  2.4128  2.0940  1.4810  1.1925  1.0777  0.8650  0.5348  0.5203  0.3163
 213  0.782435  3.6908  2.5924  1.4557  7.6993  5.5696  3.5513  2.8340  2.3482  2.0262  1.4081  1.1176  1.0022  0.7881  0.4555  0.4408  0.2349
 214  0.782530  3.6891  2.5531  1.4884  7.6836  5.5661  3.5097  2.7872  2.2827  1.9575  1.3339  1.0411  0.9250  0.7094  0.3743  0.3593  0.1513
 215  0.782621  3.6873  2.5099  1.5242  7.6687  5.5680  3.4682  2.7403  2.2132  1.8841  1.2539  0.9585  0.8416  0.6242  0.2858  0.2707  0.0602
 216  0.782711  3.6854  2.4677  1.5591  7.6770  5.5821  3.4321  2.6977  2.1459  1.8126  1.1757  0.8777  0.7598  0.5407  0.1992  0.1838 -0.0291
 217  0.782722  3.6852  2.4625  1.5633  7.6797  5.5847  3.4280  2.6926  2.1377  1.8040  1.1662  0.8678  0.7499  0.5305  0.1886  0.1732 -0.0400
 218  0.782733  3.6850  2.4574  1.5675  7.6820  5.5867  3.4237  2.6874  2.1295  1.7952  1.1566  0.8578  0.7399  0.5203  0.1781  0.1626 -0.0509
 219  0.782744  3.6847  2.4523  1.5717  7.6846  5.5891  3.4195  2.6823  2.1214  1.7865  1.1471  0.8481  0.7299  0.5101  0.1676  0.1521 -0.0616
 220  0.782756  3.6845  2.4473  1.5759  7.6879  5.5917  3.4155  2.6774  2.1134  1.7780  1.1377  0.8383  0.7201  0.5001  0.1572  0.1416 -0.0724
 221  0.782767  3.6843  2.4421  1.5801  7.6910  5.5943  3.4114  2.6723  2.1053  1.7693  1.1282  0.8286  0.7102  0.4901  0.1467  0.1312 -0.0831
 222  0.782778  3.6841  2.4371  1.5842  7.6941  5.5970  3.4075  2.6675  2.0973  1.7608  1.1189  0.8188  0.7004  0.4800  0.1364  0.1208 -0.0938
 223  0.782789  3.6838  2.4320  1.5884  7.6974  5.5998  3.4036  2.6626  2.0893  1.7523  1.1095  0.8091  0.6905  0.4699  0.1259  0.1104 -0.1046
 224  0.782801  3.6836  2.4269  1.5926  7.7008  5.6025  3.3996  2.6576  2.0814  1.7438  1.1001  0.7994  0.6807  0.4599  0.1155  0.0999 -0.1153
 225  0.782812  3.6833  2.4218  1.5968  7.7045  5.6055  3.3958  2.6528  2.0734  1.7352  1.0907  0.7897  0.6709  0.4499  0.1051  0.0895 -0.1260
 226  0.782823  3.6831  2.4167  1.6010  7.7083  5.6086  3.3920  2.6480  2.0655  1.7268  1.0813  0.7800  0.6611  0.4398  0.0947  0.0791 -0.1367
 227  0.782932  3.6811  2.3704  1.6390  7.7518  5.6358  3.3570  2.6037  1.9925  1.6486  0.9955  0.6909  0.5710  0.3478 -0.0003 -0.0162 -0.2345
 228  0.783035  3.6798  2.3394  1.6648  7.8106  5.6496  3.3306  2.5697  1.9404  1.5929  0.9351  0.6287  0.5082  0.2838 -0.0659 -0.0820 -0.3016
 229  0.783135  3.6791  2.3191  1.6823  7.8748  5.6549  3.3102  2.5430  1.9028  1.5530  0.8924  0.5851  0.4641  0.2393 -0.1111 -0.1272 -0.3474
 230  0.783235  3.6763  2.2623  1.7282  7.9187  5.7176  3.2803  2.5014  1.8195  1.4626  0.7911  0.4794  0.3570  0.1295 -0.2251 -0.2416 -0.4651
 231  0.783327  3.6734  2.2024  1.7765  7.9503  5.7851  3.2514  2.4616  1.7332  1.3686  0.6852  0.3688  0.2448  0.0143 -0.3447 -0.3615 -0.5886
 232  0.783410  3.6707  2.1479  1.8203  7.9599  5.8450  3.2259  2.4271  1.6557  1.2841  0.5899  0.2690  0.1437 -0.0895 -0.4527 -0.4698 -0.7003
 233  0.783484  3.6686  2.1050  1.8548  7.9414  5.8882  3.2057  2.4014  1.5952  1.2182  0.5153  0.1908  0.0644 -0.1710 -0.5373 -0.5547 -0.7879
 234  0.783556  3.6676  2.0828  1.8732  7.9015  5.9083  3.1962  2.3919  1.5639  1.1841  0.4764  0.1500  0.0228 -0.2136 -0.5813 -0.5988 -0.8334
 235  0.783626  3.6657  2.0414  1.9065  7.8769  5.9466  3.1790  2.3707  1.5072  1.1220  0.4055  0.0754 -0.0528 -0.2916 -0.6623 -0.6802 -0.9175
 236  0.783692  3.6623  1.9765  1.9580  7.8666  6.0081  3.1532  2.3362  1.4202  1.0263  0.2956 -0.0401 -0.1701 -0.4124 -0.7885 -0.8067 -1.0486
 237  0.783751  3.6589  1.9135  2.0078  7.8484  6.0677  3.1320  2.3076  1.3387  0.9362  0.1911 -0.1504 -0.2824 -0.5280 -0.9094 -0.9281 -1.1746
 238  0.783804  3.6555  1.8512  2.0566  7.8246  6.1297  3.1151  2.2839  1.2613  0.8498  0.0899 -0.2575 -0.3913 -0.6405 -1.0276 -1.0468 -1.2980
 239  0.783851  3.6522  1.7896  2.1046  7.7967  6.1920  3.1003  2.2630  1.1868  0.7665 -0.0084 -0.3619 -0.4977 -0.7505 -1.1434 -1.1631 -1.4192
 240  0.783893  3.6487  1.7280  2.1527  7.7667  6.2549  3.0875  2.2446  1.1140  0.6847 -0.1058 -0.4654 -0.6032 -0.8596 -1.2590 -1.2790 -1.5404
 241  0.783930  3.6454  1.6680  2.1993  7.7345  6.3233  3.0778  2.2300  1.0452  0.6069 -0.1990 -0.5648 -0.7045 -0.9646 -1.3704 -1.3909 -1.6574
 242  0.783964  3.6422  1.6120  2.2425  7.6965  6.3877  3.0705  2.2191  0.9831  0.5365 -0.2847 -0.6563 -0.7980 -1.0613 -1.4735 -1.4945 -1.7661
 243  0.783996  3.6391  1.5559  2.2858  7.6542  6.4506  3.0638  2.2096  0.9227  0.4675 -0.3696 -0.7471 -0.8908 -1.1574 -1.5762 -1.5977 -1.8745
 244  0.784023  3.6359  1.5014  2.3276  7.6095  6.5085  3.0579  2.2017  0.8658  0.4025 -0.4504 -0.8336 -0.9794 -1.2492 -1.6749 -1.6968 -1.9789
 245  0.784049  3.6327  1.4482  2.3684  7.5618  6.5610  3.0515  2.1944  0.8116  0.3401 -0.5285 -0.9175 -1.0653 -1.3380 -1.7710 -1.7932 -2.0807
 246  0.784072  3.6296  1.3956  2.4084  7.5130  6.6124  3.0467  2.1890  0.7602  0.2807 -0.6039 -0.9985 -1.1484 -1.4242 -1.8649 -1.8875 -2.1805
 247  0.784093  3.6265  1.3437  2.4477  7.4630  6.6584  3.0428  2.1856  0.7116  0.2242 -0.6764 -1.0767 -1.2286 -1.5076 -1.9567 -1.9798 -2.2783
 248  0.784112  3.6233  1.2929  2.4861  7.4118  6.6984  3.0387  2.1831  0.6655  0.1705 -0.7462 -1.1520 -1.3059 -1.5880 -2.0460 -2.0694 -2.3739
 249  0.784130  3.6203  1.2429  2.5239  7.3597  6.7350  3.0343  2.1805  0.6211  0.1186 -0.8146 -1.2256 -1.3815 -1.6664 -2.1338 -2.1576 -2.4679
 250  0.784146  3.6173  1.1945  2.5603  7.3068  6.7644  3.0291  2.1781  0.5796  0.0701 -0.8791 -1.2949 -1.4529 -1.7406 -2.2184 -2.2425 -2.5587
 251  0.784161  3.6143  1.1464  2.5965  7.2530  6.7891  3.0234  2.1758  0.5393  0.0230 -0.9424 -1.3631 -1.5229 -1.8134 -2.3022 -2.3265 -2.6488
 252  0.784175  3.6114  1.0993  2.6319  7.1986  6.8087  3.0174  2.1739  0.5012 -0.0220 -1.0035 -1.4288 -1.5903 -1.8836 -2.3841 -2.4087 -2.7372
 253  0.784188  3.6085  1.0534  2.6662  7.1449  6.8227  3.0109  2.1722  0.4663 -0.0633 -1.0607 -1.4902 -1.6533 -1.9497 -2.4629 -2.4878 -2.8226
 254  0.784199  3.6056  1.0081  2.7000  7.0913  6.8305  3.0040  2.1711  0.4337 -0.1019 -1.1150 -1.5488 -1.7134 -2.0133 -2.5403 -2.5655 -2.9069
 255  0.784210  3.6028  0.9639  2.7330  7.0384  6.8327  2.9964  2.1699  0.4039 -0.1374 -1.1656 -1.6037 -1.7694 -2.0732 -2.6151 -2.6407 -2.9888
 256  0.784221  3.6000  0.9203  2.7653  6.9854  6.8314  2.9878  2.1682  0.3756 -0.1708 -1.2135 -1.6553 -1.8218 -2.1299 -2.6890 -2.7148 -3.0699
 257  0.784230  3.5972  0.8774  2.7970  6.9333  6.8279  2.9794  2.1674  0.3504 -0.2007 -1.2576 -1.7028 -1.8699 -2.1829 -2.7608 -2.7869 -3.1493
 258  0.784239  3.5945  0.8358  2.8278  6.8821  6.8213  2.9699  2.1660  0.3279 -0.2274 -1.2974 -1.7458 -1.9134 -2.2318 -2.8300 -2.8564 -3.2263
 259  0.784247  3.5917  0.7946  2.8582  6.8309  6.8120  2.9591  2.1637  0.3074 -0.2509 -1.3326 -1.7843 -1.9516 -2.2771 -2.8980 -2.9250 -3.3026
 260  0.784255  3.5891  0.7545  2.8876  6.7808  6.8008  2.9474  2.1609  0.2896 -0.2711 -1.3634 -1.8180 -1.9847 -2.3184 -2.9639 -2.9912 -3.3767
 261  0.784261  3.5865  0.7152  2.9166  6.7311  6.7871  2.9340  2.1566  0.2739 -0.2885 -1.3903 -1.8479 -2.0138 -2.3561 -3.0278 -3.0555 -3.4493
 262  0.784268  3.5839  0.6764  2.9451  6.6822  6.7725  2.9198  2.1518  0.2608 -0.3022 -1.4131 -1.8739 -2.0387 -2.3906 -3.0897 -3.1180 -3.5204
 263  0.784274  3.5814  0.6387  2.9727  6.6349  6.7571  2.9046  2.1462  0.2506 -0.3123 -1.4311 -1.8947 -2.0582 -2.4207 -3.1489 -3.1777 -3.5891
 264  0.784280  3.5790  0.6017  2.9998  6.5892  6.7428  2.8896  2.1416  0.2452 -0.3155 -1.4388 -1.9057 -2.0666 -2.4429 -3.2046 -3.2345 -3.6559
 265  0.784286  3.5765  0.5654  3.0264  6.5451  6.7292  2.8746  2.1377  0.2448 -0.3121 -1.4373 -1.9075 -2.0648 -2.4580 -3.2575 -3.2884 -3.7212
 266  0.784291  3.5742  0.5301  3.0524  6.5022  6.7156  2.8593  2.1336  0.2466 -0.3055 -1.4312 -1.9046 -2.0580 -2.4690 -3.3078 -3.3401 -3.7845
 267  0.784296  3.5719  0.4952  3.0779  6.4605  6.7022  2.8439  2.1297  0.2508 -0.2956 -1.4208 -1.8976 -2.0471 -2.4765 -3.3558 -3.3895 -3.8461
 268  0.784301  3.5695  0.4610  3.1029  6.4201  6.6873  2.8272  2.1233  0.2535 -0.2853 -1.4085 -1.8892 -2.0346 -2.4819 -3.4003 -3.4360 -3.9055
 269  0.784305  3.5673  0.4274  3.1275  6.3808  6.6728  2.8103  2.1170  0.2580 -0.2724 -1.3930 -1.8779 -2.0192 -2.4846 -3.4424 -3.4802 -3.9632
 270  0.784309  3.5650  0.3944  3.1514  6.3436  6.6598  2.7948  2.1123  0.2670 -0.2548 -1.3732 -1.8625 -2.0001 -2.4836 -3.4815 -3.5216 -4.0185
 271  0.784313  3.5627  0.3621  3.1747  6.3086  6.6486  2.7807  2.1094  0.2804 -0.2321 -1.3479 -1.8422 -1.9758 -2.4780 -3.5171 -3.5598 -4.0715
 272  0.784317  3.5605  0.3301  3.1976  6.2753  6.6389  2.7678  2.1079  0.2975 -0.2050 -1.3185 -1.8181 -1.9481 -2.4685 -3.5496 -3.5950 -4.1222
 273  0.784320  3.5583  0.2989  3.2200  6.2427  6.6288  2.7548  2.1062  0.3152 -0.1779 -1.2901 -1.7952 -1.9221 -2.4595 -3.5807 -3.6289 -4.1715
 274  0.784324  3.5560  0.2678  3.2420  6.2143  6.6229  2.7470  2.1097  0.3409 -0.1427 -1.2573 -1.7703 -1.8960 -2.4475 -3.6056 -3.6571 -4.2162
 275  0.784327  3.5539  0.2380  3.2633  6.1876  6.6169  2.7396  2.1131  0.3690 -0.1051 -1.2228 -1.7449 -1.8705 -2.4345 -3.6266 -3.6816 -4.2575
 276  0.784330  3.5518  0.2087  3.2842  6.1625  6.6126  2.7340  2.1190  0.4010 -0.0637 -1.1852 -1.7172 -1.8426 -2.4188 -3.6447 -3.7032 -4.2964
 277  0.784332  3.5498  0.1804  3.3045  6.1388  6.6086  2.7294  2.1257  0.4345 -0.0215 -1.1475 -1.6893 -1.8150 -2.4027 -3.6609 -3.7232 -4.3333
 278  0.784335  3.5478  0.1531  3.3240  6.1156  6.6037  2.7235  2.1299  0.4647  0.0183 -1.1119 -1.6633 -1.7894 -2.3879 -3.6770 -3.7426 -4.3687
 279  0.784338  3.5461  0.1291  3.3412  6.0929  6.5956  2.7140  2.1278  0.4845  0.0476 -1.0857 -1.6453 -1.7716 -2.3794 -3.6943 -3.7623 -4.4014
