#NUMBER OF AGES= 1
#----------------------------------------------------       
#MIX-LEN  Y      Z          Zeff        [Fe/H] [a/Fe]
# 1.9380  0.3300 4.8102E-03 2.4485E-03  -0.78   0.40 
#----------------------------------------------------       
#**PHOTOMETRIC SYSTEM**: HST WFPC2 (Vega)                   
#----------------------------------------------------       
#AGE=11.400 EEPS=267
#EEP   M/Mo    LogTeff  LogG   LogL/Lo F218W   F255W   F300W   F336W   F439W   F450W   F555W   F606W   F622W   F675W   F791W   F814W   F850LP
  13  0.104441  3.5176  5.2796 -2.7988 21.0376 21.0860 17.2485 16.4734 15.3322 14.8541 13.5482 13.0343 12.8508 12.4010 11.2021 11.1545 10.6255
  14  0.124038  3.5199  5.2088 -2.6439 20.6343 20.6319 16.8067 16.0210 14.8745 14.4132 13.1261 12.6128 12.4300 11.9845 10.8114 10.7645 10.2409
  15  0.144610  3.5225  5.1483 -2.5063 20.2738 20.2197 16.4078 15.6121 14.4601 14.0137 12.7441 12.2316 12.0495 11.6084 10.4627 10.4166  9.8993
  16  0.163635  3.5260  5.1062 -2.3963 19.9789 19.8639 16.0705 15.2640 14.1058 13.6722 12.4203 11.9091 11.7276 11.2928 10.1804 10.1356  9.6271
  17  0.180803  3.5302  5.0767 -2.3069 19.7329 19.5524 15.7807 14.9637 13.7986 13.3765 12.1420 11.6328 11.4514 11.0239  9.9483  9.9048  9.4065
  18  0.195793  3.5340  5.0543 -2.2351 19.5342 19.2962 15.5448 14.7195 13.5489 13.1358 11.9159 11.4083 11.2272 10.8057  9.7616  9.7194  9.2302
  19  0.209997  3.5371  5.0351 -2.1729 19.3630 19.0775 15.3430 14.5113 13.3362 12.9301 11.7221 11.2160 11.0350 10.6184  9.6005  9.5591  9.0775
  20  0.224168  3.5400  5.0180 -2.1157 19.2050 18.8752 15.1574 14.3203 13.1410 12.7410 11.5440 11.0391 10.8583 10.4462  9.4524  9.4120  8.9373
  21  0.236470  3.5425  5.0041 -2.0687 19.0754 18.7091 15.0053 14.1643 12.9813 12.5860 11.3977 10.8941 10.7134 10.3048  9.3309  9.2912  8.8222
  22  0.246136  3.5444  4.9932 -2.0330 18.9776 18.5839 14.8904 14.0464 12.8605 12.4685 11.2868 10.7840 10.6034 10.1973  9.2386  9.1993  8.7348
  23  0.253202  3.5458  4.9851 -2.0072 18.9076 18.4941 14.8082 13.9622 12.7741 12.3842 11.2071 10.7048 10.5243 10.1201  9.1721  9.1333  8.6718
  24  0.258531  3.5467  4.9792 -1.9882 18.8568 18.4292 14.7490 13.9014 12.7116 12.3231 11.1490 10.6470 10.4665 10.0636  9.1235  9.0849  8.6258
  25  0.262648  3.5475  4.9747 -1.9740 18.8183 18.3801 14.7044 13.8558 12.6646 12.2771 11.1052 10.6035 10.4231 10.0212  9.0869  9.0485  8.5911
  26  0.265843  3.5481  4.9713 -1.9630 18.7884 18.3417 14.6698 13.8203 12.6283 12.2415 11.0714 10.5699 10.3895  9.9883  9.0586  9.0204  8.5644
  27  0.268318  3.5485  4.9687 -1.9544 18.7647 18.3112 14.6424 13.7925 12.5997 12.2135 11.0448 10.5435 10.3631  9.9625  9.0365  8.9984  8.5435
  28  0.270541  3.5490  4.9668 -1.9470 18.7443 18.2845 14.6187 13.7682 12.5749 12.1891 11.0217 10.5206 10.3403  9.9403  9.0176  8.9795  8.5257
  29  0.272615  3.5494  4.9648 -1.9400 18.7247 18.2589 14.5960 13.7451 12.5512 12.1658 10.9996 10.4987 10.3183  9.9190  8.9995  8.9616  8.5087
  30  0.274861  3.5498  4.9630 -1.9328 18.7045 18.2325 14.5728 13.7211 12.5266 12.1418 10.9770 10.4762 10.2959  9.8971  8.9811  8.9432  8.4913
  31  0.277467  3.5503  4.9611 -1.9248 18.6818 18.2026 14.5465 13.6943 12.4991 12.1148 10.9514 10.4509 10.2706  9.8726  8.9602  8.9226  8.4718
  32  0.280468  3.5509  4.9589 -1.9156 18.6560 18.1694 14.5169 13.6641 12.4682 12.0845 10.9226 10.4225 10.2422  9.8450  8.9366  8.8991  8.4497
  33  0.283896  3.5515  4.9562 -1.9052 18.6266 18.1317 14.4834 13.6298 12.4331 12.0499 10.8899 10.3900 10.2098  9.8134  8.9097  8.8723  8.4243
  34  0.287781  3.5522  4.9527 -1.8931 18.5929 18.0891 14.4452 13.5909 12.3932 12.0107 10.8527 10.3531 10.1729  9.7775  8.8787  8.8415  8.3950
  35  0.293633  3.5534  4.9464 -1.8726 18.5347 18.0138 14.3791 13.5233 12.3236 11.9420 10.7865 10.2875 10.1070  9.7139  8.8261  8.7893  8.3458
  36  0.322363  3.5601  4.9153 -1.7762 18.2585 17.6632 14.0657 13.2027 11.9879 11.6125 10.4738  9.9801  9.7995  9.4180  8.5752  8.5406  8.1127
  37  0.346142  3.5658  4.8873 -1.6939 18.0151 17.3349 13.7941 12.9280 11.7100 11.3368 10.2126  9.7218  9.5415  9.1672  8.3647  8.3313  7.9160
  38  0.373778  3.5741  4.8511 -1.5899 17.6951 16.8816 13.4359 12.5673 11.3512 10.9786  9.8764  9.3902  9.2109  8.8465  8.0997  8.0678  7.6705
  39  0.385877  3.5786  4.8337 -1.5413 17.5482 16.6553 13.2667 12.3968 11.1795 10.8050  9.7115  9.2276  9.0483  8.6902  7.9750  7.9440  7.5571
  40  0.397666  3.5830  4.8167 -1.4932 17.3973 16.4255 13.0962 12.2260 11.0095 10.6329  9.5489  9.0678  8.8886  8.5371  7.8522  7.8220  7.4454
  41  0.409332  3.5879  4.8000 -1.4449 17.2395 16.1881 12.9198 12.0497 10.8365 10.4578  9.3847  8.9073  8.7284  8.3837  7.7289  7.6996  7.3334
  42  0.420331  3.5927  4.7846 -1.3988 17.0851 15.9582 12.7471 11.8773 10.6684 10.2879  9.2263  8.7533  8.5748  8.2372  7.6109  7.5823  7.2266
  43  0.430396  3.5974  4.7708 -1.3559 16.9390 15.7476 12.5834 11.7137 10.5085 10.1270  9.0777  8.6098  8.4316  8.1010  7.5007  7.4729  7.1273
  44  0.439756  3.6020  4.7582 -1.3153 16.7990 15.5507 12.4264 11.5567 10.3551  9.9733  8.9370  8.4745  8.2970  7.9733  7.3969  7.3700  7.0339
  45  0.448807  3.6067  4.7465 -1.2757 16.6608 15.3605 12.2708 11.4011 10.2031  9.8216  8.7993  8.3430  8.1662  7.8496  7.2958  7.2696  6.9428
  46  0.457839  3.6118  4.7354 -1.2360 16.5212 15.1734 12.1129 11.2429 10.0483  9.6678  8.6611  8.2119  8.0360  7.7265  7.1946  7.1692  6.8519
  47  0.467064  3.6171  4.7247 -1.1955 16.3784 14.9898 11.9500 11.0788  9.8858  9.5078  8.5193  8.0784  7.9038  7.6020  7.0913  7.0667  6.7590
  48  0.476309  3.6228  4.7148 -1.1543 16.2342 14.8133 11.7811 10.9069  9.7155  9.3407  8.3734  7.9422  7.7691  7.4757  6.9864  6.9627  6.6652
  49  0.485442  3.6289  4.7062 -1.1128 16.0821 14.6288 11.6007 10.7229  9.5374  9.1670  8.2241  7.8042  7.6332  7.3489  6.8810  6.8582  6.5712
  50  0.494386  3.6354  4.6986 -1.0715 15.9218 14.4303 11.4066 10.5246  9.3538  8.9883  8.0733  7.6661  7.4975  7.2227  6.7760  6.7541  6.4780
  51  0.503173  3.6421  4.6919 -1.0305 15.7454 14.1937 11.1927 10.3074  9.1661  8.8056  7.9216  7.5280  7.3628  7.0976  6.6716  6.6506  6.3851
  52  0.508109  3.6460  4.6883 -1.0073 15.6333 14.0350 11.0610 10.1746  9.0584  8.7009  7.8357  7.4502  7.2872  7.0274  6.6123  6.5918  6.3323
  53  0.513017  3.6498  4.6849 -0.9842 15.5118 13.8607 10.9228 10.0362  8.9506  8.5959  7.7503  7.3729  7.2125  6.9578  6.5531  6.5333  6.2795
  54  0.517889  3.6537  4.6817 -0.9612 15.3795 13.6691 10.7779  9.8923  8.8429  8.4913  7.6656  7.2964  7.1386  6.8889  6.4942  6.4748  6.2268
  55  0.522691  3.6576  4.6786 -0.9386 15.2360 13.4614 10.6272  9.7440  8.7364  8.3877  7.5820  7.2210  7.0661  6.8211  6.4356  6.4167  6.1742
  56  0.527430  3.6615  4.6757 -0.9161 15.0810 13.2388 10.4731  9.5942  8.6317  8.2859  7.5000  7.1468  6.9950  6.7543  6.3774  6.3591  6.1218
  57  0.532110  3.6654  4.6729 -0.8938 14.9114 13.0039 10.3155  9.4425  8.5285  8.1859  7.4194  7.0740  6.9254  6.6888  6.3199  6.3020  6.0699
  58  0.536714  3.6692  4.6701 -0.8720 14.7279 12.7611 10.1571  9.2918  8.4280  8.0885  7.3410  7.0031  6.8577  6.6250  6.2633  6.2460  6.0188
  59  0.541257  3.6730  4.6674 -0.8504 14.5226 12.5078  9.9964  9.1410  8.3295  7.9935  7.2645  6.9338  6.7916  6.5627  6.2077  6.1909  5.9684
  60  0.545749  3.6767  4.6645 -0.8292 14.2954 12.2478  9.8357  8.9921  8.2339  7.9017  7.1902  6.8665  6.7274  6.5020  6.1533  6.1369  5.9191
  61  0.550191  3.6803  4.6615 -0.8083 14.0344 11.9798  9.6727  8.8436  8.1406  7.8126  7.1180  6.8009  6.6650  6.4429  6.1000  6.0841  5.8706
  62  0.554579  3.6838  4.6584 -0.7877 13.7717 11.7187  9.5138  8.6997  8.0503  7.7267  7.0479  6.7371  6.6043  6.3854  6.0478  6.0323  5.8231
  63  0.558915  3.6873  4.6551 -0.7675 13.5138 11.4681  9.3599  8.5610  7.9628  7.6437  6.9798  6.6751  6.5451  6.3293  5.9966  5.9816  5.7764
  64  0.563202  3.6906  4.6517 -0.7475 13.2752 11.2373  9.2150  8.4299  7.8788  7.5640  6.9138  6.6148  6.4873  6.2744  5.9465  5.9319  5.7307
  65  0.567447  3.6938  4.6481 -0.7279 13.0599 11.0293  9.0799  8.3072  7.7981  7.4874  6.8499  6.5559  6.4309  6.2208  5.8975  5.8833  5.6856
  66  0.571625  3.6968  4.6444 -0.7086 12.8988 10.8598  8.9602  8.1963  7.7211  7.4142  6.7879  6.4986  6.3757  6.1682  5.8494  5.8355  5.6415
  67  0.575753  3.6998  4.6405 -0.6897 12.7499 10.7036  8.8465  8.0907  7.6465  7.3433  6.7276  6.4427  6.3217  6.1167  5.8022  5.7887  5.5982
  68  0.579825  3.7028  4.6367 -0.6710 12.6083 10.5571  8.7373  7.9892  7.5741  7.2746  6.6687  6.3880  6.2688  6.0663  5.7559  5.7427  5.5556
  69  0.583831  3.7056  4.6328 -0.6525 12.4701 10.4178  8.6317  7.8910  7.5035  7.2078  6.6113  6.3345  6.2171  6.0169  5.7105  5.6977  5.5138
  70  0.587777  3.7084  4.6288 -0.6344 12.3269 10.2810  8.5278  7.7951  7.4347  7.1428  6.5553  6.2823  6.1666  5.9686  5.6659  5.6535  5.4728
  71  0.591659  3.7112  4.6248 -0.6165 12.1750 10.1443  8.4245  7.7005  7.3674  7.0793  6.5008  6.2314  6.1171  5.9214  5.6224  5.6102  5.4326
  72  0.595480  3.7138  4.6205 -0.5989 12.0048 10.0017  8.3203  7.6061  7.3014  7.0173  6.4474  6.1815  6.0689  5.8752  5.5797  5.5678  5.3931
  73  0.599235  3.7165  4.6163 -0.5815 11.8342  9.8627  8.2184  7.5142  7.2373  6.9571  6.3955  6.1329  6.0217  5.8300  5.5380  5.5263  5.3544
  74  0.602930  3.7190  4.6120 -0.5645 11.6639  9.7270  8.1187  7.4246  7.1745  6.8983  6.3446  6.0853  5.9755  5.7858  5.4969  5.4856  5.3164
  75  0.606549  3.7214  4.6076 -0.5477 11.4960  9.5958  8.0219  7.3376  7.1135  6.8411  6.2952  6.0389  5.9304  5.7425  5.4568  5.4457  5.2792
  76  0.610100  3.7237  4.6032 -0.5312 11.3315  9.4689  7.9276  7.2530  7.0539  6.7854  6.2469  5.9935  5.8864  5.7003  5.4176  5.4067  5.2428
  77  0.613586  3.7261  4.5986 -0.5150 11.1729  9.3477  7.8367  7.1714  6.9961  6.7312  6.1998  5.9492  5.8433  5.6588  5.3791  5.3685  5.2069
  78  0.617007  3.7283  4.5940 -0.4989 11.0239  9.2332  7.7495  7.0929  6.9397  6.6784  6.1539  5.9059  5.8012  5.6184  5.3414  5.3310  5.1717
  79  0.620350  3.7305  4.5893 -0.4834 10.8808  9.1240  7.6655  7.0172  6.8850  6.6271  6.1092  5.8638  5.7601  5.5789  5.3046  5.2944  5.1373
  80  0.623626  3.7325  4.5845 -0.4680 10.7424  9.0191  7.5843  6.9439  6.8316  6.5771  6.0656  5.8226  5.7200  5.5403  5.2684  5.2585  5.1036
  81  0.626828  3.7345  4.5796 -0.4529 10.6087  8.9184  7.5058  6.8732  6.7798  6.5286  6.0232  5.7825  5.6809  5.5026  5.2332  5.2235  5.0705
  82  0.630892  3.7370  4.5733 -0.4338 10.4425  8.7936  7.4081  6.7849  6.7147  6.4675  5.9695  5.7318  5.6314  5.4548  5.1884  5.1790  5.0285
  83  0.634890  3.7394  4.5667 -0.4149 10.2821  8.6736  7.3134  6.6995  6.6510  6.4079  5.9171  5.6819  5.5827  5.4079  5.1443  5.1351  4.9871
  84  0.638829  3.7417  4.5600 -0.3962 10.1267  8.5579  7.2214  6.6165  6.5887  6.3494  5.8655  5.6329  5.5348  5.3616  5.1008  5.0917  4.9460
  85  0.642715  3.7440  4.5531 -0.3777  9.9781  8.4470  7.1329  6.5365  6.5279  6.2922  5.8148  5.5846  5.4874  5.3158  5.0575  5.0486  4.9051
  86  0.646549  3.7462  4.5460 -0.3593  9.8329  8.3392  7.0465  6.4583  6.4681  6.2359  5.7648  5.5369  5.4407  5.2704  5.0146  5.0060  4.8645
  87  0.650334  3.7482  4.5386 -0.3410  9.6931  8.2351  6.9627  6.3824  6.4094  6.1805  5.7155  5.4896  5.3943  5.2254  4.9720  4.9635  4.8240
  88  0.654068  3.7503  4.5311 -0.3229  9.5571  8.1340  6.8809  6.3083  6.3516  6.1260  5.6667  5.4430  5.3485  5.1809  4.9298  4.9215  4.7838
  89  0.657753  3.7522  4.5233 -0.3049  9.4254  8.0356  6.8010  6.2359  6.2946  6.0723  5.6186  5.3968  5.3031  5.1368  4.8878  4.8797  4.7439
  90  0.661385  3.7541  4.5152 -0.2869  9.2982  7.9403  6.7232  6.1652  6.2386  6.0193  5.5709  5.3510  5.2581  5.0930  4.8461  4.8381  4.7041
  91  0.664958  3.7559  4.5070 -0.2691  9.1747  7.8473  6.6471  6.0961  6.1833  5.9670  5.5238  5.3057  5.2135  5.0496  4.8047  4.7969  4.6645
  92  0.668472  3.7577  4.4985 -0.2514  9.0540  7.7558  6.5719  6.0279  6.1286  5.9153  5.4772  5.2610  5.1695  5.0068  4.7638  4.7562  4.6253
  93  0.671919  3.7593  4.4897 -0.2338  8.9375  7.6668  6.4986  5.9611  6.0746  5.8643  5.4312  5.2167  5.1260  4.9644  4.7233  4.7157  4.5864
  94  0.675298  3.7609  4.4808 -0.2164  8.8251  7.5805  6.4271  5.8961  6.0216  5.8140  5.3858  5.1729  5.0829  4.9224  4.6830  4.6756  4.5476
  95  0.678601  3.7624  4.4717 -0.1991  8.7178  7.4971  6.3580  5.8329  5.9694  5.7644  5.3408  5.1296  5.0402  4.8808  4.6431  4.6359  4.5093
  96  0.681824  3.7638  4.4625 -0.1820  8.6145  7.4166  6.2909  5.7716  5.9183  5.7158  5.2966  5.0869  4.9982  4.8398  4.6037  4.5966  4.4712
  97  0.684969  3.7652  4.4532 -0.1652  8.5156  7.3390  6.2261  5.7118  5.8681  5.6679  5.2529  5.0447  4.9566  4.7992  4.5647  4.5577  4.4335
  98  0.688031  3.7664  4.4435 -0.1486  8.4217  7.2649  6.1638  5.6544  5.8190  5.6211  5.2100  5.0032  4.9156  4.7591  4.5260  4.5192  4.3961
  99  0.691008  3.7677  4.4339 -0.1323  8.3312  7.1932  6.1034  5.5986  5.7709  5.5751  5.1677  4.9623  4.8753  4.7196  4.4879  4.4811  4.3592
 100  0.693907  3.7689  4.4242 -0.1161  8.2451  7.1245  6.0453  5.5448  5.7241  5.5302  5.1262  4.9220  4.8355  4.6805  4.4502  4.4435  4.3226
 101  0.696723  3.7700  4.4145 -0.1002  8.1627  7.0586  5.9891  5.4928  5.6783  5.4860  5.0853  4.8823  4.7962  4.6421  4.4130  4.4064  4.2863
 102  0.699463  3.7710  4.4046 -0.0846  8.0843  6.9958  5.9353  5.4429  5.6334  5.4429  5.0451  4.8431  4.7575  4.6041  4.3761  4.3696  4.2505
 103  0.702131  3.7719  4.3949 -0.0692  8.0098  6.9359  5.8837  5.3947  5.5898  5.4006  5.0056  4.8046  4.7194  4.5666  4.3397  4.3333  4.2151
 104  0.704731  3.7729  4.3852 -0.0541  7.9379  6.8778  5.8334  5.3480  5.5470  5.3592  4.9667  4.7667  4.6818  4.5297  4.3039  4.2976  4.1801
 105  0.707272  3.7738  4.3754 -0.0392  7.8692  6.8219  5.7848  5.3026  5.5050  5.3186  4.9285  4.7294  4.6449  4.4934  4.2685  4.2623  4.1455
 106  0.709758  3.7746  4.3656 -0.0246  7.8026  6.7675  5.7374  5.2583  5.4639  5.2787  4.8910  4.6928  4.6086  4.4576  4.2338  4.2275  4.1114
 107  0.712205  3.7754  4.3558 -0.0102  7.7391  6.7151  5.6915  5.2154  5.4237  5.2396  4.8541  4.6567  4.5728  4.4224  4.1994  4.1932  4.0779
 108  0.714620  3.7761  4.3461  0.0041  7.6774  6.6640  5.6467  5.1734  5.3841  5.2011  4.8177  4.6211  4.5375  4.3877  4.1655  4.1594  4.0447
 109  0.717010  3.7768  4.3363  0.0181  7.6180  6.6145  5.6032  5.1325  5.3454  5.1634  4.7820  4.5860  4.5028  4.3534  4.1320  4.1260  4.0117
 110  0.719357  3.7775  4.3265  0.0319  7.5611  6.5666  5.5609  5.0928  5.3074  5.1263  4.7467  4.5515  4.4684  4.3195  4.0989  4.0929  3.9793
 111  0.721599  3.7782  4.3170  0.0456  7.5038  6.5188  5.5188  5.0533  5.2699  5.0897  4.7120  4.5174  4.4347  4.2863  4.0664  4.0605  3.9473
 112  0.722536  3.7785  4.3130  0.0514  7.4789  6.4981  5.5007  5.0364  5.2537  5.0740  4.6971  4.5029  4.4203  4.2721  4.0525  4.0466  3.9337
 113  0.723473  3.7788  4.3089  0.0572  7.4545  6.4775  5.4826  5.0195  5.2375  5.0581  4.6821  4.4881  4.4057  4.2577  4.0385  4.0325  3.9199
 114  0.724411  3.7791  4.3047  0.0632  7.4299  6.4570  5.4644  5.0023  5.2210  5.0421  4.6669  4.4732  4.3909  4.2431  4.0242  4.0183  3.9059
 115  0.725347  3.7794  4.3003  0.0692  7.4061  6.4367  5.4465  4.9853  5.2046  5.0261  4.6516  4.4582  4.3760  4.2284  4.0098  4.0039  3.8917
 116  0.726281  3.7796  4.2958  0.0753  7.3823  6.4165  5.4284  4.9683  5.1881  5.0098  4.6361  4.4430  4.3608  4.2134  3.9951  3.9893  3.8773
 117  0.727213  3.7799  4.2912  0.0815  7.3593  6.3966  5.4105  4.9513  5.1715  4.9935  4.6204  4.4275  4.3456  4.1983  3.9802  3.9744  3.8626
 118  0.728142  3.7801  4.2863  0.0878  7.3363  6.3766  5.3925  4.9343  5.1547  4.9770  4.6046  4.4120  4.3300  4.1829  3.9651  3.9593  3.8476
 119  0.729070  3.7803  4.2814  0.0941  7.3136  6.3567  5.3744  4.9171  5.1378  4.9605  4.5886  4.3962  4.3143  4.1673  3.9498  3.9441  3.8326
 120  0.729996  3.7805  4.2764  0.1005  7.2911  6.3369  5.3564  4.9000  5.1208  4.9438  4.5725  4.3802  4.2985  4.1516  3.9343  3.9286  3.8172
 121  0.730920  3.7806  4.2712  0.1069  7.2688  6.3171  5.3384  4.8827  5.1037  4.9270  4.5562  4.3642  4.2825  4.1358  3.9187  3.9129  3.8017
 122  0.731840  3.7808  4.2660  0.1134  7.2462  6.2973  5.3201  4.8653  5.0865  4.9100  4.5397  4.3479  4.2663  4.1197  3.9028  3.8971  3.7861
 123  0.732756  3.7810  4.2607  0.1200  7.2237  6.2772  5.3018  4.8478  5.0691  4.8928  4.5231  4.3315  4.2499  4.1034  3.8868  3.8811  3.7702
 124  0.733670  3.7813  4.2554  0.1267  7.2006  6.2567  5.2831  4.8300  5.0513  4.8754  4.5063  4.3149  4.2334  4.0871  3.8706  3.8649  3.7542
 125  0.734584  3.7814  4.2499  0.1333  7.1782  6.2367  5.2647  4.8124  5.0337  4.8581  4.4895  4.2982  4.2168  4.0706  3.8544  3.8486  3.7380
 126  0.735497  3.7815  4.2444  0.1400  7.1557  6.2165  5.2462  4.7946  5.0160  4.8406  4.4724  4.2814  4.2000  4.0540  3.8380  3.8322  3.7217
 127  0.736410  3.7817  4.2388  0.1468  7.1338  6.1967  5.2278  4.7769  4.9983  4.8231  4.4554  4.2646  4.1833  4.0373  3.8214  3.8157  3.7053
 128  0.737320  3.7818  4.2330  0.1536  7.1122  6.1770  5.2095  4.7593  4.9806  4.8055  4.4383  4.2475  4.1663  4.0205  3.8047  3.7990  3.6888
 129  0.738228  3.7820  4.2271  0.1605  7.0909  6.1575  5.1912  4.7416  4.9627  4.7878  4.4210  4.2303  4.1492  4.0035  3.7879  3.7822  3.6720
 130  0.739133  3.7821  4.2211  0.1673  7.0704  6.1383  5.1730  4.7241  4.9448  4.7702  4.4037  4.2131  4.1320  3.9863  3.7709  3.7651  3.6550
 131  0.740035  3.7821  4.2149  0.1743  7.0507  6.1197  5.1552  4.7067  4.9269  4.7525  4.3862  4.1958  4.1147  3.9690  3.7536  3.7479  3.6377
 132  0.740931  3.7822  4.2086  0.1814  7.0314  6.1011  5.1373  4.6892  4.9091  4.7347  4.3686  4.1782  4.0972  3.9515  3.7362  3.7305  3.6203
 133  0.741824  3.7822  4.2021  0.1885  7.0125  6.0829  5.1196  4.6719  4.8911  4.7167  4.3509  4.1606  4.0795  3.9339  3.7185  3.7129  3.6026
 134  0.742711  3.7822  4.1955  0.1956  6.9942  6.0649  5.1020  4.6545  4.8732  4.6988  4.3330  4.1428  4.0617  3.9161  3.7008  3.6951  3.5849
 135  0.743591  3.7821  4.1887  0.2028  6.9766  6.0472  5.0846  4.6373  4.8552  4.6808  4.3151  4.1247  4.0438  3.8981  3.6828  3.6771  3.5668
 136  0.744468  3.7821  4.1816  0.2100  6.9599  6.0301  5.0674  4.6203  4.8372  4.6628  4.2970  4.1066  4.0257  3.8800  3.6646  3.6589  3.5486
 137  0.745337  3.7820  4.1745  0.2174  6.9437  6.0133  5.0503  4.6033  4.8192  4.6448  4.2790  4.0885  4.0075  3.8618  3.6463  3.6405  3.5301
 138  0.746198  3.7819  4.1672  0.2247  6.9281  5.9967  5.0334  4.5863  4.8011  4.6267  4.2607  4.0701  3.9891  3.8433  3.6277  3.6220  3.5114
 139  0.747054  3.7817  4.1597  0.2321  6.9134  5.9806  5.0167  4.5694  4.7831  4.6086  4.2423  4.0517  3.9706  3.8247  3.6090  3.6032  3.4925
 140  0.747901  3.7816  4.1520  0.2396  6.8997  5.9651  5.0003  4.5528  4.7652  4.5904  4.2238  4.0331  3.9519  3.8059  3.5900  3.5843  3.4733
 141  0.748739  3.7814  4.1440  0.2471  6.8871  5.9504  4.9842  4.5364  4.7473  4.5724  4.2053  4.0144  3.9331  3.7870  3.5708  3.5650  3.4539
 142  0.749569  3.7811  4.1359  0.2546  6.8754  5.9360  4.9683  4.5201  4.7295  4.5543  4.1868  3.9955  3.9143  3.7680  3.5515  3.5456  3.4343
 143  0.750393  3.7808  4.1275  0.2622  6.8653  5.9224  4.9530  4.5041  4.7118  4.5363  4.1682  3.9766  3.8953  3.7488  3.5320  3.5261  3.4144
 144  0.751206  3.7804  4.1189  0.2698  6.8562  5.9096  4.9380  4.4884  4.6942  4.5183  4.1494  3.9576  3.8762  3.7295  3.5122  3.5062  3.3943
 145  0.752009  3.7801  4.1101  0.2775  6.8475  5.8968  4.9230  4.4727  4.6766  4.5003  4.1307  3.9385  3.8569  3.7099  3.4923  3.4864  3.3740
 146  0.752803  3.7796  4.1010  0.2852  6.8414  5.8856  4.9090  4.4575  4.6593  4.4825  4.1119  3.9193  3.8375  3.6903  3.4722  3.4662  3.3534
 147  0.753589  3.7791  4.0916  0.2930  6.8371  5.8754  4.8955  4.4429  4.6421  4.4649  4.0931  3.9001  3.8181  3.6705  3.4518  3.4458  3.3326
 148  0.754363  3.7785  4.0819  0.3008  6.8350  5.8665  4.8828  4.4288  4.6255  4.4474  4.0744  3.8807  3.7986  3.6506  3.4312  3.4251  3.3114
 149  0.755129  3.7778  4.0719  0.3086  6.8345  5.8586  4.8706  4.4149  4.6088  4.4301  4.0556  3.8614  3.7790  3.6306  3.4105  3.4044  3.2900
 150  0.755882  3.7770  4.0614  0.3164  6.8380  5.8530  4.8598  4.4022  4.5928  4.4131  4.0369  3.8419  3.7594  3.6103  3.3894  3.3832  3.2681
 151  0.756627  3.7761  4.0505  0.3243  6.8434  5.8484  4.8497  4.3899  4.5770  4.3964  4.0183  3.8225  3.7397  3.5901  3.3682  3.3619  3.2461
 152  0.757360  3.7751  4.0391  0.3321  6.8542  5.8471  4.8415  4.3791  4.5621  4.3804  3.9999  3.8032  3.7199  3.5696  3.3466  3.3403  3.2236
 153  0.758086  3.7739  4.0271  0.3400  6.8688  5.8481  4.8347  4.3693  4.5477  4.3647  3.9815  3.7837  3.7002  3.5491  3.3248  3.3184  3.2006
 154  0.758803  3.7727  4.0146  0.3479  6.8885  5.8520  4.8298  4.3609  4.5342  4.3495  3.9634  3.7644  3.6804  3.5285  3.3027  3.2962  3.1774
 155  0.759511  3.7713  4.0014  0.3557  6.9149  5.8601  4.8274  4.3545  4.5216  4.3352  3.9456  3.7452  3.6607  3.5077  3.2805  3.2738  3.1536
 156  0.760213  3.7697  3.9874  0.3635  6.9503  5.8743  4.8290  4.3512  4.5103  4.3216  3.9280  3.7260  3.6409  3.4870  3.2578  3.2510  3.1294
 157  0.760908  3.7680  3.9732  0.3713  6.9923  5.8927  4.8331  4.3501  4.4998  4.3087  3.9105  3.7069  3.6211  3.4659  3.2348  3.2279  3.1047
 158  0.761602  3.7662  3.9590  0.3792  7.0362  5.9118  4.8379  4.3497  4.4892  4.2956  3.8930  3.6876  3.6013  3.4450  3.2120  3.2048  3.0802
 159  0.762294  3.7644  3.9442  0.3870  7.0900  5.9362  4.8463  4.3522  4.4801  4.2836  3.8759  3.6687  3.5816  3.4240  3.1889  3.1816  3.0553
 160  0.762983  3.7623  3.9285  0.3947  7.1568  5.9679  4.8595  4.3587  4.4730  4.2730  3.8594  3.6501  3.5622  3.4032  3.1657  3.1582  3.0300
 161  0.763670  3.7599  3.9118  0.4024  7.2390  6.0075  4.8780  4.3695  4.4679  4.2640  3.8438  3.6319  3.5430  3.3824  3.1422  3.1346  3.0041
 162  0.764318  3.7572  3.8946  0.4092  7.3411  6.0593  4.9049  4.3874  4.4671  4.2587  3.8307  3.6161  3.5262  3.3637  3.1202  3.1124  2.9793
 163  0.764959  3.7541  3.8749  0.4164  7.4623  6.1214  4.9380  4.4101  4.4683  4.2545  3.8176  3.5996  3.5084  3.3437  3.0966  3.0885  2.9524
 164  0.765596  3.7505  3.8532  0.4242  7.6000  6.1919  4.9767  4.4371  4.4713  4.2517  3.8046  3.5828  3.4902  3.3230  3.0716  3.0632  2.9237
 165  0.766223  3.7466  3.8294  0.4328  7.7467  6.2677  5.0181  4.4660  4.4741  4.2481  3.7903  3.5645  3.4703  3.3004  3.0443  3.0355  2.8923
 166  0.766833  3.7427  3.8039  0.4429  7.8915  6.3427  5.0578  4.4931  4.4738  4.2416  3.7730  3.5430  3.4473  3.2746  3.0136  3.0044  2.8574
 167  0.767413  3.7389  3.7770  0.4550  8.0251  6.4116  5.0915  4.5147  4.4681  4.2300  3.7510  3.5169  3.4197  3.2443  2.9787  2.9692  2.8184
 168  0.767955  3.7355  3.7498  0.4691  8.1376  6.4679  5.1148  4.5272  4.4556  4.2118  3.7236  3.4858  3.3874  3.2095  2.9397  2.9299  2.7757
 169  0.768458  3.7326  3.7227  0.4848  8.2277  6.5101  5.1270  4.5303  4.4361  4.1876  3.6912  3.4504  3.3508  3.1708  2.8974  2.8873  2.7301
 170  0.768923  3.7302  3.6962  0.5017  8.2953  6.5378  5.1287  4.5242  4.4106  4.1582  3.6549  3.4115  3.3109  3.1290  2.8526  2.8422  2.6825
 171  0.769358  3.7282  3.6705  0.5196  8.3434  6.5526  5.1211  4.5103  4.3803  4.1245  3.6155  3.3698  3.2684  3.0852  2.8061  2.7955  2.6336
 172  0.769769  3.7265  3.6454  0.5382  8.3765  6.5572  5.1065  4.4905  4.3463  4.0876  3.5739  3.3263  3.2242  3.0397  2.7584  2.7476  2.5838
 173  0.770159  3.7250  3.6209  0.5570  8.3970  6.5534  5.0862  4.4658  4.3094  4.0484  3.5305  3.2814  3.1787  2.9932  2.7099  2.6990  2.5337
 174  0.770532  3.7238  3.5969  0.5762  8.4075  6.5429  5.0613  4.4373  4.2704  4.0073  3.4860  3.2354  3.1324  2.9458  2.6609  2.6499  2.4833
 175  0.770894  3.7227  3.5734  0.5958  8.4109  6.5274  5.0330  4.4060  4.2297  3.9648  3.4405  3.1887  3.0853  2.8978  2.6116  2.6004  2.4326
 176  0.771243  3.7217  3.5502  0.6153  8.4105  6.5087  5.0023  4.3725  4.1877  3.9212  3.3944  3.1415  3.0376  2.8496  2.5620  2.5508  2.3819
 177  0.771587  3.7209  3.5274  0.6350  8.4046  6.4865  4.9693  4.3371  4.1446  3.8768  3.3475  3.0939  2.9896  2.8010  2.5123  2.5009  2.3312
 178  0.771924  3.7202  3.5048  0.6548  8.3948  6.4615  4.9346  4.3002  4.1008  3.8316  3.3004  3.0459  2.9414  2.7522  2.4625  2.4511  2.2804
 179  0.772253  3.7193  3.4821  0.6746  8.3848  6.4367  4.8997  4.2634  4.0569  3.7864  3.2532  2.9978  2.8931  2.7033  2.4126  2.4011  2.2295
 180  0.772578  3.7186  3.4596  0.6944  8.3723  6.4103  4.8639  4.2255  4.0125  3.7409  3.2057  2.9495  2.8446  2.6542  2.3625  2.3509  2.1786
 181  0.772896  3.7180  3.4372  0.7144  8.3567  6.3820  4.8268  4.1868  3.9676  3.6948  3.1578  2.9010  2.7958  2.6049  2.3123  2.3007  2.1277
 182  0.773116  3.7176  3.4216  0.7284  8.3452  6.3618  4.8005  4.1594  3.9359  3.6625  3.1243  2.8669  2.7616  2.5704  2.2772  2.2656  2.0918
 183  0.773334  3.7171  3.4057  0.7426  8.3325  6.3408  4.7735  4.1312  3.9036  3.6295  3.0901  2.8323  2.7268  2.5352  2.2415  2.2297  2.0556
 184  0.773552  3.7167  3.3896  0.7571  8.3187  6.3186  4.7456  4.1023  3.8707  3.5957  3.0552  2.7969  2.6913  2.4994  2.2050  2.1932  2.0186
 185  0.773771  3.7163  3.3734  0.7717  8.3048  6.2964  4.7176  4.0732  3.8375  3.5618  3.0201  2.7614  2.6555  2.4633  2.1684  2.1565  1.9815
 186  0.773990  3.7158  3.3568  0.7867  8.2903  6.2737  4.6887  4.0432  3.8033  3.5270  2.9842  2.7248  2.6189  2.4265  2.1307  2.1189  1.9434
 187  0.774207  3.7153  3.3395  0.8022  8.2751  6.2499  4.6588  4.0122  3.7679  3.4907  2.9467  2.6870  2.5808  2.3880  2.0917  2.0798  1.9036
 188  0.774422  3.7149  3.3218  0.8182  8.2587  6.2255  4.6279  3.9801  3.7315  3.4535  2.9083  2.6480  2.5417  2.3485  2.0516  2.0396  1.8630
 189  0.774635  3.7145  3.3033  0.8350  8.2414  6.1998  4.5954  3.9465  3.6933  3.4145  2.8679  2.6071  2.5007  2.3071  2.0094  1.9974  1.8202
 190  0.774845  3.7140  3.2839  0.8526  8.2226  6.1727  4.5613  3.9110  3.6531  3.3735  2.8256  2.5642  2.4575  2.2635  1.9653  1.9532  1.7754
 191  0.775051  3.7134  3.2634  0.8712  8.2022  6.1440  4.5251  3.8736  3.6108  3.3303  2.7809  2.5190  2.4122  2.2178  1.9187  1.9065  1.7282
 192  0.775253  3.7129  3.2416  0.8907  8.1821  6.1150  4.4877  3.8347  3.5664  3.2849  2.7339  2.4713  2.3643  2.1695  1.8696  1.8574  1.6783
 193  0.775451  3.7123  3.2190  0.9111  8.1614  6.0850  4.4488  3.7942  3.5201  3.2376  2.6850  2.4216  2.3144  2.1191  1.8183  1.8061  1.6263
 194  0.775646  3.7116  3.1955  0.9323  8.1394  6.0542  4.4083  3.7522  3.4721  3.1885  2.6342  2.3701  2.2626  2.0668  1.7651  1.7529  1.5724
 195  0.775837  3.7110  3.1711  0.9541  8.1176  6.0233  4.3672  3.7092  3.4228  3.1380  2.5817  2.3169  2.2092  2.0128  1.7102  1.6979  1.5166
 196  0.776025  3.7103  3.1458  0.9767  8.0953  5.9919  4.3248  3.6650  3.3720  3.0858  2.5277  2.2619  2.1540  1.9571  1.6534  1.6410  1.4590
 197  0.776209  3.7096  3.1195  1.0001  8.0743  5.9615  4.2821  3.6201  3.3198  3.0324  2.4719  2.2052  2.0970  1.8994  1.5947  1.5822  1.3992
 198  0.776387  3.7088  3.0925  1.0241  8.0520  5.9303  4.2384  3.5741  3.2663  2.9775  2.4148  2.1472  2.0387  1.8404  1.5346  1.5220  1.3381
 199  0.776563  3.7079  3.0648  1.0487  8.0297  5.8992  4.1937  3.5273  3.2116  2.9213  2.3562  2.0876  1.9788  1.7798  1.4729  1.4601  1.2754
 200  0.776734  3.7071  3.0361  1.0740  8.0076  5.8685  4.1487  3.4797  3.1556  2.8637  2.2961  2.0263  1.9171  1.7175  1.4092  1.3964  1.2106
 201  0.776899  3.7062  3.0066  1.1000  7.9821  5.8369  4.1027  3.4311  3.0985  2.8049  2.2345  1.9637  1.8542  1.6537  1.3440  1.3311  1.1442
 202  0.777060  3.7052  2.9762  1.1265  7.9556  5.8056  4.0563  3.3821  3.0405  2.7451  2.1718  1.8997  1.7898  1.5885  1.2774  1.2643  1.0763
 203  0.777216  3.7042  2.9448  1.1537  7.9308  5.7761  4.0104  3.3332  2.9817  2.6845  2.1078  1.8345  1.7242  1.5220  1.2093  1.1961  1.0067
 204  0.777367  3.7031  2.9127  1.1815  7.9059  5.7473  3.9641  3.2838  2.9220  2.6226  2.0428  1.7679  1.6573  1.4540  1.1397  1.1263  0.9357
 205  0.777512  3.7019  2.8797  1.2099  7.8816  5.7202  3.9180  3.2342  2.8613  2.5599  1.9764  1.7001  1.5890  1.3847  1.0686  1.0552  0.8631
 206  0.777652  3.7006  2.8459  1.2388  7.8577  5.6946  3.8719  3.1845  2.8000  2.4963  1.9090  1.6311  1.5196  1.3142  0.9963  0.9827  0.7891
 207  0.777787  3.6993  2.8113  1.2683  7.8339  5.6703  3.8258  3.1347  2.7378  2.4318  1.8406  1.5611  1.4491  1.2426  0.9228  0.9090  0.7138
 208  0.777916  3.6980  2.7762  1.2981  7.8107  5.6480  3.7799  3.0849  2.6749  2.3666  1.7712  1.4901  1.3776  1.1698  0.8480  0.8342  0.6372
 209  0.778039  3.6966  2.7404  1.3285  7.7883  5.6280  3.7346  3.0353  2.6115  2.3006  1.7011  1.4182  1.3050  1.0962  0.7722  0.7582  0.5596
 210  0.778157  3.6952  2.7039  1.3594  7.7668  5.6122  3.6898  2.9863  2.5477  2.2341  1.6300  1.3453  1.2317  1.0215  0.6955  0.6812  0.4808
 211  0.778270  3.6937  2.6669  1.3906  7.7465  5.5990  3.6455  2.9374  2.4834  2.1671  1.5583  1.2717  1.1574  0.9460  0.6177  0.6034  0.4011
 212  0.778377  3.6922  2.6293  1.4221  7.7274  5.5888  3.6021  2.8891  2.4189  2.0997  1.4861  1.1974  1.0824  0.8697  0.5391  0.5246  0.3204
 213  0.778478  3.6907  2.5912  1.4540  7.7105  5.5819  3.5596  2.8417  2.3541  2.0319  1.4132  1.1225  1.0069  0.7927  0.4598  0.4451  0.2390
 214  0.778571  3.6890  2.5518  1.4868  7.6948  5.5785  3.5180  2.7949  2.2886  1.9630  1.3388  1.0458  0.9295  0.7138  0.3784  0.3634  0.1552
 215  0.778661  3.6871  2.5084  1.5227  7.6820  5.5815  3.4768  2.7482  2.2187  1.8893  1.2584  0.9627  0.8457  0.6281  0.2894  0.2742  0.0635
 216  0.778750  3.6853  2.4664  1.5574  7.6911  5.5959  3.4410  2.7058  2.1518  1.8181  1.1806  0.8822  0.7643  0.5450  0.2032  0.1878 -0.0253
 217  0.778761  3.6851  2.4612  1.5616  7.6940  5.5984  3.4369  2.7009  2.1438  1.8095  1.1711  0.8725  0.7544  0.5350  0.1928  0.1773 -0.0361
 218  0.778772  3.6848  2.4562  1.5658  7.6963  5.6005  3.4327  2.6957  2.1356  1.8009  1.1617  0.8627  0.7446  0.5249  0.1824  0.1669 -0.0468
 219  0.778782  3.6846  2.4512  1.5700  7.6989  5.6029  3.4285  2.6906  2.1275  1.7922  1.1522  0.8530  0.7347  0.5148  0.1720  0.1564 -0.0575
 220  0.778793  3.6844  2.4462  1.5742  7.7023  5.6055  3.4245  2.6857  2.1195  1.7838  1.1429  0.8432  0.7250  0.5048  0.1617  0.1461 -0.0681
 221  0.778804  3.6842  2.4410  1.5783  7.7053  5.6081  3.4205  2.6806  2.1115  1.7752  1.1335  0.8336  0.7151  0.4948  0.1512  0.1357 -0.0788
 222  0.778815  3.6839  2.4360  1.5824  7.7086  5.6109  3.4166  2.6758  2.1036  1.7667  1.1242  0.8239  0.7054  0.4848  0.1409  0.1253 -0.0895
 223  0.778826  3.6837  2.4309  1.5866  7.7119  5.6137  3.4127  2.6710  2.0956  1.7582  1.1148  0.8142  0.6956  0.4748  0.1305  0.1150 -0.1002
 224  0.778838  3.6834  2.4259  1.5907  7.7153  5.6164  3.4087  2.6661  2.0877  1.7497  1.1055  0.8045  0.6858  0.4648  0.1202  0.1046 -0.1108
 225  0.778849  3.6832  2.4208  1.5949  7.7190  5.6194  3.4049  2.6613  2.0798  1.7413  1.0962  0.7949  0.6760  0.4548  0.1098  0.0942 -0.1215
 226  0.778860  3.6830  2.4158  1.5991  7.7229  5.6225  3.4012  2.6565  2.0720  1.7329  1.0868  0.7853  0.6662  0.4449  0.0995  0.0838 -0.1321
 227  0.778966  3.6810  2.3701  1.6365  7.7669  5.6492  3.3667  2.6127  1.9999  1.6557  1.0022  0.6974  0.5775  0.3541  0.0058 -0.0101 -0.2285
 228  0.779068  3.6797  2.3405  1.6613  7.8263  5.6609  3.3405  2.5791  1.9493  1.6018  0.9438  0.6374  0.5168  0.2925 -0.0574 -0.0734 -0.2931
 229  0.779166  3.6788  2.3172  1.6812  7.8895  5.6718  3.3197  2.5515  1.9082  1.5579  0.8965  0.5888  0.4677  0.2426 -0.1081 -0.1242 -0.3447
 230  0.779264  3.6761  2.2602  1.7273  7.9319  5.7332  3.2890  2.5093  1.8243  1.4669  0.7946  0.4825  0.3601  0.1324 -0.2226 -0.2391 -0.4628
 231  0.779354  3.6732  2.2005  1.7754  7.9624  5.8002  3.2602  2.4697  1.7383  1.3732  0.6891  0.3723  0.2483  0.0176 -0.3418 -0.3586 -0.5859
 232  0.779435  3.6706  2.1464  1.8190  7.9694  5.8589  3.2346  2.4352  1.6612  1.2892  0.5942  0.2731  0.1476 -0.0858 -0.4492 -0.4663 -0.6970
 233  0.779508  3.6685  2.1043  1.8529  7.9497  5.9008  3.2146  2.4101  1.6017  1.2243  0.5210  0.1963  0.0697 -0.1657 -0.5322 -0.5496 -0.7830
 234  0.779579  3.6675  2.0823  1.8711  7.9086  5.9195  3.2047  2.4003  1.5705  1.1904  0.4823  0.1557  0.0285 -0.2081 -0.5759 -0.5935 -0.8281
 235  0.779647  3.6654  2.0387  1.9060  7.8859  5.9603  3.1869  2.3779  1.5111  1.1253  0.4079  0.0775 -0.0509 -0.2899 -0.6610 -0.6789 -0.9165
 236  0.779713  3.6620  1.9734  1.9579  7.8753  6.0220  3.1611  2.3435  1.4237  1.0292  0.2974 -0.0387 -0.1689 -0.4114 -0.7879 -0.8062 -1.0484
 237  0.779770  3.6586  1.9106  2.0075  7.8565  6.0815  3.1401  2.3151  1.3426  0.9393  0.1933 -0.1487 -0.2807 -0.5267 -0.9085 -0.9272 -1.1740
 238  0.779821  3.6552  1.8483  2.0563  7.8321  6.1434  3.1232  2.2916  1.2652  0.8531  0.0922 -0.2556 -0.3896 -0.6390 -1.0265 -1.0457 -1.2973
 239  0.779868  3.6519  1.7867  2.1044  7.8036  6.2056  3.1084  2.2707  1.1907  0.7698 -0.0063 -0.3602 -0.4961 -0.7492 -1.1425 -1.1622 -1.4187
 240  0.779908  3.6484  1.7249  2.1526  7.7734  6.2685  3.0956  2.2523  1.1179  0.6880 -0.1037 -0.4637 -0.6017 -0.8583 -1.2581 -1.2783 -1.5400
 241  0.779945  3.6452  1.6651  2.1990  7.7406  6.3370  3.0860  2.2379  1.0494  0.6106 -0.1965 -0.5627 -0.7026 -0.9629 -1.3691 -1.3897 -1.6566
 242  0.779978  3.6419  1.6091  2.2422  7.7022  6.4008  3.0786  2.2270  0.9874  0.5402 -0.2822 -0.6542 -0.7960 -1.0596 -1.4722 -1.4932 -1.7652
 243  0.780009  3.6388  1.5530  2.2855  7.6595  6.4635  3.0719  2.2175  0.9270  0.4713 -0.3669 -0.7448 -0.8887 -1.1555 -1.5749 -1.5964 -1.8736
 244  0.780036  3.6356  1.4986  2.3273  7.6144  6.5210  3.0658  2.2096  0.8703  0.4064 -0.4477 -0.8313 -0.9773 -1.2473 -1.6736 -1.6954 -1.9779
 245  0.780060  3.6325  1.4454  2.3681  7.5665  6.5730  3.0594  2.2022  0.8161  0.3440 -0.5258 -0.9152 -1.0631 -1.3360 -1.7696 -1.7919 -2.0797
 246  0.780083  3.6293  1.3927  2.4081  7.5175  6.6241  3.0546  2.1969  0.7647  0.2848 -0.6010 -0.9961 -1.1461 -1.4221 -1.8635 -1.8861 -2.1796
 247  0.780104  3.6262  1.3409  2.4474  7.4673  6.6695  3.0506  2.1935  0.7163  0.2283 -0.6735 -1.0742 -1.2263 -1.5055 -1.9552 -1.9783 -2.2774
 248  0.780122  3.6231  1.2902  2.4858  7.4159  6.7091  3.0464  2.1908  0.6702  0.1746 -0.7433 -1.1495 -1.3036 -1.5859 -2.0445 -2.0680 -2.3729
 249  0.780140  3.6200  1.2400  2.5236  7.3636  6.7453  3.0418  2.1882  0.6258  0.1227 -0.8117 -1.2231 -1.3792 -1.6642 -2.1325 -2.1563 -2.4670
 250  0.780155  3.6170  1.1917  2.5600  7.3105  6.7742  3.0364  2.1857  0.5843  0.0744 -0.8760 -1.2922 -1.4504 -1.7383 -2.2169 -2.2411 -2.5578
 251  0.780170  3.6140  1.1437  2.5961  7.2565  6.7984  3.0307  2.1833  0.5441  0.0273 -0.9393 -1.3604 -1.5204 -1.8111 -2.3007 -2.3250 -2.6478
 252  0.780184  3.6111  1.0964  2.6315  7.2021  6.8176  3.0245  2.1814  0.5061 -0.0176 -1.0004 -1.4259 -1.5876 -1.8811 -2.3826 -2.4073 -2.7363
 253  0.780197  3.6082  1.0506  2.6658  7.1482  6.8311  3.0179  2.1796  0.4712 -0.0587 -1.0574 -1.4872 -1.6504 -1.9471 -2.4614 -2.4863 -2.8217
 254  0.780208  3.6053  1.0052  2.6997  7.0946  6.8382  3.0109  2.1785  0.4388 -0.0972 -1.1115 -1.5457 -1.7103 -2.0106 -2.5388 -2.5640 -2.9060
 255  0.780218  3.6025  0.9611  2.7327  7.0415  6.8400  3.0031  2.1772  0.4090 -0.1325 -1.1619 -1.6004 -1.7662 -2.0703 -2.6136 -2.6392 -2.9879
 256  0.780228  3.5997  0.9175  2.7649  6.9885  6.8385  2.9945  2.1755  0.3809 -0.1659 -1.2097 -1.6518 -1.8183 -2.1268 -2.6875 -2.7133 -3.0690
 257  0.780237  3.5969  0.8746  2.7967  6.9364  6.8347  2.9859  2.1746  0.3558 -0.1956 -1.2535 -1.6990 -1.8662 -2.1796 -2.7593 -2.7854 -3.1484
 258  0.780246  3.5942  0.8329  2.8275  6.8850  6.8278  2.9762  2.1731  0.3334 -0.2220 -1.2931 -1.7417 -1.9093 -2.2283 -2.8284 -2.8549 -3.2254
 259  0.780254  3.5914  0.7918  2.8578  6.8338  6.8183  2.9653  2.1706  0.3131 -0.2453 -1.3279 -1.7798 -1.9471 -2.2732 -2.8965 -2.9234 -3.3017
 260  0.780262  3.5888  0.7516  2.8873  6.7837  6.8069  2.9535  2.1678  0.2955 -0.2653 -1.3584 -1.8133 -1.9798 -2.3143 -2.9623 -2.9896 -3.3759
 261  0.780268  3.5862  0.7123  2.9163  6.7339  6.7930  2.9399  2.1633  0.2799 -0.2824 -1.3850 -1.8428 -2.0085 -2.3518 -3.0261 -3.0539 -3.4484
 262  0.780275  3.5836  0.6735  2.9448  6.6851  6.7782  2.9255  2.1585  0.2670 -0.2959 -1.4074 -1.8684 -2.0331 -2.3860 -3.0880 -3.1163 -3.5195
 263  0.780281  3.5811  0.6358  2.9724  6.6376  6.7627  2.9101  2.1527  0.2569 -0.3058 -1.4250 -1.8890 -2.0523 -2.4158 -3.1470 -3.1760 -3.5882
 264  0.780286  3.5787  0.5989  2.9995  6.5921  6.7485  2.8952  2.1483  0.2523 -0.3080 -1.4313 -1.8985 -2.0591 -2.4370 -3.2025 -3.2324 -3.6550
 265  0.780292  3.5762  0.5626  3.0261  6.5480  6.7350  2.8801  2.1444  0.2521 -0.3042 -1.4293 -1.8998 -2.0567 -2.4517 -3.2552 -3.2863 -3.7203
 266  0.780297  3.5739  0.5273  3.0521  6.5051  6.7213  2.8647  2.1402  0.2541 -0.2973 -1.4227 -1.8965 -2.0495 -2.4624 -3.3054 -3.3378 -3.7835
 267  0.780302  3.5716  0.4923  3.0776  6.4636  6.7077  2.8492  2.1361  0.2582 -0.2873 -1.4121 -1.8893 -2.0382 -2.4696 -3.3531 -3.3870 -3.8450
 268  0.780307  3.5693  0.4582  3.1026  6.4232  6.6928  2.8323  2.1296  0.2608 -0.2768 -1.3996 -1.8806 -2.0256 -2.4748 -3.3975 -3.4334 -3.9043
 269  0.780311  3.5670  0.4245  3.1272  6.3839  6.6783  2.8154  2.1233  0.2657 -0.2636 -1.3837 -1.8690 -2.0099 -2.4773 -3.4394 -3.4775 -3.9619
 270  0.780314  3.5647  0.3915  3.1511  6.3468  6.6653  2.8001  2.1186  0.2750 -0.2456 -1.3635 -1.8533 -1.9904 -2.4760 -3.4784 -3.5187 -4.0172
 271  0.780318  3.5624  0.3592  3.1744  6.3121  6.6545  2.7863  2.1163  0.2894 -0.2217 -1.3369 -1.8318 -1.9649 -2.4694 -3.5134 -3.5564 -4.0700
 272  0.780322  3.5602  0.3272  3.1973  6.2787  6.6446  2.7732  2.1145  0.3062 -0.1951 -1.3082 -1.8084 -1.9380 -2.4604 -3.5460 -3.5917 -4.1207
 273  0.780325  3.5580  0.2960  3.2197  6.2462  6.6347  2.7603  2.1129  0.3242 -0.1676 -1.2796 -1.7853 -1.9118 -2.4511 -3.5768 -3.6254 -4.1698
 274  0.780329  3.5557  0.2649  3.2417  6.2182  6.6292  2.7531  2.1170  0.3511 -0.1312 -1.2460 -1.7600 -1.8857 -2.4388 -3.6009 -3.6528 -4.2139
 275  0.780332  3.5536  0.2351  3.2630  6.1915  6.6232  2.7457  2.1205  0.3795 -0.0933 -1.2113 -1.7346 -1.8601 -2.4256 -3.6217 -3.6771 -4.2551
 276  0.780335  3.5515  0.2058  3.2839  6.1666  6.6189  2.7403  2.1267  0.4119 -0.0516 -1.1735 -1.7067 -1.8321 -2.4098 -3.6396 -3.6986 -4.2939
 277  0.780337  3.5495  0.1775  3.3042  6.1431  6.6153  2.7359  2.1338  0.4460 -0.0088 -1.1352 -1.6784 -1.8041 -2.3932 -3.6555 -3.7183 -4.3306
 278  0.780340  3.5475  0.1502  3.3237  6.1193  6.6094  2.7289  2.1363  0.4744  0.0296 -1.1008 -1.6536 -1.7797 -2.3796 -3.6723 -3.7383 -4.3664
 279  0.780343  3.5458  0.1260  3.3411  6.0965  6.6013  2.7195  2.1343  0.4947  0.0595 -1.0740 -1.6350 -1.7614 -2.3707 -3.6896 -3.7580 -4.3991
