#NUMBER OF AGES= 1
#----------------------------------------------------       
#MIX-LEN  Y      Z          Zeff        [Fe/H] [a/Fe]
# 1.9380  0.3300 4.8102E-03 2.4485E-03  -0.78   0.40 
#----------------------------------------------------       
#**PHOTOMETRIC SYSTEM**: HST WFPC2 (Vega)                   
#----------------------------------------------------       
#AGE=11.600 EEPS=266
#EEP   M/Mo    LogTeff  LogG   LogL/Lo F218W   F255W   F300W   F336W   F439W   F450W   F555W   F606W   F622W   F675W   F791W   F814W   F850LP
  14  0.122403  3.5197  5.2141 -2.6557 20.6651 20.6664 16.8404 16.0555 14.9093 14.4468 13.1583 12.6449 12.4621 12.0162 10.8412 10.7943 10.2703
  15  0.142858  3.5223  5.1526 -2.5170 20.3019 20.2524 16.4392 15.6445 14.4929 14.0453 12.7743 12.2617 12.0796 11.6381 10.4899 10.4436  9.9258
  16  0.161763  3.5256  5.1095 -2.4063 20.0059 19.8973 16.1018 15.2964 14.1390 13.7041 12.4505 11.9391 11.7576 11.3221 10.2061 10.1611  9.6516
  17  0.178955  3.5298  5.0792 -2.3157 19.7573 19.5837 15.8097 14.9937 13.8293 13.4061 12.1698 11.6604 11.4790 11.0507  9.9712  9.9275  9.4282
  18  0.194066  3.5336  5.0564 -2.2426 19.5549 19.3229 15.5693 14.7449 13.5749 13.1609 11.9395 11.4318 11.2506 10.8284  9.7811  9.7387  9.2485
  19  0.208212  3.5367  5.0369 -2.1799 19.3823 19.1022 15.3658 14.5348 13.3602 12.9534 11.7441 11.2378 11.0568 10.6396  9.6187  9.5772  9.0947
  20  0.222464  3.5396  5.0196 -2.1219 19.2222 18.8973 15.1776 14.3411 13.1622 12.7616 11.5634 11.0585 10.8776 10.4650  9.4685  9.4280  8.9525
  21  0.235057  3.5423  5.0053 -2.0736 19.0888 18.7264 15.0211 14.1804 12.9978 12.6020 11.4129 10.9091 10.7284 10.3194  9.3434  9.3037  8.8341
  22  0.245098  3.5442  4.9940 -2.0364 18.9869 18.5959 14.9014 14.0577 12.8721 12.4797 11.2975 10.7946 10.6140 10.2076  9.2474  9.2080  8.7431
  23  0.252453  3.5456  4.9857 -2.0095 18.9140 18.5023 14.8157 13.9699 12.7820 12.3919 11.2144 10.7120 10.5315 10.1272  9.1781  9.1393  8.6775
  24  0.257970  3.5467  4.9795 -1.9899 18.8613 18.4349 14.7542 13.9067 12.7171 12.3284 11.1541 10.6521 10.4716 10.0686  9.1278  9.0891  8.6298
  25  0.262224  3.5475  4.9749 -1.9752 18.8215 18.3842 14.7081 13.8596 12.6685 12.2810 11.1089 10.6072 10.4268 10.0247  9.0900  9.0515  8.5940
  26  0.265526  3.5481  4.9715 -1.9638 18.7907 18.3447 14.6725 13.8231 12.6311 12.2443 11.0741 10.5726 10.3922  9.9909  9.0608  9.0226  8.5665
  27  0.268066  3.5485  4.9688 -1.9550 18.7665 18.3136 14.6446 13.7947 12.6019 12.2157 11.0469 10.5455 10.3651  9.9645  9.0382  9.0001  8.5451
  28  0.270311  3.5490  4.9669 -1.9476 18.7459 18.2866 14.6206 13.7701 12.5769 12.1910 11.0235 10.5224 10.3421  9.9421  9.0192  8.9811  8.5271
  29  0.272378  3.5494  4.9648 -1.9406 18.7264 18.2610 14.5979 13.7470 12.5531 12.1677 11.0015 10.5006 10.3202  9.9208  9.0011  8.9631  8.5102
  30  0.274589  3.5498  4.9631 -1.9335 18.7064 18.2349 14.5749 13.7233 12.5289 12.1440 10.9791 10.4783 10.2980  9.8992  8.9828  8.9449  8.4930
  31  0.277132  3.5503  4.9613 -1.9256 18.6841 18.2056 14.5491 13.6970 12.5019 12.1175 10.9540 10.4535 10.2732  9.8751  8.9624  8.9247  8.4739
  32  0.280044  3.5509  4.9591 -1.9167 18.6590 18.1731 14.5203 13.6675 12.4716 12.0879 10.9259 10.4257 10.2455  9.8482  8.9394  8.9019  8.4523
  33  0.283357  3.5515  4.9564 -1.9066 18.6305 18.1365 14.4877 13.6342 12.4376 12.0543 10.8941 10.3942 10.2140  9.8175  8.9132  8.8758  8.4277
  34  0.287096  3.5521  4.9531 -1.8949 18.5980 18.0954 14.4509 13.5966 12.3991 12.0165 10.8582 10.3586 10.1784  9.7828  8.8833  8.8461  8.3994
  35  0.288685  3.5523  4.9514 -1.8890 18.5815 18.0730 14.4324 13.5779 12.3806 11.9979 10.8397 10.3398 10.1594  9.7643  8.8686  8.8314  8.3853
  36  0.319844  3.5595  4.9179 -1.7845 18.2827 17.6950 14.0929 13.2304 12.0167 11.6411 10.5011 10.0070  9.8264  9.4439  8.5967  8.5620  8.1326
  37  0.338609  3.5638  4.8961 -1.7204 18.0953 17.4459 13.8839 13.0185 11.8005 11.4268 10.2973  9.8054  9.6250  9.2484  8.4324  8.3985  7.9790
  38  0.369935  3.5729  4.8559 -1.6042 17.7397 16.9471 13.4862 12.6178 11.4014 11.0290  9.9238  9.4369  9.2574  8.8914  8.1362  8.1041  7.7041
  39  0.383165  3.5776  4.8370 -1.5515 17.5794 16.7041 13.3027 12.4331 11.2159 10.8420  9.7466  9.2622  9.0829  8.7234  8.0013  7.9701  7.5810
  40  0.394850  3.5820  4.8201 -1.5040 17.4322 16.4787 13.1354 12.2653 11.0482 10.6721  9.5857  9.1039  8.9246  8.5716  7.8798  7.8494  7.4704
  41  0.406553  3.5867  4.8033 -1.4556 17.2752 16.2423 12.9598 12.0897 10.8756 10.4973  9.4216  8.9433  8.7643  8.4180  7.7563  7.7268  7.3582
  42  0.417679  3.5915  4.7876 -1.4091 17.1203 16.0105 12.7866 11.9168 10.7067 10.3266  9.2622  8.7881  8.6095  8.2701  7.6373  7.6085  7.2504
  43  0.427865  3.5962  4.7735 -1.3657 16.9734 15.7973 12.6221 11.7524 10.5461 10.1648  9.1123  8.6431  8.4648  8.1325  7.5261  7.4981  7.1501
  44  0.437304  3.6008  4.7607 -1.3249 16.8330 15.5989 12.4647 11.5951 10.3923 10.0106  8.9708  8.5069  8.3292  8.0038  7.4216  7.3945  7.0560
  45  0.446339  3.6055  4.7489 -1.2854 16.6955 15.4085 12.3101 11.4405 10.2413  9.8596  8.8335  8.3755  8.1985  7.8800  7.3206  7.2942  6.9650
  46  0.455274  3.6104  4.7376 -1.2461 16.5576 15.2223 12.1543 11.2845 10.0887  9.7077  8.6966  8.2453  8.0691  7.7578  7.2203  7.1947  6.8750
  47  0.464384  3.6156  4.7268 -1.2061 16.4162 15.0379 11.9938 11.1231  9.9294  9.5506  8.5568  8.1134  7.9384  7.6345  7.1181  7.0933  6.7831
  48  0.473584  3.6212  4.7167 -1.1651 16.2738 14.8621 11.8279 10.9548  9.7621  9.3862  8.4125  7.9785  7.8049  7.5091  7.0141  6.9902  6.6898
  49  0.482684  3.6272  4.7077 -1.1240 16.1250 14.6815 11.6522 10.7754  9.5871  9.2153  8.2650  7.8417  7.6700  7.3831  6.9094  6.8863  6.5963
  50  0.491562  3.6335  4.6999 -1.0830 15.9693 14.4912 11.4646 10.5838  9.4067  9.0397  8.1160  7.7050  7.5356  7.2580  6.8053  6.7831  6.5038
  51  0.500261  3.6400  4.6931 -1.0424 15.8011 14.2715 11.2594 10.3749  9.2222  8.8600  7.9662  7.5683  7.4021  7.1340  6.7020  6.6807  6.4120
  52  0.505183  3.6439  4.6893 -1.0192 15.6940 14.1219 11.1316 10.2456  9.1150  8.7558  7.8805  7.4905  7.3264  7.0637  6.6427  6.6220  6.3594
  53  0.510079  3.6477  4.6859 -0.9961 15.5782 13.9568 10.9975 10.1107  9.0075  8.6513  7.7951  7.4132  7.2514  6.9939  6.5837  6.5636  6.3067
  54  0.514944  3.6516  4.6826 -0.9731 15.4521 13.7750 10.8564  9.9701  8.9000  8.5468  7.7101  7.3365  7.1772  6.9248  6.5248  6.5052  6.2541
  55  0.519744  3.6555  4.6794 -0.9504 15.3155 13.5771 10.7093  9.8244  8.7932  8.4429  7.6263  7.2608  7.1043  6.8567  6.4663  6.4472  6.2016
  56  0.524482  3.6593  4.6764 -0.9279 15.1680 13.3628 10.5577  9.6762  8.6880  8.3406  7.5438  7.1862  7.0327  6.7896  6.4080  6.3895  6.1492
  57  0.529160  3.6632  4.6735 -0.9056 15.0069 13.1349 10.4022  9.5256  8.5843  8.2398  7.4626  7.1129  6.9625  6.7236  6.3504  6.3322  6.0972
  58  0.533760  3.6670  4.6707 -0.8836 14.8331 12.8986 10.2454  9.3755  8.4830  8.1416  7.3835  7.0414  6.8942  6.6593  6.2936  6.2759  6.0460
  59  0.538295  3.6708  4.6680 -0.8620 14.6426 12.6521 10.0865  9.2251  8.3837  8.0456  7.3062  6.9714  6.8273  6.5964  6.2376  6.2205  5.9954
  60  0.542777  3.6746  4.6651 -0.8408 14.4315 12.3979  9.9273  9.0764  8.2871  7.9526  7.2311  6.9034  6.7625  6.5351  6.1828  6.1661  5.9457
  61  0.547206  3.6782  4.6622 -0.8197 14.1833 12.1325  9.7649  8.9274  8.1927  7.8622  7.1580  6.8370  6.6993  6.4754  6.1291  6.1129  5.8969
  62  0.551579  3.6818  4.6591 -0.7991 13.9239 11.8690  9.6047  8.7818  8.1012  7.7750  7.0870  6.7726  6.6380  6.4173  6.0766  6.0608  5.8491
  63  0.555899  3.6853  4.6560 -0.7787 13.6629 11.6123  9.4481  8.6404  8.0124  7.6907  7.0180  6.7099  6.5782  6.3606  6.0250  6.0097  5.8022
  64  0.560169  3.6886  4.6526 -0.7587 13.4115 11.3694  9.2982  8.5051  7.9268  7.6094  6.9512  6.6489  6.5199  6.3053  5.9746  5.9597  5.7561
  65  0.564399  3.6918  4.6492 -0.7390 13.1776 11.1463  9.1570  8.3776  7.8446  7.5314  6.8864  6.5894  6.4631  6.2512  5.9252  5.9107  5.7108
  66  0.568564  3.6950  4.6455 -0.7196 12.9986 10.9626  9.0317  8.2622  7.7661  7.4569  6.8237  6.5316  6.4074  6.1983  5.8768  5.8627  5.6665
  67  0.572679  3.6980  4.6417 -0.7006 12.8396 10.7972  8.9144  8.1536  7.6904  7.3849  6.7628  6.4752  6.3530  6.1465  5.8293  5.8155  5.6229
  68  0.576741  3.7010  4.6379 -0.6818 12.6948 10.6460  8.8031  8.0503  7.6172  7.3153  6.7033  6.4200  6.2998  6.0957  5.7827  5.7693  5.5801
  69  0.580737  3.7038  4.6340 -0.6633 12.5558 10.5034  8.6962  7.9508  7.5459  7.2478  6.6454  6.3661  6.2477  6.0460  5.7370  5.7240  5.5381
  70  0.584674  3.7066  4.6300 -0.6452 12.4193 10.3674  8.5925  7.8545  7.4766  7.1822  6.5889  6.3135  6.1967  5.9973  5.6922  5.6795  5.4967
  71  0.588547  3.7094  4.6260 -0.6272 12.2754 10.2326  8.4897  7.7599  7.4088  7.1181  6.5339  6.2621  6.1468  5.9497  5.6483  5.6359  5.4563
  72  0.592361  3.7120  4.6218 -0.6095 12.1133 10.0921  8.3861  7.6656  7.3423  7.0556  6.4801  6.2118  6.0982  5.9031  5.6054  5.5933  5.4166
  73  0.596109  3.7147  4.6176 -0.5921 11.9463  9.9531  8.2839  7.5731  7.2777  6.9948  6.4276  6.1628  6.0506  5.8576  5.5633  5.5514  5.3777
  74  0.599798  3.7173  4.6134 -0.5750 11.7769  9.8161  8.1834  7.4826  7.2143  6.9354  6.3763  6.1148  6.0041  5.8131  5.5220  5.5105  5.3395
  75  0.603411  3.7198  4.6090 -0.5581 11.6089  9.6832  8.0856  7.3946  7.1527  6.8776  6.3265  6.0680  5.9587  5.7694  5.4816  5.4704  5.3020
  76  0.606959  3.7221  4.6047 -0.5415 11.4426  9.5539  7.9901  7.3088  7.0926  6.8213  6.2777  6.0222  5.9143  5.7269  5.4421  5.4310  5.2653
  77  0.610442  3.7245  4.6001 -0.5253 11.2811  9.4299  7.8978  7.2260  7.0341  6.7666  6.2302  5.9776  5.8708  5.6851  5.4033  5.3925  5.2292
  78  0.613861  3.7267  4.5955 -0.5091 11.1289  9.3126  7.8091  7.1463  6.9771  6.7132  6.1837  5.9339  5.8283  5.6444  5.3653  5.3548  5.1938
  79  0.617204  3.7289  4.5908 -0.4935 10.9825  9.2006  7.7236  7.0693  6.9218  6.6613  6.1386  5.8914  5.7869  5.6045  5.3282  5.3179  5.1591
  80  0.620482  3.7309  4.5861 -0.4780 10.8420  9.0936  7.6411  6.9949  6.8678  6.6107  6.0945  5.8497  5.7464  5.5655  5.2917  5.2817  5.1252
  81  0.623685  3.7330  4.5812 -0.4628 10.7062  8.9908  7.5614  6.9230  6.8154  6.5616  6.0516  5.8092  5.7069  5.5274  5.2562  5.2463  5.0919
  82  0.627762  3.7355  4.5749 -0.4435 10.5369  8.8632  7.4618  6.8331  6.7493  6.4997  5.9973  5.7578  5.6568  5.4791  5.2110  5.2014  5.0494
  83  0.631768  3.7380  4.5683 -0.4245 10.3735  8.7406  7.3654  6.7461  6.6847  6.4392  5.9442  5.7074  5.6076  5.4317  5.1664  5.1570  5.0076
  84  0.635710  3.7403  4.5617 -0.4056 10.2152  8.6223  7.2718  6.6616  6.6216  6.3799  5.8920  5.6579  5.5592  5.3850  5.1226  5.1133  4.9662
  85  0.639594  3.7426  4.5548 -0.3871 10.0639  8.5093  7.1818  6.5803  6.5601  6.3221  5.8408  5.6092  5.5114  5.3388  5.0790  5.0700  4.9251
  86  0.643422  3.7448  4.5478 -0.3685  9.9165  8.3996  7.0941  6.5009  6.4996  6.2653  5.7904  5.5611  5.4643  5.2932  5.0359  5.0271  4.8843
  87  0.647200  3.7469  4.5405 -0.3502  9.7745  8.2938  7.0090  6.4240  6.4403  6.2094  5.7407  5.5135  5.4176  5.2479  4.9930  4.9844  4.8437
  88  0.650925  3.7490  4.5330 -0.3320  9.6365  8.1912  6.9262  6.3490  6.3821  6.1545  5.6916  5.4666  5.3716  5.2031  4.9506  4.9422  4.8033
  89  0.654600  3.7510  4.5252 -0.3139  9.5029  8.0915  6.8454  6.2757  6.3246  6.1003  5.6431  5.4201  5.3259  5.1588  4.9084  4.9002  4.7632
  90  0.658222  3.7529  4.5173 -0.2959  9.3740  7.9951  6.7668  6.2043  6.2683  6.0470  5.5952  5.3741  5.2806  5.1148  4.8665  4.8584  4.7233
  91  0.661786  3.7547  4.5091 -0.2780  9.2491  7.9013  6.6901  6.1347  6.2126  5.9944  5.5478  5.3285  5.2358  5.0712  4.8249  4.8170  4.6835
  92  0.665290  3.7565  4.5006 -0.2603  9.1269  7.8089  6.6144  6.0659  6.1576  5.9424  5.5009  5.2835  5.1916  5.0281  4.7838  4.7760  4.6441
  93  0.668730  3.7581  4.4919 -0.2426  9.0087  7.7189  6.5403  5.9986  6.1034  5.8911  5.4547  5.2390  5.1478  4.9854  4.7430  4.7354  4.6050
  94  0.672102  3.7598  4.4831 -0.2252  8.8941  7.6312  6.4679  5.9327  6.0499  5.8404  5.4089  5.1950  5.1045  4.9432  4.7026  4.6951  4.5661
  95  0.675402  3.7613  4.4740 -0.2077  8.7844  7.5464  6.3977  5.8686  5.9973  5.7905  5.3637  5.1514  5.0615  4.9014  4.6625  4.6551  4.5275
  96  0.678623  3.7628  4.4648 -0.1906  8.6789  7.4644  6.3295  5.8063  5.9457  5.7414  5.3192  5.1083  5.0192  4.8600  4.6228  4.6156  4.4893
  97  0.681768  3.7642  4.4555 -0.1736  8.5779  7.3854  6.2635  5.7457  5.8949  5.6931  5.2751  5.0659  4.9773  4.8192  4.5835  4.5765  4.4514
  98  0.684831  3.7654  4.4458 -0.1569  8.4821  7.3099  6.2002  5.6874  5.8454  5.6458  5.2318  5.0240  4.9360  4.7788  4.5446  4.5377  4.4137
  99  0.687811  3.7667  4.4362 -0.1404  8.3897  7.2369  6.1387  5.6306  5.7968  5.5994  5.1892  4.9828  4.8954  4.7389  4.5062  4.4994  4.3765
 100  0.690712  3.7679  4.4264 -0.1241  8.3016  7.1667  6.0795  5.5758  5.7493  5.5539  5.1473  4.9421  4.8552  4.6996  4.4682  4.4614  4.3397
 101  0.693532  3.7690  4.4167 -0.1081  8.2171  7.0992  6.0221  5.5226  5.7029  5.5093  5.1060  4.9020  4.8156  4.6608  4.4307  4.4241  4.3032
 102  0.696275  3.7701  4.4068 -0.0923  8.1368  7.0349  5.9672  5.4717  5.6575  5.4656  5.0654  4.8625  4.7766  4.6226  4.3936  4.3870  4.2671
 103  0.698945  3.7711  4.3969 -0.0767  8.0605  6.9736  5.9145  5.4226  5.6133  5.4229  5.0255  4.8236  4.7380  4.5847  4.3569  4.3503  4.2313
 104  0.701547  3.7721  4.3872 -0.0615  7.9872  6.9144  5.8633  5.3750  5.5700  5.3810  4.9862  4.7853  4.7002  4.5475  4.3206  4.3143  4.1961
 105  0.704087  3.7730  4.3772 -0.0465  7.9172  6.8576  5.8139  5.3290  5.5275  5.3399  4.9476  4.7476  4.6629  4.5108  4.2849  4.2786  4.1611
 106  0.706572  3.7738  4.3674 -0.0317  7.8496  6.8024  5.7658  5.2840  5.4860  5.2996  4.9097  4.7106  4.6262  4.4746  4.2498  4.2435  4.1266
 107  0.709017  3.7746  4.3574 -0.0171  7.7851  6.7493  5.7194  5.2405  5.4453  5.2601  4.8724  4.6741  4.5900  4.4390  4.2150  4.2088  4.0927
 108  0.711427  3.7753  4.3476 -0.0027  7.7224  6.6975  5.6739  5.1979  5.4053  5.2212  4.8356  4.6382  4.5543  4.4039  4.1808  4.1746  4.0592
 109  0.713813  3.7760  4.3377  0.0114  7.6623  6.6475  5.6299  5.1565  5.3662  5.1831  4.7995  4.6028  4.5192  4.3693  4.1470  4.1408  4.0259
 110  0.716155  3.7767  4.3278  0.0254  7.6046  6.5990  5.5871  5.1163  5.3278  5.1457  4.7639  4.5679  4.4845  4.3351  4.1135  4.1075  3.9931
 111  0.718393  3.7774  4.3182  0.0391  7.5465  6.5506  5.5444  5.0763  5.2899  5.1087  4.7289  4.5335  4.4505  4.3015  4.0807  4.0747  3.9609
 112  0.719319  3.7777  4.3142  0.0450  7.5216  6.5299  5.5263  5.0593  5.2737  5.0930  4.7140  4.5190  4.4360  4.2873  4.0668  4.0608  3.9473
 113  0.720247  3.7780  4.3100  0.0509  7.4970  6.5093  5.5082  5.0424  5.2575  5.0771  4.6990  4.5042  4.4214  4.2729  4.0527  4.0467  3.9335
 114  0.721174  3.7783  4.3059  0.0568  7.4723  6.4886  5.4899  5.0252  5.2410  5.0611  4.6838  4.4893  4.4067  4.2583  4.0385  4.0325  3.9195
 115  0.722100  3.7786  4.3015  0.0628  7.4484  6.4683  5.4719  5.0081  5.2246  5.0451  4.6685  4.4743  4.3918  4.2436  4.0240  4.0181  3.9053
 116  0.723024  3.7788  4.2970  0.0689  7.4245  6.4481  5.4538  4.9911  5.2081  5.0288  4.6530  4.4591  4.3766  4.2286  4.0095  4.0035  3.8909
 117  0.723946  3.7791  4.2923  0.0751  7.4015  6.4282  5.4359  4.9741  5.1915  5.0125  4.6373  4.4436  4.3614  4.2135  3.9945  3.9887  3.8762
 118  0.724865  3.7793  4.2874  0.0813  7.3785  6.4082  5.4179  4.9570  5.1747  4.9960  4.6215  4.4281  4.3458  4.1981  3.9794  3.9735  3.8612
 119  0.725783  3.7795  4.2825  0.0876  7.3558  6.3883  5.3998  4.9398  5.1578  4.9795  4.6055  4.4123  4.3301  4.1825  3.9641  3.9583  3.8462
 120  0.726699  3.7797  4.2775  0.0940  7.3333  6.3685  5.3818  4.9227  5.1408  4.9628  4.5894  4.3963  4.3143  4.1669  3.9486  3.9428  3.8308
 121  0.727613  3.7798  4.2723  0.1005  7.3109  6.3487  5.3637  4.9054  5.1238  4.9460  4.5731  4.3803  4.2983  4.1510  3.9330  3.9271  3.8153
 122  0.728523  3.7800  4.2671  0.1069  7.2882  6.3289  5.3454  4.8880  5.1065  4.9290  4.5566  4.3640  4.2821  4.1350  3.9171  3.9113  3.7996
 123  0.729430  3.7802  4.2617  0.1135  7.2657  6.3088  5.3271  4.8704  5.0891  4.9118  4.5401  4.3476  4.2658  4.1187  3.9011  3.8953  3.7838
 124  0.730334  3.7805  4.2564  0.1202  7.2426  6.2884  5.3084  4.8526  5.0715  4.8945  4.5232  4.3310  4.2493  4.1023  3.8850  3.8792  3.7678
 125  0.731239  3.7806  4.2509  0.1268  7.2202  6.2684  5.2900  4.8350  5.0539  4.8772  4.5064  4.3143  4.2327  4.0859  3.8687  3.8629  3.7516
 126  0.732143  3.7807  4.2454  0.1335  7.1978  6.2483  5.2716  4.8173  5.0362  4.8597  4.4894  4.2976  4.2159  4.0693  3.8523  3.8465  3.7353
 127  0.733047  3.7809  4.2398  0.1403  7.1759  6.2285  5.2532  4.7996  5.0185  4.8423  4.4724  4.2807  4.1992  4.0526  3.8358  3.8300  3.7189
 128  0.733948  3.7810  4.2340  0.1471  7.1544  6.2089  5.2349  4.7820  5.0008  4.8247  4.4554  4.2637  4.1822  4.0358  3.8191  3.8133  3.7024
 129  0.734847  3.7812  4.2281  0.1540  7.1331  6.1894  5.2166  4.7643  4.9829  4.8070  4.4381  4.2466  4.1651  4.0188  3.8023  3.7965  3.6856
 130  0.735743  3.7813  4.2221  0.1608  7.1127  6.1703  5.1985  4.7468  4.9650  4.7894  4.4208  4.2294  4.1479  4.0016  3.7853  3.7794  3.6686
 131  0.736635  3.7813  4.2159  0.1678  7.0931  6.1517  5.1807  4.7294  4.9472  4.7717  4.4033  4.2121  4.1306  3.9843  3.7681  3.7622  3.6513
 132  0.737522  3.7814  4.2096  0.1749  7.0738  6.1332  5.1629  4.7120  4.9294  4.7539  4.3857  4.1945  4.1131  3.9669  3.7506  3.7448  3.6339
 133  0.738406  3.7814  4.2031  0.1820  7.0549  6.1150  5.1452  4.6947  4.9114  4.7360  4.3680  4.1769  4.0955  3.9493  3.7330  3.7273  3.6163
 134  0.739284  3.7813  4.1965  0.1891  7.0366  6.0970  5.1276  4.6774  4.8935  4.7181  4.3502  4.1591  4.0777  3.9316  3.7153  3.7095  3.5986
 135  0.740156  3.7813  4.1897  0.1963  7.0190  6.0793  5.1102  4.6602  4.8756  4.7002  4.3323  4.1411  4.0598  3.9136  3.6973  3.6915  3.5805
 136  0.741024  3.7813  4.1826  0.2035  7.0023  6.0623  5.0930  4.6431  4.8576  4.6822  4.3142  4.1230  4.0418  3.8955  3.6791  3.6733  3.5623
 137  0.741884  3.7812  4.1755  0.2108  6.9862  6.0454  5.0759  4.6261  4.8397  4.6642  4.2962  4.1049  4.0236  3.8773  3.6608  3.6550  3.5438
 138  0.742737  3.7811  4.1682  0.2182  6.9706  6.0289  5.0590  4.6092  4.8216  4.6461  4.2779  4.0865  4.0052  3.8588  3.6422  3.6365  3.5251
 139  0.743584  3.7809  4.1607  0.2255  6.9559  6.0128  5.0423  4.5923  4.8036  4.6280  4.2597  4.0681  3.9867  3.8402  3.6235  3.6177  3.5063
 140  0.744423  3.7807  4.1530  0.2330  6.9423  5.9973  5.0260  4.5757  4.7857  4.6099  4.2412  4.0496  3.9681  3.8215  3.6046  3.5988  3.4871
 141  0.745253  3.7805  4.1450  0.2405  6.9298  5.9825  5.0099  4.5593  4.7679  4.5919  4.2227  4.0309  3.9493  3.8026  3.5854  3.5795  3.4677
 142  0.746075  3.7803  4.1369  0.2480  6.9181  5.9682  4.9940  4.5430  4.7502  4.5739  4.2042  4.0121  3.9305  3.7836  3.5661  3.5602  3.4482
 143  0.746890  3.7799  4.1285  0.2556  6.9081  5.9547  4.9788  4.5271  4.7325  4.5559  4.1856  3.9932  3.9115  3.7644  3.5466  3.5407  3.4282
 144  0.747696  3.7795  4.1199  0.2632  6.8993  5.9420  4.9638  4.5114  4.7149  4.5380  4.1669  3.9742  3.8924  3.7451  3.5268  3.5208  3.4081
 145  0.748491  3.7791  4.1111  0.2709  6.8908  5.9293  4.9490  4.4958  4.6974  4.5200  4.1482  3.9551  3.8732  3.7256  3.5070  3.5010  3.3879
 146  0.749277  3.7787  4.1019  0.2786  6.8850  5.9183  4.9350  4.4807  4.6802  4.5023  4.1294  3.9359  3.8539  3.7060  3.4868  3.4808  3.3672
 147  0.750055  3.7782  4.0925  0.2864  6.8809  5.9082  4.9216  4.4662  4.6631  4.4847  4.1107  3.9167  3.8345  3.6863  3.4665  3.4604  3.3464
 148  0.750821  3.7775  4.0828  0.2942  6.8791  5.8995  4.9090  4.4521  4.6464  4.4673  4.0920  3.8974  3.8150  3.6663  3.4459  3.4397  3.3252
 149  0.751579  3.7768  4.0728  0.3020  6.8788  5.8916  4.8969  4.4384  4.6298  4.4500  4.0732  3.8781  3.7954  3.6464  3.4252  3.4190  3.3039
 150  0.752324  3.7761  4.0623  0.3098  6.8823  5.8860  4.8861  4.4257  4.6138  4.4330  4.0545  3.8586  3.7758  3.6261  3.4042  3.3979  3.2821
 151  0.753061  3.7753  4.0516  0.3177  6.8876  5.8814  4.8760  4.4134  4.5980  4.4163  4.0359  3.8392  3.7561  3.6059  3.3830  3.3767  3.2601
 152  0.753786  3.7743  4.0402  0.3255  6.8981  5.8799  4.8678  4.4026  4.5830  4.4002  4.0175  3.8199  3.7364  3.5854  3.3615  3.3551  3.2376
 153  0.754504  3.7731  4.0283  0.3334  6.9126  5.8807  4.8609  4.3928  4.5686  4.3844  3.9991  3.8005  3.7166  3.5649  3.3397  3.3332  3.2148
 154  0.755213  3.7719  4.0159  0.3413  6.9320  5.8845  4.8560  4.3844  4.5549  4.3692  3.9810  3.7812  3.6968  3.5444  3.3177  3.3111  3.1916
 155  0.755912  3.7705  4.0029  0.3491  6.9582  5.8927  4.8537  4.3782  4.5423  4.3547  3.9631  3.7619  3.6771  3.5236  3.2955  3.2887  3.1679
 156  0.756605  3.7690  3.9891  0.3569  6.9937  5.9070  4.8554  4.3751  4.5309  4.3411  3.9454  3.7427  3.6573  3.5029  3.2728  3.2660  3.1438
 157  0.757291  3.7673  3.9750  0.3647  7.0351  5.9252  4.8594  4.3739  4.5202  4.3279  3.9278  3.7235  3.6374  3.4818  3.2499  3.2429  3.1191
 158  0.757975  3.7656  3.9609  0.3726  7.0791  5.9442  4.8642  4.3736  4.5096  4.3148  3.9103  3.7043  3.6176  3.4609  3.2271  3.2199  3.0946
 159  0.758655  3.7638  3.9461  0.3804  7.1330  5.9687  4.8727  4.3762  4.5005  4.3028  3.8932  3.6853  3.5979  3.4399  3.2041  3.1967  3.0698
 160  0.759332  3.7617  3.9304  0.3881  7.1995  6.0002  4.8858  4.3826  4.4933  4.2921  3.8767  3.6667  3.5785  3.4191  3.1808  3.1733  3.0445
 161  0.760005  3.7593  3.9139  0.3958  7.2811  6.0392  4.9039  4.3932  4.4879  4.2830  3.8610  3.6484  3.5593  3.3983  3.1574  3.1497  3.0187
 162  0.760648  3.7566  3.8964  0.4028  7.3835  6.0910  4.9307  4.4109  4.4869  4.2773  3.8475  3.6323  3.5422  3.3792  3.1351  3.1272  2.9936
 163  0.761284  3.7535  3.8767  0.4102  7.5038  6.1523  4.9632  4.4331  4.4875  4.2727  3.8340  3.6154  3.5240  3.3589  3.1111  3.1029  2.9663
 164  0.761915  3.7499  3.8547  0.4182  7.6404  6.2219  5.0011  4.4595  4.4900  4.2693  3.8206  3.5982  3.5053  3.3377  3.0855  3.0771  2.9370
 165  0.762536  3.7460  3.8307  0.4271  7.7854  6.2965  5.0417  4.4875  4.4920  4.2651  3.8056  3.5792  3.4848  3.3145  3.0576  3.0488  2.9050
 166  0.763139  3.7421  3.8050  0.4375  7.9283  6.3702  5.0803  4.5137  4.4908  4.2577  3.7875  3.5569  3.4610  3.2879  3.0263  3.0171  2.8695
 167  0.763713  3.7384  3.7780  0.4500  8.0598  6.4378  5.1128  4.5343  4.4842  4.2452  3.7647  3.5301  3.4328  3.2570  2.9908  2.9812  2.8299
 168  0.764250  3.7351  3.7506  0.4643  8.1704  6.4928  5.1350  4.5457  4.4707  4.2262  3.7365  3.4983  3.3997  3.2214  2.9511  2.9412  2.7866
 169  0.764748  3.7322  3.7235  0.4803  8.2582  6.5336  5.1460  4.5477  4.4503  4.2011  3.7035  3.4622  3.3624  3.1821  2.9081  2.8980  2.7404
 170  0.765209  3.7298  3.6968  0.4975  8.3240  6.5601  5.1465  4.5406  4.4240  4.1709  3.6664  3.4226  3.3218  3.1397  2.8627  2.8523  2.6922
 171  0.765641  3.7278  3.6709  0.5156  8.3705  6.5737  5.1379  4.5258  4.3929  4.1364  3.6264  3.3803  3.2787  3.0953  2.8156  2.8050  2.6427
 172  0.766049  3.7261  3.6456  0.5344  8.4022  6.5772  5.1225  4.5051  4.3582  4.0989  3.5841  3.3361  3.2339  3.0491  2.7673  2.7565  2.5924
 173  0.766437  3.7246  3.6210  0.5536  8.4214  6.5724  5.1012  4.4796  4.3205  4.0589  3.5401  3.2905  3.1878  3.0019  2.7182  2.7073  2.5416
 174  0.766809  3.7235  3.5967  0.5730  8.4309  6.5611  5.0755  4.4504  4.2808  4.0171  3.4949  3.2439  3.1407  2.9539  2.6686  2.6576  2.4906
 175  0.767169  3.7224  3.5730  0.5928  8.4338  6.5449  5.0464  4.4183  4.2394  3.9739  3.4487  3.1966  3.0930  2.9053  2.6187  2.6075  2.4394
 176  0.767518  3.7214  3.5496  0.6126  8.4325  6.5254  5.0150  4.3841  4.1967  3.9297  3.4019  3.1488  3.0447  2.8565  2.5685  2.5573  2.3880
 177  0.767860  3.7206  3.5266  0.6326  8.4258  6.5024  4.9812  4.3480  4.1529  3.8846  3.3544  3.1005  2.9961  2.8072  2.5182  2.5068  2.3367
 178  0.768196  3.7199  3.5038  0.6526  8.4150  6.4766  4.9458  4.3103  4.1085  3.8387  3.3066  3.0518  2.9472  2.7578  2.4677  2.4563  2.2853
 179  0.768525  3.7191  3.4808  0.6726  8.4041  6.4510  4.9102  4.2728  4.0638  3.7929  3.2588  3.0031  2.8982  2.7083  2.4172  2.4056  2.2338
 180  0.768849  3.7184  3.4581  0.6928  8.3907  6.4238  4.8736  4.2342  4.0187  3.7466  3.2106  2.9542  2.8491  2.6585  2.3664  2.3548  2.1823
 181  0.769165  3.7178  3.4354  0.7130  8.3742  6.3947  4.8357  4.1947  3.9731  3.6999  3.1621  2.9050  2.7997  2.6086  2.3156  2.3040  2.1306
 182  0.769381  3.7174  3.4199  0.7270  8.3623  6.3745  4.8094  4.1673  3.9415  3.6676  3.1286  2.8710  2.7655  2.5741  2.2806  2.2689  2.0949
 183  0.769595  3.7169  3.4040  0.7412  8.3494  6.3533  4.7824  4.1391  3.9093  3.6347  3.0946  2.8364  2.7308  2.5391  2.2450  2.2332  2.0588
 184  0.769810  3.7165  3.3880  0.7556  8.3353  6.3311  4.7545  4.1102  3.8764  3.6010  3.0597  2.8012  2.6954  2.5033  2.2086  2.1968  2.0219
 185  0.770025  3.7161  3.3719  0.7701  8.3212  6.3088  4.7265  4.0811  3.8432  3.5671  3.0248  2.7657  2.6598  2.4674  2.1721  2.1602  1.9849
 186  0.770239  3.7156  3.3553  0.7851  8.3065  6.2860  4.6976  4.0512  3.8092  3.5324  2.9889  2.7293  2.6232  2.4306  2.1346  2.1227  1.9469
 187  0.770452  3.7151  3.3381  0.8006  8.2911  6.2621  4.6676  4.0201  3.7738  3.4962  2.9515  2.6915  2.5852  2.3922  2.0956  2.0837  1.9073
 188  0.770663  3.7147  3.3204  0.8166  8.2743  6.2375  4.6366  3.9880  3.7374  3.4590  2.9131  2.6525  2.5462  2.3528  2.0555  2.0435  1.8667
 189  0.770872  3.7143  3.3018  0.8334  8.2568  6.2118  4.6040  3.9542  3.6990  3.4198  2.8726  2.6114  2.5050  2.3112  2.0132  2.0011  1.8237
 190  0.771078  3.7138  3.2824  0.8510  8.2377  6.1844  4.5697  3.9186  3.6588  3.3788  2.8301  2.5685  2.4618  2.2676  1.9690  1.9569  1.7789
 191  0.771280  3.7132  3.2619  0.8697  8.2172  6.1556  4.5335  3.8811  3.6163  3.3354  2.7854  2.5232  2.4163  2.2217  1.9224  1.9101  1.7315
 192  0.771478  3.7127  3.2401  0.8893  8.1968  6.1265  4.4960  3.8422  3.5719  3.2900  2.7384  2.4754  2.3684  2.1734  1.8732  1.8609  1.6816
 193  0.771672  3.7121  3.2175  0.9097  8.1759  6.0965  4.4569  3.8016  3.5256  3.2427  2.6894  2.4258  2.3185  2.1230  1.8219  1.8096  1.6296
 194  0.771863  3.7114  3.1940  0.9309  8.1537  6.0657  4.4164  3.7595  3.4776  3.1936  2.6385  2.3742  2.2667  2.0707  1.7687  1.7564  1.5757
 195  0.772051  3.7108  3.1696  0.9526  8.1317  6.0348  4.3753  3.7165  3.4283  3.1431  2.5862  2.3210  2.2133  2.0167  1.7139  1.7015  1.5199
 196  0.772235  3.7101  3.1443  0.9753  8.1092  6.0033  4.3329  3.6723  3.3775  3.0909  2.5322  2.2661  2.1581  1.9610  1.6571  1.6446  1.4623
 197  0.772415  3.7094  3.1180  0.9986  8.0880  5.9728  4.2902  3.6274  3.3253  3.0375  2.4764  2.2095  2.1011  1.9033  1.5984  1.5859  1.4027
 198  0.772591  3.7086  3.0911  1.0225  8.0657  5.9417  4.2465  3.5814  3.2718  2.9826  2.4193  2.1515  2.0428  1.8444  1.5383  1.5257  1.3416
 199  0.772763  3.7077  3.0634  1.0471  8.0431  5.9105  4.2018  3.5346  3.2171  2.9264  2.3607  2.0919  1.9830  1.7839  1.4766  1.4638  1.2789
 200  0.772930  3.7069  3.0347  1.0724  8.0204  5.8797  4.1567  3.4870  3.1611  2.8689  2.3007  2.0306  1.9214  1.7216  1.4130  1.4002  1.2141
 201  0.773092  3.7060  3.0052  1.0984  7.9938  5.8476  4.1106  3.4383  3.1041  2.8101  2.2392  1.9681  1.8585  1.6578  1.3479  1.3350  1.1478
 202  0.773251  3.7050  2.9748  1.1249  7.9672  5.8163  4.0642  3.3894  3.0461  2.7504  2.1765  1.9042  1.7942  1.5927  1.2813  1.2682  1.0799
 203  0.773404  3.7040  2.9435  1.1521  7.9422  5.7869  4.0184  3.3404  2.9874  2.6898  2.1126  1.8390  1.7286  1.5262  1.2133  1.2001  1.0104
 204  0.773552  3.7029  2.9114  1.1799  7.9171  5.7581  3.9721  3.2910  2.9276  2.6280  2.0476  1.7724  1.6617  1.4582  1.1437  1.1303  0.9395
 205  0.773694  3.7017  2.8784  1.2083  7.8928  5.7311  3.9260  3.2416  2.8670  2.5653  1.9812  1.7047  1.5934  1.3890  1.0726  1.0592  0.8669
 206  0.773832  3.7004  2.8446  1.2372  7.8688  5.7056  3.8799  3.1919  2.8057  2.5017  1.9138  1.6357  1.5241  1.3185  1.0003  0.9867  0.7929
 207  0.773964  3.6991  2.8100  1.2666  7.8448  5.6813  3.8338  3.1421  2.7435  2.4372  1.8454  1.5657  1.4536  1.2469  0.9268  0.9131  0.7176
 208  0.774091  3.6978  2.7749  1.2965  7.8216  5.6591  3.7879  3.0923  2.6806  2.3720  1.7761  1.4947  1.3821  1.1742  0.8521  0.8383  0.6411
 209  0.774212  3.6964  2.7391  1.3268  7.7992  5.6394  3.7426  3.0428  2.6172  2.3061  1.7060  1.4228  1.3095  1.1005  0.7763  0.7623  0.5635
 210  0.774328  3.6950  2.7027  1.3577  7.7777  5.6238  3.6979  2.9938  2.5534  2.2396  1.6349  1.3500  1.2362  1.0259  0.6996  0.6853  0.4847
 211  0.774438  3.6935  2.6657  1.3889  7.7573  5.6107  3.6536  2.9449  2.4892  2.1726  1.5632  1.2764  1.1620  0.9504  0.6218  0.6075  0.4050
 212  0.774544  3.6920  2.6281  1.4204  7.7384  5.6007  3.6102  2.8966  2.4247  2.1051  1.4909  1.2020  1.0870  0.8741  0.5433  0.5287  0.3243
 213  0.774643  3.6905  2.5899  1.4524  7.7215  5.5939  3.5678  2.8493  2.3599  2.0373  1.4180  1.1271  1.0114  0.7970  0.4639  0.4491  0.2428
 214  0.774734  3.6888  2.5504  1.4853  7.7058  5.5907  3.5262  2.8025  2.2941  1.9682  1.3434  1.0501  0.9338  0.7179  0.3822  0.3672  0.1587
 215  0.774822  3.6869  2.5069  1.5213  7.6953  5.5949  3.4853  2.7560  2.2242  1.8944  1.2628  0.9668  0.8497  0.6320  0.2929  0.2777  0.0668
 216  0.774909  3.6851  2.4651  1.5558  7.7051  5.6095  3.4498  2.7139  2.1576  1.8236  1.1853  0.8867  0.7688  0.5493  0.2072  0.1918 -0.0216
 217  0.774920  3.6849  2.4600  1.5600  7.7080  5.6120  3.4457  2.7089  2.1497  1.8150  1.1760  0.8771  0.7589  0.5393  0.1969  0.1814 -0.0322
 218  0.774931  3.6846  2.4550  1.5642  7.7104  5.6141  3.4415  2.7038  2.1415  1.8064  1.1666  0.8674  0.7492  0.5294  0.1865  0.1711 -0.0428
 219  0.774941  3.6844  2.4500  1.5683  7.7131  5.6165  3.4373  2.6987  2.1335  1.7978  1.1572  0.8577  0.7394  0.5193  0.1763  0.1607 -0.0535
 220  0.774952  3.6842  2.4450  1.5725  7.7165  5.6191  3.4333  2.6938  2.1255  1.7894  1.1479  0.8480  0.7297  0.5094  0.1660  0.1504 -0.0640
 221  0.774963  3.6840  2.4399  1.5766  7.7195  5.6217  3.4293  2.6888  2.1175  1.7808  1.1386  0.8384  0.7199  0.4994  0.1556  0.1401 -0.0747
 222  0.774973  3.6837  2.4349  1.5807  7.7228  5.6245  3.4255  2.6840  2.1097  1.7725  1.1293  0.8287  0.7102  0.4894  0.1453  0.1297 -0.0853
 223  0.774985  3.6835  2.4299  1.5849  7.7262  5.6273  3.4216  2.6792  2.1018  1.7640  1.1200  0.8191  0.7004  0.4794  0.1349  0.1194 -0.0960
 224  0.774996  3.6832  2.4249  1.5890  7.7297  5.6301  3.4177  2.6743  2.0939  1.7555  1.1107  0.8095  0.6906  0.4694  0.1246  0.1090 -0.1066
 225  0.775006  3.6830  2.4198  1.5931  7.7333  5.6330  3.4139  2.6695  2.0860  1.7471  1.1014  0.7999  0.6809  0.4596  0.1143  0.0987 -0.1172
 226  0.775017  3.6828  2.4148  1.5972  7.7373  5.6362  3.4102  2.6648  2.0782  1.7387  1.0921  0.7903  0.6712  0.4497  0.1041  0.0884 -0.1277
 227  0.775122  3.6808  2.3695  1.6345  7.7822  5.6625  3.3758  2.6211  2.0065  1.6620  1.0079  0.7030  0.5829  0.3595  0.0109 -0.0050 -0.2236
 228  0.775222  3.6797  2.3414  1.6580  7.8416  5.6722  3.3502  2.5883  1.9579  1.6103  0.9522  0.6456  0.5250  0.3007 -0.0492 -0.0652 -0.2850
 229  0.775319  3.6786  2.3155  1.6799  7.9038  5.6873  3.3288  2.5597  1.9136  1.5628  0.9007  0.5926  0.4715  0.2462 -0.1048 -0.1209 -0.3416
 230  0.775415  3.6759  2.2579  1.7266  7.9454  5.7488  3.2975  2.5169  1.8286  1.4706  0.7975  0.4851  0.3625  0.1346 -0.2207 -0.2372 -0.4612
 231  0.775503  3.6730  2.1985  1.7744  7.9746  5.8152  3.2687  2.4774  1.7429  1.3774  0.6925  0.3754  0.2512  0.0203 -0.3393 -0.3562 -0.5838
 232  0.775583  3.6704  2.1447  1.8178  7.9789  5.8728  3.2430  2.4431  1.6663  1.2939  0.5983  0.2768  0.1513 -0.0823 -0.4460 -0.4631 -0.6941
 233  0.775654  3.6683  2.1036  1.8509  7.9577  5.9131  3.2234  2.4185  1.6081  1.2304  0.5266  0.2017  0.0750 -0.1605 -0.5272 -0.5446 -0.7782
 234  0.775724  3.6674  2.0816  1.8691  7.9156  5.9306  3.2130  2.4084  1.5767  1.1963  0.4878  0.1610  0.0337 -0.2030 -0.5710 -0.5886 -0.8234
 235  0.775791  3.6651  2.0352  1.9063  7.8954  5.9747  3.1941  2.3843  1.5135  1.1271  0.4086  0.0777 -0.0508 -0.2901 -0.6616 -0.6795 -0.9175
 236  0.775855  3.6617  1.9699  1.9582  7.8840  6.0363  3.1685  2.3502  1.4263  1.0311  0.2983 -0.0383 -0.1687 -0.4114 -0.7884 -0.8067 -1.0493
 237  0.775911  3.6584  1.9070  2.0078  7.8645  6.0959  3.1477  2.3220  1.3453  0.9414  0.1942 -0.1483 -0.2804 -0.5267 -0.9089 -0.9278 -1.1749
 238  0.775961  3.6549  1.8446  2.0566  7.8394  6.1578  3.1309  2.2986  1.2679  0.8551  0.0931 -0.2553 -0.3894 -0.6392 -1.0272 -1.0464 -1.2984
 239  0.776007  3.6516  1.7830  2.1048  7.8106  6.2201  3.1161  2.2778  1.1935  0.7719 -0.0054 -0.3598 -0.4959 -0.7492 -1.1431 -1.1628 -1.4198
 240  0.776046  3.6481  1.7211  2.1531  7.7801  6.2836  3.1033  2.2595  1.1206  0.6900 -0.1030 -0.4636 -0.6017 -0.8586 -1.2589 -1.2791 -1.5413
 241  0.776082  3.6449  1.6615  2.1993  7.7465  6.3519  3.0939  2.2453  1.0525  0.6130 -0.1954 -0.5621 -0.7021 -0.9628 -1.3695 -1.3901 -1.6574
 242  0.776115  3.6416  1.6054  2.2425  7.7075  6.4156  3.0865  2.2345  0.9905  0.5426 -0.2811 -0.6536 -0.7956 -1.0595 -1.4726 -1.4937 -1.7662
 243  0.776144  3.6385  1.5494  2.2858  7.6645  6.4778  3.0798  2.2250  0.9303  0.4739 -0.3657 -0.7441 -0.8882 -1.1552 -1.5752 -1.5966 -1.8743
 244  0.776171  3.6353  1.4950  2.3276  7.6189  6.5350  3.0736  2.2171  0.8736  0.4090 -0.4465 -0.8306 -0.9768 -1.2470 -1.6739 -1.6958 -1.9787
 245  0.776195  3.6322  1.4417  2.3685  7.5706  6.5867  3.0671  2.2097  0.8194  0.3466 -0.5246 -0.9145 -1.0626 -1.3358 -1.7700 -1.7924 -2.0807
 246  0.776216  3.6290  1.3890  2.4084  7.5213  6.6375  3.0624  2.2046  0.7682  0.2876 -0.5997 -0.9953 -1.1455 -1.4218 -1.8638 -1.8865 -2.1804
 247  0.776237  3.6259  1.3372  2.4478  7.4708  6.6822  3.0584  2.2013  0.7198  0.2312 -0.6722 -1.0734 -1.2256 -1.5052 -1.9556 -1.9787 -2.2783
 248  0.776255  3.6228  1.2863  2.4863  7.4192  6.7216  3.0541  2.1986  0.6737  0.1774 -0.7421 -1.1488 -1.3031 -1.5857 -2.0451 -2.0686 -2.3740
 249  0.776272  3.6197  1.2363  2.5240  7.3666  6.7568  3.0493  2.1959  0.6294  0.1257 -0.8102 -1.2221 -1.3784 -1.6637 -2.1328 -2.1567 -2.4680
 250  0.776287  3.6167  1.1878  2.5605  7.3131  6.7854  3.0439  2.1934  0.5879  0.0774 -0.8747 -1.2915 -1.4498 -1.7380 -2.2176 -2.2418 -2.5591
 251  0.776301  3.6137  1.1398  2.5966  7.2590  6.8088  3.0380  2.1910  0.5478  0.0302 -0.9380 -1.3596 -1.5197 -1.8106 -2.3013 -2.3256 -2.6490
 252  0.776315  3.6108  1.0926  2.6320  7.2044  6.8274  3.0317  2.1890  0.5099 -0.0145 -0.9989 -1.4249 -1.5868 -1.8806 -2.3832 -2.4079 -2.7374
 253  0.776328  3.6079  1.0467  2.6663  7.1504  6.8403  3.0250  2.1872  0.4751 -0.0555 -1.0558 -1.4862 -1.6496 -1.9466 -2.4621 -2.4870 -2.8230
 254  0.776339  3.6050  1.0013  2.7002  7.0967  6.8466  3.0179  2.1861  0.4429 -0.0937 -1.1098 -1.5444 -1.7092 -2.0098 -2.5394 -2.5646 -2.9072
 255  0.776349  3.6022  0.9571  2.7332  7.0434  6.8479  3.0100  2.1847  0.4131 -0.1290 -1.1601 -1.5990 -1.7650 -2.0694 -2.6143 -2.6400 -2.9894
 256  0.776359  3.5994  0.9135  2.7654  6.9904  6.8460  3.0013  2.1830  0.3852 -0.1621 -1.2076 -1.6501 -1.8168 -2.1257 -2.6881 -2.7139 -3.0704
 257  0.776368  3.5966  0.8707  2.7972  6.9381  6.8417  2.9925  2.1820  0.3603 -0.1916 -1.2512 -1.6970 -1.8643 -2.1782 -2.7599 -2.7860 -3.1498
 258  0.776376  3.5939  0.8289  2.8281  6.8866  6.8343  2.9826  2.1803  0.3380 -0.2179 -1.2904 -1.7395 -1.9070 -2.2267 -2.8291 -2.8556 -3.2270
 259  0.776383  3.5911  0.7878  2.8584  6.8352  6.8245  2.9715  2.1778  0.3179 -0.2409 -1.3248 -1.7772 -1.9444 -2.2714 -2.8971 -2.9241 -3.3032
 260  0.776391  3.5885  0.7476  2.8879  6.7850  6.8127  2.9594  2.1747  0.3004 -0.2607 -1.3551 -1.8103 -1.9768 -2.3122 -2.9629 -2.9902 -3.3774
 261  0.776397  3.5859  0.7083  2.9169  6.7352  6.7986  2.9456  2.1702  0.2850 -0.2775 -1.3813 -1.8394 -2.0051 -2.3494 -3.0267 -3.0545 -3.4500
 262  0.776404  3.5833  0.6695  2.9454  6.6864  6.7836  2.9309  2.1651  0.2724 -0.2906 -1.4034 -1.8647 -2.0293 -2.3833 -3.0884 -3.1168 -3.5210
 263  0.776410  3.5808  0.6318  2.9730  6.6389  6.7679  2.9154  2.1592  0.2625 -0.3003 -1.4205 -1.8849 -2.0481 -2.4129 -3.1474 -3.1764 -3.5898
 264  0.776415  3.5784  0.5948  3.0001  6.5935  6.7538  2.9005  2.1548  0.2585 -0.3014 -1.4254 -1.8930 -2.0533 -2.4330 -3.2026 -3.2327 -3.6565
 265  0.776421  3.5759  0.5586  3.0267  6.5494  6.7402  2.8853  2.1509  0.2587 -0.2972 -1.4228 -1.8936 -2.0502 -2.4471 -3.2552 -3.2864 -3.7217
 266  0.776426  3.5736  0.5232  3.0527  6.5065  6.7264  2.8697  2.1466  0.2608 -0.2900 -1.4157 -1.8899 -2.0425 -2.4575 -3.3052 -3.3378 -3.7849
 267  0.776431  3.5713  0.4882  3.0783  6.4649  6.7125  2.8539  2.1421  0.2647 -0.2800 -1.4049 -1.8826 -2.0311 -2.4646 -3.3527 -3.3868 -3.8464
 268  0.776436  3.5690  0.4541  3.1032  6.4245  6.6975  2.8369  2.1354  0.2674 -0.2693 -1.3920 -1.8735 -2.0181 -2.4695 -3.3969 -3.4330 -3.9056
 269  0.776439  3.5667  0.4205  3.1278  6.3854  6.6831  2.8200  2.1293  0.2728 -0.2555 -1.3755 -1.8614 -2.0019 -2.4714 -3.4385 -3.4769 -3.9630
 270  0.776443  3.5644  0.3875  3.1517  6.3484  6.6702  2.8047  2.1246  0.2825 -0.2370 -1.3550 -1.8454 -1.9821 -2.4699 -3.4773 -3.5180 -4.0182
 271  0.776446  3.5621  0.3550  3.1751  6.3139  6.6597  2.7911  2.1226  0.2978 -0.2120 -1.3272 -1.8228 -1.9555 -2.4623 -3.5119 -3.5552 -4.0708
 272  0.776450  3.5599  0.3231  3.1979  6.2804  6.6496  2.7779  2.1207  0.3145 -0.1856 -1.2988 -1.7998 -1.9290 -2.4535 -3.5445 -3.5906 -4.1216
 273  0.776453  3.5577  0.2918  3.2203  6.2484  6.6404  2.7657  2.1200  0.3338 -0.1568 -1.2692 -1.7758 -1.9022 -2.4434 -3.5746 -3.6237 -4.1703
 274  0.776457  3.5554  0.2609  3.2423  6.2205  6.6347  2.7583  2.1238  0.3609 -0.1202 -1.2356 -1.7508 -1.8765 -2.4312 -3.5983 -3.6506 -4.2140
 275  0.776459  3.5533  0.2310  3.2636  6.1939  6.6288  2.7510  2.1275  0.3899 -0.0817 -1.2004 -1.7250 -1.8505 -2.4177 -3.6187 -3.6746 -4.2551
 276  0.776462  3.5512  0.2018  3.2846  6.1690  6.6246  2.7458  2.1339  0.4226 -0.0397 -1.1625 -1.6970 -1.8224 -2.4017 -3.6365 -3.6960 -4.2938
 277  0.776465  3.5492  0.1734  3.3048  6.1456  6.6211  2.7415  2.1411  0.4571  0.0036 -1.1237 -1.6682 -1.7941 -2.3848 -3.6522 -3.7154 -4.3304
 278  0.776468  3.5472  0.1461  3.3244  6.1213  6.6143  2.7334  2.1421  0.4838  0.0408 -1.0903 -1.6444 -1.7705 -2.3720 -3.6696 -3.7360 -4.3663
 279  0.776482  3.5455  0.1221  3.3416  6.0989  6.6063  2.7242  2.1403  0.5046  0.0712 -1.0629 -1.6254 -1.7518 -2.3628 -3.6864 -3.7551 -4.3986
