#NUMBER OF AGES= 1
#----------------------------------------------------       
#MIX-LEN  Y      Z          Zeff        [Fe/H] [a/Fe]
# 1.9380  0.3300 4.8102E-03 2.4485E-03  -0.78   0.40 
#----------------------------------------------------       
#**PHOTOMETRIC SYSTEM**: HST WFPC2 (Vega)                   
#----------------------------------------------------       
#AGE=11.800 EEPS=266
#EEP   M/Mo    LogTeff  LogG   LogL/Lo F218W   F255W   F300W   F336W   F439W   F450W   F555W   F606W   F622W   F675W   F791W   F814W   F850LP
  14  0.120830  3.5196  5.2194 -2.6673 20.6952 20.7003 16.8733 16.0892 14.9434 14.4797 13.1898 12.6764 12.4936 12.0473 10.8705 10.8234 10.2990
  15  0.141159  3.5220  5.1570 -2.5275 20.3296 20.2845 16.4701 15.6762 14.5251 14.0764 12.8039 12.2912 12.1091 11.6672 10.5166 10.4703  9.9519
  16  0.159956  3.5253  5.1128 -2.4160 20.0322 19.9297 16.1323 15.3280 14.1712 13.7352 12.4798 11.9684 11.7867 11.3506 10.2312 10.1860  9.6757
  17  0.177144  3.5293  5.0817 -2.3244 19.7816 19.6148 15.8384 15.0234 13.8598 13.4354 12.1974 11.6877 11.5063 11.0773  9.9940  9.9502  9.4497
  18  0.192390  3.5332  5.0585 -2.2499 19.5754 19.3494 15.5936 14.7700 13.6006 13.1857 11.9628 11.4549 11.2737 10.8509  9.8003  9.7578  9.2666
  19  0.206495  3.5364  5.0388 -2.1868 19.4012 19.1263 15.3879 14.5577 13.3836 12.9761 11.7655 11.2591 11.0780 10.6603  9.6364  9.5949  9.1115
  20  0.220763  3.5393  5.0211 -2.1282 19.2395 18.9196 15.1980 14.3622 13.1837 12.7824 11.5831 11.0780 10.8971 10.4839  9.4847  9.4441  8.9678
  21  0.233618  3.5420  5.0065 -2.0786 19.1025 18.7441 15.0372 14.1970 13.0147 12.6185 11.4284 10.9246 10.7439 10.3345  9.3563  9.3164  8.8462
  22  0.244031  3.5440  4.9949 -2.0399 18.9965 18.6083 14.9127 14.0694 12.8840 12.4914 11.3085 10.8055 10.6249 10.2183  9.2565  9.2171  8.7516
  23  0.251684  3.5455  4.9862 -2.0119 18.9205 18.5108 14.8234 13.9778 12.7901 12.3998 11.2219 10.7195 10.5390 10.1345  9.1844  9.1455  8.6834
  24  0.257398  3.5466  4.9798 -1.9916 18.8658 18.4408 14.7595 13.9122 12.7227 12.3339 11.1593 10.6573 10.4768 10.0737  9.1321  9.0934  8.6339
  25  0.261791  3.5474  4.9752 -1.9763 18.8248 18.3885 14.7120 13.8635 12.6726 12.2849 11.1126 10.6109 10.4305 10.0284  9.0931  9.0546  8.5969
  26  0.265205  3.5480  4.9716 -1.9647 18.7931 18.3478 14.6752 13.8260 12.6340 12.2471 11.0768 10.5753 10.3949  9.9936  9.0631  9.0249  8.5686
  27  0.267815  3.5484  4.9689 -1.9557 18.7684 18.3160 14.6467 13.7968 12.6041 12.2178 11.0490 10.5476 10.3672  9.9666  9.0399  9.0018  8.5467
  28  0.270084  3.5489  4.9670 -1.9481 18.7475 18.2887 14.6225 13.7720 12.5788 12.1929 11.0254 10.5242 10.3438  9.9438  9.0207  8.9826  8.5286
  29  0.272150  3.5493  4.9649 -1.9412 18.7280 18.2631 14.5998 13.7489 12.5550 12.1696 11.0033 10.5024 10.3220  9.9225  9.0026  8.9646  8.5115
  30  0.274332  3.5498  4.9632 -1.9342 18.7082 18.2372 14.5770 13.7254 12.5310 12.1461 10.9811 10.4803 10.3000  9.9011  8.9845  8.9466  8.4945
  31  0.276817  3.5502  4.9614 -1.9264 18.6863 18.2085 14.5516 13.6995 12.5045 12.1200 10.9565 10.4559 10.2755  9.8774  8.9645  8.9268  8.4758
  32  0.279649  3.5508  4.9592 -1.9177 18.6617 18.1766 14.5234 13.6707 12.4749 12.0910 10.9290 10.4288 10.2485  9.8511  8.9419  8.9044  8.4548
  33  0.282856  3.5514  4.9567 -1.9079 18.6340 18.1409 14.4917 13.6383 12.4417 12.0584 10.8980 10.3981 10.2179  9.8212  8.9165  8.8791  8.4308
  34  0.286465  3.5520  4.9534 -1.8966 18.6026 18.1011 14.4560 13.6019 12.4044 12.0218 10.8633 10.3636 10.1834  9.7877  8.8876  8.8504  8.4034
  35  0.289326  3.5524  4.9507 -1.8871 18.5764 18.0673 14.4265 13.5718 12.3739 11.9916 10.8342 10.3346 10.1543  9.7593  8.8636  8.8265  8.3806
  36  0.317049  3.5588  4.9208 -1.7938 18.3096 17.7299 14.1232 13.2613 12.0490 11.6730 10.5315 10.0369  9.8563  9.4726  8.6207  8.5857  8.1547
  37  0.332840  3.5625  4.9024 -1.7395 18.1518 17.5220 13.9468 13.0822 11.8648 11.4905 10.3577  9.8653  9.6847  9.3065  8.4813  8.4472  8.0249
  38  0.365365  3.5715  4.8616 -1.6210 17.7923 17.0226 13.5449 12.6769 11.4599 11.0875  9.9787  9.4910  9.3113  8.9437  8.1791  8.1468  7.7437
  39  0.380502  3.5767  4.8403 -1.5616 17.6093 16.7514 13.3377 12.4684 11.2516 10.8782  9.7811  9.2962  9.1168  8.7561  8.0270  7.9957  7.6043
  40  0.392046  3.5810  4.8236 -1.5147 17.4665 16.5312 13.1741 12.3040 11.0865 10.7108  9.6222  9.1397  8.9603  8.6059  7.9072  7.8766  7.4953
  41  0.403795  3.5856  4.8066 -1.4663 17.3103 16.2957 12.9992 12.1290 10.9141 10.5364  9.4581  8.9790  8.7999  8.4521  7.7835  7.7538  7.3829
  42  0.415018  3.5904  4.7907 -1.4194 17.1552 16.0632 12.8259 11.9560 10.7448 10.3651  9.2981  8.8229  8.6442  8.3032  7.6638  7.6348  7.2743
  43  0.425328  3.5951  4.7762 -1.3756 17.0077 15.8470 12.6606 11.7909 10.5836 10.2025  9.1470  8.6765  8.4981  8.1641  7.5515  7.5234  7.1730
  44  0.434867  3.5997  4.7632 -1.3344 16.8667 15.6468 12.5026 11.6330 10.4292 10.0475  9.0045  8.5392  8.3613  8.0342  7.4461  7.4188  7.0779
  45  0.443920  3.6043  4.7512 -1.2949 16.7294 15.4558 12.3484 11.4788 10.2785  9.8967  8.8670  8.4074  8.2302  7.9099  7.3449  7.3183  6.9869
  46  0.452787  3.6091  4.7399 -1.2559 16.5929 15.2702 12.1944 11.3246 10.1276  9.7464  8.7311  8.2780  8.1016  7.7883  7.2453  7.2196  6.8974
  47  0.461760  3.6141  4.7290 -1.2164 16.4535 15.0865 12.0364 11.1660  9.9715  9.5919  8.5931  8.1475  7.9721  7.6662  7.1444  7.1194  6.8066
  48  0.470895  3.6196  4.7187 -1.1758 16.3121 14.9094 11.8730 11.0007  9.8072  9.4303  8.4508  8.0140  7.8400  7.5420  7.0414  7.0171  6.7141
  49  0.479975  3.6255  4.7094 -1.1349 16.1661 14.7318 11.7012 10.8255  9.6351  9.2620  8.3048  7.8784  7.7061  7.4166  6.9372  6.9138  6.6210
  50  0.488801  3.6316  4.7013 -1.0943 16.0140 14.5466 11.5191 10.6395  9.4580  9.0894  8.1577  7.7430  7.5728  7.2925  6.8340  6.8115  6.5291
  51  0.497422  3.6380  4.6943 -1.0541 15.8524 14.3412 11.3219 10.4385  9.2765  8.9128  8.0097  7.6077  7.4404  7.1695  6.7315  6.7100  6.4382
  52  0.502336  3.6418  4.6904 -1.0309 15.7498 14.2013 11.1982 10.3129  9.1701  8.8093  7.9242  7.5300  7.3647  7.0992  6.6724  6.6515  6.3857
  53  0.507220  3.6456  4.6869 -1.0078 15.6389 14.0443 11.0676 10.1812  9.0630  8.7052  7.8388  7.4527  7.2896  7.0294  6.6135  6.5931  6.3331
  54  0.512071  3.6495  4.6835 -0.9848 15.5186 13.8716 10.9304 10.0438  8.9557  8.6009  7.7538  7.3758  7.2151  6.9601  6.5547  6.5348  6.2806
  55  0.516867  3.6534  4.6802 -0.9620 15.3884 13.6838 10.7876  9.9019  8.8491  8.4972  7.6698  7.2999  7.1420  6.8918  6.4963  6.4769  6.2283
  56  0.521605  3.6572  4.6771 -0.9394 15.2474 13.4785 10.6387  9.7553  8.7435  8.3945  7.5869  7.2251  7.0699  6.8243  6.4381  6.4192  6.1761
  57  0.526282  3.6611  4.6742 -0.9171 15.0938 13.2585 10.4855  9.6061  8.6392  8.2931  7.5051  7.1512  6.9992  6.7580  6.3803  6.3619  6.1240
  58  0.530879  3.6649  4.6713 -0.8951 14.9288 13.0287 10.3307  9.4570  8.5373  8.1942  7.4256  7.0793  6.9303  6.6932  6.3233  6.3054  6.0727
  59  0.535410  3.6687  4.6685 -0.8734 14.7478 12.7880 10.1733  9.3071  8.4372  8.0973  7.3475  7.0087  6.8628  6.6297  6.2671  6.2498  6.0219
  60  0.539884  3.6725  4.6656 -0.8521 14.5498 12.5404 10.0154  9.1585  8.3398  8.0031  7.2716  6.9399  6.7973  6.5678  6.2119  6.1950  5.9719
  61  0.544302  3.6761  4.6628 -0.8310 14.3244 12.2822  9.8556  9.0103  8.2445  7.9117  7.1977  6.8729  6.7334  6.5075  6.1578  6.1414  5.9228
  62  0.548662  3.6797  4.6598 -0.8102 14.0735 12.0193  9.6952  8.8638  8.1519  7.8233  7.1259  6.8079  6.6714  6.4488  6.1049  6.0889  5.8747
  63  0.552967  3.6832  4.6567 -0.7898 13.8128 11.7590  9.5368  8.7203  8.0619  7.7376  7.0561  6.7444  6.6111  6.3916  6.0531  6.0375  5.8275
  64  0.557220  3.6867  4.6535 -0.7696 13.5574 11.5097  9.3840  8.5824  7.9751  7.6551  6.9885  6.6828  6.5522  6.3358  6.0023  5.9872  5.7812
  65  0.561433  3.6899  4.6501 -0.7499 13.3147 11.2766  9.2387  8.4511  7.8913  7.5757  6.9229  6.6227  6.4948  6.2813  5.9525  5.9378  5.7357
  66  0.565583  3.6931  4.6465 -0.7304 13.1063 11.0715  9.1050  8.3295  7.8111  7.4995  6.8593  6.5643  6.4387  6.2280  5.9038  5.8894  5.6911
  67  0.569684  3.6961  4.6428 -0.7113 12.9305 10.8931  8.9825  8.2167  7.7341  7.4263  6.7977  6.5073  6.3839  6.1758  5.8560  5.8420  5.6472
  68  0.573734  3.6991  4.6390 -0.6925 12.7809 10.7359  8.8688  8.1112  7.6599  7.3558  6.7376  6.4517  6.3303  6.1247  5.8092  5.7955  5.6042
  69  0.577720  3.7020  4.6351 -0.6739 12.6395 10.5891  8.7601  8.0101  7.5879  7.2875  6.6791  6.3974  6.2778  6.0747  5.7632  5.7499  5.5620
  70  0.581648  3.7049  4.6311 -0.6557 12.5027 10.4503  8.6552  7.9126  7.5179  7.2212  6.6222  6.3444  6.2264  6.0256  5.7181  5.7052  5.5204
  71  0.585512  3.7077  4.6272 -0.6377 12.3636 10.3154  8.5524  7.8176  7.4496  7.1565  6.5666  6.2926  6.1763  5.9777  5.6740  5.6614  5.4798
  72  0.589316  3.7103  4.6231 -0.6200 12.2156 10.1802  8.4506  7.7241  7.3828  7.0935  6.5124  6.2419  6.1272  5.9308  5.6307  5.6184  5.4398
  73  0.593058  3.7130  4.6189 -0.6025 12.0548 10.0424  8.3486  7.6314  7.3176  7.0322  6.4595  6.1924  6.0793  5.8849  5.5884  5.5763  5.4006
  74  0.596739  3.7156  4.6147 -0.5853 11.8870  9.9044  8.2475  7.5401  7.2537  6.9722  6.4078  6.1441  6.0324  5.8400  5.5468  5.5350  5.3622
  75  0.600348  3.7181  4.6103 -0.5684 11.7198  9.7701  8.1489  7.4513  7.1916  6.9139  6.3574  6.0969  5.9866  5.7961  5.5061  5.4947  5.3245
  76  0.603891  3.7204  4.6060 -0.5518 11.5533  9.6392  8.0524  7.3645  7.1309  6.8570  6.3082  6.0507  5.9418  5.7532  5.4663  5.4551  5.2876
  77  0.607369  3.7228  4.6016 -0.5354 11.3908  9.5134  7.9591  7.2807  7.0718  6.8017  6.2603  6.0057  5.8981  5.7112  5.4272  5.4163  5.2513
  78  0.610786  3.7251  4.5970 -0.5192 11.2346  9.3929  7.8688  7.1997  7.0142  6.7477  6.2134  5.9616  5.8552  5.6701  5.3890  5.3783  5.2157
  79  0.614127  3.7273  4.5923 -0.5034 11.0838  9.2775  7.7817  7.1213  6.9583  6.6954  6.1678  5.9187  5.8134  5.6298  5.3515  5.3411  5.1807
  80  0.617405  3.7294  4.5876 -0.4879 10.9413  9.1683  7.6979  7.0458  6.9037  6.6442  6.1232  5.8766  5.7725  5.5905  5.3148  5.3046  5.1465
  81  0.620609  3.7315  4.5829 -0.4726 10.8033  9.0635  7.6169  6.9728  6.8507  6.5945  6.0799  5.8357  5.7327  5.5521  5.2790  5.2690  5.1130
  82  0.624703  3.7340  4.5765 -0.4531 10.6310  8.9329  7.5155  6.8812  6.7836  6.5316  6.0248  5.7837  5.6819  5.5032  5.2333  5.2235  5.0701
  83  0.628722  3.7365  4.5700 -0.4339 10.4646  8.8075  7.4173  6.7926  6.7182  6.4703  5.9710  5.7327  5.6321  5.4552  5.1883  5.1787  5.0279
  84  0.632671  3.7390  4.5634 -0.4149 10.3035  8.6868  7.3221  6.7066  6.6541  6.4102  5.9182  5.6826  5.5831  5.4080  5.1439  5.1346  4.9861
  85  0.636557  3.7413  4.5565 -0.3962 10.1490  8.5714  7.2304  6.6238  6.5918  6.3516  5.8665  5.6334  5.5350  5.3615  5.1001  5.0910  4.9448
  86  0.640383  3.7435  4.5495 -0.3776  9.9992  8.4596  7.1412  6.5431  6.5307  6.2942  5.8155  5.5849  5.4875  5.3155  5.0568  5.0478  4.9038
  87  0.644155  3.7456  4.5422 -0.3591  9.8551  8.3521  7.0549  6.4651  6.4708  6.2378  5.7654  5.5370  5.4405  5.2700  5.0137  5.0049  4.8630
  88  0.647872  3.7477  4.5348 -0.3409  9.7150  8.2479  6.9710  6.3891  6.4120  6.1824  5.7159  5.4897  5.3941  5.2249  4.9709  4.9625  4.8224
  89  0.651539  3.7498  4.5271 -0.3227  9.5795  8.1468  6.8892  6.3150  6.3541  6.1278  5.6672  5.4430  5.3482  5.1803  4.9285  4.9203  4.7821
  90  0.655150  3.7517  4.5192 -0.3046  9.4487  8.0490  6.8097  6.2428  6.2973  6.0741  5.6189  5.3966  5.3027  5.1361  4.8865  4.8783  4.7420
  91  0.658705  3.7536  4.5110 -0.2867  9.3220  7.9540  6.7322  6.1724  6.2413  6.0211  5.5713  5.3508  5.2577  5.0923  4.8447  4.8367  4.7021
  92  0.662201  3.7554  4.5027 -0.2690  9.1988  7.8610  6.6560  6.1032  6.1860  5.9689  5.5242  5.3056  5.2132  5.0489  4.8033  4.7955  4.6625
  93  0.665632  3.7570  4.4940 -0.2512  9.0794  7.7705  6.5816  6.0355  6.1315  5.9173  5.4776  5.2607  5.1691  5.0059  4.7623  4.7546  4.6231
  94  0.668997  3.7587  4.4852 -0.2337  8.9631  7.6817  6.5084  5.9689  6.0777  5.8663  5.4316  5.2165  5.1256  4.9635  4.7217  4.7142  4.5841
  95  0.672290  3.7602  4.4762 -0.2162  8.8511  7.5955  6.4372  5.9040  6.0247  5.8161  5.3862  5.1727  5.0824  4.9215  4.6814  4.6740  4.5454
  96  0.675508  3.7617  4.4671 -0.1989  8.7432  7.5121  6.3678  5.8408  5.9726  5.7666  5.3413  5.1294  5.0399  4.8799  4.6415  4.6343  4.5070
  97  0.678651  3.7632  4.4578 -0.1819  8.6401  7.4316  6.3008  5.7793  5.9214  5.7179  5.2970  5.0866  4.9976  4.8388  4.6020  4.5948  4.4689
  98  0.681714  3.7645  4.4481 -0.1650  8.5424  7.3548  6.2364  5.7201  5.8714  5.6702  5.2533  5.0445  4.9561  4.7981  4.5629  4.5558  4.4310
  99  0.684694  3.7658  4.4385 -0.1484  8.4480  7.2804  6.1738  5.6624  5.8223  5.6233  5.2103  5.0029  4.9151  4.7580  4.5242  4.5173  4.3936
 100  0.687597  3.7670  4.4287 -0.1320  8.3582  7.2090  6.1136  5.6067  5.7744  5.5774  5.1680  4.9618  4.8746  4.7184  4.4859  4.4791  4.3565
 101  0.690419  3.7681  4.4188 -0.1158  8.2718  7.1402  6.0553  5.5527  5.7274  5.5323  5.1264  4.9215  4.8347  4.6793  4.4481  4.4414  4.3197
 102  0.693164  3.7692  4.4089 -0.1000  8.1896  7.0743  5.9992  5.5006  5.6814  5.4881  5.0855  4.8816  4.7953  4.6407  4.4107  4.4041  4.2834
 103  0.695836  3.7702  4.3990 -0.0842  8.1112  7.0113  5.9452  5.4504  5.6366  5.4450  5.0452  4.8424  4.7565  4.6026  4.3738  4.3672  4.2474
 104  0.698440  3.7712  4.3891 -0.0688  8.0362  6.9507  5.8930  5.4019  5.5927  5.4025  5.0055  4.8038  4.7183  4.5650  4.3373  4.3308  4.2118
 105  0.700982  3.7721  4.3791 -0.0536  7.9649  6.8930  5.8428  5.3551  5.5498  5.3610  4.9665  4.7657  4.6806  4.5279  4.3012  4.2947  4.1765
 106  0.703467  3.7729  4.3691 -0.0387  7.8961  6.8369  5.7940  5.3095  5.5077  5.3203  4.9282  4.7282  4.6435  4.4914  4.2657  4.2593  4.1417
 107  0.705910  3.7737  4.3591 -0.0240  7.8306  6.7830  5.7469  5.2654  5.4666  5.2803  4.8905  4.6914  4.6069  4.4553  4.2305  4.2242  4.1074
 108  0.708317  3.7745  4.3491 -0.0094  7.7669  6.7306  5.7008  5.2222  5.4262  5.2410  4.8533  4.6551  4.5708  4.4199  4.1959  4.1896  4.0735
 109  0.710699  3.7752  4.3391  0.0049  7.7060  6.6798  5.6562  5.1802  5.3867  5.2024  4.8168  4.6193  4.5353  4.3849  4.1617  4.1555  4.0399
 110  0.713036  3.7759  4.3291  0.0189  7.6475  6.6309  5.6128  5.1394  5.3479  5.1647  4.7808  4.5840  4.5004  4.3504  4.1279  4.1218  4.0068
 111  0.715269  3.7766  4.3194  0.0328  7.5886  6.5819  5.5697  5.0990  5.3096  5.1274  4.7455  4.5493  4.4660  4.3164  4.0948  4.0887  3.9742
 112  0.716184  3.7769  4.3153  0.0387  7.5635  6.5611  5.5514  5.0819  5.2934  5.1116  4.7306  4.5347  4.4515  4.3022  4.0809  4.0748  3.9606
 113  0.717100  3.7772  4.3112  0.0446  7.5387  6.5404  5.5333  5.0649  5.2772  5.0957  4.7155  4.5201  4.4369  4.2878  4.0668  4.0608  3.9468
 114  0.718017  3.7775  4.3070  0.0505  7.5140  6.5197  5.5150  5.0477  5.2607  5.0798  4.7004  4.5051  4.4222  4.2732  4.0526  4.0466  3.9328
 115  0.718932  3.7778  4.3026  0.0565  7.4899  6.4994  5.4970  5.0306  5.2443  5.0637  4.6851  4.4901  4.4073  4.2585  4.0381  4.0322  3.9186
 116  0.719845  3.7780  4.2981  0.0626  7.4660  6.4790  5.4788  5.0136  5.2278  5.0475  4.6696  4.4749  4.3921  4.2436  4.0236  4.0176  3.9042
 117  0.720757  3.7782  4.2934  0.0688  7.4430  6.4591  5.4608  4.9965  5.2112  5.0312  4.6540  4.4595  4.3769  4.2284  4.0086  4.0027  3.8895
 118  0.721666  3.7784  4.2885  0.0750  7.4200  6.4391  5.4428  4.9794  5.1944  5.0147  4.6382  4.4439  4.3613  4.2131  3.9935  3.9876  3.8745
 119  0.722574  3.7786  4.2836  0.0813  7.3971  6.4192  5.4247  4.9621  5.1775  4.9982  4.6222  4.4282  4.3456  4.1976  3.9782  3.9723  3.8595
 120  0.723480  3.7789  4.2786  0.0877  7.3746  6.3995  5.4067  4.9450  5.1605  4.9815  4.6061  4.4122  4.3298  4.1819  3.9627  3.9569  3.8441
 121  0.724384  3.7791  4.2734  0.0942  7.3522  6.3797  5.3886  4.9277  5.1435  4.9647  4.5898  4.3962  4.3138  4.1660  3.9471  3.9412  3.8286
 122  0.725285  3.7792  4.2682  0.1006  7.3295  6.3598  5.3703  4.9103  5.1262  4.9477  4.5733  4.3799  4.2976  4.1499  3.9312  3.9253  3.8129
 123  0.726183  3.7794  4.2628  0.1072  7.3070  6.3397  5.3520  4.8927  5.1088  4.9305  4.5568  4.3635  4.2813  4.1337  3.9152  3.9093  3.7971
 124  0.727078  3.7796  4.2575  0.1139  7.2838  6.3193  5.3333  4.8749  5.0912  4.9132  4.5399  4.3469  4.2648  4.1174  3.8991  3.8932  3.7811
 125  0.727975  3.7797  4.2520  0.1205  7.2615  6.2993  5.3149  4.8573  5.0736  4.8959  4.5231  4.3302  4.2482  4.1009  3.8828  3.8770  3.7649
 126  0.728870  3.7799  4.2465  0.1272  7.2390  6.2792  5.2964  4.8396  5.0559  4.8784  4.5061  4.3135  4.2315  4.0844  3.8664  3.8606  3.7486
 127  0.729764  3.7800  4.2409  0.1340  7.2171  6.2595  5.2781  4.8219  5.0382  4.8610  4.4891  4.2966  4.2148  4.0677  3.8499  3.8441  3.7322
 128  0.730657  3.7802  4.2351  0.1408  7.1956  6.2399  5.2598  4.8043  5.0205  4.8434  4.4721  4.2796  4.1978  4.0508  3.8332  3.8274  3.7157
 129  0.731547  3.7803  4.2292  0.1477  7.1744  6.2205  5.2415  4.7866  5.0027  4.8258  4.4548  4.2625  4.1808  4.0339  3.8164  3.8106  3.6989
 130  0.732434  3.7804  4.2232  0.1545  7.1540  6.2014  5.2234  4.7691  4.9849  4.8081  4.4375  4.2453  4.1636  4.0167  3.7994  3.7935  3.6819
 131  0.733318  3.7804  4.2170  0.1615  7.1344  6.1828  5.2056  4.7517  4.9671  4.7905  4.4200  4.2280  4.1462  3.9994  3.7822  3.7763  3.6647
 132  0.734196  3.7805  4.2107  0.1686  7.1151  6.1643  5.1878  4.7343  4.9493  4.7728  4.4025  4.2104  4.1288  3.9820  3.7647  3.7589  3.6474
 133  0.735071  3.7805  4.2042  0.1756  7.0962  6.1461  5.1701  4.7170  4.9313  4.7549  4.3848  4.1928  4.1112  3.9644  3.7471  3.7414  3.6298
 134  0.735941  3.7804  4.1975  0.1828  7.0780  6.1281  5.1525  4.6997  4.9134  4.7370  4.3670  4.1750  4.0934  3.9467  3.7294  3.7236  3.6120
 135  0.736804  3.7804  4.1908  0.1899  7.0605  6.1106  5.1351  4.6825  4.8955  4.7191  4.3491  4.1571  4.0755  3.9287  3.7115  3.7056  3.5940
 136  0.737663  3.7804  4.1837  0.1972  7.0438  6.0935  5.1180  4.6654  4.8776  4.7011  4.3311  4.1391  4.0575  3.9106  3.6933  3.6874  3.5758
 137  0.738515  3.7803  4.1766  0.2044  7.0277  6.0767  5.1009  4.6484  4.8596  4.6831  4.3131  4.1210  4.0393  3.8924  3.6750  3.6691  3.5573
 138  0.739360  3.7802  4.1693  0.2118  7.0123  6.0602  5.0841  4.6315  4.8416  4.6651  4.2948  4.1026  4.0209  3.8739  3.6565  3.6506  3.5386
 139  0.740199  3.7800  4.1617  0.2191  6.9976  6.0441  5.0674  4.6147  4.8237  4.6470  4.2766  4.0842  4.0025  3.8555  3.6378  3.6318  3.5198
 140  0.741029  3.7798  4.1539  0.2266  6.9841  6.0288  5.0511  4.5982  4.8058  4.6290  4.2581  4.0657  3.9839  3.8368  3.6189  3.6129  3.5006
 141  0.741852  3.7796  4.1460  0.2341  6.9717  6.0140  5.0350  4.5818  4.7880  4.6110  4.2397  4.0470  3.9652  3.8179  3.5997  3.5937  3.4812
 142  0.742666  3.7794  4.1378  0.2416  6.9602  5.9998  5.0193  4.5655  4.7703  4.5930  4.2211  4.0282  3.9464  3.7989  3.5804  3.5744  3.4617
 143  0.743473  3.7790  4.1294  0.2492  6.9504  5.9864  5.0041  4.5496  4.7527  4.5750  4.2026  4.0093  3.9274  3.7797  3.5609  3.5549  3.4417
 144  0.744271  3.7786  4.1208  0.2568  6.9418  5.9738  4.9893  4.5341  4.7352  4.5572  4.1840  3.9904  3.9083  3.7604  3.5411  3.5351  3.4216
 145  0.745059  3.7782  4.1120  0.2644  6.9336  5.9614  4.9745  4.5185  4.7177  4.5393  4.1653  3.9713  3.8891  3.7409  3.5213  3.5152  3.4014
 146  0.745838  3.7778  4.1028  0.2722  6.9282  5.9506  4.9607  4.5036  4.7006  4.5216  4.1465  3.9522  3.8698  3.7213  3.5011  3.4951  3.3807
 147  0.746608  3.7773  4.0934  0.2799  6.9244  5.9406  4.9474  4.4891  4.6836  4.5040  4.1278  3.9330  3.8504  3.7016  3.4808  3.4747  3.3599
 148  0.747368  3.7766  4.0837  0.2877  6.9228  5.9321  4.9349  4.4752  4.6669  4.4867  4.1091  3.9137  3.8309  3.6816  3.4602  3.4540  3.3387
 149  0.748118  3.7759  4.0737  0.2955  6.9227  5.9243  4.9228  4.4615  4.6503  4.4695  4.0904  3.8944  3.8114  3.6617  3.4395  3.4333  3.3174
 150  0.748857  3.7752  4.0632  0.3033  6.9262  5.9187  4.9121  4.4488  4.6343  4.4525  4.0717  3.8749  3.7917  3.6415  3.4185  3.4122  3.2956
 151  0.749586  3.7744  4.0525  0.3112  6.9315  5.9139  4.9019  4.4367  4.6185  4.4357  4.0531  3.8555  3.7721  3.6212  3.3973  3.3910  3.2736
 152  0.750305  3.7734  4.0413  0.3190  6.9418  5.9123  4.8937  4.4257  4.6035  4.4195  4.0346  3.8362  3.7523  3.6009  3.3759  3.3694  3.2513
 153  0.751016  3.7723  4.0294  0.3269  6.9559  5.9129  4.8867  4.4159  4.5889  4.4037  4.0162  3.8168  3.7325  3.5804  3.3542  3.3476  3.2285
 154  0.751718  3.7712  4.0172  0.3348  6.9749  5.9164  4.8817  4.4075  4.5752  4.3883  3.9981  3.7975  3.7128  3.5599  3.3322  3.3256  3.2054
 155  0.752410  3.7698  4.0043  0.3426  7.0013  5.9250  4.8797  4.4017  4.5624  4.3737  3.9800  3.7781  3.6930  3.5391  3.3100  3.3032  3.1818
 156  0.753096  3.7683  3.9907  0.3505  7.0365  5.9393  4.8814  4.3986  4.5508  4.3600  3.9623  3.7588  3.6732  3.5182  3.2874  3.2805  3.1577
 157  0.753774  3.7666  3.9767  0.3583  7.0770  5.9569  4.8851  4.3972  4.5399  4.3466  3.9447  3.7396  3.6533  3.4973  3.2646  3.2575  3.1332
 158  0.754448  3.7649  3.9627  0.3661  7.1210  5.9758  4.8899  4.3969  4.5293  4.3335  3.9271  3.7204  3.6335  3.4763  3.2418  3.2346  3.1087
 159  0.755118  3.7631  3.9480  0.3740  7.1752  6.0004  4.8985  4.3997  4.5202  4.3215  3.9100  3.7014  3.6138  3.4554  3.2188  3.2114  3.0839
 160  0.755785  3.7611  3.9323  0.3817  7.2417  6.0319  4.9116  4.4061  4.5130  4.3108  3.8935  3.6828  3.5944  3.4345  3.1955  3.1880  3.0586
 161  0.756444  3.7588  3.9158  0.3894  7.3232  6.0707  4.9295  4.4165  4.5075  4.3015  3.8777  3.6645  3.5752  3.4138  3.1721  3.1644  3.0328
 162  0.757083  3.7560  3.8981  0.3965  7.4260  6.1226  4.9562  4.4342  4.5062  4.2956  3.8640  3.6480  3.5577  3.3943  3.1495  3.1415  3.0073
 163  0.757715  3.7529  3.8782  0.4042  7.5452  6.1828  4.9881  4.4558  4.5064  4.2906  3.8501  3.6309  3.5391  3.3736  3.1250  3.1168  2.9796
 164  0.758342  3.7493  3.8560  0.4124  7.6810  6.2518  5.0254  4.4816  4.5083  4.2866  3.8361  3.6131  3.5200  3.3519  3.0990  3.0904  2.9499
 165  0.758958  3.7455  3.8318  0.4216  7.8242  6.3252  5.0650  4.5088  4.5095  4.2816  3.8205  3.5934  3.4988  3.3280  3.0705  3.0616  2.9173
 166  0.759556  3.7416  3.8059  0.4324  7.9651  6.3977  5.1026  4.5340  4.5073  4.2734  3.8016  3.5704  3.4743  3.3008  3.0385  3.0292  2.8811
 167  0.760124  3.7379  3.7788  0.4451  8.0944  6.4639  5.1339  4.5535  4.4999  4.2599  3.7780  3.5428  3.4453  3.2691  3.0023  2.9927  2.8409
 168  0.760655  3.7346  3.7513  0.4598  8.2029  6.5175  5.1548  4.5638  4.4854  4.2401  3.7490  3.5103  3.4114  3.2329  2.9620  2.9521  2.7969
 169  0.761149  3.7318  3.7240  0.4760  8.2885  6.5568  5.1645  4.5647  4.4640  4.2142  3.7152  3.4735  3.3735  3.1929  2.9184  2.9082  2.7502
 170  0.761607  3.7294  3.6973  0.4935  8.3525  6.5820  5.1640  4.5566  4.4369  4.1831  3.6775  3.4332  3.3323  3.1498  2.8724  2.8620  2.7014
 171  0.762036  3.7274  3.6712  0.5119  8.3973  6.5944  5.1544  4.5409  4.4050  4.1479  3.6367  3.3902  3.2885  3.1048  2.8247  2.8141  2.6514
 172  0.762442  3.7258  3.6457  0.5309  8.4276  6.5969  5.1380  4.5194  4.3695  4.1096  3.5938  3.3454  3.2431  3.0580  2.7758  2.7650  2.6005
 173  0.762828  3.7243  3.6209  0.5503  8.4455  6.5911  5.1159  4.4930  4.3312  4.0690  3.5492  3.2992  3.1963  3.0102  2.7261  2.7152  2.5491
 174  0.763200  3.7232  3.5964  0.5700  8.4539  6.5788  5.0893  4.4630  4.2907  4.0264  3.5033  3.2520  3.1486  2.9616  2.6759  2.6649  2.4975
 175  0.763559  3.7221  3.5725  0.5900  8.4565  6.5620  5.0595  4.4302  4.2486  3.9826  3.4564  3.2040  3.1003  2.9124  2.6254  2.6142  2.4457
 176  0.763907  3.7211  3.5489  0.6101  8.4542  6.5416  5.0273  4.3952  4.2052  3.9376  3.4090  3.1555  3.0514  2.8629  2.5746  2.5632  2.3937
 177  0.764249  3.7203  3.5256  0.6303  8.4465  6.5179  4.9927  4.3583  4.1608  3.8919  3.3609  3.1066  3.0021  2.8130  2.5236  2.5122  2.3418
 178  0.764585  3.7196  3.5026  0.6506  8.4349  6.4913  4.9565  4.3200  4.1156  3.8454  3.3125  3.0573  2.9525  2.7629  2.4725  2.4610  2.2898
 179  0.764913  3.7188  3.4794  0.6709  8.4230  6.4649  4.9201  4.2817  4.0703  3.7988  3.2639  3.0079  2.9029  2.7128  2.4213  2.4097  2.2376
 180  0.765236  3.7181  3.4564  0.6913  8.4086  6.4369  4.8827  4.2424  4.0245  3.7519  3.2151  2.9583  2.8531  2.6624  2.3699  2.3583  2.1854
 181  0.765552  3.7175  3.4335  0.7119  8.3912  6.4070  4.8442  4.2022  3.9782  3.7045  3.1659  2.9085  2.8030  2.6118  2.3185  2.3068  2.1331
 182  0.765764  3.7171  3.4180  0.7257  8.3790  6.3866  4.8178  4.1747  3.9466  3.6722  3.1325  2.8746  2.7690  2.5774  2.2835  2.2718  2.0976
 183  0.765974  3.7166  3.4022  0.7399  8.3658  6.3652  4.7907  4.1466  3.9144  3.6394  3.0985  2.8401  2.7343  2.5424  2.2479  2.2361  2.0615
 184  0.766185  3.7162  3.3863  0.7543  8.3514  6.3430  4.7628  4.1177  3.8816  3.6057  3.0638  2.8049  2.6991  2.5068  2.2117  2.1999  2.0248
 185  0.766396  3.7158  3.3702  0.7688  8.3371  6.3207  4.7348  4.0886  3.8485  3.5720  3.0289  2.7696  2.6635  2.4709  2.1753  2.1634  1.9878
 186  0.766606  3.7153  3.3537  0.7837  8.3222  6.2977  4.7059  4.0587  3.8145  3.5373  2.9931  2.7332  2.6271  2.4343  2.1379  2.1260  1.9499
 187  0.766815  3.7149  3.3365  0.7992  8.3065  6.2738  4.6759  4.0276  3.7792  3.5012  2.9558  2.6955  2.5891  2.3959  2.0990  2.0870  1.9104
 188  0.767022  3.7144  3.3189  0.8152  8.2894  6.2489  4.6448  3.9953  3.7427  3.4639  2.9174  2.6565  2.5501  2.3565  2.0590  2.0470  1.8698
 189  0.767227  3.7140  3.3002  0.8321  8.2716  6.2231  4.6121  3.9614  3.7042  3.4246  2.8767  2.6153  2.5087  2.3147  2.0165  2.0044  1.8267
 190  0.767429  3.7135  3.2807  0.8497  8.2522  6.1955  4.5776  3.9257  3.6639  3.3835  2.8342  2.5723  2.4655  2.2711  1.9722  1.9601  1.7818
 191  0.767627  3.7130  3.2602  0.8684  8.2317  6.1667  4.5413  3.8881  3.6214  3.3401  2.7893  2.5269  2.4198  2.2252  1.9255  1.9132  1.7344
 192  0.767821  3.7124  3.2384  0.8880  8.2110  6.1376  4.5037  3.8491  3.5768  3.2945  2.7423  2.4791  2.3719  2.1767  1.8763  1.8640  1.6844
 193  0.768012  3.7118  3.2158  0.9084  8.1898  6.1075  4.4646  3.8085  3.5305  3.2472  2.6933  2.4294  2.3220  2.1263  1.8250  1.8127  1.6324
 194  0.768200  3.7112  3.1923  0.9296  8.1675  6.0766  4.4241  3.7663  3.4825  3.1981  2.6424  2.3778  2.2702  2.0740  1.7718  1.7595  1.5784
 195  0.768384  3.7106  3.1679  0.9513  8.1454  6.0457  4.3828  3.7233  3.4332  3.1476  2.5901  2.3247  2.2168  2.0201  1.7170  1.7046  1.5228
 196  0.768564  3.7098  3.1427  0.9740  8.1227  6.0142  4.3404  3.6790  3.3824  3.0955  2.5361  2.2698  2.1617  1.9644  1.6602  1.6477  1.4652
 197  0.768741  3.7092  3.1164  0.9973  8.1012  5.9835  4.2977  3.6342  3.3302  3.0420  2.4804  2.2132  2.1048  1.9068  1.6016  1.5890  1.4056
 198  0.768914  3.7084  3.0896  1.0212  8.0788  5.9526  4.2540  3.5883  3.2769  2.9873  2.4234  2.1552  2.0465  1.8479  1.5416  1.5289  1.3445
 199  0.769082  3.7076  3.0619  1.0458  8.0560  5.9214  4.2095  3.5415  3.2222  2.9311  2.3648  2.0957  1.9867  1.7874  1.4799  1.4671  1.2819
 200  0.769247  3.7067  3.0332  1.0711  8.0323  5.8901  4.1642  3.4937  3.1662  2.8736  2.3048  2.0345  1.9252  1.7252  1.4163  1.4035  1.2172
 201  0.769406  3.7058  3.0037  1.0970  8.0050  5.8577  4.1179  3.4450  3.1092  2.8149  2.2433  1.9720  1.8624  1.6615  1.3513  1.3383  1.1509
 202  0.769562  3.7048  2.9733  1.1235  7.9783  5.8266  4.0717  3.3962  3.0513  2.7553  2.1807  1.9081  1.7981  1.5964  1.2848  1.2717  1.0831
 203  0.769712  3.7038  2.9420  1.1506  7.9533  5.7972  4.0259  3.3473  2.9927  2.6947  2.1169  1.8431  1.7326  1.5300  1.2168  1.2036  1.0137
 204  0.769857  3.7027  2.9099  1.1784  7.9280  5.7686  3.9796  3.2979  2.9329  2.6329  2.0519  1.7765  1.6657  1.4621  1.1472  1.1338  0.9428
 205  0.769997  3.7015  2.8769  1.2068  7.9037  5.7416  3.9335  3.2485  2.8723  2.5703  1.9856  1.7088  1.5975  1.3929  1.0763  1.0628  0.8702
 206  0.770133  3.7002  2.8432  1.2357  7.8795  5.7161  3.8874  3.1988  2.8110  2.5068  1.9183  1.6399  1.5282  1.3224  1.0040  0.9904  0.7963
 207  0.770261  3.6990  2.8087  1.2651  7.8555  5.6920  3.8414  3.1490  2.7488  2.4423  1.8499  1.5700  1.4577  1.2508  0.9305  0.9168  0.7211
 208  0.770386  3.6976  2.7736  1.2950  7.8323  5.6698  3.7956  3.0994  2.6860  2.3771  1.7806  1.4990  1.3863  1.1783  0.8559  0.8420  0.6446
 209  0.770505  3.6963  2.7378  1.3253  7.8099  5.6505  3.7503  3.0499  2.6227  2.3112  1.7105  1.4271  1.3138  1.1046  0.7801  0.7661  0.5670
 210  0.770619  3.6948  2.7014  1.3562  7.7884  5.6351  3.7056  3.0009  2.5589  2.2447  1.6395  1.3543  1.2405  1.0300  0.7035  0.6892  0.4883
 211  0.770727  3.6934  2.6644  1.3874  7.7680  5.6222  3.6615  2.9521  2.4947  2.1778  1.5679  1.2807  1.1663  0.9545  0.6257  0.6114  0.4087
 212  0.770831  3.6918  2.6268  1.4189  7.7491  5.6123  3.6181  2.9039  2.4302  2.1103  1.4955  1.2064  1.0913  0.8782  0.5472  0.5326  0.3280
 213  0.770928  3.6903  2.5886  1.4509  7.7323  5.6056  3.5757  2.8566  2.3654  2.0424  1.4226  1.1314  1.0157  0.8011  0.4678  0.4529  0.2463
 214  0.771017  3.6886  2.5489  1.4839  7.7165  5.6026  3.5341  2.8098  2.2994  1.9732  1.3477  1.0542  0.9378  0.7217  0.3857  0.3707  0.1620
 215  0.771105  3.6867  2.5054  1.5200  7.7086  5.6081  3.4937  2.7637  2.2295  1.8993  1.2671  0.9709  0.8536  0.6358  0.2964  0.2812  0.0700
 216  0.771190  3.6849  2.4638  1.5543  7.7190  5.6230  3.4585  2.7218  2.1633  1.8289  1.1900  0.8912  0.7731  0.5535  0.2111  0.1957 -0.0179
 217  0.771201  3.6847  2.4588  1.5585  7.7219  5.6254  3.4544  2.7168  2.1554  1.8204  1.1807  0.8816  0.7634  0.5436  0.2009  0.1854 -0.0285
 218  0.771211  3.6845  2.4539  1.5625  7.7243  5.6276  3.4501  2.7117  2.1473  1.8119  1.1714  0.8719  0.7537  0.5337  0.1906  0.1752 -0.0389
 219  0.771222  3.6843  2.4489  1.5667  7.7271  5.6299  3.4460  2.7066  2.1393  1.8033  1.1621  0.8623  0.7439  0.5236  0.1804  0.1648 -0.0496
 220  0.771232  3.6841  2.4439  1.5708  7.7304  5.6325  3.4420  2.7017  2.1314  1.7949  1.1528  0.8527  0.7342  0.5138  0.1701  0.1545 -0.0601
 221  0.771242  3.6838  2.4388  1.5749  7.7336  5.6351  3.4380  2.6967  2.1234  1.7863  1.1435  0.8431  0.7244  0.5038  0.1597  0.1442 -0.0708
 222  0.771253  3.6836  2.4338  1.5790  7.7369  5.6379  3.4342  2.6919  2.1156  1.7780  1.1342  0.8334  0.7147  0.4939  0.1495  0.1338 -0.0814
 223  0.771264  3.6834  2.4288  1.5832  7.7403  5.6408  3.4303  2.6871  2.1077  1.7695  1.1249  0.8238  0.7050  0.4839  0.1392  0.1236 -0.0920
 224  0.771275  3.6831  2.4238  1.5873  7.7438  5.6436  3.4264  2.6822  2.0998  1.7610  1.1156  0.8142  0.6953  0.4739  0.1289  0.1132 -0.1026
 225  0.771285  3.6829  2.4187  1.5914  7.7475  5.6465  3.4226  2.6775  2.0919  1.7526  1.1064  0.8046  0.6856  0.4641  0.1186  0.1030 -0.1131
 226  0.771296  3.6827  2.4137  1.5955  7.7515  5.6497  3.4189  2.6729  2.0841  1.7443  1.0972  0.7950  0.6759  0.4542  0.1084  0.0927 -0.1236
 227  0.771400  3.6807  2.3684  1.6328  7.7978  5.6758  3.3843  2.6289  2.0122  1.6673  1.0126  0.7075  0.5874  0.3638  0.0150 -0.0009 -0.2197
 228  0.771497  3.6796  2.3422  1.6549  7.8567  5.6836  3.3597  2.5973  1.9662  1.6184  0.9601  0.6535  0.5328  0.3084 -0.0415 -0.0575 -0.2773
 229  0.771594  3.6785  2.3141  1.6785  7.9178  5.7016  3.3374  2.5676  1.9190  1.5678  0.9050  0.5967  0.4754  0.2500 -0.1013 -0.1174 -0.3383
 230  0.771688  3.6756  2.2554  1.7261  7.9591  5.7643  3.3056  2.5241  1.8324  1.4739  0.7998  0.4870  0.3644  0.1362 -0.2194 -0.2359 -0.4603
 231  0.771774  3.6728  2.1962  1.7737  7.9871  5.8302  3.2770  2.4849  1.7472  1.3811  0.6954  0.3779  0.2537  0.0226 -0.3374 -0.3543 -0.5821
 232  0.771853  3.6702  2.1429  1.8167  7.9884  5.8865  3.2513  2.4508  1.6712  1.2984  0.6020  0.2802  0.1546 -0.0792 -0.4431 -0.4602 -0.6915
 233  0.771923  3.6682  2.1029  1.8490  7.9656  5.9251  3.2319  2.4268  1.6144  1.2365  0.5321  0.2070  0.0803 -0.1554 -0.5222 -0.5396 -0.7733
 234  0.771991  3.6673  2.0808  1.8674  7.9225  5.9416  3.2209  2.4161  1.5824  1.2018  0.4928  0.1657  0.0384 -0.1984 -0.5665 -0.5841 -0.8191
 235  0.772058  3.6648  2.0307  1.9074  7.9053  5.9898  3.2006  2.3899  1.5146  1.1274  0.4076  0.0762 -0.0525 -0.2920 -0.6641 -0.6820 -0.9204
 236  0.772120  3.6614  1.9658  1.9589  7.8927  6.0508  3.1756  2.3563  1.4282  1.0322  0.2982 -0.0390 -0.1694 -0.4125 -0.7899 -0.8083 -1.0512
 237  0.772175  3.6581  1.9027  2.0087  7.8724  6.1108  3.1548  2.3283  1.3470  0.9423  0.1938 -0.1492 -0.2815 -0.5280 -0.9108 -0.9297 -1.1772
 238  0.772224  3.6546  1.8401  2.0577  7.8466  6.1731  3.1380  2.3049  1.2694  0.8558  0.0924 -0.2566 -0.3909 -0.6410 -1.0295 -1.0487 -1.3012
 239  0.772268  3.6513  1.7787  2.1057  7.8175  6.2356  3.1236  2.2845  1.1954  0.7729 -0.0057 -0.3607 -0.4970 -0.7507 -1.1451 -1.1649 -1.4223
 240  0.772307  3.6478  1.7165  2.1542  7.7866  6.3001  3.1108  2.2662  1.1221  0.6907 -0.1037 -0.4649 -0.6032 -0.8605 -1.2614 -1.2816 -1.5442
 241  0.772342  3.6446  1.6572  2.2002  7.7522  6.3682  3.1016  2.2524  1.0545  0.6143 -0.1957 -0.5629 -0.7031 -0.9641 -1.3714 -1.3921 -1.6599
 242  0.772374  3.6413  1.6009  2.2436  7.7125  6.4319  3.0942  2.2416  0.9924  0.5437 -0.2816 -0.6547 -0.7969 -1.0611 -1.4749 -1.4960 -1.7689
 243  0.772403  3.6382  1.5451  2.2867  7.6690  6.4933  3.0874  2.2321  0.9325  0.4753 -0.3658 -0.7448 -0.8891 -1.1565 -1.5771 -1.5985 -1.8767
 244  0.772428  3.6350  1.4905  2.3287  7.6230  6.5505  3.0812  2.2243  0.8757  0.4103 -0.4468 -0.8315 -0.9779 -1.2484 -1.6760 -1.6979 -1.9814
 245  0.772452  3.6319  1.4370  2.3696  7.5741  6.6022  3.0748  2.2170  0.8215  0.3479 -0.5251 -0.9156 -1.0639 -1.3375 -1.7723 -1.7947 -2.0836
 246  0.772473  3.6287  1.3845  2.4095  7.5246  6.6526  3.0701  2.2121  0.7706  0.2891 -0.5998 -0.9960 -1.1465 -1.4231 -1.8659 -1.8886 -2.1831
 247  0.772493  3.6256  1.3325  2.4489  7.4737  6.6965  3.0661  2.2090  0.7222  0.2327 -0.6724 -1.0742 -1.2267 -1.5066 -1.9578 -1.9810 -2.2812
 248  0.772511  3.6225  1.2814  2.4876  7.4215  6.7357  3.0618  2.2063  0.6760  0.1789 -0.7426 -1.1499 -1.3046 -1.5874 -2.0477 -2.0713 -2.3773
 249  0.772527  3.6194  1.2318  2.5251  7.3688  6.7697  3.0569  2.2036  0.6321  0.1276 -0.8103 -1.2228 -1.3793 -1.6649 -2.1349 -2.1588 -2.4707
 250  0.772542  3.6164  1.1827  2.5620  7.3148  6.7981  3.0516  2.2012  0.5904  0.0789 -0.8752 -1.2926 -1.4511 -1.7397 -2.2204 -2.2446 -2.5626
 251  0.772556  3.6134  1.1349  2.5979  7.2605  6.8205  3.0454  2.1987  0.5503  0.0319 -0.9384 -1.3605 -1.5209 -1.8121 -2.3039 -2.3283 -2.6523
 252  0.772570  3.6104  1.0877  2.6333  7.2057  6.8383  3.0390  2.1967  0.5126 -0.0127 -0.9992 -1.4258 -1.5879 -1.8820 -2.3858 -2.4105 -2.7407
 253  0.772582  3.6075  1.0416  2.6678  7.1513  6.8504  3.0322  2.1950  0.4778 -0.0538 -1.0561 -1.4871 -1.6507 -1.9481 -2.4650 -2.4899 -2.8266
 254  0.772592  3.6047  0.9964  2.7015  7.0976  6.8555  3.0250  2.1939  0.4460 -0.0916 -1.1097 -1.5450 -1.7100 -2.0109 -2.5419 -2.5672 -2.9106
 255  0.772602  3.6018  0.9520  2.7347  7.0439  6.8562  3.0169  2.1924  0.4162 -0.1269 -1.1601 -1.5995 -1.7657 -2.0706 -2.6172 -2.6429 -2.9931
 256  0.772612  3.5990  0.9084  2.7669  6.9909  6.8539  3.0082  2.1909  0.3885 -0.1596 -1.2073 -1.6502 -1.8172 -2.1266 -2.6908 -2.7168 -3.0741
 257  0.772621  3.5962  0.8656  2.7987  6.9384  6.8489  2.9992  2.1897  0.3638 -0.1889 -1.2505 -1.6969 -1.8644 -2.1789 -2.7626 -2.7888 -3.1535
 258  0.772629  3.5935  0.8236  2.8296  6.8867  6.8410  2.9890  2.1878  0.3416 -0.2150 -1.2894 -1.7391 -1.9067 -2.2272 -2.8320 -2.8587 -3.2309
 259  0.772636  3.5908  0.7827  2.8599  6.8353  6.8306  2.9776  2.1851  0.3217 -0.2377 -1.3235 -1.7763 -1.9435 -2.2715 -2.9000 -2.9270 -3.3071
 260  0.772643  3.5881  0.7425  2.8894  6.7849  6.8182  2.9651  2.1816  0.3043 -0.2572 -1.3534 -1.8092 -1.9757 -2.3121 -2.9658 -2.9931 -3.3813
 261  0.772650  3.5855  0.7030  2.9185  6.7350  6.8039  2.9512  2.1771  0.2893 -0.2736 -1.3792 -1.8379 -2.0036 -2.3491 -3.0296 -3.0574 -3.4539
 262  0.772656  3.5830  0.6643  2.9469  6.6862  6.7885  2.9362  2.1716  0.2769 -0.2865 -1.4009 -1.8628 -2.0274 -2.3826 -3.0911 -3.1195 -3.5249
 263  0.772662  3.5805  0.6265  2.9746  6.6386  6.7726  2.9204  2.1655  0.2672 -0.2958 -1.4176 -1.8826 -2.0456 -2.4118 -3.1501 -3.1791 -3.5937
 264  0.772667  3.5780  0.5895  3.0017  6.5932  6.7585  2.9054  2.1613  0.2640 -0.2959 -1.4210 -1.8892 -2.0492 -2.4309 -3.2051 -3.2352 -3.6604
 265  0.772672  3.5755  0.5533  3.0283  6.5491  6.7448  2.8901  2.1572  0.2645 -0.2912 -1.4177 -1.8891 -2.0453 -2.4444 -3.2573 -3.2887 -3.7255
 266  0.772677  3.5732  0.5179  3.0543  6.5062  6.7309  2.8744  2.1529  0.2669 -0.2836 -1.4102 -1.8850 -2.0372 -2.4544 -3.3073 -3.3401 -3.7888
 267  0.772682  3.5709  0.4829  3.0800  6.4646  6.7166  2.8580  2.1476  0.2702 -0.2737 -1.3992 -1.8775 -2.0256 -2.4613 -3.3545 -3.3889 -3.8501
 268  0.772687  3.5686  0.4488  3.1049  6.4242  6.7014  2.8408  2.1409  0.2733 -0.2626 -1.3857 -1.8680 -2.0122 -2.4658 -3.3984 -3.4349 -3.9093
 269  0.772690  3.5663  0.4152  3.1294  6.3853  6.6872  2.8240  2.1348  0.2793 -0.2480 -1.3686 -1.8552 -1.9953 -2.4671 -3.4398 -3.4784 -3.9665
 270  0.772694  3.5640  0.3822  3.1533  6.3483  6.6743  2.8086  2.1302  0.2895 -0.2291 -1.3475 -1.8387 -1.9750 -2.4652 -3.4783 -3.5193 -4.0217
 271  0.772697  3.5617  0.3497  3.1766  6.3140  6.6641  2.7952  2.1284  0.3056 -0.2031 -1.3188 -1.8152 -1.9476 -2.4568 -3.5124 -3.5561 -4.0741
 272  0.772701  3.5594  0.3178  3.1996  6.2805  6.6539  2.7818  2.1264  0.3224 -0.1766 -1.2905 -1.7923 -1.9213 -2.4480 -3.5450 -3.5915 -4.1249
 273  0.772704  3.5572  0.2862  3.2219  6.2493  6.6461  2.7711  2.1274  0.3441 -0.1453 -1.2591 -1.7669 -1.8931 -2.4365 -3.5741 -3.6236 -4.1730
 274  0.772708  3.5550  0.2556  3.2438  6.2212  6.6394  2.7627  2.1301  0.3703 -0.1096 -1.2261 -1.7427 -1.8684 -2.4249 -3.5976 -3.6504 -4.2165
 275  0.772710  3.5529  0.2257  3.2653  6.1946  6.6337  2.7557  2.1342  0.4000 -0.0704 -1.1903 -1.7163 -1.8418 -2.4108 -3.6178 -3.6742 -4.2574
 276  0.772713  3.5508  0.1965  3.2862  6.1699  6.6295  2.7505  2.1407  0.4333 -0.0279 -1.1520 -1.6879 -1.8134 -2.3945 -3.6352 -3.6953 -4.2959
 277  0.772716  3.5487  0.1681  3.3065  6.1464  6.6260  2.7460  2.1476  0.4677  0.0157 -1.1130 -1.6589 -1.7848 -2.3775 -3.6509 -3.7147 -4.3325
 278  0.772719  3.5469  0.1408  3.3259  6.1218  6.6184  2.7371  2.1474  0.4930  0.0518 -1.0802 -1.6357 -1.7618 -2.3653 -3.6689 -3.7357 -4.3686
 279  0.772755  3.5452  0.1174  3.3429  6.1000  6.6106  2.7281  2.1458  0.5141  0.0825 -1.0524 -1.6163 -1.7427 -2.3556 -3.6847 -3.7538 -4.3998
