#NUMBER OF AGES= 1
#----------------------------------------------------       
#MIX-LEN  Y      Z          Zeff        [Fe/H] [a/Fe]
# 1.9380  0.3300 4.8102E-03 2.4485E-03  -0.78   0.40 
#----------------------------------------------------       
#**PHOTOMETRIC SYSTEM**: HST WFPC2 (Vega)                   
#----------------------------------------------------       
#AGE=12.400 EEPS=266
#EEP   M/Mo    LogTeff  LogG   LogL/Lo F218W   F255W   F300W   F336W   F439W   F450W   F555W   F606W   F622W   F675W   F791W   F814W   F850LP
  14  0.116330  3.5191  5.2348 -2.7011 20.7833 20.7991 16.9697 16.1877 15.0430 14.5758 13.2819 12.7684 12.5854 12.1382 10.9559 10.9087 10.3832
  15  0.136261  3.5214  5.1701 -2.5586 20.4112 20.3784 16.5607 15.7690 14.6193 14.1672 12.8907 12.3778 12.1956 11.7525 10.5954 10.5489 10.0290
  16  0.154794  3.5243  5.1228 -2.4443 20.1085 20.0229 16.2202 15.4188 14.2637 13.8244 12.5642 12.0524 11.8707 11.4328 10.3041 10.2585  9.7456
  17  0.171870  3.5280  5.0896 -2.3504 19.8532 19.7061 15.9231 15.1113 13.9496 13.5220 12.2788 11.7685 11.5871 11.1559 10.0615 10.0173  9.5137
  18  0.187411  3.5320  5.0647 -2.2723 19.6372 19.4293 15.6672 14.8461 13.6784 13.2607 12.0334 11.5250 11.3437 10.9190  9.8584  9.8154  9.3213
  19  0.201494  3.5353  5.0442 -2.2070 19.4570 19.1978 15.4539 14.6257 13.4531 13.0433 11.8290 11.3220 11.1409 10.7215  9.6891  9.6472  9.1613
  20  0.215712  3.5383  5.0259 -2.1470 19.2916 18.9867 15.2594 14.4254 13.2483 12.8451 11.6421 11.1366 10.9557 10.5410  9.5336  9.4927  9.0139
  21  0.229252  3.5411  5.0103 -2.0938 19.1446 18.7984 15.0867 14.2479 13.0668 12.6691 11.4762 10.9720 10.7912 10.3806  9.3958  9.3557  8.8835
  22  0.240713  3.5434  4.9975 -2.0509 19.0266 18.6473 14.9483 14.1059 12.9215 12.5279 11.3429 10.8397 10.6590 10.2516  9.2849  9.2454  8.7785
  23  0.249291  3.5451  4.9879 -2.0195 18.9412 18.5375 14.8478 14.0027 12.8157 12.4248 11.2457 10.7431 10.5625 10.1574  9.2040  9.1649  8.7019
  24  0.255640  3.5463  4.9809 -1.9968 18.8799 18.4589 14.7760 13.9291 12.7401 12.3510 11.1755 10.6735 10.4930 10.0894  9.1455  9.1068  8.6466
  25  0.260462  3.5471  4.9759 -1.9801 18.8350 18.4015 14.7237 13.8756 12.6849 12.2970 11.1242 10.6225 10.4420 10.0396  9.1027  9.0642  8.6061
  26  0.264217  3.5478  4.9720 -1.9674 18.8004 18.3573 14.6838 13.8347 12.6429 12.2559 11.0852 10.5836 10.4032 10.0016  9.0700  9.0317  8.5751
  27  0.267060  3.5484  4.9692 -1.9577 18.7739 18.3231 14.6530 13.8033 12.6108 12.2243 11.0552 10.5538 10.3734  9.9726  9.0450  9.0069  8.5515
  28  0.269419  3.5488  4.9672 -1.9499 18.7523 18.2948 14.6279 13.7777 12.5845 12.1985 11.0307 10.5295 10.3491  9.9490  9.0251  8.9870  8.5327
  29  0.271495  3.5492  4.9652 -1.9428 18.7326 18.2690 14.6051 13.7543 12.5605 12.1751 11.0085 10.5076 10.3272  9.9276  9.0069  8.9689  8.5156
  30  0.273605  3.5497  4.9635 -1.9360 18.7133 18.2437 14.5827 13.7313 12.5370 12.1520 10.9867 10.4859 10.3056  9.9065  8.9891  8.9513  8.4990
  31  0.275940  3.5501  4.9617 -1.9286 18.6924 18.2162 14.5585 13.7066 12.5117 12.1271 10.9631 10.4625 10.2822  9.8840  8.9701  8.9323  8.4812
  32  0.278555  3.5506  4.9597 -1.9205 18.6694 18.1862 14.5320 13.6794 12.4839 12.0999 10.9374 10.4370 10.2568  9.8591  8.9491  8.9115  8.4614
  33  0.281483  3.5512  4.9573 -1.9113 18.6437 18.1530 14.5026 13.6493 12.4530 12.0695 10.9086 10.4086 10.2283  9.8315  8.9255  8.8880  8.4393
  34  0.284741  3.5518  4.9544 -1.9011 18.6150 18.1166 14.4699 13.6161 12.4188 12.0360 10.8769 10.3771 10.1969  9.8008  8.8990  8.8618  8.4143
  35  0.288580  3.5524  4.9508 -1.8890 18.5816 18.0743 14.4321 13.5775 12.3793 11.9972 10.8399 10.3405 10.1603  9.7652  8.8681  8.8310  8.3850
  36  0.293983  3.5535  4.9445 -1.8697 18.5266 18.0039 14.3701 13.5142 12.3141 11.9327 10.7778 10.2787 10.0984  9.7054  8.8185  8.7817  8.3384
  37  0.322544  3.5602  4.9132 -1.7737 18.2517 17.6551 14.0583 13.1952 11.9802 11.6050 10.4667  9.9730  9.7924  9.4109  8.5686  8.5341  8.1063
  38  0.344286  3.5654  4.8874 -1.6980 18.0291 17.3560 13.8102 12.9442 11.7259 11.3526 10.2274  9.7363  9.5559  9.1811  8.3756  8.3421  7.9258
  39  0.371679  3.5735  4.8514 -1.5949 17.7118 16.9075 13.4550 12.5864 11.3697 10.9972  9.8937  9.4071  9.2276  8.8626  8.1124  8.0804  7.6820
  40  0.384000  3.5780  4.8336 -1.5453 17.5615 16.6786 13.2828 12.4131 11.1955 10.8212  9.7268  9.2426  9.0631  8.7044  7.9856  7.9544  7.5664
  41  0.395584  3.5825  4.8166 -1.4979 17.4136 16.4530 13.1152 12.2451 11.0280 10.6518  9.5664  9.0849  8.9057  8.5533  7.8644  7.8342  7.4561
  42  0.406990  3.5871  4.8000 -1.4504 17.2595 16.2212 12.9430 12.0729 10.8587 10.4803  9.4054  8.9275  8.7484  8.4028  7.7433  7.7138  7.3461
  43  0.417701  3.5917  4.7848 -1.4053 17.1095 15.9971 12.7753 11.9055 10.6951 10.3147  9.2509  8.7769  8.5982  8.2593  7.6279  7.5993  7.2416
  44  0.427545  3.5963  4.7709 -1.3631 16.9669 15.7904 12.6153 11.7456 10.5389 10.1575  9.1052  8.6360  8.4576  8.1256  7.5197  7.4918  7.1440
  45  0.436767  3.6009  4.7583 -1.3230 16.8292 15.5960 12.4611 11.5913 10.3879 10.0060  8.9661  8.5021  8.3244  7.9990  7.4171  7.3899  7.0516
  46  0.445543  3.6054  4.7467 -1.2845 16.6952 15.4106 12.3104 11.4407 10.2404  9.8586  8.8318  8.3736  8.1964  7.8778  7.3183  7.2919  6.9628
  47  0.454198  3.6101  4.7357 -1.2461 16.5610 15.2292 12.1588 11.2889 10.0916  9.7104  8.6980  8.2463  8.0701  7.7584  7.2205  7.1949  6.8748
  48  0.462992  3.6152  4.7250 -1.2071 16.4238 15.0503 12.0031 11.1324  9.9369  9.5575  8.5618  8.1177  7.9425  7.6381  7.1210  7.0961  6.7853
  49  0.471997  3.6206  4.7148 -1.1668 16.2838 14.8763 11.8406 10.9678  9.7733  9.3967  8.4205  7.9853  7.8115  7.5150  7.0187  6.9946  6.6935
  50  0.480716  3.6264  4.7058 -1.1271 16.1412 14.7031 11.6724 10.7963  9.6051  9.2324  8.2784  7.8535  7.6814  7.3934  6.9176  6.8944  6.6032
  51  0.489151  3.6323  4.6981 -1.0879 15.9935 14.5233 11.4947 10.6147  9.4331  9.0648  8.1358  7.7223  7.5524  7.2733  6.8177  6.7954  6.5144
  52  0.494058  3.6360  4.6939 -1.0647 15.9016 14.4081 11.3822 10.4997  9.3289  8.9635  8.0511  7.6449  7.4767  7.2030  6.7589  6.7371  6.4621
  53  0.498918  3.6397  4.6900 -1.0416 15.8040 14.2796 11.2635 10.3790  9.2236  8.8613  7.9663  7.5678  7.4013  7.1330  6.7002  6.6789  6.4098
  54  0.503737  3.6435  4.6863 -1.0186 15.6984 14.1313 11.1368 10.2509  9.1175  8.7580  7.8813  7.4908  7.3264  7.0633  6.6416  6.6209  6.3577
  55  0.508504  3.6473  4.6828 -0.9958 15.5850 13.9697 11.0051 10.1183  9.0116  8.6551  7.7971  7.4145  7.2525  6.9945  6.5834  6.5632  6.3057
  56  0.513226  3.6511  4.6794 -0.9732 15.4623 13.7930 10.8674  9.9807  8.9059  8.5522  7.7134  7.3389  7.1793  6.9264  6.5254  6.5058  6.2539
  57  0.517904  3.6549  4.6762 -0.9508 15.3286 13.5981 10.7223  9.8372  8.8005  8.4497  7.6306  7.2641  7.1073  6.8591  6.4676  6.4484  6.2021
  58  0.522499  3.6587  4.6732 -0.9286 15.1855 13.3909 10.5742  9.6919  8.6971  8.3492  7.5495  7.1909  7.0370  6.7932  6.4104  6.3917  6.1507
  59  0.527019  3.6625  4.6702 -0.9068 15.0300 13.1690 10.4223  9.5447  8.5951  8.2501  7.4697  7.1188  6.9678  6.7283  6.3536  6.3355  6.0996
  60  0.531481  3.6663  4.6673 -0.8852 14.8623 12.9389 10.2689  9.3975  8.4955  8.1534  7.3919  7.0483  6.9005  6.6649  6.2977  6.2801  6.0491
  61  0.535876  3.6700  4.6644 -0.8639 14.6795 12.6993 10.1137  9.2502  8.3977  8.0588  7.3156  6.9794  6.8346  6.6028  6.2427  6.2254  5.9992
  62  0.540205  3.6737  4.6616 -0.8429 14.4764 12.4518  9.9576  9.1040  8.3025  7.9671  7.2416  6.9122  6.7706  6.5423  6.1886  6.1719  5.9502
  63  0.544473  3.6773  4.6587 -0.8222 14.2468 12.1953  9.8000  8.9586  8.2097  7.8780  7.1694  6.8468  6.7084  6.4835  6.1357  6.1194  5.9022
  64  0.548681  3.6808  4.6557 -0.8019 13.9920 11.9353  9.6419  8.8148  8.1193  7.7918  7.0994  6.7833  6.6479  6.4263  6.0839  6.0681  5.8552
  65  0.552846  3.6842  4.6525 -0.7818 13.7365 11.6822  9.4877  8.6753  8.0318  7.7085  7.0315  6.7214  6.5888  6.3704  6.0332  6.0178  5.8089
  66  0.556947  3.6874  4.6492 -0.7622 13.4875 11.4408  9.3393  8.5415  7.9471  7.6283  6.9655  6.6612  6.5315  6.3159  5.9836  5.9685  5.7636
  67  0.561002  3.6906  4.6457 -0.7428 13.2562 11.2175  9.1990  8.4145  7.8657  7.5510  6.9015  6.6027  6.4754  6.2626  5.9349  5.9202  5.7190
  68  0.565013  3.6937  4.6421 -0.7237 13.0486 11.0170  9.0683  8.2959  7.7875  7.4768  6.8394  6.5455  6.4206  6.2103  5.8871  5.8728  5.6753
  69  0.568961  3.6968  4.6384 -0.7050 12.8923 10.8526  8.9521  8.1882  7.7126  7.4056  6.7791  6.4898  6.3670  6.1592  5.8404  5.8265  5.6323
  70  0.572857  3.6997  4.6345 -0.6866 12.7483 10.7013  8.8421  8.0860  7.6404  7.3370  6.7207  6.4355  6.3144  6.1094  5.7945  5.7810  5.5902
  71  0.576690  3.7025  4.6306 -0.6684 12.6113 10.5596  8.7365  7.9879  7.5702  7.2704  6.6637  6.3826  6.2633  6.0605  5.7496  5.7364  5.5489
  72  0.580467  3.7052  4.6265 -0.6506 12.4784 10.4252  8.6345  7.8931  7.5020  7.2057  6.6081  6.3308  6.2131  6.0126  5.7055  5.6926  5.5083
  73  0.584182  3.7079  4.6224 -0.6330 12.3427 10.2943  8.5347  7.8007  7.4355  7.1429  6.5539  6.2802  6.1641  5.9657  5.6624  5.6498  5.4684
  74  0.587840  3.7105  4.6184 -0.6156 12.2021 10.1650  8.4362  7.7102  7.3705  7.0815  6.5008  6.2307  6.1161  5.9198  5.6199  5.6076  5.4292
  75  0.591431  3.7131  4.6141 -0.5985 12.0399 10.0278  8.3358  7.6191  7.3067  7.0215  6.4492  6.1823  6.0692  5.8749  5.5785  5.5665  5.3909
  76  0.594958  3.7155  4.6100 -0.5818 11.8758  9.8932  8.2371  7.5300  7.2444  6.9629  6.3987  6.1350  6.0234  5.8311  5.5379  5.5261  5.3533
  77  0.598422  3.7180  4.6056 -0.5652 11.7131  9.7626  8.1411  7.4435  7.1837  6.9060  6.3494  6.0889  5.9787  5.7882  5.4981  5.4867  5.3164
  78  0.601826  3.7204  4.6011 -0.5488 11.5520  9.6357  8.0474  7.3593  7.1245  6.8505  6.3014  6.0438  5.9348  5.7461  5.4591  5.4478  5.2801
  79  0.605160  3.7226  4.5966 -0.5328 11.3941  9.5130  7.9564  7.2775  7.0669  6.7964  6.2545  5.9998  5.8921  5.7050  5.4208  5.4098  5.2445
  80  0.608431  3.7249  4.5920 -0.5171 11.2410  9.3953  7.8684  7.1984  7.0107  6.7438  6.2087  5.9566  5.8501  5.6647  5.3833  5.3726  5.2097
  81  0.611635  3.7270  4.5874 -0.5016 11.0939  9.2827  7.7833  7.1219  6.9559  6.6925  6.1641  5.9146  5.8092  5.6254  5.3466  5.3362  5.1755
  82  0.615770  3.7297  4.5811 -0.4815 10.9123  9.1431  7.6761  7.0252  6.8859  6.6269  6.1068  5.8605  5.7566  5.5747  5.2994  5.2891  5.1313
  83  0.619832  3.7323  4.5746 -0.4618 10.7367  9.0092  7.5725  6.9317  6.8176  6.5628  6.0508  5.8076  5.7049  5.5250  5.2529  5.2429  5.0877
  84  0.623817  3.7349  4.5680 -0.4423 10.5667  8.8807  7.4722  6.8411  6.7509  6.5003  5.9959  5.7557  5.6543  5.4762  5.2071  5.1975  5.0448
  85  0.627727  3.7373  4.5612 -0.4231 10.4036  8.7577  7.3756  6.7539  6.6861  6.4394  5.9423  5.7049  5.6046  5.4283  5.1622  5.1526  5.0025
  86  0.631562  3.7396  4.5543 -0.4040 10.2457  8.6393  7.2818  6.6691  6.6226  6.3798  5.8898  5.6549  5.5558  5.3812  5.1178  5.1085  4.9607
  87  0.635331  3.7418  4.5472 -0.3853 10.0939  8.5256  7.1913  6.5872  6.5606  6.3215  5.8383  5.6058  5.5078  5.3346  5.0740  5.0649  4.9192
  88  0.639036  3.7440  4.5399 -0.3668  9.9478  8.4162  7.1036  6.5080  6.5001  6.2645  5.7876  5.5575  5.4604  5.2887  5.0305  5.0217  4.8781
  89  0.642681  3.7462  4.5324 -0.3484  9.8064  8.3106  7.0186  6.4310  6.4406  6.2085  5.7377  5.5098  5.4135  5.2433  4.9875  4.9789  4.8372
  90  0.646267  3.7482  4.5245 -0.3301  9.6698  8.2085  6.9362  6.3562  6.3825  6.1535  5.6885  5.4626  5.3673  5.1984  4.9448  4.9363  4.7966
  91  0.649795  3.7501  4.5165 -0.3120  9.5379  8.1097  6.8560  6.2834  6.3253  6.0995  5.6399  5.4161  5.3215  5.1539  4.9024  4.8941  4.7563
  92  0.653264  3.7520  4.5083 -0.2940  9.4100  8.0137  6.7777  6.2123  6.2689  6.0462  5.5920  5.3700  5.2762  5.1097  4.8604  4.8523  4.7162
  93  0.656669  3.7537  4.4999 -0.2761  9.2866  7.9207  6.7016  6.1430  6.2135  5.9937  5.5447  5.3244  5.2314  5.0661  4.8187  4.8108  4.6763
  94  0.660010  3.7555  4.4912 -0.2584  9.1668  7.8301  6.6271  6.0752  6.1589  5.9420  5.4978  5.2794  5.1871  5.0229  4.7774  4.7696  4.6367
  95  0.663284  3.7571  4.4823 -0.2409  9.0498  7.7410  6.5536  6.0084  6.1049  5.8909  5.4516  5.2349  5.1433  4.9802  4.7366  4.7289  4.5975
  96  0.666484  3.7587  4.4732 -0.2233  8.9360  7.6539  6.4815  5.9429  6.0517  5.8404  5.4060  5.1909  5.1000  4.9380  4.6962  4.6886  4.5586
  97  0.669615  3.7602  4.4641 -0.2060  8.8267  7.5696  6.4116  5.8791  5.9993  5.7907  5.3609  5.1474  5.0571  4.8962  4.6560  4.6486  4.5199
  98  0.672670  3.7616  4.4545 -0.1889  8.7227  7.4888  6.3442  5.8173  5.9480  5.7418  5.3164  5.1044  5.0147  4.8549  4.6162  4.6089  4.4816
  99  0.675648  3.7630  4.4449 -0.1719  8.6225  7.4104  6.2786  5.7571  5.8975  5.6938  5.2724  5.0619  4.9729  4.8139  4.5768  4.5697  4.4435
 100  0.678549  3.7643  4.4351 -0.1552  8.5276  7.3354  6.2156  5.6989  5.8480  5.6466  5.2291  5.0200  4.9315  4.7734  4.5378  4.5307  4.4057
 101  0.681372  3.7654  4.4252 -0.1387  8.4360  7.2627  6.1543  5.6423  5.7996  5.6002  5.1864  4.9787  4.8908  4.7335  4.4993  4.4923  4.3682
 102  0.684122  3.7665  4.4152 -0.1224  8.3485  7.1930  6.0953  5.5876  5.7521  5.5547  5.1444  4.9378  4.8504  4.6940  4.4610  4.4542  4.3312
 103  0.686797  3.7676  4.4050 -0.1063  8.2648  7.1259  6.0381  5.5345  5.7057  5.5100  5.1030  4.8977  4.8108  4.6551  4.4233  4.4165  4.2944
 104  0.689403  3.7686  4.3949 -0.0904  8.1844  7.0611  5.9828  5.4831  5.6603  5.4663  5.0623  4.8580  4.7716  4.6165  4.3861  4.3793  4.2581
 105  0.691945  3.7696  4.3847 -0.0748  8.1080  6.9992  5.9294  5.4334  5.6158  5.4234  5.0223  4.8190  4.7329  4.5785  4.3491  4.3424  4.2221
 106  0.694431  3.7705  4.3744 -0.0594  8.0348  6.9398  5.8780  5.3856  5.5723  5.3813  4.9828  4.7804  4.6947  4.5411  4.3125  4.3061  4.1864
 107  0.696871  3.7714  4.3641 -0.0442  7.9659  6.8833  5.8287  5.3394  5.5298  5.3401  4.9439  4.7424  4.6571  4.5039  4.2763  4.2698  4.1510
 108  0.699271  3.7721  4.3539 -0.0292  7.8992  6.8286  5.7807  5.2944  5.4881  5.2995  4.9056  4.7050  4.6200  4.4673  4.2407  4.2342  4.1160
 109  0.701644  3.7729  4.3435 -0.0145  7.8354  6.7758  5.7343  5.2508  5.4473  5.2598  4.8679  4.6680  4.5833  4.4312  4.2054  4.1990  4.0813
 110  0.703975  3.7735  4.3331  0.0000  7.7743  6.7249  5.6891  5.2083  5.4072  5.2207  4.8309  4.6317  4.5472  4.3956  4.1705  4.1642  4.0471
 111  0.706199  3.7743  4.3231  0.0143  7.7129  6.6740  5.6443  5.1663  5.3676  5.1822  4.7944  4.5959  4.5118  4.3607  4.1363  4.1301  4.0136
 112  0.707084  3.7746  4.3190  0.0202  7.6872  6.6529  5.6258  5.1489  5.3513  5.1664  4.7794  4.5814  4.4972  4.3464  4.1224  4.1162  3.9999
 113  0.707970  3.7749  4.3149  0.0261  7.6619  6.6318  5.6074  5.1316  5.3349  5.1505  4.7643  4.5665  4.4826  4.3319  4.1083  4.1021  3.9861
 114  0.708855  3.7752  4.3107  0.0320  7.6366  6.6109  5.5888  5.1141  5.3184  5.1344  4.7492  4.5516  4.4679  4.3173  4.0941  4.0879  3.9721
 115  0.709739  3.7755  4.3063  0.0380  7.6120  6.5902  5.5706  5.0969  5.3020  5.1184  4.7339  4.5365  4.4529  4.3026  4.0796  4.0735  3.9580
 116  0.710622  3.7758  4.3018  0.0441  7.5879  6.5698  5.5523  5.0797  5.2854  5.1021  4.7184  4.5214  4.4378  4.2877  4.0651  4.0589  3.9435
 117  0.711502  3.7759  4.2971  0.0503  7.5646  6.5498  5.5342  5.0625  5.2688  5.0859  4.7028  4.5059  4.4225  4.2725  4.0501  4.0440  3.9288
 118  0.712381  3.7761  4.2922  0.0565  7.5414  6.5298  5.5161  5.0453  5.2520  5.0694  4.6869  4.4903  4.4070  4.2571  4.0350  4.0289  3.9139
 119  0.713259  3.7764  4.2872  0.0628  7.5185  6.5098  5.4979  5.0280  5.2351  5.0528  4.6709  4.4746  4.3913  4.2416  4.0197  4.0135  3.8987
 120  0.714134  3.7766  4.2821  0.0692  7.4959  6.4901  5.4798  5.0108  5.2182  5.0362  4.6549  4.4587  4.3755  4.2259  4.0042  3.9981  3.8834
 121  0.715008  3.7767  4.2769  0.0757  7.4735  6.4704  5.4617  4.9935  5.2011  5.0194  4.6386  4.4426  4.3595  4.2100  3.9886  3.9825  3.8679
 122  0.715877  3.7769  4.2716  0.0821  7.4506  6.4503  5.4434  4.9759  5.1839  5.0023  4.6221  4.4263  4.3433  4.1940  3.9727  3.9666  3.8522
 123  0.716746  3.7771  4.2663  0.0887  7.4278  6.4303  5.4250  4.9583  5.1665  4.9852  4.6056  4.4100  4.3270  4.1778  3.9567  3.9506  3.8363
 124  0.717613  3.7772  4.2609  0.0953  7.4047  6.4099  5.4063  4.9404  5.1489  4.9679  4.5888  4.3934  4.3105  4.1614  3.9406  3.9345  3.8203
 125  0.718481  3.7774  4.2554  0.1020  7.3823  6.3899  5.3878  4.9227  5.1314  4.9507  4.5719  4.3767  4.2940  4.1450  3.9243  3.9183  3.8042
 126  0.719349  3.7776  4.2499  0.1087  7.3598  6.3699  5.3694  4.9050  5.1137  4.9333  4.5551  4.3601  4.2773  4.1284  3.9079  3.9019  3.7881
 127  0.720216  3.7777  4.2442  0.1155  7.3380  6.3502  5.3511  4.8873  5.0961  4.9159  4.5381  4.3432  4.2606  4.1118  3.8914  3.8854  3.7716
 128  0.721081  3.7778  4.2384  0.1223  7.3165  6.3306  5.3327  4.8697  5.0784  4.8984  4.5210  4.3263  4.2436  4.0950  3.8748  3.8687  3.7550
 129  0.721945  3.7780  4.2325  0.1292  7.2954  6.3112  5.3145  4.8520  5.0607  4.8808  4.5038  4.3092  4.2266  4.0781  3.8579  3.8520  3.7383
 130  0.722806  3.7780  4.2265  0.1360  7.2751  6.2923  5.2965  4.8345  5.0429  4.8631  4.4865  4.2920  4.2094  4.0609  3.8409  3.8350  3.7213
 131  0.723662  3.7781  4.2202  0.1429  7.2556  6.2737  5.2787  4.8172  5.0252  4.8455  4.4691  4.2748  4.1921  4.0437  3.8237  3.8177  3.7041
 132  0.724516  3.7781  4.2139  0.1500  7.2364  6.2554  5.2609  4.7998  5.0073  4.8278  4.4516  4.2572  4.1747  4.0263  3.8063  3.8003  3.6867
 133  0.725366  3.7781  4.2074  0.1570  7.2176  6.2371  5.2433  4.7825  4.9895  4.8101  4.4340  4.2397  4.1571  4.0087  3.7888  3.7828  3.6692
 134  0.726211  3.7781  4.2007  0.1641  7.1995  6.2192  5.2257  4.7652  4.9716  4.7922  4.4162  4.2219  4.1393  3.9910  3.7710  3.7651  3.6514
 135  0.727050  3.7780  4.1938  0.1713  7.1821  6.2018  5.2083  4.7480  4.9538  4.7743  4.3984  4.2040  4.1215  3.9731  3.7531  3.7471  3.6334
 136  0.727884  3.7780  4.1868  0.1785  7.1655  6.1848  5.1912  4.7311  4.9359  4.7565  4.3805  4.1861  4.1035  3.9550  3.7349  3.7290  3.6152
 137  0.728713  3.7779  4.1797  0.1858  7.1497  6.1682  5.1743  4.7141  4.9181  4.7386  4.3624  4.1679  4.0853  3.9368  3.7166  3.7107  3.5967
 138  0.729534  3.7777  4.1723  0.1932  7.1344  6.1517  5.1574  4.6972  4.9001  4.7205  4.3442  4.1497  4.0670  3.9184  3.6981  3.6921  3.5781
 139  0.730351  3.7775  4.1648  0.2005  7.1198  6.1358  5.1408  4.6805  4.8823  4.7026  4.3260  4.1313  4.0486  3.8999  3.6794  3.6734  3.5592
 140  0.731159  3.7774  4.1570  0.2079  7.1068  6.1207  5.1246  4.6640  4.8645  4.6846  4.3076  4.1128  4.0300  3.8812  3.6605  3.6545  3.5400
 141  0.731960  3.7771  4.1490  0.2154  7.0947  6.1061  5.1088  4.6477  4.8468  4.6667  4.2892  4.0941  4.0114  3.8624  3.6414  3.6353  3.5206
 142  0.732752  3.7768  4.1408  0.2230  7.0838  6.0922  5.0932  4.6316  4.8291  4.6487  4.2707  4.0754  3.9925  3.8433  3.6221  3.6160  3.5010
 143  0.733538  3.7765  4.1323  0.2305  7.0744  6.0791  5.0782  4.6159  4.8116  4.6308  4.2522  4.0565  3.9735  3.8242  3.6025  3.5964  3.4811
 144  0.734315  3.7760  4.1236  0.2381  7.0666  6.0670  5.0637  4.6005  4.7943  4.6131  4.2336  4.0376  3.9545  3.8048  3.5828  3.5766  3.4610
 145  0.735083  3.7757  4.1147  0.2458  7.0594  6.0551  5.0493  4.5853  4.7770  4.5954  4.2149  4.0185  3.9353  3.7854  3.5629  3.5566  3.4407
 146  0.735842  3.7752  4.1054  0.2535  7.0553  6.0450  5.0360  4.5708  4.7600  4.5778  4.1963  3.9994  3.9160  3.7657  3.5427  3.5364  3.4200
 147  0.736592  3.7746  4.0959  0.2612  7.0524  6.0356  5.0231  4.5566  4.7432  4.5603  4.1776  3.9802  3.8967  3.7460  3.5224  3.5160  3.3991
 148  0.737333  3.7740  4.0861  0.2690  7.0519  6.0277  5.0110  4.5430  4.7267  4.5431  4.1589  3.9610  3.8772  3.7261  3.5017  3.4954  3.3779
 149  0.738064  3.7733  4.0761  0.2768  7.0525  6.0202  4.9991  4.5296  4.7101  4.5259  4.1402  3.9416  3.8576  3.7061  3.4810  3.4745  3.3565
 150  0.738785  3.7726  4.0657  0.2846  7.0560  6.0145  4.9885  4.5170  4.6941  4.5088  4.1215  3.9222  3.8380  3.6859  3.4601  3.4535  3.3348
 151  0.739497  3.7718  4.0552  0.2925  7.0610  6.0096  4.9783  4.5049  4.6781  4.4919  4.1028  3.9028  3.8183  3.6657  3.4390  3.4324  3.3130
 152  0.740198  3.7710  4.0442  0.3004  7.0703  6.0073  4.9696  4.4938  4.6627  4.4754  4.0842  3.8833  3.7985  3.6454  3.4177  3.4110  3.2907
 153  0.740890  3.7700  4.0328  0.3082  7.0834  6.0075  4.9626  4.4841  4.6478  4.4593  4.0656  3.8638  3.7787  3.6249  3.3961  3.3893  3.2681
 154  0.741574  3.7690  4.0209  0.3162  7.1024  6.0115  4.9579  4.4761  4.6337  4.4436  4.0471  3.8443  3.7587  3.6042  3.3741  3.3673  3.2451
 155  0.742249  3.7677  4.0085  0.3241  7.1274  6.0194  4.9556  4.4702  4.6204  4.4285  4.0288  3.8248  3.7388  3.5835  3.3520  3.3451  3.2218
 156  0.742914  3.7663  3.9954  0.3320  7.1599  6.0319  4.9562  4.4665  4.6082  4.4142  4.0109  3.8053  3.7189  3.5626  3.3295  3.3224  3.1979
 157  0.743572  3.7648  3.9819  0.3399  7.1973  6.0472  4.9586  4.4643  4.5967  4.4003  3.9930  3.7860  3.6990  3.5417  3.3069  3.2997  3.1738
 158  0.744223  3.7632  3.9679  0.3478  7.2417  6.0663  4.9636  4.4641  4.5860  4.3871  3.9753  3.7667  3.6791  3.5207  3.2841  3.2768  3.1494
 159  0.744866  3.7614  3.9532  0.3556  7.2976  6.0920  4.9729  4.4675  4.5770  4.3752  3.9583  3.7478  3.6595  3.4998  3.2611  3.2535  3.1244
 160  0.745501  3.7593  3.9374  0.3635  7.3664  6.1244  4.9866  4.4744  4.5698  4.3644  3.9417  3.7291  3.6400  3.4788  3.2378  3.2301  3.0990
 161  0.746125  3.7570  3.9208  0.3712  7.4484  6.1635  5.0046  4.4848  4.5643  4.3550  3.9259  3.7108  3.6207  3.4581  3.2142  3.2064  3.0731
 162  0.746756  3.7541  3.9024  0.3788  7.5522  6.2153  5.0311  4.5021  4.5623  4.3485  3.9113  3.6934  3.6022  3.4376  3.1905  3.1824  3.0464
 163  0.747381  3.7510  3.8819  0.3871  7.6693  6.2735  5.0613  4.5222  4.5611  4.3422  3.8962  3.6749  3.5824  3.4156  3.1647  3.1563  3.0174
 164  0.747999  3.7474  3.8591  0.3960  7.8020  6.3403  5.0967  4.5463  4.5611  4.3364  3.8805  3.6554  3.5616  3.3922  3.1371  3.1284  2.9861
 165  0.748603  3.7436  3.8343  0.4061  7.9396  6.4102  5.1334  4.5709  4.5597  4.3290  3.8627  3.6338  3.5384  3.3663  3.1067  3.0976  2.9516
 166  0.749190  3.7399  3.8078  0.4178  8.0741  6.4785  5.1675  4.5929  4.5549  4.3181  3.8415  3.6085  3.5117  3.3370  3.0726  3.0632  2.9136
 167  0.749745  3.7363  3.7802  0.4315  8.1971  6.5408  5.1951  4.6092  4.5444  4.3019  3.8155  3.5786  3.4804  3.3031  3.0344  3.0247  2.8713
 168  0.750267  3.7331  3.7522  0.4470  8.2996  6.5904  5.2124  4.6164  4.5271  4.2794  3.7841  3.5439  3.4444  3.2649  2.9922  2.9821  2.8255
 169  0.750752  3.7304  3.7246  0.4641  8.3787  6.6254  5.2186  4.6139  4.5031  4.2510  3.7481  3.5049  3.4044  3.2228  2.9468  2.9364  2.7770
 170  0.751205  3.7282  3.6975  0.4825  8.4374  6.6468  5.2148  4.6028  4.4735  4.2175  3.7083  3.4625  3.3611  3.1779  2.8989  2.8883  2.7264
 171  0.751631  3.7263  3.6708  0.5015  8.4774  6.6556  5.2022  4.5844  4.4392  4.1800  3.6655  3.4177  3.3155  3.1309  2.8493  2.8385  2.6747
 172  0.752033  3.7247  3.6449  0.5214  8.5032  6.6548  5.1829  4.5602  4.4014  4.1396  3.6205  3.3709  3.2681  3.0823  2.7986  2.7877  2.6220
 173  0.752418  3.7233  3.6195  0.5416  8.5173  6.6459  5.1579  4.5312  4.3608  4.0968  3.5739  3.3228  3.2194  3.0325  2.7471  2.7360  2.5689
 174  0.752789  3.7222  3.5945  0.5620  8.5237  6.6312  5.1290  4.4988  4.3181  4.0521  3.5260  3.2735  3.1698  2.9820  2.6950  2.6839  2.5155
 175  0.753147  3.7212  3.5699  0.5828  8.5238  6.6118  5.0967  4.4637  4.2737  4.0061  3.4772  3.2236  3.1194  2.9309  2.6426  2.6314  2.4618
 176  0.753497  3.7202  3.5457  0.6037  8.5179  6.5884  5.0618  4.4262  4.2282  3.9590  3.4276  3.1731  3.0686  2.8795  2.5899  2.5785  2.4080
 177  0.753839  3.7194  3.5216  0.6247  8.5075  6.5623  5.0250  4.3872  4.1816  3.9111  3.3776  3.1222  3.0174  2.8276  2.5370  2.5255  2.3542
 178  0.754175  3.7187  3.4979  0.6458  8.4931  6.5334  4.9865  4.3467  4.1345  3.8626  3.3272  3.0710  2.9659  2.7756  2.4840  2.4724  2.3002
 179  0.754505  3.7180  3.4741  0.6669  8.4779  6.5043  4.9476  4.3060  4.0870  3.8140  3.2766  3.0197  2.9142  2.7235  2.4308  2.4192  2.2461
 180  0.754829  3.7173  3.4503  0.6881  8.4603  6.4737  4.9078  4.2644  4.0391  3.7650  3.2258  2.9679  2.8625  2.6711  2.3775  2.3658  2.1920
 181  0.755145  3.7166  3.4266  0.7094  8.4404  6.4415  4.8671  4.2221  3.9906  3.7155  3.1746  2.9161  2.8103  2.6184  2.3240  2.3122  2.1377
 182  0.755346  3.7162  3.4113  0.7232  8.4271  6.4205  4.8404  4.1944  3.9591  3.6834  3.1413  2.8824  2.7765  2.5843  2.2894  2.2775  2.1024
 183  0.755546  3.7158  3.3958  0.7373  8.4129  6.3988  4.8133  4.1662  3.9271  3.6507  3.1074  2.8482  2.7421  2.5496  2.2541  2.2422  2.0666
 184  0.755746  3.7154  3.3799  0.7516  8.3977  6.3763  4.7853  4.1373  3.8944  3.6172  3.0730  2.8132  2.7070  2.5143  2.2182  2.2062  2.0302
 185  0.755946  3.7150  3.3641  0.7660  8.3827  6.3537  4.7572  4.1082  3.8615  3.5837  3.0384  2.7781  2.6719  2.4787  2.1820  2.1700  1.9936
 186  0.756145  3.7146  3.3478  0.7807  8.3671  6.3305  4.7283  4.0783  3.8277  3.5492  3.0028  2.7421  2.6356  2.4422  2.1450  2.1329  1.9560
 187  0.756343  3.7142  3.3307  0.7962  8.3504  6.3061  4.6980  4.0471  3.7925  3.5132  2.9657  2.7045  2.5979  2.4041  2.1062  2.0942  1.9167
 188  0.756540  3.7138  3.3132  0.8121  8.3323  6.2807  4.6666  4.0146  3.7559  3.4759  2.9272  2.6655  2.5588  2.3647  2.0662  2.0541  1.8761
 189  0.756732  3.7133  3.2943  0.8293  8.3138  6.2545  4.6334  3.9802  3.7169  3.4360  2.8860  2.6238  2.5169  2.3224  2.0232  2.0111  1.8326
 190  0.756923  3.7128  3.2748  0.8470  8.2935  6.2262  4.5984  3.9441  3.6762  3.3946  2.8433  2.5806  2.4734  2.2786  1.9788  1.9666  1.7875
 191  0.757110  3.7123  3.2540  0.8657  8.2730  6.1977  4.5621  3.9064  3.6335  3.3509  2.7982  2.5348  2.4276  2.2323  1.9316  1.9194  1.7397
 192  0.757293  3.7117  3.2323  0.8853  8.2516  6.1683  4.5241  3.8671  3.5888  3.3053  2.7510  2.4870  2.3796  2.1838  1.8824  1.8701  1.6898
 193  0.757474  3.7112  3.2096  0.9057  8.2299  6.1380  4.4849  3.8263  3.5425  3.2580  2.7021  2.4373  2.3296  2.1334  1.8311  1.8187  1.6378
 194  0.757651  3.7105  3.1861  0.9269  8.2073  6.1072  4.4444  3.7843  3.4945  3.2088  2.6512  2.3857  2.2778  2.0811  1.7779  1.7655  1.5838
 195  0.757826  3.7099  3.1619  0.9487  8.1844  6.0760  4.4030  3.7411  3.4453  3.1585  2.5990  2.3327  2.2246  2.0273  1.7232  1.7108  1.5283
 196  0.757996  3.7092  3.1367  0.9713  8.1616  6.0447  4.3609  3.6970  3.3945  3.1065  2.5450  2.2780  2.1695  1.9717  1.6666  1.6541  1.4707
 197  0.758163  3.7085  3.1106  0.9945  8.1390  6.0137  4.3178  3.6521  3.3426  3.0532  2.4896  2.2215  2.1129  1.9144  1.6083  1.5956  1.4115
 198  0.758327  3.7077  3.0838  1.0184  8.1165  5.9829  4.2744  3.6064  3.2893  2.9986  2.4327  2.1638  2.0548  1.8556  1.5484  1.5356  1.3506
 199  0.758486  3.7069  3.0561  1.0429  8.0927  5.9516  4.2298  3.5596  3.2348  2.9426  2.3743  2.1045  1.9951  1.7953  1.4869  1.4740  1.2880
 200  0.758641  3.7060  3.0276  1.0680  8.0647  5.9184  4.1840  3.5115  3.1791  2.8854  2.3145  2.0435  1.9340  1.7334  1.4237  1.4107  1.2237
 201  0.758793  3.7051  2.9982  1.0939  8.0366  5.8860  4.1379  3.4630  3.1221  2.8268  2.2533  1.9813  1.8713  1.6700  1.3589  1.3459  1.1578
 202  0.758939  3.7042  2.9680  1.1203  8.0101  5.8553  4.0920  3.4144  3.0646  2.7675  2.1910  1.9176  1.8074  1.6051  1.2926  1.2795  1.0901
 203  0.759082  3.7031  2.9368  1.1474  7.9847  5.8261  4.0463  3.3657  3.0061  2.7071  2.1275  1.8529  1.7421  1.5390  1.2249  1.2117  1.0210
 204  0.759220  3.7020  2.9048  1.1751  7.9594  5.7979  4.0002  3.3166  2.9466  2.6457  2.0627  1.7866  1.6755  1.4714  1.1556  1.1422  0.9503
 205  0.759352  3.7008  2.8719  1.2033  7.9347  5.7713  3.9543  3.2673  2.8862  2.5832  1.9966  1.7191  1.6075  1.4025  1.0849  1.0714  0.8781
 206  0.759480  3.6996  2.8383  1.2321  7.9103  5.7461  3.9084  3.2179  2.8251  2.5198  1.9295  1.6505  1.5385  1.3322  1.0130  0.9993  0.8044
 207  0.759602  3.6984  2.8039  1.2614  7.8863  5.7222  3.8625  3.1682  2.7631  2.4556  1.8614  1.5808  1.4683  1.2610  0.9397  0.9259  0.7295
 208  0.759720  3.6970  2.7690  1.2912  7.8630  5.7005  3.8170  3.1189  2.7005  2.3907  1.7924  1.5100  1.3971  1.1885  0.8654  0.8514  0.6533
 209  0.759833  3.6957  2.7333  1.3215  7.8407  5.6824  3.7720  3.0696  2.6375  2.3250  1.7225  1.4384  1.3249  1.1152  0.7899  0.7758  0.5760
 210  0.759940  3.6942  2.6970  1.3521  7.8192  5.6674  3.7276  3.0209  2.5739  2.2588  1.6518  1.3659  1.2518  1.0408  0.7135  0.6992  0.4977
 211  0.760043  3.6928  2.6601  1.3832  7.7991  5.6550  3.6836  2.9724  2.5100  2.1920  1.5804  1.2926  1.1779  0.9657  0.6362  0.6216  0.4183
 212  0.760141  3.6913  2.6228  1.4147  7.7806  5.6455  3.6405  2.9245  2.4456  2.1248  1.5083  1.2186  1.1032  0.8897  0.5578  0.5431  0.3379
 213  0.760232  3.6897  2.5844  1.4468  7.7639  5.6396  3.5984  2.8774  2.3808  2.0570  1.4353  1.1433  1.0274  0.8124  0.4782  0.4633  0.2561
 214  0.760317  3.6880  2.5441  1.4804  7.7474  5.6371  3.5565  2.8304  2.3140  1.9867  1.3593  1.0650  0.9484  0.7317  0.3948  0.3797  0.1702
 215  0.760401  3.6862  2.5012  1.5160  7.7479  5.6463  3.5179  2.7858  2.2451  1.9137  1.2796  0.9827  0.8651  0.6468  0.3066  0.2913  0.0794
 216  0.760482  3.6844  2.4604  1.5496  7.7597  5.6621  3.4837  2.7448  2.1802  1.8447  1.2040  0.9045  0.7861  0.5661  0.2229  0.2074 -0.0068
 217  0.760492  3.6842  2.4554  1.5537  7.7627  5.6642  3.4795  2.7397  2.1722  1.8361  1.1947  0.8949  0.7764  0.5561  0.2127  0.1972 -0.0173
 218  0.760502  3.6840  2.4505  1.5578  7.7653  5.6664  3.4752  2.7346  2.1641  1.8276  1.1854  0.8852  0.7668  0.5462  0.2025  0.1869 -0.0277
 219  0.760512  3.6838  2.4455  1.5620  7.7685  5.6689  3.4711  2.7295  2.1561  1.8191  1.1760  0.8756  0.7570  0.5362  0.1922  0.1767 -0.0383
 220  0.760523  3.6835  2.4406  1.5661  7.7717  5.6714  3.4671  2.7246  2.1482  1.8105  1.1668  0.8659  0.7472  0.5264  0.1820  0.1663 -0.0489
 221  0.760532  3.6833  2.4355  1.5702  7.7750  5.6740  3.4631  2.7196  2.1403  1.8020  1.1574  0.8563  0.7375  0.5164  0.1716  0.1559 -0.0596
 222  0.760543  3.6831  2.4305  1.5744  7.7783  5.6769  3.4593  2.7149  2.1324  1.7937  1.1481  0.8467  0.7277  0.5065  0.1613  0.1457 -0.0701
 223  0.760553  3.6829  2.4254  1.5785  7.7821  5.6798  3.4555  2.7101  2.1245  1.7852  1.1389  0.8371  0.7180  0.4965  0.1510  0.1353 -0.0808
 224  0.760564  3.6827  2.4204  1.5826  7.7857  5.6826  3.4516  2.7052  2.1166  1.7767  1.1296  0.8274  0.7082  0.4866  0.1407  0.1250 -0.0914
 225  0.760574  3.6824  2.4155  1.5867  7.7896  5.6854  3.4478  2.7004  2.1087  1.7684  1.1204  0.8179  0.6985  0.4767  0.1305  0.1148 -0.1019
 226  0.760584  3.6822  2.4105  1.5908  7.7937  5.6887  3.4441  2.6958  2.1009  1.7600  1.1111  0.8083  0.6889  0.4668  0.1203  0.1045 -0.1124
 227  0.760684  3.6803  2.3667  1.6269  7.8416  5.7134  3.4103  2.6529  2.0310  1.6852  1.0291  0.7234  0.6031  0.3791  0.0298  0.0138 -0.2054
 228  0.760776  3.6794  2.3438  1.6464  7.9016  5.7178  3.3871  2.6233  1.9895  1.6411  0.9821  0.6752  0.5544  0.3299 -0.0203 -0.0364 -0.2563
 229  0.760870  3.6779  2.3096  1.6748  7.9592  5.7438  3.3622  2.5900  1.9340  1.5815  0.9167  0.6076  0.4860  0.2601 -0.0919 -0.1081 -0.3296
 230  0.760961  3.6750  2.2487  1.7241  7.9977  5.8088  3.3298  2.5458  1.8446  1.4845  0.8080  0.4943  0.3712  0.1424 -0.2142 -0.2307 -0.4559
 231  0.761043  3.6722  2.1905  1.7710  8.0223  5.8733  3.3015  2.5074  1.7606  1.3931  0.7051  0.3867  0.2621  0.0305 -0.3304 -0.3473 -0.5759
 232  0.761117  3.6697  2.1385  1.8129  8.0156  5.9260  3.2760  2.4739  1.6867  1.3127  0.6143  0.2917  0.1657 -0.0685 -0.4332 -0.4504 -0.6823
 233  0.761184  3.6679  2.1022  1.8425  7.9888  5.9598  3.2581  2.4525  1.6349  1.2563  0.5506  0.2250  0.0981 -0.1381 -0.5052 -0.5227 -0.7568
 234  0.761249  3.6668  2.0759  1.8641  7.9498  5.9808  3.2457  2.4394  1.5975  1.2156  0.5043  0.1763  0.0488 -0.1886 -0.5575 -0.5752 -0.8109
 235  0.761313  3.6639  2.0205  1.9083  7.9332  6.0324  3.2220  2.4089  1.5219  1.1327  0.4097  0.0770 -0.0521 -0.2924 -0.6658 -0.6838 -0.9233
 236  0.761371  3.6606  1.9561  1.9594  7.9173  6.0913  3.1972  2.3760  1.4365  1.0387  0.3015 -0.0370 -0.1679 -0.4118 -0.7903 -0.8089 -1.0528
 237  0.761422  3.6573  1.8929  2.0092  7.8953  6.1518  3.1770  2.3486  1.3556  0.9490  0.1972 -0.1471 -0.2800 -0.5272 -0.9113 -0.9302 -1.1789
 238  0.761469  3.6539  1.8301  2.0585  7.8676  6.2142  3.1603  2.3253  1.2780  0.8625  0.0955 -0.2548 -0.3895 -0.6404 -1.0303 -1.0497 -1.3032
 239  0.761509  3.6505  1.7688  2.1063  7.8374  6.2763  3.1462  2.3055  1.2045  0.7801 -0.0019 -0.3583 -0.4951 -0.7495 -1.1454 -1.1652 -1.4238
 240  0.761547  3.6470  1.7063  2.1550  7.8057  6.3428  3.1336  2.2875  1.1310  0.6976 -0.1004 -0.4631 -0.6017 -0.8600 -1.2624 -1.2827 -1.5465
 241  0.761580  3.6438  1.6475  2.2006  7.7693  6.4100  3.1246  2.2741  1.0642  0.6221 -0.1913 -0.5599 -0.7007 -0.9624 -1.3712 -1.3920 -1.6610
 242  0.761609  3.6405  1.5910  2.2443  7.7281  6.4733  3.1169  2.2633  1.0021  0.5513 -0.2776 -0.6521 -0.7948 -1.0598 -1.4751 -1.4964 -1.7705
 243  0.761636  3.6374  1.5354  2.2871  7.6833  6.5331  3.1100  2.2540  0.9428  0.4837 -0.3612 -0.7415 -0.8862 -1.1544 -1.5766 -1.5982 -1.8776
 244  0.761660  3.6342  1.4808  2.3291  7.6361  6.5892  3.1036  2.2461  0.8861  0.4187 -0.4421 -0.8283 -0.9752 -1.2464 -1.6756 -1.6977 -1.9825
 245  0.761683  3.6310  1.4270  2.3702  7.5863  6.6407  3.0972  2.2389  0.8318  0.3563 -0.5205 -0.9125 -1.0614 -1.3357 -1.7724 -1.7948 -2.0851
 246  0.761703  3.6279  1.3746  2.4101  7.5361  6.6895  3.0926  2.2344  0.7813  0.2979 -0.5950 -0.9927 -1.1437 -1.4210 -1.8657 -1.8886 -2.1844
 247  0.761721  3.6247  1.3224  2.4496  7.4844  6.7320  3.0885  2.2315  0.7331  0.2417 -0.6675 -1.0708 -1.2239 -1.5044 -1.9578 -1.9810 -2.2827
 248  0.761738  3.6216  1.2713  2.4883  7.4314  6.7698  3.0838  2.2286  0.6869  0.1879 -0.7379 -1.1466 -1.3018 -1.5853 -2.0479 -2.0715 -2.3790
 249  0.761753  3.6185  1.2218  2.5257  7.3780  6.8018  3.0785  2.2256  0.6434  0.1370 -0.8050 -1.2188 -1.3760 -1.6623 -2.1348 -2.1587 -2.4721
 250  0.761767  3.6155  1.1723  2.5629  7.3232  6.8290  3.0729  2.2232  0.6014  0.0881 -0.8703 -1.2891 -1.4483 -1.7375 -2.2209 -2.2452 -2.5647
 251  0.761781  3.6126  1.1247  2.5987  7.2683  6.8495  3.0662  2.2205  0.5616  0.0413 -0.9334 -1.3568 -1.5177 -1.8096 -2.3043 -2.3287 -2.6543
 252  0.761793  3.6096  1.0775  2.6341  7.2131  6.8655  3.0595  2.2183  0.5243 -0.0027 -0.9937 -1.4215 -1.5841 -1.8790 -2.3859 -2.4107 -2.7426
 253  0.761804  3.6067  1.0312  2.6687  7.1583  6.8754  3.0524  2.2167  0.4897 -0.0436 -1.0505 -1.4827 -1.6469 -1.9450 -2.4653 -2.4904 -2.8288
 254  0.761814  3.6038  0.9861  2.7024  7.1044  6.8788  3.0449  2.2155  0.4584 -0.0808 -1.1034 -1.5399 -1.7054 -2.0072 -2.5420 -2.5674 -2.9126
 255  0.761824  3.6010  0.9415  2.7356  7.0503  6.8782  3.0362  2.2137  0.4287 -0.1159 -1.1536 -1.5941 -1.7606 -2.0667 -2.6177 -2.6435 -2.9956
 256  0.761832  3.5982  0.8979  2.7679  6.9970  6.8749  3.0274  2.2123  0.4017 -0.1480 -1.2000 -1.6440 -1.8112 -2.1219 -2.6912 -2.7171 -3.0764
 257  0.761840  3.5954  0.8551  2.7996  6.9443  6.8686  3.0178  2.2107  0.3773 -0.1767 -1.2425 -1.6899 -1.8575 -2.1735 -2.7627 -2.7891 -3.1559
 258  0.761848  3.5926  0.8131  2.8307  6.8921  6.8596  3.0070  2.2083  0.3554 -0.2022 -1.2804 -1.7311 -1.8987 -2.2212 -2.8325 -2.8592 -3.2337
 259  0.761855  3.5899  0.7721  2.8608  6.8406  6.8482  2.9951  2.2052  0.3361 -0.2242 -1.3135 -1.7672 -1.9344 -2.2647 -2.9003 -2.9273 -3.3097
 260  0.761861  3.5873  0.7319  2.8904  6.7899  6.8349  2.9818  2.2012  0.3190 -0.2432 -1.3426 -1.7993 -1.9657 -2.3046 -2.9660 -2.9935 -3.3841
 261  0.761868  3.5846  0.6923  2.9195  6.7398  6.8200  2.9674  2.1963  0.3047 -0.2586 -1.3673 -1.8272 -1.9927 -2.3409 -3.0297 -3.0577 -3.4569
 262  0.761874  3.5821  0.6538  2.9479  6.6910  6.8041  2.9519  2.1903  0.2928 -0.2706 -1.3879 -1.8508 -2.0150 -2.3734 -3.0908 -3.1193 -3.5274
 263  0.761880  3.5796  0.6160  2.9757  6.6434  6.7879  2.9357  2.1841  0.2842 -0.2782 -1.4021 -1.8680 -2.0305 -2.4008 -3.1493 -3.1786 -3.5962
 264  0.761885  3.5771  0.5790  3.0028  6.5982  6.7739  2.9206  2.1799  0.2825 -0.2764 -1.4026 -1.8719 -2.0309 -2.4177 -3.2037 -3.2342 -3.6630
 265  0.761890  3.5747  0.5428  3.0294  6.5543  6.7600  2.9050  2.1758  0.2837 -0.2706 -1.3978 -1.8704 -2.0255 -2.4301 -3.2556 -3.2872 -3.7278
 266  0.761894  3.5724  0.5072  3.0555  6.5114  6.7459  2.8890  2.1714  0.2868 -0.2620 -1.3890 -1.8650 -2.0159 -2.4391 -3.3052 -3.3384 -3.7911
 267  0.761898  3.5700  0.4722  3.0811  6.4696  6.7306  2.8715  2.1646  0.2891 -0.2523 -1.3776 -1.8573 -2.0042 -2.4455 -3.3515 -3.3866 -3.8521
 268  0.761902  3.5677  0.4381  3.1061  6.4294  6.7156  2.8543  2.1579  0.2929 -0.2401 -1.3629 -1.8467 -1.9897 -2.4492 -3.3950 -3.4321 -3.9111
 269  0.761906  3.5654  0.4046  3.1305  6.3910  6.7016  2.8377  2.1522  0.3005 -0.2239 -1.3442 -1.8324 -1.9713 -2.4492 -3.4355 -3.4749 -3.9680
 270  0.761910  3.5632  0.3715  3.1545  6.3541  6.6887  2.8221  2.1476  0.3115 -0.2039 -1.3220 -1.8151 -1.9502 -2.4464 -3.4735 -3.5154 -4.0230
 271  0.761913  3.5609  0.3389  3.1778  6.3202  6.6792  2.8091  2.1464  0.3294 -0.1757 -1.2910 -1.7894 -1.9206 -2.4360 -3.5067 -3.5513 -4.0749
 272  0.761916  3.5586  0.3069  3.2007  6.2869  6.6694  2.7962  2.1451  0.3473 -0.1483 -1.2625 -1.7662 -1.8943 -2.4270 -3.5388 -3.5863 -4.1254
 273  0.761919  3.5563  0.2753  3.2231  6.2570  6.6627  2.7869  2.1475  0.3719 -0.1140 -1.2291 -1.7400 -1.8661 -2.4143 -3.5657 -3.6163 -4.1721
 274  0.761922  3.5541  0.2449  3.2450  6.2288  6.6555  2.7781  2.1497  0.3985 -0.0780 -1.1960 -1.7159 -1.8416 -2.4027 -3.5884 -3.6425 -4.2151
 275  0.761925  3.5520  0.2150  3.2665  6.2026  6.6502  2.7716  2.1547  0.4299 -0.0372 -1.1589 -1.6886 -1.8141 -2.3876 -3.6079 -3.6656 -4.2556
 276  0.761928  3.5499  0.1858  3.2873  6.1781  6.6465  2.7670  2.1619  0.4645  0.0065 -1.1197 -1.6594 -1.7851 -2.3706 -3.6247 -3.6862 -4.2937
 277  0.761930  3.5479  0.1573  3.3076  6.1538  6.6413  2.7604  2.1659  0.4958  0.0482 -1.0820 -1.6318 -1.7577 -2.3550 -3.6415 -3.7064 -4.3306
 278  0.761932  3.5460  0.1302  3.3270  6.1289  6.6329  2.7505  2.1642  0.5198  0.0834 -1.0500 -1.6093 -1.7355 -2.3436 -3.6600 -3.7277 -4.3667
 279  0.761946  3.5443  0.1068  3.3439  6.1349  6.7019  2.8178  2.2651  0.6580  0.2092 -0.9455 -1.5166 -1.6434 -2.2704 -3.6466 -3.7195 -4.3841
