#NUMBER OF AGES= 1
#----------------------------------------------------       
#MIX-LEN  Y      Z          Zeff        [Fe/H] [a/Fe]
# 1.9380  0.3300 4.8102E-03 2.4485E-03  -0.78   0.40 
#----------------------------------------------------       
#**PHOTOMETRIC SYSTEM**: HST WFPC2 (Vega)                   
#----------------------------------------------------       
#AGE=12.800 EEPS=266
#EEP   M/Mo    LogTeff  LogG   LogL/Lo F218W   F255W   F300W   F336W   F439W   F450W   F555W   F606W   F622W   F675W   F791W   F814W   F850LP
  14  0.113552  3.5188  5.2446 -2.7228 20.8396 20.8623 17.0312 16.2507 15.1068 14.6372 13.3407 12.8271 12.6441 12.1964 11.0105 10.9631 10.4369
  15  0.133198  3.5210  5.1789 -2.5787 20.4639 20.4384 16.6189 15.8287 14.6797 14.2255 12.9465 12.4335 12.2511 11.8074 10.6464 10.5998 10.0790
  16  0.151625  3.5237  5.1295 -2.4622 20.1565 20.0805 16.2748 15.4752 14.3210 13.8796 12.6168 12.1047 11.9229 11.4839 10.3500 10.3042  9.7900
  17  0.168533  3.5273  5.0949 -2.3673 19.8996 19.7648 15.9777 15.1679 14.0075 13.5777 12.3314 11.8207 11.6392 11.2066 10.1054 10.0609  9.5554
  18  0.184162  3.5312  5.0688 -2.2872 19.6788 19.4830 15.7166 14.8972 13.7306 13.3112 12.0808 11.5719 11.3907 10.9647  9.8973  9.8541  9.3581
  19  0.198322  3.5346  5.0479 -2.2203 19.4937 19.2447 15.4971 14.6704 13.4987 13.0875 11.8705 11.3632 11.1821 10.7616  9.7235  9.6814  9.1939
  20  0.212434  3.5376  5.0291 -2.1596 19.3263 19.0311 15.3002 14.4673 13.2913 12.8868 11.6815 11.1756 10.9947 10.5788  9.5661  9.5249  9.0446
  21  0.226307  3.5406  5.0128 -2.1043 19.1735 18.8356 15.1207 14.2829 13.1026 12.7039 11.5091 11.0045 10.8237 10.4123  9.4229  9.3826  8.9091
  22  0.238386  3.5429  4.9994 -2.0587 19.0480 18.6748 14.9736 14.1318 12.9481 12.5537 11.3674 10.8639 10.6833 10.2753  9.3051  9.2655  8.7976
  23  0.247608  3.5448  4.9892 -2.0249 18.9559 18.5565 14.8652 14.0206 12.8340 12.4427 11.2625 10.7599 10.5793 10.1738  9.2179  9.1788  8.7151
  24  0.254419  3.5461  4.9817 -2.0005 18.8898 18.4717 14.7877 13.9411 12.7524 12.3630 11.1870 10.6848 10.5043 10.1006  9.1550  9.1162  8.6555
  25  0.259543  3.5470  4.9764 -1.9827 18.8420 18.4106 14.7319 13.8840 12.6936 12.3055 11.1324 10.6305 10.4501 10.0474  9.1094  9.0708  8.6123
  26  0.263534  3.5477  4.9723 -1.9692 18.8055 18.3639 14.6897 13.8408 12.6491 12.2620 11.0910 10.5893 10.4089 10.0073  9.0748  9.0365  8.5796
  27  0.266548  3.5483  4.9694 -1.9590 18.7776 18.3280 14.6574 13.8077 12.6153 12.2288 11.0594 10.5580 10.3776  9.9767  9.0485  9.0104  8.5548
  28  0.268987  3.5487  4.9673 -1.9510 18.7554 18.2988 14.6315 13.7813 12.5882 12.2022 11.0342 10.5330 10.3526  9.9524  9.0280  8.9899  8.5354
  29  0.271083  3.5492  4.9653 -1.9439 18.7355 18.2728 14.6085 13.7577 12.5640 12.1785 11.0118 10.5107 10.3304  9.9307  9.0096  8.9716  8.5182
  30  0.273163  3.5496  4.9636 -1.9371 18.7164 18.2476 14.5862 13.7349 12.5407 12.1556 10.9901 10.4893 10.3090  9.9099  8.9920  8.9541  8.5017
  31  0.275419  3.5500  4.9619 -1.9299 18.6960 18.2208 14.5626 13.7108 12.5159 12.1313 10.9672 10.4665 10.2862  9.8878  8.9734  8.9357  8.4843
  32  0.277914  3.5505  4.9600 -1.9220 18.6738 18.1918 14.5371 13.6845 12.4891 12.1050 10.9423 10.4418 10.2616  9.8639  8.9531  8.9155  8.4653
  33  0.280687  3.5511  4.9577 -1.9133 18.6492 18.1599 14.5088 13.6557 12.4595 12.0759 10.9147 10.4147 10.2344  9.8374  8.9306  8.8931  8.4441
  34  0.283752  3.5517  4.9550 -1.9036 18.6221 18.1252 14.4777 13.6240 12.4270 12.0441 10.8845 10.3847 10.2045  9.8082  8.9055  8.8683  8.4205
  35  0.287334  3.5523  4.9515 -1.8922 18.5907 18.0856 14.4423 13.5878 12.3899 12.0075 10.8498 10.3504 10.1701  9.7748  8.8766  8.8394  8.3931
  36  0.289087  3.5525  4.9493 -1.8857 18.5724 18.0619 14.4220 13.5674 12.3694 11.9871 10.8298 10.3300 10.1498  9.7548  8.8601  8.8229  8.3772
  37  0.317418  3.5589  4.9186 -1.7906 18.3010 17.7194 14.1137 13.2517 12.0392 11.6634 10.5223 10.0278  9.8473  9.4636  8.6126  8.5777  8.1470
  38  0.332571  3.5625  4.9007 -1.7384 18.1493 17.5203 13.9444 13.0798 11.8622 11.4880 10.3553  9.8628  9.6823  9.3040  8.4784  8.4444  8.0218
  39  0.362590  3.5707  4.8628 -1.6286 17.8169 17.0592 13.5728 12.7049 11.4873 11.1149 10.0042  9.5159  9.3361  8.9677  8.1985  8.1659  7.7613
  40  0.378654  3.5761  4.8402 -1.5655 17.6228 16.7738 13.3536 12.4845 11.2672 10.8938  9.7957  9.3105  9.1310  8.7696  8.0374  8.0059  7.6134
  41  0.390132  3.5804  4.8235 -1.5188 17.4808 16.5553 13.1909 12.3208 11.1028 10.7274  9.6377  9.1548  8.9754  8.6201  7.9179  7.8873  7.5047
  42  0.401652  3.5849  4.8065 -1.4711 17.3277 16.3248 13.0196 12.1494 10.9335 10.5561  9.4763  8.9967  8.8175  8.4688  7.7962  7.7663  7.3939
  43  0.412565  3.5896  4.7907 -1.4253 17.1769 16.0986 12.8510 11.9811 10.7687 10.3893  9.3202  8.8442  8.6653  8.3233  7.6791  7.6500  7.2877
  44  0.422647  3.5941  4.7763 -1.3822 17.0329 15.8865 12.6896 11.8199 10.6112 10.2302  9.1722  8.7006  8.5221  8.1868  7.5690  7.5407  7.1882
  45  0.432054  3.5986  4.7633 -1.3416 16.8942 15.6885 12.5342 11.6645 10.4592 10.0774  9.0313  8.5647  8.3866  8.0580  7.4646  7.4371  7.0942
  46  0.440890  3.6031  4.7512 -1.3028 16.7604 15.5016 12.3841 11.5144 10.3121  9.9301  8.8965  8.4353  8.2578  7.9358  7.3653  7.3386  7.0049
  47  0.449435  3.6077  4.7401 -1.2649 16.6285 15.3210 12.2354 11.3656 10.1663  9.7846  8.7644  8.3092  8.1325  7.8172  7.2685  7.2425  6.9178
  48  0.457990  3.6125  4.7293 -1.2268 16.4948 15.1431 12.0842 11.2140 10.0170  9.6365  8.6315  8.1831  8.0073  7.6990  7.1714  7.1461  6.8304
  49  0.466822  3.6177  4.7188 -1.1874 16.3569 14.9673 11.9266 11.0552  9.8593  9.4810  8.4939  8.0537  7.8791  7.5783  7.0710  7.0465  6.7403
  50  0.475511  3.6231  4.7092 -1.1481 16.2192 14.7988 11.7651 10.8910  9.6966  9.3215  8.3547  7.9237  7.7506  7.4579  6.9711  6.9474  6.6507
  51  0.483871  3.6288  4.7010 -1.1094 16.0779 14.6273 11.5970 10.7192  9.5304  9.1593  8.2154  7.7950  7.6237  7.3395  6.8727  6.8498  6.5630
  52  0.488790  3.6325  4.6965 -1.0863 15.9895 14.5195 11.4900 10.6098  9.4281  9.0598  8.1313  7.7180  7.5481  7.2691  6.8138  6.7915  6.5106
  53  0.493650  3.6361  4.6922 -1.0632 15.8979 14.4046 11.3779 10.4954  9.3244  8.9591  8.0470  7.6410  7.4727  7.1991  6.7552  6.7334  6.4584
  54  0.498462  3.6397  4.6884 -1.0402 15.8004 14.2759 11.2594 10.3747  9.2195  8.8572  7.9624  7.5641  7.3977  7.1294  6.6968  6.6756  6.4065
  55  0.503214  3.6435  4.6846 -1.0174 15.6958 14.1292 11.1341 10.2480  9.1145  8.7550  7.8784  7.4878  7.3235  7.0604  6.6387  6.6180  6.3547
  56  0.507917  3.6472  4.6811 -0.9948 15.5831 13.9684 11.0031 10.1163  9.0092  8.6527  7.7946  7.4121  7.2499  6.9920  6.5808  6.5606  6.3032
  57  0.512579  3.6511  4.6778 -0.9723 15.4605 13.7913 10.8653  9.9787  8.9038  8.5502  7.7114  7.3368  7.1772  6.9242  6.5232  6.5035  6.2516
  58  0.517172  3.6548  4.6745 -0.9501 15.3295 13.6009 10.7231  9.8380  8.8001  8.4493  7.6297  7.2630  7.1061  6.8578  6.4661  6.4468  6.2004
  59  0.521693  3.6586  4.6715 -0.9281 15.1869 13.3941 10.5756  9.6932  8.6972  8.3492  7.5490  7.1902  7.0361  6.7922  6.4092  6.3906  6.1494
  60  0.526151  3.6624  4.6684 -0.9064 15.0344 13.1765 10.4261  9.5483  8.5966  8.2514  7.4702  7.1189  6.9678  6.7281  6.3531  6.3348  6.0986
  61  0.530540  3.6661  4.6655 -0.8850 14.8685 12.9481 10.2739  9.4021  8.4976  8.1553  7.3928  7.0489  6.9009  6.6651  6.2976  6.2798  6.0485
  62  0.534858  3.6698  4.6626 -0.8639 14.6886 12.7121 10.1207  9.2566  8.4009  8.0618  7.3174  6.9806  6.8357  6.6036  6.2430  6.2257  5.9991
  63  0.539111  3.6734  4.6598 -0.8431 14.4883 12.4669  9.9658  9.1115  8.3064  7.9706  7.2438  6.9140  6.7722  6.5436  6.1893  6.1726  5.9506
  64  0.543298  3.6769  4.6568 -0.8227 14.2660 12.2153  9.8107  8.9682  8.2145  7.8825  7.1723  6.8492  6.7104  6.4853  6.1369  6.1206  5.9030
  65  0.547437  3.6804  4.6537 -0.8025 14.0152 11.9583  9.6543  8.8258  8.1249  7.7969  7.1029  6.7862  6.6504  6.4285  6.0856  6.0696  5.8563
  66  0.551508  3.6837  4.6507 -0.7826 13.7630 11.7078  9.5017  8.6877  8.0381  7.7144  7.0356  6.7249  6.5920  6.3731  6.0353  6.0198  5.8105
  67  0.555531  3.6870  4.6473 -0.7632 13.5162 11.4677  9.3544  8.5546  7.9542  7.6346  6.9701  6.6652  6.5350  6.3190  5.9861  5.9710  5.7655
  68  0.559509  3.6902  4.6439 -0.7440 13.2823 11.2435  9.2141  8.4280  7.8732  7.5579  6.9066  6.6070  6.4794  6.2661  5.9377  5.9230  5.7213
  69  0.563429  3.6933  4.6403 -0.7250 13.0811 11.0459  9.0850  8.3104  7.7955  7.4841  6.8449  6.5503  6.4250  6.2144  5.8904  5.8761  5.6779
  70  0.567298  3.6962  4.6365 -0.7065 12.9146 10.8757  8.9672  8.2020  7.7210  7.4134  6.7852  6.4951  6.3718  6.1638  5.8441  5.8301  5.6354
  71  0.571106  3.6991  4.6328 -0.6883 12.7699 10.7240  8.8574  8.1001  7.6492  7.3452  6.7271  6.4412  6.3198  6.1142  5.7986  5.7850  5.5937
  72  0.574862  3.7018  4.6287 -0.6702 12.6339 10.5827  8.7526  8.0026  7.5797  7.2791  6.6705  6.3886  6.2690  6.0658  5.7541  5.7408  5.5527
  73  0.578557  3.7046  4.6247 -0.6526 12.5025 10.4493  8.6516  7.9087  7.5121  7.2151  6.6155  6.3374  6.2193  6.0183  5.7104  5.6975  5.5124
  74  0.582196  3.7072  4.6207 -0.6351 12.3714 10.3206  8.5532  7.8175  7.4462  7.1527  6.5616  6.2871  6.1707  5.9718  5.6675  5.6549  5.4728
  75  0.585770  3.7098  4.6164 -0.6180 12.2298 10.1906  8.4552  7.7274  7.3818  7.0919  6.5092  6.2380  6.1232  5.9263  5.6256  5.6133  5.4341
  76  0.589284  3.7124  4.6123 -0.6010 12.0779 10.0588  8.3572  7.6381  7.3186  7.0323  6.4579  6.1902  6.0766  5.8819  5.5844  5.5724  5.3960
  77  0.592734  3.7149  4.6080 -0.5844 11.9178  9.9264  8.2600  7.5502  7.2570  6.9744  6.4079  6.1433  6.0313  5.8384  5.5442  5.5324  5.3588
  78  0.596128  3.7173  4.6037 -0.5680 11.7577  9.7969  8.1648  7.4644  7.1967  6.9178  6.3590  6.0975  5.9868  5.7958  5.5047  5.4931  5.3221
  79  0.599453  3.7195  4.5992 -0.5519 11.5991  9.6713  8.0721  7.3809  7.1381  6.8628  6.3113  6.0527  5.9434  5.7541  5.4660  5.4547  5.2861
  80  0.602717  3.7218  4.5947 -0.5359 11.4431  9.5496  7.9819  7.2999  7.0809  6.8092  6.2648  6.0090  5.9009  5.7132  5.4281  5.4170  5.2509
  81  0.605914  3.7240  4.5902 -0.5203 11.2912  9.4322  7.8944  7.2213  7.0251  6.7569  6.2194  5.9663  5.8593  5.6733  5.3909  5.3801  5.2162
  82  0.610071  3.7268  4.5840 -0.5000 11.0988  9.2845  7.7829  7.1210  6.9533  6.6896  6.1607  5.9110  5.8055  5.6216  5.3426  5.3321  5.1712
  83  0.614158  3.7295  4.5776 -0.4799 10.9171  9.1447  7.6757  7.0243  6.8832  6.6239  6.1032  5.8568  5.7528  5.5708  5.2952  5.2849  5.1268
  84  0.618170  3.7321  4.5710 -0.4601 10.7413  9.0106  7.5719  6.9305  6.8147  6.5596  6.0471  5.8037  5.7010  5.5209  5.2485  5.2386  5.0831
  85  0.622106  3.7346  4.5642 -0.4405 10.5724  8.8825  7.4718  6.8402  6.7480  6.4970  5.9921  5.7516  5.6501  5.4719  5.2026  5.1928  5.0400
  86  0.625963  3.7370  4.5573 -0.4212 10.4090  8.7592  7.3749  6.7526  6.6829  6.4359  5.9383  5.7006  5.6003  5.4238  5.1574  5.1479  4.9975
  87  0.629745  3.7393  4.5502 -0.4022 10.2518  8.6410  7.2813  6.6680  6.6194  6.3762  5.8856  5.6505  5.5514  5.3764  5.1129  5.1035  4.9554
  88  0.633455  3.7416  4.5430 -0.3834 10.1003  8.5273  7.1908  6.5861  6.5573  6.3179  5.8340  5.6013  5.5031  5.3298  5.0689  5.0597  4.9138
  89  0.637098  3.7438  4.5355 -0.3648  9.9549  8.4182  7.1033  6.5069  6.4967  6.2607  5.7832  5.5528  5.4556  5.2838  5.0253  5.0164  4.8725
  90  0.640675  3.7459  4.5277 -0.3463  9.8145  8.3130  7.0186  6.4301  6.4374  6.2048  5.7332  5.5050  5.4087  5.2382  4.9821  4.9734  4.8315
  91  0.644191  3.7478  4.5198 -0.3280  9.6788  8.2114  6.9364  6.3555  6.3792  6.1498  5.6839  5.4578  5.3624  5.1932  4.9393  4.9307  4.7908
  92  0.647643  3.7498  4.5117 -0.3099  9.5472  8.1128  6.8563  6.2829  6.3220  6.0957  5.6354  5.4112  5.3165  5.1486  4.8969  4.8885  4.7503
  93  0.651032  3.7516  4.5033 -0.2919  9.4207  8.0176  6.7787  6.2121  6.2658  6.0427  5.5875  5.3651  5.2712  5.1045  4.8548  4.8466  4.7101
  94  0.654357  3.7534  4.4948 -0.2741  9.2981  7.9251  6.7028  6.1431  6.2105  5.9903  5.5401  5.3196  5.2265  5.0609  4.8131  4.8050  4.6702
  95  0.657614  3.7550  4.4859 -0.2564  9.1788  7.8348  6.6285  6.0755  6.1560  5.9386  5.4934  5.2746  5.1822  5.0176  4.7718  4.7639  4.6306
  96  0.660800  3.7567  4.4770 -0.2388  9.0628  7.7464  6.5555  6.0091  6.1023  5.8876  5.4472  5.2301  5.1383  4.9750  4.7309  4.7231  4.5913
  97  0.663918  3.7583  4.4679 -0.2214  8.9502  7.6599  6.4841  5.9440  6.0492  5.8373  5.4017  5.1861  5.0951  4.9328  4.6905  4.6828  4.5524
  98  0.666963  3.7597  4.4583 -0.2041  8.8428  7.5770  6.4150  5.8809  5.9972  5.7879  5.3568  5.1427  5.0523  4.8910  4.6503  4.6428  4.5137
  99  0.669931  3.7611  4.4488 -0.1870  8.7388  7.4962  6.3477  5.8192  5.9460  5.7391  5.3122  5.0998  5.0100  4.8497  4.6105  4.6032  4.4753
 100  0.672827  3.7624  4.4390 -0.1700  8.6401  7.4189  6.2827  5.7595  5.8958  5.6912  5.2684  5.0574  4.9681  4.8087  4.5711  4.5638  4.4371
 101  0.675646  3.7637  4.4291 -0.1534  8.5451  7.3438  6.2196  5.7014  5.8464  5.6441  5.2251  5.0155  4.9268  4.7683  4.5321  4.5250  4.3994
 102  0.678393  3.7648  4.4190 -0.1368  8.4543  7.2718  6.1588  5.6451  5.7982  5.5978  5.1825  4.9741  4.8860  4.7283  4.4934  4.4864  4.3618
 103  0.681065  3.7659  4.4089 -0.1205  8.3675  7.2025  6.1000  5.5905  5.7508  5.5524  5.1405  4.9334  4.8457  4.6888  4.4552  4.4482  4.3247
 104  0.683670  3.7670  4.3987 -0.1044  8.2839  7.1354  6.0428  5.5374  5.7044  5.5079  5.0991  4.8931  4.8060  4.6498  4.4174  4.4106  4.2878
 105  0.686210  3.7680  4.3884 -0.0885  8.2043  7.0710  5.9876  5.4861  5.6590  5.4641  5.0584  4.8535  4.7667  4.6113  4.3800  4.3732  4.2514
 106  0.688693  3.7690  4.3780 -0.0728  8.1280  7.0091  5.9344  5.4365  5.6146  5.4212  5.0183  4.8144  4.7280  4.5732  4.3429  4.3363  4.2153
 107  0.691130  3.7698  4.3675 -0.0574  8.0558  6.9501  5.8831  5.3886  5.5711  5.3791  4.9787  4.7757  4.6898  4.5355  4.3062  4.2996  4.1793
 108  0.693525  3.7706  4.3571 -0.0422  7.9865  6.8933  5.8335  5.3421  5.5284  5.3378  4.9398  4.7376  4.6520  4.4983  4.2699  4.2634  4.1438
 109  0.695893  3.7714  4.3466 -0.0271  7.9205  6.8389  5.7857  5.2972  5.4868  5.2972  4.9014  4.7000  4.6147  4.4615  4.2340  4.2275  4.1085
 110  0.698222  3.7720  4.3360 -0.0123  7.8576  6.7865  5.7393  5.2536  5.4459  5.2574  4.8636  4.6629  4.5779  4.4252  4.1985  4.1920  4.0737
 111  0.700444  3.7728  4.3257  0.0022  7.7943  6.7343  5.6934  5.2105  5.4055  5.2181  4.8264  4.6264  4.5417  4.3895  4.1636  4.1573  4.0395
 112  0.701315  3.7731  4.3216  0.0081  7.7682  6.7128  5.6745  5.1929  5.3890  5.2021  4.8113  4.6118  4.5271  4.3752  4.1496  4.1432  4.0257
 113  0.702184  3.7734  4.3175  0.0141  7.7423  6.6914  5.6558  5.1753  5.3725  5.1861  4.7962  4.5969  4.5124  4.3607  4.1355  4.1291  4.0119
 114  0.703054  3.7737  4.3133  0.0200  7.7164  6.6701  5.6370  5.1577  5.3559  5.1699  4.7808  4.5819  4.4975  4.3461  4.1212  4.1149  3.9979
 115  0.703921  3.7740  4.3089  0.0260  7.6915  6.6492  5.6185  5.1402  5.3394  5.1538  4.7655  4.5668  4.4826  4.3313  4.1067  4.1005  3.9836
 116  0.704788  3.7743  4.3044  0.0321  7.6670  6.6285  5.6000  5.1228  5.3227  5.1375  4.7500  4.5516  4.4674  4.3164  4.0921  4.0858  3.9691
 117  0.705651  3.7745  4.2996  0.0383  7.6434  6.6083  5.5818  5.1056  5.3061  5.1212  4.7343  4.5361  4.4521  4.3011  4.0772  4.0708  3.9544
 118  0.706512  3.7747  4.2948  0.0446  7.6200  6.5882  5.5637  5.0882  5.2893  5.1047  4.7184  4.5205  4.4365  4.2857  4.0619  4.0557  3.9395
 119  0.707371  3.7749  4.2897  0.0509  7.5969  6.5682  5.5453  5.0708  5.2723  5.0881  4.7024  4.5047  4.4208  4.2701  4.0466  4.0403  3.9243
 120  0.708228  3.7751  4.2846  0.0573  7.5743  6.5484  5.5272  5.0534  5.2554  5.0714  4.6863  4.4888  4.4050  4.2544  4.0310  4.0248  3.9089
 121  0.709083  3.7752  4.2794  0.0637  7.5517  6.5286  5.5090  5.0360  5.2383  5.0546  4.6700  4.4727  4.3889  4.2385  4.0154  4.0092  3.8934
 122  0.709932  3.7754  4.2741  0.0702  7.5286  6.5084  5.4905  5.0183  5.2209  5.0375  4.6536  4.4563  4.3728  4.2224  3.9995  3.9933  3.8777
 123  0.710782  3.7756  4.2688  0.0768  7.5057  6.4883  5.4720  5.0007  5.2035  5.0204  4.6369  4.4400  4.3564  4.2063  3.9835  3.9773  3.8618
 124  0.711629  3.7758  4.2633  0.0835  7.4825  6.4679  5.4533  4.9828  5.1859  5.0031  4.6202  4.4234  4.3399  4.1899  3.9673  3.9612  3.8458
 125  0.712478  3.7759  4.2579  0.0901  7.4600  6.4479  5.4348  4.9650  5.1684  4.9858  4.6034  4.4068  4.3234  4.1735  3.9511  3.9450  3.8297
 126  0.713327  3.7761  4.2523  0.0968  7.4374  6.4279  5.4163  4.9472  5.1508  4.9685  4.5865  4.3901  4.3068  4.1569  3.9347  3.9286  3.8134
 127  0.714175  3.7762  4.2466  0.1035  7.4156  6.4082  5.3980  4.9296  5.1331  4.9510  4.5695  4.3732  4.2900  4.1403  3.9182  3.9121  3.7971
 128  0.715021  3.7763  4.2408  0.1103  7.3941  6.3886  5.3796  4.9119  5.1155  4.9336  4.5525  4.3563  4.2731  4.1235  3.9016  3.8954  3.7805
 129  0.715865  3.7765  4.2348  0.1172  7.3729  6.3692  5.3614  4.8942  5.0977  4.9160  4.5353  4.3393  4.2561  4.1065  3.8847  3.8787  3.7638
 130  0.716707  3.7765  4.2288  0.1240  7.3527  6.3503  5.3434  4.8767  5.0801  4.8984  4.5181  4.3220  4.2389  4.0894  3.8678  3.8616  3.7468
 131  0.717546  3.7766  4.2225  0.1310  7.3333  6.3318  5.3256  4.8594  5.0624  4.8808  4.5007  4.3048  4.2216  4.0722  3.8505  3.8444  3.7296
 132  0.718381  3.7766  4.2161  0.1380  7.3141  6.3135  5.3078  4.8420  5.0446  4.8631  4.4831  4.2873  4.2042  4.0548  3.8332  3.8270  3.7122
 133  0.719212  3.7766  4.2096  0.1451  7.2954  6.2953  5.2902  4.8247  5.0268  4.8454  4.4656  4.2697  4.1867  4.0372  3.8157  3.8095  3.6946
 134  0.720040  3.7766  4.2029  0.1521  7.2774  6.2775  5.2727  4.8074  5.0089  4.8276  4.4478  4.2520  4.1689  4.0195  3.7979  3.7918  3.6768
 135  0.720861  3.7765  4.1960  0.1593  7.2601  6.2601  5.2554  4.7903  4.9911  4.8097  4.4300  4.2341  4.1511  4.0016  3.7800  3.7738  3.6589
 136  0.721678  3.7765  4.1890  0.1665  7.2436  6.2431  5.2383  4.7733  4.9733  4.7919  4.4121  4.2162  4.1331  3.9835  3.7618  3.7557  3.6407
 137  0.722490  3.7764  4.1819  0.1738  7.2279  6.2266  5.2214  4.7564  4.9555  4.7740  4.3940  4.1980  4.1149  3.9653  3.7435  3.7374  3.6222
 138  0.723294  3.7762  4.1745  0.1812  7.2128  6.2103  5.2046  4.7396  4.9375  4.7560  4.3758  4.1798  4.0966  3.9469  3.7250  3.7188  3.6035
 139  0.724094  3.7760  4.1669  0.1885  7.1984  6.1944  5.1880  4.7229  4.9197  4.7381  4.3576  4.1614  4.0782  3.9284  3.7063  3.7001  3.5847
 140  0.724886  3.7759  4.1591  0.1959  7.1856  6.1794  5.1719  4.7065  4.9020  4.7201  4.3393  4.1429  4.0596  3.9097  3.6874  3.6812  3.5655
 141  0.725671  3.7756  4.1511  0.2034  7.1739  6.1651  5.1562  4.6903  4.8844  4.7023  4.3209  4.1242  4.0410  3.8909  3.6683  3.6620  3.5461
 142  0.726448  3.7753  4.1429  0.2110  7.1633  6.1513  5.1408  4.6743  4.8668  4.6844  4.3025  4.1055  4.0222  3.8719  3.6489  3.6427  3.5265
 143  0.727217  3.7750  4.1344  0.2185  7.1542  6.1384  5.1259  4.6587  4.8493  4.6665  4.2839  4.0867  4.0032  3.8527  3.6294  3.6231  3.5066
 144  0.727979  3.7745  4.1256  0.2261  7.1470  6.1266  5.1116  4.6435  4.8321  4.6489  4.2653  4.0678  3.9841  3.8334  3.6096  3.6033  3.4864
 145  0.728732  3.7741  4.1167  0.2338  7.1405  6.1151  5.0975  4.6285  4.8148  4.6312  4.2467  4.0488  3.9650  3.8140  3.5897  3.5833  3.4661
 146  0.729477  3.7736  4.1072  0.2415  7.1372  6.1056  5.0845  4.6143  4.7980  4.6137  4.2281  4.0297  3.9457  3.7943  3.5695  3.5631  3.4453
 147  0.730213  3.7731  4.0977  0.2492  7.1349  6.0966  5.0719  4.6003  4.7813  4.5963  4.2095  4.0105  3.9264  3.7746  3.5491  3.5427  3.4244
 148  0.730940  3.7724  4.0879  0.2570  7.1351  6.0890  5.0600  4.5869  4.7648  4.5791  4.1908  3.9912  3.9069  3.7547  3.5285  3.5221  3.4031
 149  0.731656  3.7717  4.0779  0.2648  7.1362  6.0820  5.0485  4.5737  4.7483  4.5619  4.1721  3.9719  3.8873  3.7347  3.5078  3.5012  3.3817
 150  0.732363  3.7710  4.0675  0.2727  7.1402  6.0765  5.0380  4.5614  4.7323  4.5449  4.1534  3.9525  3.8677  3.7146  3.4869  3.4802  3.3601
 151  0.733061  3.7703  4.0570  0.2806  7.1458  6.0722  5.0282  4.5495  4.7164  4.5280  4.1346  3.9330  3.8479  3.6943  3.4658  3.4591  3.3382
 152  0.733749  3.7695  4.0462  0.2885  7.1558  6.0707  5.0200  4.5390  4.7010  4.5114  4.1159  3.9135  3.8281  3.6739  3.4444  3.4377  3.3160
 153  0.734428  3.7685  4.0350  0.2963  7.1691  6.0712  5.0133  4.5295  4.6860  4.4952  4.0973  3.8939  3.8082  3.6534  3.4228  3.4160  3.2935
 154  0.735099  3.7675  4.0232  0.3043  7.1881  6.0754  5.0087  4.5218  4.6717  4.4793  4.0787  3.8743  3.7882  3.6327  3.4009  3.3940  3.2706
 155  0.735759  3.7662  4.0110  0.3122  7.2124  6.0826  5.0061  4.5157  4.6582  4.4640  4.0604  3.8548  3.7683  3.6120  3.3789  3.3719  3.2473
 156  0.736412  3.7650  3.9981  0.3201  7.2436  6.0941  5.0061  4.5116  4.6457  4.4495  4.0423  3.8354  3.7484  3.5911  3.3566  3.3494  3.2236
 157  0.737055  3.7635  3.9849  0.3281  7.2795  6.1083  5.0080  4.5090  4.6339  4.4353  4.0244  3.8160  3.7284  3.5703  3.3341  3.3268  3.1997
 158  0.737690  3.7619  3.9710  0.3360  7.3245  6.1276  5.0130  4.5090  4.6232  4.4221  4.0067  3.7967  3.7086  3.5493  3.3113  3.3039  3.1753
 159  0.738316  3.7601  3.9562  0.3438  7.3818  6.1539  5.0228  4.5128  4.6143  4.4103  3.9897  3.7778  3.6890  3.5284  3.2883  3.2806  3.1503
 160  0.738932  3.7580  3.9404  0.3516  7.4518  6.1868  5.0367  4.5199  4.6072  4.3996  3.9731  3.7592  3.6695  3.5074  3.2649  3.2571  3.1249
 161  0.739534  3.7557  3.9238  0.3594  7.5335  6.2258  5.0547  4.5304  4.6016  4.3902  3.9573  3.7408  3.6502  3.4867  3.2414  3.2334  3.0990
 162  0.740159  3.7528  3.9048  0.3673  7.6374  6.2772  5.0808  4.5472  4.5992  4.3832  3.9422  3.7229  3.6311  3.4656  3.2170  3.2087  3.0716
 163  0.740777  3.7497  3.8838  0.3760  7.7539  6.3348  5.1104  4.5667  4.5973  4.3761  3.9263  3.7036  3.6106  3.4429  3.1904  3.1818  3.0417
 164  0.741388  3.7461  3.8607  0.3854  7.8837  6.4000  5.1445  4.5895  4.5959  4.3692  3.9095  3.6831  3.5887  3.4184  3.1617  3.1530  3.0094
 165  0.741986  3.7425  3.8356  0.3960  8.0173  6.4674  5.1791  4.6123  4.5929  4.3602  3.8905  3.6602  3.5643  3.3914  3.1303  3.1211  2.9739
 166  0.742564  3.7388  3.8089  0.4083  8.1472  6.5329  5.2108  4.6322  4.5862  4.3475  3.8677  3.6335  3.5362  3.3607  3.0950  3.0855  2.9346
 167  0.743113  3.7353  3.7812  0.4225  8.2653  6.5921  5.2359  4.6462  4.5738  4.3295  3.8401  3.6022  3.5035  3.3255  3.0555  3.0457  2.8913
 168  0.743629  3.7322  3.7530  0.4386  8.3633  6.6388  5.2507  4.6512  4.5547  4.3054  3.8073  3.5660  3.4662  3.2860  3.0121  3.0020  2.8444
 169  0.744110  3.7295  3.7252  0.4562  8.4380  6.6708  5.2544  4.6465  4.5290  4.2753  3.7700  3.5258  3.4249  3.2427  2.9656  2.9551  2.7948
 170  0.744559  3.7274  3.6978  0.4750  8.4930  6.6897  5.2484  4.6335  4.4978  4.2404  3.7289  3.4822  3.3804  3.1966  2.9166  2.9059  2.7433
 171  0.744982  3.7256  3.6710  0.4946  8.5298  6.6962  5.2338  4.6132  4.4620  4.2016  3.6848  3.4362  3.3336  3.1484  2.8660  2.8551  2.6905
 172  0.745384  3.7240  3.6447  0.5149  8.5527  6.6932  5.2126  4.5873  4.4228  4.1598  3.6386  3.3882  3.2851  3.0987  2.8142  2.8032  2.6368
 173  0.745769  3.7226  3.6190  0.5356  8.5647  6.6824  5.1860  4.5568  4.3808  4.1156  3.5907  3.3389  3.2352  3.0478  2.7616  2.7505  2.5827
 174  0.746140  3.7215  3.5936  0.5565  8.5699  6.6662  5.1556  4.5230  4.3368  4.0696  3.5417  3.2885  3.1844  2.9962  2.7084  2.6972  2.5281
 175  0.746500  3.7205  3.5687  0.5777  8.5678  6.6450  5.1217  4.4863  4.2910  4.0223  3.4916  3.2374  3.1329  2.9439  2.6548  2.6435  2.4733
 176  0.746851  3.7197  3.5441  0.5991  8.5596  6.6198  5.0851  4.4473  4.2441  3.9739  3.4408  3.1856  3.0808  2.8912  2.6010  2.5895  2.4184
 177  0.747194  3.7188  3.5196  0.6206  8.5473  6.5920  5.0468  4.4068  4.1962  3.9247  3.3895  3.1335  3.0284  2.8382  2.5469  2.5353  2.3633
 178  0.747533  3.7181  3.4954  0.6422  8.5311  6.5615  5.0068  4.3649  4.1477  3.8750  3.3379  3.0810  2.9757  2.7850  2.4927  2.4810  2.3082
 179  0.747864  3.7174  3.4712  0.6638  8.5137  6.5306  4.9664  4.3227  4.0989  3.8250  3.2860  3.0284  2.9228  2.7315  2.4383  2.4266  2.2529
 180  0.748190  3.7168  3.4470  0.6855  8.4941  6.4984  4.9251  4.2798  4.0496  3.7746  3.2338  2.9754  2.8697  2.6779  2.3837  2.3719  2.1975
 181  0.748508  3.7161  3.4228  0.7073  8.4725  6.4646  4.8829  4.2360  3.9998  3.7238  3.1813  2.9223  2.8163  2.6240  2.3288  2.3170  2.1419
 182  0.748703  3.7157  3.4075  0.7211  8.4584  6.4433  4.8561  4.2082  3.9684  3.6917  3.1481  2.8887  2.7825  2.5899  2.2943  2.2825  2.1068
 183  0.748898  3.7153  3.3921  0.7351  8.4436  6.4213  4.8287  4.1799  3.9364  3.6590  3.1144  2.8545  2.7482  2.5554  2.2592  2.2473  2.0712
 184  0.749093  3.7149  3.3764  0.7493  8.4280  6.3986  4.8006  4.1510  3.9037  3.6257  3.0801  2.8197  2.7133  2.5202  2.2234  2.2114  2.0349
 185  0.749288  3.7145  3.3606  0.7637  8.4124  6.3758  4.7725  4.1218  3.8709  3.5922  3.0455  2.7848  2.6782  2.4848  2.1874  2.1754  1.9984
 186  0.749481  3.7141  3.3444  0.7784  8.3963  6.3524  4.7435  4.0918  3.8371  3.5577  3.0100  2.7488  2.6421  2.4483  2.1504  2.1384  1.9609
 187  0.749674  3.7137  3.3274  0.7938  8.3790  6.3277  4.7131  4.0605  3.8019  3.5218  2.9729  2.7112  2.6044  2.4103  2.1118  2.0997  1.9218
 188  0.749865  3.7133  3.3099  0.8098  8.3603  6.3019  4.6814  4.0278  3.7651  3.4844  2.9344  2.6722  2.5652  2.3708  2.0717  2.0596  1.8811
 189  0.750052  3.7128  3.2909  0.8270  8.3413  6.2753  4.6478  3.9931  3.7259  3.4442  2.8929  2.6302  2.5230  2.3283  2.0284  2.0163  1.8373
 190  0.750237  3.7124  3.2713  0.8449  8.3204  6.2466  4.6126  3.9567  3.6850  3.4026  2.8500  2.5867  2.4794  2.2842  1.9838  1.9715  1.7920
 191  0.750418  3.7118  3.2504  0.8637  8.2997  6.2183  4.5760  3.9188  3.6421  3.3587  2.8047  2.5408  2.4333  2.2376  1.9365  1.9242  1.7440
 192  0.750596  3.7113  3.2287  0.8834  8.2778  6.1886  4.5379  3.8794  3.5973  3.3130  2.7574  2.4929  2.3853  2.1891  1.8872  1.8748  1.6940
 193  0.750772  3.7107  3.2060  0.9038  8.2557  6.1581  4.4986  3.8385  3.5510  3.2656  2.7084  2.4432  2.3353  2.1387  1.8359  1.8235  1.6420
 194  0.750943  3.7101  3.1825  0.9250  8.2329  6.1273  4.4581  3.7964  3.5029  3.2165  2.6575  2.3915  2.2835  2.0864  1.7827  1.7702  1.5879
 195  0.751113  3.7095  3.1583  0.9467  8.2095  6.0959  4.4166  3.7532  3.4537  3.1662  2.6054  2.3387  2.2304  2.0327  1.7280  1.7155  1.5326
 196  0.751278  3.7088  3.1331  0.9693  8.1865  6.0647  4.3744  3.7090  3.4030  3.1142  2.5514  2.2839  2.1753  1.9771  1.6714  1.6588  1.4750
 197  0.751441  3.7081  3.1071  0.9925  8.1634  6.0334  4.3314  3.6641  3.3511  3.0609  2.4961  2.2276  2.1187  1.9199  1.6132  1.6006  1.4159
 198  0.751599  3.7073  3.0804  1.0163  8.1406  6.0028  4.2879  3.6185  3.2980  3.0065  2.4393  2.1699  2.0608  1.8613  1.5534  1.5406  1.3552
 199  0.751754  3.7065  3.0528  1.0408  8.1141  5.9701  4.2430  3.5714  3.2434  2.9505  2.3810  2.1106  2.0012  1.8010  1.4920  1.4791  1.2926
 200  0.751905  3.7057  3.0243  1.0659  8.0852  5.9366  4.1971  3.5234  3.1878  2.8933  2.3214  2.0499  1.9402  1.7392  1.4290  1.4160  1.2285
 201  0.752052  3.7048  2.9950  1.0917  8.0569  5.9044  4.1510  3.4749  3.1310  2.8350  2.2603  1.9878  1.8776  1.6760  1.3644  1.3513  1.1627
 202  0.752194  3.7038  2.9648  1.1181  8.0305  5.8739  4.1053  3.4264  3.0736  2.7758  2.1981  1.9243  1.8139  1.6113  1.2982  1.2850  1.0952
 203  0.752333  3.7028  2.9336  1.1450  8.0049  5.8448  4.0596  3.3779  3.0152  2.7156  2.1348  1.8596  1.7487  1.5453  1.2306  1.2174  1.0263
 204  0.752467  3.7017  2.9018  1.1727  7.9795  5.8168  4.0138  3.3289  2.9558  2.6543  2.0701  1.7936  1.6823  1.4779  1.1615  1.1481  0.9558
 205  0.752595  3.7005  2.8690  1.2009  7.9546  5.7904  3.9679  3.2797  2.8956  2.5919  2.0041  1.7262  1.6145  1.4091  1.0910  1.0774  0.8836
 206  0.752719  3.6993  2.8354  1.2296  7.9301  5.7652  3.9221  3.2304  2.8346  2.5286  1.9372  1.6577  1.5456  1.3390  1.0192  1.0055  0.8102
 207  0.752839  3.6980  2.8012  1.2589  7.9061  5.7416  3.8763  3.1809  2.7727  2.4646  1.8693  1.5882  1.4755  1.2679  0.9461  0.9323  0.7354
 208  0.752953  3.6967  2.7663  1.2886  7.8828  5.7202  3.8310  3.1316  2.7103  2.3998  1.8004  1.5176  1.4045  1.1957  0.8720  0.8580  0.6594
 209  0.753062  3.6953  2.7306  1.3188  7.8605  5.7028  3.7861  3.0826  2.6473  2.3343  1.7307  1.4461  1.3324  1.1224  0.7967  0.7825  0.5823
 210  0.753166  3.6939  2.6945  1.3493  7.8392  5.6880  3.7418  3.0339  2.5839  2.2682  1.6601  1.3738  1.2595  1.0483  0.7203  0.7060  0.5041
 211  0.753267  3.6925  2.6577  1.3804  7.8193  5.6760  3.6980  2.9857  2.5201  2.2016  1.5889  1.3006  1.1858  0.9732  0.6432  0.6287  0.4249
 212  0.753361  3.6909  2.6204  1.4118  7.8010  5.6667  3.6550  2.9378  2.4558  2.1344  1.5169  1.2267  1.1113  0.8974  0.5651  0.5504  0.3448
 213  0.753449  3.6894  2.5818  1.4441  7.7842  5.6612  3.6130  2.8908  2.3908  2.0663  1.4435  1.1511  1.0351  0.8197  0.4850  0.4701  0.2625
 214  0.753532  3.6877  2.5407  1.4785  7.7683  5.6594  3.5707  2.8434  2.3228  1.9947  1.3660  1.0713  0.9544  0.7374  0.3999  0.3847  0.1748
 215  0.753613  3.6859  2.4988  1.5131  7.7735  5.6706  3.5337  2.8001  2.2556  1.9234  1.2882  0.9908  0.8731  0.6545  0.3138  0.2985  0.0862
 216  0.753693  3.6841  2.4586  1.5463  7.7861  5.6866  3.4998  2.7596  2.1913  1.8552  1.2134  0.9135  0.7950  0.5747  0.2311  0.2156  0.0010
 217  0.753703  3.6839  2.4536  1.5504  7.7890  5.6888  3.4956  2.7545  2.1833  1.8466  1.2041  0.9038  0.7853  0.5647  0.2209  0.2052 -0.0096
 218  0.753713  3.6837  2.4486  1.5546  7.7918  5.6910  3.4913  2.7493  2.1752  1.8380  1.1948  0.8942  0.7755  0.5547  0.2106  0.1949 -0.0201
 219  0.753723  3.6835  2.4436  1.5588  7.7950  5.6935  3.4873  2.7443  2.1672  1.8294  1.1853  0.8845  0.7657  0.5448  0.2002  0.1846 -0.0307
 220  0.753733  3.6832  2.4386  1.5629  7.7983  5.6960  3.4832  2.7394  2.1593  1.8209  1.1761  0.8748  0.7559  0.5348  0.1900  0.1743 -0.0414
 221  0.753742  3.6830  2.4335  1.5670  7.8017  5.6986  3.4792  2.7344  2.1512  1.8124  1.1667  0.8651  0.7461  0.5248  0.1796  0.1639 -0.0520
 222  0.753753  3.6828  2.4285  1.5711  7.8051  5.7014  3.4753  2.7296  2.1433  1.8039  1.1574  0.8555  0.7363  0.5148  0.1693  0.1535 -0.0626
 223  0.753762  3.6826  2.4235  1.5753  7.8089  5.7043  3.4715  2.7248  2.1354  1.7954  1.1481  0.8458  0.7266  0.5049  0.1590  0.1432 -0.0732
 224  0.753773  3.6824  2.4185  1.5794  7.8125  5.7071  3.4676  2.7199  2.1275  1.7869  1.1388  0.8362  0.7168  0.4949  0.1487  0.1329 -0.0838
 225  0.753783  3.6821  2.4135  1.5835  7.8166  5.7099  3.4638  2.7151  2.1196  1.7786  1.1296  0.8267  0.7072  0.4850  0.1385  0.1226 -0.0943
 226  0.753793  3.6819  2.4085  1.5876  7.8208  5.7131  3.4601  2.7104  2.1118  1.7702  1.1203  0.8171  0.6975  0.4752  0.1283  0.1124 -0.1048
 227  0.753890  3.6800  2.3663  1.6225  7.8689  5.7367  3.4272  2.6686  2.0440  1.6977  1.0409  0.7348  0.6144  0.3903  0.0407  0.0247 -0.1948
 228  0.753980  3.6792  2.3446  1.6411  7.9301  5.7404  3.4047  2.6399  2.0042  1.6555  0.9958  0.6887  0.5679  0.3432 -0.0071 -0.0232 -0.2433
 229  0.754073  3.6776  2.3066  1.6725  7.9855  5.7711  3.3782  2.6044  1.9435  1.5901  0.9240  0.6143  0.4926  0.2664 -0.0862 -0.1024 -0.3244
 230  0.754161  3.6747  2.2449  1.7224  8.0215  5.8366  3.3454  2.5599  1.8530  1.4920  0.8140  0.4996  0.3763  0.1472 -0.2100 -0.2266 -0.4522
 231  0.754241  3.6718  2.1872  1.7690  8.0434  5.9000  3.3174  2.5220  1.7699  1.4016  0.7121  0.3932  0.2683  0.0363 -0.3250 -0.3419 -0.5711
 232  0.754312  3.6694  2.1361  1.8102  8.0328  5.9507  3.2919  2.4889  1.6970  1.3222  0.6226  0.2996  0.1735 -0.0610 -0.4262 -0.4435 -0.6758
 233  0.754378  3.6678  2.1021  1.8379  8.0036  5.9818  3.2751  2.4692  1.6485  1.2694  0.5630  0.2370  0.1100 -0.1262 -0.4937 -0.5112 -0.7456
 234  0.754442  3.6665  2.0729  1.8618  7.9671  6.0058  3.2615  2.4544  1.6074  1.2247  0.5120  0.1834  0.0557 -0.1821 -0.5515 -0.5692 -0.8054
 235  0.754504  3.6635  2.0151  1.9079  7.9502  6.0585  3.2364  2.4220  1.5284  1.1381  0.4133  0.0799 -0.0495 -0.2903 -0.6643 -0.6824 -0.9225
 236  0.754559  3.6602  1.9509  1.9589  7.9326  6.1163  3.2116  2.3894  1.4432  1.0444  0.3052 -0.0340 -0.1651 -0.4094 -0.7887 -0.8073 -1.0519
 237  0.754609  3.6568  1.8877  2.0087  7.9096  6.1769  3.1917  2.3622  1.3626  0.9550  0.2012 -0.1439 -0.2769 -0.5246 -0.9095 -0.9285 -1.1777
 238  0.754654  3.6534  1.8249  2.0580  7.8810  6.2391  3.1750  2.3391  1.2851  0.8685  0.0996 -0.2515 -0.3865 -0.6379 -1.0285 -1.0480 -1.3022
 239  0.754693  3.6500  1.7634  2.1059  7.8502  6.3008  3.1608  2.3193  1.2116  0.7861  0.0020 -0.3552 -0.4921 -0.7471 -1.1437 -1.1637 -1.4229
 240  0.754729  3.6466  1.7011  2.1544  7.8178  6.3681  3.1485  2.3017  1.1384  0.7040 -0.0960 -0.4594 -0.5984 -0.8571 -1.2603 -1.2807 -1.5452
 241  0.754761  3.6433  1.6428  2.1997  7.7802  6.4345  3.1397  2.2887  1.0724  0.6293 -0.1861 -0.5555 -0.6965 -0.9585 -1.3682 -1.3891 -1.6588
 242  0.754790  3.6402  1.5862  2.2435  7.7381  6.4974  3.1318  2.2777  1.0101  0.5584 -0.2726 -0.6478 -0.7908 -1.0562 -1.4723 -1.4937 -1.7685
 243  0.754815  3.6369  1.5307  2.2862  7.6929  6.5564  3.1248  2.2686  0.9511  0.4910 -0.3559 -0.7369 -0.8819 -1.1505 -1.5735 -1.5952 -1.8753
 244  0.754839  3.6338  1.4762  2.3281  7.6450  6.6115  3.1182  2.2605  0.8945  0.4262 -0.4366 -0.8235 -0.9707 -1.2423 -1.6724 -1.6945 -1.9800
 245  0.754861  3.6306  1.4223  2.3693  7.5947  6.6627  3.1118  2.2535  0.8403  0.3639 -0.5150 -0.9077 -1.0570 -1.3316 -1.7692 -1.7918 -2.0828
 246  0.754880  3.6274  1.3698  2.4093  7.5441  6.7105  3.1071  2.2490  0.7899  0.3056 -0.5895 -0.9879 -1.1393 -1.4170 -1.8627 -1.8857 -2.1822
 247  0.754898  3.6243  1.3177  2.4487  7.4920  6.7522  3.1029  2.2461  0.7419  0.2497 -0.6617 -1.0658 -1.2191 -1.5001 -1.9547 -1.9780 -2.2804
 248  0.754914  3.6212  1.2666  2.4873  7.4388  6.7890  3.0978  2.2428  0.6958  0.1959 -0.7320 -1.1414 -1.2969 -1.5807 -2.0446 -2.0683 -2.3766
 249  0.754929  3.6181  1.2170  2.5248  7.3850  6.8200  3.0922  2.2398  0.6523  0.1451 -0.7991 -1.2135 -1.3709 -1.6576 -2.1316 -2.1556 -2.4698
 250  0.754942  3.6151  1.1677  2.5620  7.3298  6.8463  3.0863  2.2371  0.6104  0.0962 -0.8644 -1.2838 -1.4432 -1.7327 -2.2177 -2.2420 -2.5624
 251  0.754955  3.6121  1.1200  2.5978  7.2746  6.8659  3.0795  2.2344  0.5707  0.0495 -0.9274 -1.3513 -1.5125 -1.8048 -2.3010 -2.3255 -2.6520
 252  0.754967  3.6092  1.0730  2.6331  7.2193  6.8809  3.0725  2.2321  0.5336  0.0058 -0.9873 -1.4156 -1.5785 -1.8737 -2.3825 -2.4073 -2.7400
 253  0.754978  3.6062  1.0266  2.6678  7.1644  6.8896  3.0652  2.2305  0.4993 -0.0347 -1.0438 -1.4767 -1.6409 -1.9396 -2.4619 -2.4870 -2.8263
 254  0.754987  3.6034  0.9815  2.7015  7.1103  6.8924  3.0575  2.2291  0.4681 -0.0717 -1.0964 -1.5335 -1.6991 -2.0016 -2.5386 -2.5640 -2.9102
 255  0.754997  3.6006  0.9369  2.7347  7.0560  6.8910  3.0484  2.2270  0.4385 -0.1067 -1.1464 -1.5874 -1.7539 -2.0607 -2.6143 -2.6401 -2.9933
 256  0.755005  3.5977  0.8934  2.7670  7.0026  6.8871  3.0394  2.2256  0.4118 -0.1384 -1.1924 -1.6368 -1.8041 -2.1155 -2.6877 -2.7137 -3.0741
 257  0.755013  3.5949  0.8505  2.7987  6.9498  6.8803  3.0295  2.2237  0.3877 -0.1667 -1.2343 -1.6823 -1.8499 -2.1667 -2.7592 -2.7856 -3.1535
 258  0.755021  3.5922  0.8085  2.8298  6.8974  6.8708  3.0184  2.2211  0.3660 -0.1918 -1.2717 -1.7227 -1.8903 -2.2140 -2.8290 -2.8558 -3.2315
 259  0.755028  3.5895  0.7676  2.8599  6.8460  6.8590  3.0061  2.2178  0.3468 -0.2135 -1.3042 -1.7584 -1.9253 -2.2570 -2.8966 -2.9238 -3.3074
 260  0.755034  3.5869  0.7273  2.8895  6.7951  6.8452  2.9926  2.2136  0.3300 -0.2320 -1.3328 -1.7899 -1.9561 -2.2965 -2.9623 -2.9899 -3.3818
 261  0.755040  3.5843  0.6877  2.9186  6.7451  6.8300  2.9778  2.2083  0.3160 -0.2470 -1.3570 -1.8173 -1.9825 -2.3324 -3.0259 -3.0539 -3.4545
 262  0.755045  3.5817  0.6492  2.9470  6.6962  6.8138  2.9620  2.2021  0.3045 -0.2586 -1.3768 -1.8401 -2.0040 -2.3642 -3.0868 -3.1154 -3.5250
 263  0.755051  3.5792  0.6115  2.9748  6.6488  6.7979  2.9459  2.1961  0.2969 -0.2646 -1.3888 -1.8552 -2.0170 -2.3900 -3.1448 -3.1743 -3.5937
 264  0.755055  3.5768  0.5745  3.0019  6.6036  6.7839  2.9305  2.1919  0.2957 -0.2622 -1.3882 -1.8579 -2.0162 -2.4061 -3.1990 -3.2296 -3.6604
 265  0.755060  3.5743  0.5383  3.0285  6.5597  6.7699  2.9148  2.1877  0.2972 -0.2558 -1.3826 -1.8556 -2.0100 -2.4179 -3.2506 -3.2825 -3.7252
 266  0.755064  3.5720  0.5027  3.0546  6.5170  6.7557  2.8986  2.1830  0.3004 -0.2469 -1.3732 -1.8497 -1.9998 -2.4264 -3.2998 -3.3334 -3.7883
 267  0.755068  3.5696  0.4677  3.0802  6.4753  6.7401  2.8808  2.1758  0.3024 -0.2370 -1.3614 -1.8417 -1.9878 -2.4325 -3.3458 -3.3812 -3.8493
 268  0.755072  3.5673  0.4336  3.1052  6.4352  6.7251  2.8635  2.1691  0.3068 -0.2243 -1.3460 -1.8305 -1.9727 -2.4356 -3.3889 -3.4265 -3.9080
 269  0.755076  3.5650  0.4000  3.1296  6.3969  6.7113  2.8471  2.1636  0.3151 -0.2072 -1.3265 -1.8155 -1.9537 -2.4350 -3.4291 -3.4689 -3.9647
 270  0.755080  3.5628  0.3669  3.1536  6.3601  6.6986  2.8316  2.1592  0.3267 -0.1865 -1.3036 -1.7975 -1.9318 -2.4316 -3.4667 -3.5091 -4.0195
 271  0.755083  3.5605  0.3342  3.1769  6.3264  6.6893  2.8187  2.1583  0.3453 -0.1574 -1.2719 -1.7712 -1.9017 -2.4206 -3.4995 -3.5447 -4.0713
 272  0.755086  3.5581  0.3021  3.1998  6.2935  6.6799  2.8064  2.1575  0.3641 -0.1292 -1.2428 -1.7476 -1.8750 -2.4110 -3.5312 -3.5793 -4.1216
 273  0.755089  3.5559  0.2707  3.2222  6.2641  6.6732  2.7973  2.1601  0.3897 -0.0939 -1.2091 -1.7218 -1.8477 -2.3986 -3.5569 -3.6083 -4.1674
 274  0.755092  3.5537  0.2403  3.2441  6.2361  6.6663  2.7889  2.1628  0.4172 -0.0570 -1.1754 -1.6971 -1.8227 -2.3864 -3.5792 -3.6340 -4.2101
 275  0.755095  3.5517  0.2104  3.2656  6.2101  6.6613  2.7827  2.1683  0.4494 -0.0154 -1.1376 -1.6693 -1.7948 -2.3708 -3.5981 -3.6567 -4.2503
 276  0.755097  3.5496  0.1812  3.2864  6.1858  6.6579  2.7785  2.1760  0.4848  0.0290 -1.0979 -1.6397 -1.7655 -2.3534 -3.6145 -3.6770 -4.2882
 277  0.755099  3.5475  0.1527  3.3068  6.1608  6.6510  2.7701  2.1773  0.5131  0.0684 -1.0620 -1.6140 -1.7399 -2.3395 -3.6325 -3.6981 -4.3256
 278  0.755102  3.5456  0.1255  3.3262  6.1358  6.6425  2.7601  2.1756  0.5372  0.1037 -1.0299 -1.5915 -1.7177 -2.3282 -3.6510 -3.7194 -4.3617
 279  0.755104  3.5439  0.1015  3.3435  6.1482  6.7307  2.8463  2.3022  0.7050  0.2537 -0.9062 -1.4803 -1.6073 -2.2392 -3.6310 -3.7053 -4.3765
