#NUMBER OF AGES= 1
#----------------------------------------------------       
#MIX-LEN  Y      Z          Zeff        [Fe/H] [a/Fe]
# 1.9380  0.3300 4.8102E-03 2.4485E-03  -0.78   0.40 
#----------------------------------------------------       
#**PHOTOMETRIC SYSTEM**: HST WFPC2 (Vega)                   
#----------------------------------------------------       
#AGE=13.000 EEPS=266
#EEP   M/Mo    LogTeff  LogG   LogL/Lo F218W   F255W   F300W   F336W   F439W   F450W   F555W   F606W   F622W   F675W   F791W   F814W   F850LP
  14  0.112188  3.5186  5.2495 -2.7335 20.8675 20.8936 17.0617 16.2819 15.1384 14.6676 13.3698 12.8562 12.6731 12.2252 11.0375 10.9901 10.4635
  15  0.131690  3.5208  5.1833 -2.5887 20.4901 20.4682 16.6478 15.8583 14.7096 14.2544 12.9741 12.4611 12.2787 11.8346 10.6717 10.6251 10.1038
  16  0.150072  3.5235  5.1329 -2.4710 20.1801 20.1088 16.3017 15.5029 14.3492 13.9068 12.6426 12.1304 11.9485 11.5091 10.3726 10.3268  9.8119
  17  0.166885  3.5269  5.0975 -2.3757 19.9226 19.7939 16.0048 15.1959 14.0362 13.6053 12.3574 11.8466 11.6651 11.2318 10.1272 10.0825  9.5761
  18  0.182546  3.5308  5.0708 -2.2946 19.6996 19.5098 15.7413 14.9228 13.7568 13.3364 12.1045 11.5954 11.4142 10.9875  9.9168  9.8735  9.3765
  19  0.196755  3.5342  5.0497 -2.2269 19.5119 19.2681 15.5186 14.6926 13.5215 13.1095 11.8912 11.3838 11.2027 10.7816  9.7407  9.6984  9.2101
  20  0.210808  3.5373  5.0307 -2.1658 19.3436 19.0533 15.3205 14.4883 13.3127 12.9076 11.7011 11.1950 11.0141 10.5977  9.5823  9.5410  9.0599
  21  0.224832  3.5403  5.0140 -2.1095 19.1881 18.8543 15.1379 14.3005 13.1206 12.7214 11.5256 11.0209 10.8401 10.4282  9.4365  9.3962  8.9219
  22  0.237210  3.5427  5.0003 -2.0627 19.0589 18.6888 14.9864 14.1450 12.9615 12.5668 11.3798 10.8762 10.6956 10.2873  9.3153  9.2757  8.8072
  23  0.246757  3.5446  4.9898 -2.0276 18.9633 18.5661 14.8740 14.0296 12.8433 12.4518 11.2711 10.7684 10.5878 10.1821  9.2250  9.1858  8.7217
  24  0.253803  3.5460  4.9821 -2.0023 18.8948 18.4782 14.7936 13.9472 12.7587 12.3691 11.1928 10.6906 10.5101 10.1062  9.1598  9.1210  8.6601
  25  0.259080  3.5469  4.9766 -1.9840 18.8456 18.4152 14.7361 13.8883 12.6980 12.3098 11.1365 10.6346 10.4541 10.0514  9.1128  9.0742  8.6155
  26  0.263189  3.5476  4.9725 -1.9702 18.8081 18.3672 14.6927 13.8438 12.6523 12.2650 11.0939 10.5922 10.4118 10.0101  9.0772  9.0389  8.5819
  27  0.266291  3.5482  4.9695 -1.9597 18.7795 18.3304 14.6596 13.8099 12.6175 12.2310 11.0615 10.5601 10.3797  9.9787  9.0503  9.0121  8.5565
  28  0.268772  3.5487  4.9674 -1.9516 18.7569 18.3008 14.6333 13.7831 12.5900 12.2040 11.0359 10.5347 10.3544  9.9540  9.0294  8.9913  8.5367
  29  0.270880  3.5492  4.9654 -1.9444 18.7369 18.2746 14.6101 13.7593 12.5657 12.1801 11.0134 10.5123 10.3320  9.9322  9.0109  8.9729  8.5194
  30  0.272947  3.5496  4.9637 -1.9377 18.7179 18.2496 14.5880 13.7367 12.5425 12.1573 10.9918 10.4910 10.3106  9.9115  8.9934  8.9555  8.5030
  31  0.275165  3.5500  4.9620 -1.9306 18.6978 18.2230 14.5646 13.7128 12.5180 12.1333 10.9692 10.4684 10.2881  9.8896  8.9750  8.9373  8.4859
  32  0.277603  3.5505  4.9601 -1.9228 18.6760 18.1945 14.5395 13.6870 12.4916 12.1074 10.9446 10.4442 10.2640  9.8662  8.9551  8.9175  8.4672
  33  0.280301  3.5511  4.9579 -1.9143 18.6519 18.1633 14.5118 13.6587 12.4626 12.0790 10.9177 10.4176 10.2373  9.8402  8.9330  8.8956  8.4465
  34  0.283275  3.5516  4.9552 -1.9048 18.6255 18.1294 14.4815 13.6278 12.4309 12.0479 10.8882 10.3883 10.2081  9.8118  8.9087  8.8714  8.4235
  35  0.286734  3.5522  4.9519 -1.8938 18.5951 18.0910 14.4471 13.5927 12.3949 12.0125 10.8546 10.3551 10.1748  9.7794  8.8806  8.8434  8.3970
  36  0.289202  3.5526  4.9491 -1.8853 18.5712 18.0607 14.4205 13.5658 12.3675 11.9854 10.8284 10.3289 10.1487  9.7538  8.8588  8.8217  8.3761
  37  0.314756  3.5583  4.9214 -1.7994 18.3266 17.7527 14.1426 13.2812 12.0700 11.6938 10.5513 10.0564  9.8759  9.4911  8.6356  8.6004  8.1682
  38  0.327513  3.5614  4.9062 -1.7552 18.1988 17.5868 13.9994 13.1355 11.9184 11.5439 10.4083  9.9153  9.7347  9.3550  8.5213  8.4871  8.0620
  39  0.357558  3.5692  4.8690 -1.6472 17.8749 17.1422 13.6376 12.7701 11.5519 11.1796 10.0648  9.5756  9.3957  9.0254  8.2459  8.2131  7.8051
  40  0.375964  3.5752  4.8436 -1.5757 17.6536 16.8215 13.3892 12.5203 11.3032 10.9303  9.8303  9.3446  9.1651  8.8024  8.0634  8.0318  7.6371
  41  0.387406  3.5794  4.8269 -1.5293 17.5142 16.6061 13.2285 12.3585 11.1401 10.7651  9.6732  9.1896  9.0102  8.6535  7.9446  7.9139  7.5290
  42  0.398988  3.5839  4.8098 -1.4815 17.3617 16.3763 13.0576 12.1874 10.9708 10.5938  9.5117  9.0312  8.8520  8.5018  7.8226  7.7925  7.4177
  43  0.409989  3.5885  4.7937 -1.4353 17.2106 16.1496 12.8888 12.0188 10.8055 10.4265  9.3548  8.8779  8.6989  8.3553  7.7047  7.6754  7.3108
  44  0.420197  3.5930  4.7791 -1.3918 17.0658 15.9346 12.7266 11.8569 10.6472 10.2665  9.2057  8.7330  8.5544  8.2174  7.5936  7.5651  7.2103
  45  0.429701  3.5975  4.7658 -1.3509 16.9265 15.7347 12.5706 11.7009 10.4947 10.1130  9.0638  8.5959  8.4177  8.0874  7.4884  7.4607  7.1155
  46  0.438581  3.6020  4.7535 -1.3119 16.7927 15.5469 12.4205 11.5509 10.3476  9.9655  8.9286  8.4659  8.2883  7.9647  7.3887  7.3618  7.0258
  47  0.447083  3.6065  4.7423 -1.2742 16.6617 15.3665 12.2731 11.4034 10.2031  9.8212  8.7972  8.3404  8.1634  7.8464  7.2923  7.2661  6.9391
  48  0.455524  3.6112  4.7315 -1.2366 16.5298 15.1894 12.1240 11.2540 10.0564  9.6753  8.6658  8.2154  8.0393  7.7291  7.1962  7.1707  6.8527
  49  0.464250  3.6163  4.7208 -1.1976 16.3929 15.0123 11.9688 11.0981  9.9016  9.5226  8.5301  8.0876  7.9125  7.6097  7.0970  7.0723  6.7635
  50  0.472929  3.6215  4.7110 -1.1585 16.2575 14.8457 11.8105 10.9374  9.7416  9.3654  8.3923  7.9585  7.7849  7.4899  6.9976  6.9737  6.6743
  51  0.481256  3.6271  4.7025 -1.1201 16.1191 14.6779 11.6468 10.7702  9.5783  9.2058  8.2546  7.8310  7.6590  7.3723  6.8999  6.8768  6.5871
  52  0.486184  3.6307  4.6978 -1.0970 16.0321 14.5725 11.5423 10.6633  9.4770  9.1072  8.1709  7.7541  7.5835  7.3019  6.8410  6.8184  6.5346
  53  0.491046  3.6343  4.6934 -1.0739 15.9431 14.4633 11.4332 10.5518  9.3741  9.0073  8.0868  7.6772  7.5081  7.2319  6.7824  6.7603  6.4824
  54  0.495855  3.6379  4.6894 -1.0509 15.8495 14.3451 11.3190 10.4351  9.2698  8.9061  8.0025  7.6004  7.4330  7.1621  6.7241  6.7026  6.4306
  55  0.500601  3.6416  4.6856 -1.0281 15.7491 14.2057 11.1969 10.3113  9.1653  8.8044  7.9186  7.5241  7.3587  7.0930  6.6660  6.6451  6.3789
  56  0.505295  3.6453  4.6820 -1.0054 15.6411 14.0522 11.0690 10.1823  9.0603  8.7023  7.8348  7.4483  7.2849  7.0245  6.6082  6.5877  6.3275
  57  0.509945  3.6492  4.6786 -0.9830 15.5238 13.8841 10.9350 10.0480  8.9550  8.5999  7.7514  7.3728  7.2119  6.9565  6.5507  6.5307  6.2761
  58  0.514538  3.6529  4.6752 -0.9608 15.3987 13.7023 10.7961  9.9098  8.8513  8.4989  7.6695  7.2988  7.1405  6.8899  6.4936  6.4741  6.2250
  59  0.519059  3.6567  4.6721 -0.9387 15.2620 13.5033 10.6507  9.7662  8.7478  8.3984  7.5884  7.2256  7.0701  6.8240  6.4368  6.4179  6.1740
  60  0.523516  3.6604  4.6690 -0.9170 15.1168 13.2922 10.5033  9.6226  8.6468  8.3001  7.5091  7.1539  7.0013  6.7595  6.3805  6.3620  6.1232
  61  0.527903  3.6641  4.6661 -0.8955 14.9588 13.0694 10.3527  9.4772  8.5473  8.2034  7.4312  7.0835  6.9339  6.6961  6.3248  6.3068  6.0730
  62  0.532217  3.6678  4.6631 -0.8743 14.7879 12.8387 10.2007  9.3320  8.4499  8.1090  7.3551  7.0147  6.8681  6.6341  6.2700  6.2524  6.0234
  63  0.536464  3.6714  4.6603 -0.8535 14.6019 12.5997 10.0473  9.1871  8.3545  8.0168  7.2809  6.9474  6.8040  6.5735  6.2160  6.1990  5.9746
  64  0.540641  3.6750  4.6574 -0.8330 14.4005 12.3545  9.8946  9.0446  8.2620  7.9277  7.2087  6.8820  6.7416  6.5146  6.1632  6.1466  5.9267
  65  0.544767  3.6785  4.6543 -0.8127 14.1535 12.0964  9.7374  8.9010  8.1714  7.8411  7.1385  6.8184  6.6810  6.4574  6.1116  6.0954  5.8798
  66  0.548824  3.6819  4.6514 -0.7928 13.9011 11.8424  9.5831  8.7610  8.0835  7.7574  7.0705  6.7566  6.6221  6.4015  6.0610  6.0453  5.8337
  67  0.552831  3.6852  4.6481 -0.7733 13.6504 11.5964  9.4332  8.6255  7.9985  7.6765  7.0043  6.6963  6.5647  6.3471  6.0115  5.9962  5.7886
  68  0.556793  3.6884  4.6447 -0.7540 13.4078 11.3626  9.2890  8.4955  7.9162  7.5985  6.9401  6.6376  6.5086  6.2938  5.9629  5.9480  5.7442
  69  0.560698  3.6915  4.6412 -0.7350 13.1788 11.1452  9.1522  8.3721  7.8369  7.5234  6.8777  6.5804  6.4539  6.2418  5.9153  5.9008  5.7006
  70  0.564553  3.6945  4.6375 -0.7164 12.9984 10.9639  9.0300  8.2601  7.7612  7.4515  6.8173  6.5247  6.4003  6.1908  5.8687  5.8545  5.6579
  71  0.568348  3.6974  4.6338 -0.6981 12.8491 10.8067  8.9178  8.1561  7.6885  7.3824  6.7586  6.4703  6.3479  6.1409  5.8230  5.8092  5.6159
  72  0.572093  3.7002  4.6298 -0.6800 12.7109 10.6616  8.8114  8.0572  7.6183  7.3157  6.7016  6.4174  6.2968  6.0922  5.7782  5.7647  5.5747
  73  0.575778  3.7029  4.6258 -0.6623 12.5791 10.5255  8.7094  7.9622  7.5502  7.2510  6.6461  6.3658  6.2468  6.0445  5.7343  5.7212  5.5343
  74  0.579406  3.7056  4.6218 -0.6448 12.4501 10.3957  8.6104  7.8703  7.4838  7.1881  6.5919  6.3152  6.1979  5.9977  5.6912  5.6784  5.4945
  75  0.582972  3.7082  4.6176 -0.6276 12.3216 10.2706  8.5142  7.7811  7.4191  7.1269  6.5391  6.2658  6.1500  5.9519  5.6490  5.6365  5.4555
  76  0.586478  3.7108  4.6135 -0.6106 12.1773 10.1412  8.4168  7.6919  7.3556  7.0669  6.4874  6.2176  6.1031  5.9071  5.6076  5.5954  5.4172
  77  0.589922  3.7133  4.6092 -0.5939 12.0189 10.0080  8.3191  7.6033  7.2935  7.0085  6.4370  6.1704  6.0575  5.8634  5.5671  5.5551  5.3798
  78  0.593310  3.7157  4.6049 -0.5775 11.8595  9.8773  8.2232  7.5168  7.2327  6.9514  6.3877  6.1242  6.0127  5.8205  5.5274  5.5156  5.3430
  79  0.596630  3.7180  4.6005 -0.5613 11.7010  9.7503  8.1297  7.4325  7.1736  6.8959  6.3396  6.0791  5.9690  5.7785  5.4885  5.4770  5.3068
  80  0.599891  3.7203  4.5961 -0.5453 11.5444  9.6270  8.0387  7.3507  7.1159  6.8418  6.2927  6.0351  5.9262  5.7374  5.4503  5.4390  5.2713
  81  0.603084  3.7225  4.5916 -0.5296 11.3904  9.5075  7.9500  7.2710  7.0596  6.7890  6.2469  5.9920  5.8843  5.6972  5.4129  5.4019  5.2365
  82  0.607251  3.7254  4.5854 -0.5092 11.1919  9.3553  7.8362  7.1688  6.9869  6.7209  6.1876  5.9361  5.8299  5.6449  5.3641  5.3535  5.1911
  83  0.611350  3.7281  4.5790 -0.4889 11.0072  9.2125  7.7273  7.0705  6.9159  6.6543  6.1294  5.8813  5.7766  5.5936  5.3162  5.3058  5.1463
  84  0.615374  3.7307  4.5724 -0.4690 10.8285  9.0757  7.6217  6.9752  6.8465  6.5892  6.0726  5.8276  5.7242  5.5431  5.2691  5.2590  5.1022
  85  0.619324  3.7333  4.5657 -0.4492 10.6567  8.9449  7.5199  6.8833  6.7789  6.5258  6.0169  5.7749  5.6728  5.4936  5.2228  5.2128  5.0587
  86  0.623194  3.7357  4.5588 -0.4298 10.4906  8.8192  7.4214  6.7943  6.7129  6.4638  5.9625  5.7233  5.6224  5.4450  5.1770  5.1675  5.0157
  87  0.626984  3.7381  4.5517 -0.4106 10.3307  8.6987  7.3263  6.7083  6.6486  6.4034  5.9092  5.6727  5.5730  5.3972  5.1322  5.1227  4.9734
  88  0.630698  3.7404  4.5445 -0.3916 10.1763  8.5828  7.2342  6.6250  6.5858  6.3444  5.8570  5.6231  5.5243  5.3502  5.0879  5.0786  4.9316
  89  0.634342  3.7426  4.5370 -0.3729 10.0288  8.4719  7.1455  6.5447  6.5246  6.2867  5.8058  5.5742  5.4764  5.3039  5.0440  5.0350  4.8900
  90  0.637916  3.7447  4.5293 -0.3543  9.8865  8.3651  7.0596  6.4669  6.4647  6.2302  5.7554  5.5260  5.4292  5.2580  5.0006  4.9918  4.8488
  91  0.641426  3.7467  4.5214 -0.3360  9.7489  8.2620  6.9764  6.3914  6.4060  6.1748  5.7057  5.4785  5.3826  5.2127  4.9575  4.9489  4.8079
  92  0.644870  3.7487  4.5133 -0.3178  9.6154  8.1620  6.8954  6.3179  6.3483  6.1203  5.6569  5.4316  5.3365  5.1679  4.9149  4.9065  4.7672
  93  0.648252  3.7505  4.5050 -0.2997  9.4873  8.0657  6.8169  6.2464  6.2918  6.0669  5.6087  5.3853  5.2910  5.1235  4.8727  4.8643  4.7269
  94  0.651569  3.7523  4.4965 -0.2818  9.3631  7.9721  6.7403  6.1767  6.2361  6.0141  5.5611  5.3395  5.2460  5.0797  4.8307  4.8226  4.6868
  95  0.654817  3.7540  4.4877 -0.2641  9.2428  7.8812  6.6655  6.1087  6.1813  5.9622  5.5140  5.2942  5.2014  5.0362  4.7892  4.7812  4.6470
  96  0.657995  3.7557  4.4788 -0.2464  9.1259  7.7924  6.5923  6.0420  6.1273  5.9110  5.4676  5.2495  5.1573  4.9933  4.7481  4.7402  4.6075
  97  0.661107  3.7573  4.4697 -0.2290  9.0118  7.7049  6.5201  5.9762  6.0740  5.8604  5.4219  5.2053  5.1139  4.9509  4.7075  4.6998  4.5685
  98  0.664145  3.7587  4.4602 -0.2116  8.9029  7.6210  6.4503  5.9125  6.0216  5.8107  5.3768  5.1617  5.0709  4.9089  4.6672  4.6596  4.5296
  99  0.667109  3.7602  4.4507 -0.1944  8.7969  7.5390  6.3821  5.8501  5.9701  5.7616  5.3320  5.1186  5.0284  4.8674  4.6272  4.6198  4.4911
 100  0.670001  3.7615  4.4409 -0.1774  8.6963  7.4606  6.3162  5.7897  5.9195  5.7134  5.2879  5.0759  4.9863  4.8262  4.5875  4.5802  4.4527
 101  0.672818  3.7628  4.4310 -0.1606  8.5996  7.3843  6.2522  5.7309  5.8697  5.6659  5.2443  5.0337  4.9447  4.7856  4.5483  4.5412  4.4148
 102  0.675562  3.7640  4.4209 -0.1439  8.5072  7.3112  6.1905  5.6737  5.8211  5.6192  5.2014  4.9921  4.9036  4.7453  4.5095  4.5024  4.3770
 103  0.678233  3.7651  4.4108 -0.1275  8.4188  7.2407  6.1308  5.6184  5.7732  5.5735  5.1591  4.9511  4.8630  4.7056  4.4710  4.4640  4.3397
 104  0.680836  3.7662  4.4005 -0.1113  8.3337  7.1726  6.0728  5.5646  5.7264  5.5285  5.1174  4.9105  4.8230  4.6664  4.4329  4.4261  4.3026
 105  0.683375  3.7672  4.3902 -0.0953  8.2526  7.1070  6.0168  5.5125  5.6805  5.4843  5.0764  4.8706  4.7835  4.6275  4.3953  4.3885  4.2659
 106  0.685857  3.7682  4.3798 -0.0795  8.1748  7.0439  5.9627  5.4620  5.6356  5.4410  5.0359  4.8312  4.7445  4.5892  4.3580  4.3513  4.2296
 107  0.688291  3.7690  4.3692 -0.0640  8.1008  6.9835  5.9103  5.4132  5.5917  5.3985  4.9960  4.7923  4.7060  4.5512  4.3211  4.3144  4.1934
 108  0.690684  3.7699  4.3587 -0.0486  8.0301  6.9255  5.8598  5.3659  5.5485  5.3568  4.9568  4.7538  4.6679  4.5137  4.2845  4.2779  4.1576
 109  0.693049  3.7706  4.3481 -0.0334  7.9630  6.8703  5.8113  5.3204  5.5064  5.3158  4.9180  4.7159  4.6303  4.4766  4.2483  4.2417  4.1220
 110  0.695378  3.7713  4.3374 -0.0185  7.8992  6.8172  5.7643  5.2762  5.4651  5.2756  4.8799  4.6784  4.5931  4.4399  4.2124  4.2059  4.0869
 111  0.697599  3.7720  4.3271 -0.0038  7.8349  6.7643  5.7178  5.2325  5.4243  5.2359  4.8423  4.6416  4.5566  4.4039  4.1772  4.1708  4.0524
 112  0.698463  3.7723  4.3230  0.0021  7.8086  6.7426  5.6988  5.2148  5.4078  5.2199  4.8271  4.6269  4.5420  4.3896  4.1632  4.1567  4.0386
 113  0.699324  3.7727  4.3189  0.0081  7.7823  6.7211  5.6800  5.1971  5.3913  5.2038  4.8120  4.6120  4.5272  4.3750  4.1490  4.1426  4.0248
 114  0.700187  3.7730  4.3147  0.0140  7.7562  6.6995  5.6610  5.1794  5.3746  5.1876  4.7966  4.5970  4.5123  4.3604  4.1347  4.1283  4.0107
 115  0.701047  3.7733  4.3103  0.0200  7.7310  6.6785  5.6423  5.1618  5.3580  5.1714  4.7812  4.5818  4.4974  4.3456  4.1202  4.1139  3.9964
 116  0.701906  3.7735  4.3057  0.0262  7.7063  6.6577  5.6238  5.1443  5.3413  5.1551  4.7657  4.5666  4.4822  4.3306  4.1055  4.0992  3.9819
 117  0.702761  3.7738  4.3009  0.0323  7.6826  6.6374  5.6055  5.1270  5.3246  5.1387  4.7500  4.5511  4.4668  4.3153  4.0906  4.0842  3.9672
 118  0.703613  3.7740  4.2961  0.0387  7.6591  6.6172  5.5873  5.1095  5.3078  5.1222  4.7341  4.5355  4.4512  4.2999  4.0753  4.0690  3.9522
 119  0.704463  3.7742  4.2910  0.0450  7.6359  6.5972  5.5689  5.0921  5.2908  5.1056  4.7181  4.5197  4.4355  4.2843  4.0600  4.0537  3.9370
 120  0.705312  3.7744  4.2859  0.0514  7.6132  6.5773  5.5507  5.0746  5.2738  5.0889  4.7019  4.5037  4.4196  4.2686  4.0444  4.0381  3.9216
 121  0.706157  3.7745  4.2806  0.0578  7.5905  6.5574  5.5325  5.0572  5.2568  5.0720  4.6856  4.4876  4.4035  4.2526  4.0287  4.0224  3.9061
 122  0.706997  3.7747  4.2754  0.0643  7.5673  6.5372  5.5139  5.0394  5.2393  5.0550  4.6692  4.4712  4.3874  4.2365  4.0128  4.0066  3.8903
 123  0.707837  3.7749  4.2700  0.0709  7.5444  6.5171  5.4954  5.0218  5.2219  5.0379  4.6525  4.4549  4.3710  4.2204  3.9968  3.9906  3.8744
 124  0.708675  3.7751  4.2645  0.0776  7.5211  6.4967  5.4766  5.0038  5.2043  5.0205  4.6358  4.4383  4.3545  4.2040  3.9806  3.9744  3.8584
 125  0.709514  3.7752  4.2591  0.0842  7.4985  6.4766  5.4581  4.9860  5.1868  5.0032  4.6190  4.4217  4.3380  4.1876  3.9644  3.9582  3.8423
 126  0.710353  3.7754  4.2535  0.0909  7.4759  6.4566  5.4396  4.9682  5.1692  4.9859  4.6021  4.4049  4.3214  4.1710  3.9480  3.9418  3.8260
 127  0.711191  3.7755  4.2478  0.0976  7.4541  6.4369  5.4212  4.9506  5.1515  4.9684  4.5851  4.3881  4.3046  4.1544  3.9315  3.9253  3.8097
 128  0.712028  3.7756  4.2420  0.1044  7.4325  6.4173  5.4028  4.9328  5.1339  4.9510  4.5681  4.3712  4.2877  4.1376  3.9149  3.9087  3.7931
 129  0.712863  3.7758  4.2360  0.1112  7.4113  6.3979  5.3846  4.9152  5.1161  4.9334  4.5509  4.3542  4.2707  4.1206  3.8980  3.8919  3.7764
 130  0.713695  3.7758  4.2300  0.1181  7.3912  6.3790  5.3666  4.8977  5.0985  4.9159  4.5337  4.3369  4.2535  4.1036  3.8811  3.8748  3.7594
 131  0.714524  3.7758  4.2237  0.1251  7.3718  6.3606  5.3489  4.8803  5.0808  4.8983  4.5163  4.3196  4.2362  4.0863  3.8639  3.8576  3.7422
 132  0.715350  3.7759  4.2173  0.1321  7.3526  6.3423  5.3311  4.8630  5.0630  4.8806  4.4987  4.3022  4.2188  4.0689  3.8465  3.8403  3.7248
 133  0.716172  3.7759  4.2108  0.1392  7.3339  6.3241  5.3134  4.8456  5.0452  4.8629  4.4812  4.2846  4.2013  4.0513  3.8290  3.8227  3.7072
 134  0.716990  3.7758  4.2040  0.1462  7.3160  6.3063  5.2960  4.8284  5.0274  4.8451  4.4634  4.2669  4.1836  4.0336  3.8112  3.8050  3.6894
 135  0.717802  3.7758  4.1972  0.1534  7.2988  6.2890  5.2787  4.8113  5.0096  4.8273  4.4456  4.2491  4.1657  4.0158  3.7933  3.7871  3.6715
 136  0.718610  3.7757  4.1902  0.1606  7.2823  6.2720  5.2616  4.7943  4.9918  4.8094  4.4277  4.2311  4.1477  3.9977  3.7752  3.7690  3.6533
 137  0.719413  3.7756  4.1830  0.1678  7.2666  6.2555  5.2448  4.7774  4.9740  4.7916  4.4096  4.2129  4.1296  3.9795  3.7568  3.7506  3.6348
 138  0.720209  3.7755  4.1756  0.1752  7.2516  6.2393  5.2280  4.7606  4.9561  4.7736  4.3915  4.1947  4.1113  3.9611  3.7383  3.7321  3.6161
 139  0.721000  3.7753  4.1680  0.1825  7.2374  6.2234  5.2114  4.7439  4.9383  4.7557  4.3733  4.1763  4.0929  3.9426  3.7196  3.7134  3.5973
 140  0.721783  3.7751  4.1602  0.1900  7.2247  6.2085  5.1954  4.7276  4.9206  4.7377  4.3550  4.1579  4.0743  3.9239  3.7007  3.6945  3.5782
 141  0.722560  3.7748  4.1522  0.1975  7.2131  6.1943  5.1797  4.7114  4.9030  4.7199  4.3366  4.1392  4.0557  3.9051  3.6816  3.6753  3.5587
 142  0.723329  3.7746  4.1439  0.2050  7.2027  6.1806  5.1644  4.6955  4.8854  4.7020  4.3182  4.1205  4.0369  3.8861  3.6622  3.6559  3.5391
 143  0.724090  3.7742  4.1354  0.2126  7.1938  6.1678  5.1496  4.6800  4.8680  4.6842  4.2997  4.1017  4.0179  3.8669  3.6427  3.6364  3.5192
 144  0.724844  3.7738  4.1266  0.2202  7.1869  6.1561  5.1354  4.6649  4.8509  4.6666  4.2811  4.0828  3.9988  3.8476  3.6229  3.6165  3.4990
 145  0.725589  3.7733  4.1177  0.2278  7.1807  6.1449  5.1214  4.6499  4.8336  4.6489  4.2625  4.0638  3.9797  3.8282  3.6030  3.5966  3.4787
 146  0.726327  3.7728  4.1082  0.2355  7.1778  6.1356  5.1086  4.6359  4.8168  4.6315  4.2439  4.0447  3.9604  3.8085  3.5828  3.5763  3.4579
 147  0.727055  3.7723  4.0987  0.2433  7.1758  6.1268  5.0961  4.6220  4.8001  4.6141  4.2253  4.0255  3.9411  3.7888  3.5624  3.5559  3.4370
 148  0.727774  3.7716  4.0888  0.2511  7.1763  6.1194  5.0844  4.6087  4.7837  4.5970  4.2066  4.0062  3.9217  3.7689  3.5418  3.5353  3.4157
 149  0.728483  3.7709  4.0788  0.2589  7.1777  6.1126  5.0730  4.5957  4.7673  4.5798  4.1879  3.9869  3.9021  3.7489  3.5211  3.5145  3.3943
 150  0.729182  3.7702  4.0685  0.2667  7.1820  6.1073  5.0626  4.5835  4.7513  4.5628  4.1693  3.9675  3.8824  3.7288  3.5002  3.4935  3.3727
 151  0.729873  3.7695  4.0580  0.2746  7.1881  6.1034  5.0531  4.5718  4.7354  4.5459  4.1504  3.9480  3.8627  3.7085  3.4791  3.4723  3.3508
 152  0.730554  3.7687  4.0472  0.2825  7.1987  6.1025  5.0453  4.5616  4.7200  4.5293  4.1317  3.9285  3.8428  3.6881  3.4577  3.4509  3.3286
 153  0.731226  3.7678  4.0361  0.2904  7.2121  6.1032  5.0387  4.5523  4.7050  4.5130  4.1130  3.9089  3.8229  3.6675  3.4361  3.4292  3.3061
 154  0.731890  3.7667  4.0244  0.2983  7.2312  6.1074  5.0341  4.5447  4.6907  4.4971  4.0944  3.8893  3.8029  3.6469  3.4143  3.4073  3.2832
 155  0.732543  3.7655  4.0122  0.3063  7.2552  6.1144  5.0314  4.5385  4.6771  4.4818  4.0761  3.8698  3.7830  3.6262  3.3923  3.3852  3.2600
 156  0.733189  3.7643  3.9994  0.3142  7.2860  6.1255  5.0313  4.5343  4.6645  4.4671  4.0579  3.8504  3.7630  3.6053  3.3700  3.3628  3.2364
 157  0.733825  3.7629  3.9863  0.3222  7.3213  6.1392  5.0329  4.5316  4.6525  4.4529  4.0400  3.8310  3.7431  3.5845  3.3476  3.3402  3.2126
 158  0.734451  3.7613  3.9725  0.3301  7.3665  6.1586  5.0380  4.5317  4.6418  4.4397  4.0223  3.8117  3.7233  3.5636  3.3249  3.3173  3.1882
 159  0.735068  3.7594  3.9576  0.3380  7.4246  6.1852  5.0479  4.5356  4.6330  4.4279  4.0053  3.7928  3.7037  3.5427  3.3018  3.2941  3.1632
 160  0.735675  3.7573  3.9418  0.3457  7.4950  6.2183  5.0619  4.5428  4.6259  4.4172  3.9888  3.7742  3.6842  3.5217  3.2784  3.2705  3.1378
 161  0.736266  3.7550  3.9252  0.3535  7.5764  6.2571  5.0799  4.5532  4.6202  4.4078  3.9729  3.7558  3.6649  3.5009  3.2549  3.2469  3.1119
 162  0.736888  3.7522  3.9060  0.3616  7.6802  6.3082  5.1057  4.5698  4.6177  4.4006  3.9577  3.7376  3.6456  3.4796  3.2302  3.2219  3.0842
 163  0.737502  3.7490  3.8848  0.3704  7.7965  6.3657  5.1351  4.5890  4.6154  4.3931  3.9414  3.7180  3.6247  3.4565  3.2032  3.1946  3.0539
 164  0.738110  3.7455  3.8615  0.3800  7.9247  6.4300  5.1685  4.6112  4.6134  4.3856  3.9241  3.6969  3.6023  3.4316  3.1741  3.1653  3.0211
 165  0.738704  3.7419  3.8363  0.3909  8.0564  6.4962  5.2021  4.6331  4.6096  4.3758  3.9044  3.6734  3.5773  3.4040  3.1421  3.1329  2.9851
 166  0.739278  3.7382  3.8095  0.4035  8.1838  6.5603  5.2325  4.6520  4.6019  4.3623  3.8808  3.6461  3.5486  3.3726  3.1062  3.0967  2.9452
 167  0.739823  3.7348  3.7817  0.4180  8.2995  6.6179  5.2563  4.6648  4.5886  4.3434  3.8525  3.6140  3.5152  3.3368  3.0661  3.0563  2.9014
 168  0.740335  3.7318  3.7535  0.4344  8.3951  6.6631  5.2699  4.6686  4.5686  4.3185  3.8190  3.5772  3.4772  3.2966  3.0221  3.0120  2.8539
 169  0.740814  3.7291  3.7256  0.4522  8.4675  6.6936  5.2724  4.6629  4.5420  4.2876  3.7810  3.5364  3.4353  3.2528  2.9751  2.9646  2.8039
 170  0.741261  3.7270  3.6981  0.4712  8.5207  6.7112  5.2653  4.6489  4.5100  4.2520  3.7393  3.4922  3.3902  3.2061  2.9256  2.9149  2.7519
 171  0.741683  3.7252  3.6712  0.4911  8.5558  6.7165  5.2497  4.6277  4.4735  4.2125  3.6946  3.4456  3.3428  3.1574  2.8745  2.8636  2.6986
 172  0.742085  3.7236  3.6447  0.5116  8.5773  6.7124  5.2276  4.6009  4.4336  4.1700  3.6478  3.3970  3.2938  3.1071  2.8222  2.8112  2.6444
 173  0.742470  3.7223  3.6188  0.5325  8.5884  6.7007  5.2002  4.5697  4.3910  4.1252  3.5993  3.3471  3.2433  3.0557  2.7690  2.7579  2.5898
 174  0.742841  3.7212  3.5933  0.5537  8.5929  6.6838  5.1690  4.5352  4.3463  4.0786  3.5497  3.2962  3.1920  3.0035  2.7153  2.7041  2.5346
 175  0.743202  3.7202  3.5682  0.5751  8.5897  6.6617  5.1343  4.4977  4.2999  4.0306  3.4990  3.2445  3.1399  2.9507  2.6612  2.6498  2.4793
 176  0.743553  3.7194  3.5434  0.5967  8.5804  6.6356  5.0969  4.4580  4.2523  3.9816  3.4476  3.1922  3.0872  2.8974  2.6068  2.5953  2.4238
 177  0.743898  3.7186  3.5188  0.6184  8.5671  6.6070  5.0579  4.4168  4.2038  3.9318  3.3957  3.1394  3.0342  2.8438  2.5521  2.5405  2.3682
 178  0.744237  3.7179  3.4943  0.6403  8.5500  6.5757  5.0171  4.3743  4.1546  3.8815  3.3435  3.0863  2.9809  2.7900  2.4973  2.4856  2.3125
 179  0.744570  3.7171  3.4699  0.6621  8.5315  6.5439  4.9760  4.3313  4.1051  3.8308  3.2910  3.0331  2.9274  2.7359  2.4423  2.4306  2.2567
 180  0.744896  3.7165  3.4455  0.6841  8.5110  6.5109  4.9340  4.2877  4.0552  3.7797  3.2381  2.9795  2.8736  2.6816  2.3871  2.3753  2.2006
 181  0.745215  3.7158  3.4210  0.7061  8.4885  6.4764  4.8910  4.2432  4.0047  3.7282  3.1850  2.9257  2.8196  2.6271  2.3316  2.3198  2.1444
 182  0.745408  3.7155  3.4058  0.7199  8.4740  6.4548  4.8642  4.2153  3.9734  3.6962  3.1519  2.8921  2.7859  2.5931  2.2971  2.2853  2.1093
 183  0.745601  3.7151  3.3904  0.7339  8.4589  6.4327  4.8367  4.1870  3.9413  3.6635  3.1182  2.8580  2.7516  2.5586  2.2621  2.2501  2.0738
 184  0.745793  3.7147  3.3748  0.7481  8.4431  6.4099  4.8085  4.1580  3.9087  3.6302  3.0839  2.8233  2.7168  2.5234  2.2263  2.2144  2.0375
 185  0.745986  3.7143  3.3590  0.7624  8.4272  6.3870  4.7804  4.1288  3.8759  3.5967  3.0494  2.7884  2.6817  2.4881  2.1904  2.1784  2.0012
 186  0.746177  3.7139  3.3428  0.7772  8.4109  6.3634  4.7513  4.0988  3.8421  3.5623  3.0139  2.7524  2.6456  2.4517  2.1534  2.1414  1.9637
 187  0.746368  3.7135  3.3259  0.7925  8.3933  6.3386  4.7209  4.0675  3.8068  3.5264  2.9768  2.7148  2.6080  2.4137  2.1149  2.1027  1.9246
 188  0.746556  3.7131  3.3083  0.8086  8.3743  6.3126  4.6890  4.0346  3.7700  3.4889  2.9382  2.6758  2.5687  2.3741  2.0747  2.0626  1.8839
 189  0.746740  3.7126  3.2893  0.8258  8.3550  6.2859  4.6552  3.9997  3.7306  3.4486  2.8966  2.6336  2.5264  2.3315  2.0313  2.0192  1.8399
 190  0.746923  3.7122  3.2697  0.8437  8.3338  6.2570  4.6198  3.9632  3.6896  3.4068  2.8536  2.5901  2.4827  2.2873  1.9866  1.9743  1.7946
 191  0.747101  3.7116  3.2488  0.8626  8.3130  6.2287  4.5832  3.9252  3.6466  3.3629  2.8082  2.5441  2.4365  2.2406  1.9392  1.9269  1.7464
 192  0.747277  3.7111  3.2270  0.8823  8.2909  6.1989  4.5450  3.8857  3.6018  3.3171  2.7608  2.4961  2.3884  2.1921  1.8898  1.8774  1.6964
 193  0.747450  3.7105  3.2044  0.9027  8.2686  6.1683  4.5056  3.8448  3.5554  3.2697  2.7118  2.4464  2.3384  2.1417  1.8385  1.8261  1.6444
 194  0.747619  3.7099  3.1808  0.9239  8.2457  6.1374  4.4651  3.8026  3.5073  3.2205  2.6609  2.3947  2.2866  2.0893  1.7853  1.7728  1.5903
 195  0.747786  3.7093  3.1567  0.9456  8.2220  6.1060  4.4236  3.7594  3.4581  3.1703  2.6088  2.3419  2.2335  2.0356  1.7307  1.7181  1.5350
 196  0.747949  3.7086  3.1315  0.9682  8.1989  6.0747  4.3813  3.7152  3.4074  3.1183  2.5549  2.2871  2.1784  1.9800  1.6741  1.6614  1.4774
 197  0.748110  3.7079  3.1055  0.9914  8.1755  6.0434  4.3383  3.6703  3.3555  3.0650  2.4996  2.2309  2.1219  1.9229  1.6159  1.6033  1.4184
 198  0.748266  3.7071  3.0788  1.0152  8.1526  6.0128  4.2948  3.6247  3.3025  3.0106  2.4429  2.1732  2.0640  1.8643  1.5562  1.5434  1.3577
 199  0.748419  3.7063  3.0512  1.0396  8.1244  5.9793  4.2496  3.5774  3.2479  2.9547  2.3846  2.1139  2.0044  1.8041  1.4948  1.4819  1.2952
 200  0.748568  3.7055  3.0228  1.0647  8.0954  5.9458  4.2037  3.5294  3.1923  2.8975  2.3250  2.0533  1.9435  1.7424  1.4318  1.4189  1.2311
 201  0.748713  3.7046  2.9935  1.0905  8.0671  5.9136  4.1577  3.4810  3.1356  2.8393  2.2640  1.9912  1.8810  1.6792  1.3673  1.3542  1.1654
 202  0.748853  3.7036  2.9633  1.1169  8.0407  5.8832  4.1120  3.4325  3.0782  2.7801  2.2018  1.9278  1.8173  1.6146  1.3012  1.2880  1.0980
 203  0.748990  3.7026  2.9322  1.1438  8.0150  5.8542  4.0664  3.3841  3.0199  2.7200  2.1386  1.8631  1.7522  1.5486  1.2337  1.2204  1.0292
 204  0.749122  3.7015  2.9004  1.1714  7.9895  5.8263  4.0207  3.3351  2.9606  2.6587  2.0739  1.7972  1.6859  1.4813  1.1647  1.1512  0.9587
 205  0.749248  3.7003  2.8676  1.1996  7.9646  5.7999  3.9748  3.2860  2.9004  2.5964  2.0081  1.7299  1.6182  1.4125  1.0942  1.0806  0.8866
 206  0.749371  3.6991  2.8341  1.2283  7.9400  5.7748  3.9290  3.2367  2.8394  2.5332  1.9412  1.6615  1.5493  1.3426  1.0225  1.0088  0.8133
 207  0.749489  3.6978  2.7999  1.2575  7.9160  5.7513  3.8833  3.1873  2.7776  2.4692  1.8733  1.5920  1.4793  1.2715  0.9495  0.9357  0.7386
 208  0.749601  3.6965  2.7650  1.2872  7.8927  5.7300  3.8380  3.1380  2.7153  2.4044  1.8045  1.5216  1.4083  1.1994  0.8754  0.8614  0.6626
 209  0.749709  3.6951  2.7294  1.3174  7.8704  5.7129  3.7932  3.0892  2.6523  2.3390  1.7349  1.4501  1.3363  1.1262  0.8002  0.7860  0.5856
 210  0.749812  3.6937  2.6933  1.3479  7.8491  5.6983  3.7489  3.0405  2.5889  2.2730  1.6644  1.3778  1.2634  1.0521  0.7239  0.7096  0.5075
 211  0.749911  3.6923  2.6566  1.3790  7.8293  5.6864  3.7052  2.9923  2.5252  2.2064  1.5932  1.3047  1.1898  0.9771  0.6468  0.6323  0.4283
 212  0.750004  3.6907  2.6193  1.4104  7.8112  5.6773  3.6622  2.9445  2.4610  2.1393  1.5213  1.2308  1.1154  0.9014  0.5688  0.5541  0.3483
 213  0.750090  3.6892  2.5806  1.4427  7.7942  5.6719  3.6202  2.8975  2.3958  2.0709  1.4476  1.1551  1.0389  0.8234  0.4884  0.4735  0.2657
 214  0.750172  3.6875  2.5390  1.4775  7.7789  5.6706  3.5778  2.8499  2.3271  1.9987  1.3693  1.0743  0.9574  0.7402  0.4023  0.3871  0.1770
 215  0.750252  3.6857  2.4977  1.5116  7.7862  5.6826  3.5415  2.8072  2.2608  1.9283  1.2925  0.9949  0.8772  0.6584  0.3175  0.3021  0.0896
 216  0.750331  3.6839  2.4578  1.5447  7.7992  5.6987  3.5078  2.7669  2.1969  1.8604  1.2182  0.9180  0.7995  0.5790  0.2353  0.2198  0.0050
 217  0.750341  3.6837  2.4527  1.5488  7.8021  5.7009  3.5036  2.7618  2.1889  1.8518  1.2088  0.9083  0.7897  0.5690  0.2250  0.2093 -0.0057
 218  0.750351  3.6835  2.4477  1.5530  7.8050  5.7032  3.4993  2.7567  2.1808  1.8432  1.1995  0.8987  0.7799  0.5590  0.2147  0.1990 -0.0162
 219  0.750361  3.6833  2.4427  1.5572  7.8082  5.7056  3.4953  2.7516  2.1727  1.8346  1.1900  0.8889  0.7701  0.5491  0.2042  0.1886 -0.0269
 220  0.750371  3.6830  2.4377  1.5613  7.8115  5.7081  3.4912  2.7467  2.1648  1.8261  1.1807  0.8792  0.7603  0.5390  0.1940  0.1783 -0.0376
 221  0.750380  3.6829  2.4326  1.5654  7.8149  5.7107  3.4872  2.7418  2.1567  1.8176  1.1713  0.8696  0.7505  0.5290  0.1836  0.1679 -0.0482
 222  0.750391  3.6826  2.4276  1.5695  7.8183  5.7135  3.4833  2.7369  2.1488  1.8091  1.1620  0.8599  0.7407  0.5190  0.1733  0.1575 -0.0588
 223  0.750400  3.6824  2.4226  1.5737  7.8222  5.7164  3.4795  2.7321  2.1409  1.8006  1.1527  0.8502  0.7310  0.5091  0.1630  0.1472 -0.0694
 224  0.750411  3.6822  2.4176  1.5778  7.8258  5.7192  3.4756  2.7272  2.1330  1.7921  1.1434  0.8406  0.7212  0.4991  0.1527  0.1369 -0.0800
 225  0.750421  3.6820  2.4126  1.5819  7.8299  5.7219  3.4717  2.7224  2.1251  1.7838  1.1342  0.8311  0.7116  0.4892  0.1425  0.1266 -0.0905
 226  0.750431  3.6817  2.4076  1.5860  7.8342  5.7251  3.4681  2.7177  2.1173  1.7754  1.1250  0.8215  0.7019  0.4794  0.1323  0.1164 -0.1010
 227  0.750526  3.6799  2.3661  1.6203  7.8825  5.7481  3.4356  2.6764  2.0505  1.7040  1.0468  0.7406  0.6201  0.3959  0.0462  0.0301 -0.1895
 228  0.750615  3.6791  2.3450  1.6385  7.9441  5.7516  3.4135  2.6482  2.0114  1.6626  1.0026  0.6954  0.5746  0.3498 -0.0006 -0.0167 -0.2369
 229  0.750708  3.6774  2.3051  1.6714  7.9984  5.7846  3.3862  2.6116  1.9482  1.5944  0.9276  0.6177  0.4959  0.2695 -0.0833 -0.0996 -0.3218
 230  0.750795  3.6745  2.2430  1.7216  8.0333  5.8503  3.3531  2.5669  1.8572  1.4958  0.8170  0.5023  0.3789  0.1496 -0.2078 -0.2245 -0.4503
 231  0.750873  3.6716  2.1856  1.7680  8.0537  5.9131  3.3252  2.5292  1.7745  1.4058  0.7156  0.3964  0.2715  0.0393 -0.3223 -0.3392 -0.5686
 232  0.750944  3.6692  2.1349  1.8089  8.0413  5.9629  3.2997  2.4963  1.7021  1.3270  0.6268  0.3035  0.1773 -0.0573 -0.4228 -0.4400 -0.6726
 233  0.751008  3.6677  2.1020  1.8357  8.0110  5.9927  3.2835  2.4774  1.6552  1.2759  0.5691  0.2430  0.1159 -0.1204 -0.4880 -0.5055 -0.7400
 234  0.751072  3.6663  2.0716  1.8606  7.9753  6.0177  3.2693  2.4618  1.6124  1.2293  0.5160  0.1872  0.0594 -0.1786 -0.5482 -0.5660 -0.8024
 235  0.751133  3.6633  2.0125  1.9077  7.9586  6.0714  3.2436  2.4285  1.5317  1.1409  0.4152  0.0814 -0.0481 -0.2891 -0.6635 -0.6816 -0.9220
 236  0.751187  3.6600  1.9484  1.9586  7.9402  6.1287  3.2188  2.3961  1.4466  1.0472  0.3072 -0.0324 -0.1637 -0.4082 -0.7878 -0.8064 -1.0513
 237  0.751237  3.6566  1.8852  2.0084  7.9167  6.1893  3.1990  2.3690  1.3662  0.9580  0.2033 -0.1422 -0.2753 -0.5233 -0.9085 -0.9275 -1.1771
 238  0.751280  3.6531  1.8223  2.0577  7.8876  6.2514  3.1823  2.3460  1.2887  0.8715  0.1017 -0.2499 -0.3850 -0.6366 -1.0276 -1.0471 -1.3017
 239  0.751319  3.6498  1.7608  2.1057  7.8566  6.3129  3.1680  2.3261  1.2151  0.7891  0.0040 -0.3536 -0.4907 -0.7459 -1.1429 -1.1629 -1.4225
 240  0.751354  3.6464  1.6986  2.1541  7.8238  6.3806  3.1559  2.3087  1.1422  0.7072 -0.0937 -0.4575 -0.5966 -0.8556 -1.2591 -1.2796 -1.5444
 241  0.751385  3.6431  1.6406  2.1992  7.7855  6.4466  3.1472  2.2960  1.0766  0.6329 -0.1833 -0.5531 -0.6943 -0.9565 -1.3666 -1.3875 -1.6575
 242  0.751414  3.6400  1.5839  2.2431  7.7430  6.5093  3.1392  2.2849  1.0142  0.5620 -0.2700 -0.6456 -0.7887 -1.0543 -1.4708 -1.4922 -1.7673
 243  0.751439  3.6367  1.5285  2.2857  7.6976  6.5679  3.1321  2.2758  0.9553  0.4948 -0.3531 -0.7345 -0.8797 -1.1485 -1.5719 -1.5936 -1.8741
 244  0.751462  3.6336  1.4740  2.3276  7.6494  6.6225  3.1254  2.2677  0.8988  0.4300 -0.4338 -0.8210 -0.9684 -1.2401 -1.6706 -1.6928 -1.9786
 245  0.751484  3.6304  1.4201  2.3688  7.5989  6.6735  3.1190  2.2607  0.8447  0.3678 -0.5122 -0.9052 -1.0546 -1.3294 -1.7675 -1.7902 -2.0815
 246  0.751503  3.6272  1.3675  2.4088  7.5481  6.7209  3.1143  2.2563  0.7943  0.3095 -0.5867 -0.9854 -1.1369 -1.4148 -1.8611 -1.8841 -2.1810
 247  0.751520  3.6241  1.3154  2.4482  7.4958  6.7622  3.1100  2.2534  0.7464  0.2537 -0.6587 -1.0631 -1.2166 -1.4978 -1.9530 -1.9763 -2.2791
 248  0.751536  3.6210  1.2644  2.4868  7.4424  6.7985  3.1048  2.2499  0.7003  0.2000 -0.7290 -1.1387 -1.2943 -1.5783 -2.0428 -2.0666 -2.3752
 249  0.751551  3.6179  1.2148  2.5243  7.3884  6.8290  3.0990  2.2468  0.6569  0.1493 -0.7960 -1.2107 -1.3683 -1.6551 -2.1298 -2.1539 -2.4685
 250  0.751564  3.6149  1.1655  2.5614  7.3331  6.8547  3.0929  2.2441  0.6149  0.1004 -0.8614 -1.2810 -1.4405 -1.7302 -2.2159 -2.2402 -2.5611
 251  0.751577  3.6119  1.1178  2.5973  7.2778  6.8740  3.0861  2.2413  0.5753  0.0537 -0.9243 -1.3485 -1.5098 -1.8022 -2.2992 -2.3237 -2.6506
 252  0.751588  3.6090  1.0708  2.6326  7.2224  6.8885  3.0790  2.2390  0.5383  0.0102 -0.9839 -1.4126 -1.5755 -1.8709 -2.3806 -2.4054 -2.7386
 253  0.751599  3.6060  1.0244  2.6672  7.1674  6.8966  3.0716  2.2373  0.5041 -0.0302 -1.0404 -1.4735 -1.6378 -1.9367 -2.4600 -2.4851 -2.8249
 254  0.751608  3.6032  0.9793  2.7010  7.1133  6.8990  3.0637  2.2359  0.4731 -0.0671 -1.0928 -1.5301 -1.6958 -1.9986 -2.5367 -2.5621 -2.9088
 255  0.751618  3.6004  0.9347  2.7341  7.0588  6.8972  3.0545  2.2336  0.4434 -0.1020 -1.1427 -1.5839 -1.7505 -2.0575 -2.6125 -2.6382 -2.9919
 256  0.751626  3.5975  0.8912  2.7664  7.0054  6.8931  3.0454  2.2322  0.4169 -0.1335 -1.1884 -1.6331 -1.8004 -2.1121 -2.6858 -2.7118 -3.0728
 257  0.751633  3.5947  0.8483  2.7981  6.9526  6.8860  3.0353  2.2302  0.3929 -0.1617 -1.2301 -1.6783 -1.8459 -2.1632 -2.7572 -2.7836 -3.1521
 258  0.751641  3.5920  0.8063  2.8292  6.9001  6.8763  3.0241  2.2275  0.3713 -0.1865 -1.2672 -1.7184 -1.8859 -2.2102 -2.8271 -2.8539 -3.2302
 259  0.751648  3.5893  0.7654  2.8593  6.8487  6.8643  3.0115  2.2240  0.3522 -0.2081 -1.2995 -1.7538 -1.9207 -2.2530 -2.8946 -2.9218 -3.3060
 260  0.751654  3.5867  0.7251  2.8890  6.7977  6.8502  2.9979  2.2197  0.3356 -0.2264 -1.3278 -1.7851 -1.9512 -2.2923 -2.9603 -2.9879 -3.3805
 261  0.751660  3.5841  0.6855  2.9181  6.7477  6.8349  2.9830  2.2143  0.3217 -0.2412 -1.3518 -1.8122 -1.9773 -2.3280 -3.0238 -3.0519 -3.4531
 262  0.751665  3.5815  0.6470  2.9464  6.6988  6.8186  2.9670  2.2079  0.3104 -0.2525 -1.3712 -1.8346 -1.9984 -2.3595 -3.0846 -3.1132 -3.5236
 263  0.751671  3.5790  0.6093  2.9742  6.6516  6.8029  2.9509  2.2021  0.3033 -0.2578 -1.3820 -1.8486 -2.0101 -2.3845 -3.1424 -3.1720 -3.5923
 264  0.751675  3.5766  0.5723  3.0013  6.6064  6.7888  2.9354  2.1979  0.3023 -0.2550 -1.3810 -1.8509 -2.0088 -2.4002 -3.1964 -3.2272 -3.6589
 265  0.751680  3.5741  0.5361  3.0279  6.5625  6.7747  2.9197  2.1936  0.3040 -0.2484 -1.3750 -1.8482 -2.0022 -2.4117 -3.2480 -3.2800 -3.7237
 266  0.751684  3.5718  0.5005  3.0540  6.5198  6.7604  2.9033  2.1887  0.3072 -0.2393 -1.3653 -1.8420 -1.9918 -2.4200 -3.2970 -3.3307 -3.7867
 267  0.751688  3.5694  0.4655  3.0796  6.4781  6.7447  2.8854  2.1813  0.3091 -0.2294 -1.3532 -1.8339 -1.9796 -2.4259 -3.3428 -3.3784 -3.8477
 268  0.751692  3.5671  0.4314  3.1046  6.4381  6.7298  2.8681  2.1747  0.3137 -0.2163 -1.3376 -1.8224 -1.9641 -2.4287 -3.3857 -3.4235 -3.9063
 269  0.751696  3.5648  0.3978  3.1291  6.3999  6.7161  2.8517  2.1692  0.3224 -0.1988 -1.3176 -1.8070 -1.9448 -2.4278 -3.4257 -3.4658 -3.9629
 270  0.751699  3.5626  0.3647  3.1530  6.3632  6.7034  2.8364  2.1650  0.3343 -0.1778 -1.2943 -1.7886 -1.9226 -2.4241 -3.4631 -3.5058 -4.0176
 271  0.751702  3.5603  0.3320  3.1764  6.3296  6.6943  2.8235  2.1641  0.3533 -0.1483 -1.2623 -1.7621 -1.8922 -2.4128 -3.4957 -3.5412 -4.0693
 272  0.751705  3.5579  0.2999  3.1993  6.2969  6.6851  2.8114  2.1637  0.3725 -0.1196 -1.2329 -1.7382 -1.8654 -2.4030 -3.5272 -3.5756 -4.1195
 273  0.751708  3.5557  0.2685  3.2216  6.2677  6.6784  2.8025  2.1664  0.3986 -0.0838 -1.1991 -1.7126 -1.8385 -2.3906 -3.5523 -3.6041 -4.1649
 274  0.751711  3.5535  0.2381  3.2435  6.2398  6.6716  2.7943  2.1693  0.4265 -0.0466 -1.1650 -1.6877 -1.8133 -2.3782 -3.5744 -3.6296 -4.2075
 275  0.751714  3.5515  0.2082  3.2650  6.2139  6.6667  2.7883  2.1750  0.4591 -0.0045 -1.1269 -1.6596 -1.7851 -2.3623 -3.5931 -3.6521 -4.2475
 276  0.751716  3.5494  0.1790  3.2859  6.1897  6.6635  2.7842  2.1830  0.4949  0.0402 -1.0870 -1.6298 -1.7557 -2.3448 -3.6093 -3.6722 -4.2853
 277  0.751718  3.5473  0.1505  3.3063  6.1643  6.6558  2.7749  2.1829  0.5217  0.0785 -1.0520 -1.6050 -1.7310 -2.3317 -3.6279 -3.6939 -4.3229
 278  0.751721  3.5454  0.1233  3.3258  6.1393  6.6472  2.7649  2.1812  0.5459  0.1139 -1.0199 -1.5825 -1.7088 -2.3204 -3.6464 -3.7151 -4.3590
 279  0.751723  3.5437  0.0990  3.3433  6.1514  6.7354  2.8510  2.3079  0.7140  0.2641 -0.8960 -1.4713 -1.5983 -2.2314 -3.6266 -3.7013 -4.3743
