#NUMBER OF AGES= 1
#----------------------------------------------------       
#MIX-LEN  Y      Z          Zeff        [Fe/H] [a/Fe]
# 1.9380  0.3300 4.8102E-03 2.4485E-03  -0.78   0.40 
#----------------------------------------------------       
#**PHOTOMETRIC SYSTEM**: HST WFPC2 (Vega)                   
#----------------------------------------------------       
#AGE=14.000 EEPS=266
#EEP   M/Mo    LogTeff  LogG   LogL/Lo F218W   F255W   F300W   F336W   F439W   F450W   F555W   F606W   F622W   F675W   F791W   F814W   F850LP
  14  0.106024  3.5179  5.2725 -2.7840 20.9991 21.0421 17.2061 16.4298 15.2881 14.8116 13.5078 12.9939 12.8106 12.3612 11.1650 11.1173 10.5889
  15  0.124783  3.5200  5.2047 -2.6367 20.6151 20.6095 16.7852 15.9989 14.8519 14.3917 13.1056 12.5923 12.4097 11.9644 10.7930 10.7461 10.2229
  16  0.142997  3.5224  5.1498 -2.5132 20.2918 20.2401 16.4274 15.6321 14.4803 14.0333 12.7632 12.2506 12.0686 11.6272 10.4802 10.4341  9.9165
  17  0.159308  3.5253  5.1109 -2.4159 20.0320 19.9295 16.1319 15.3275 14.1707 13.7349 12.4797 11.9682 11.7866 11.3504 10.2311 10.1858  9.6754
  18  0.174851  3.5289  5.0816 -2.3316 19.8018 19.6412 15.8626 15.0486 13.8855 13.4605 12.2211 11.7111 11.5298 11.0999 10.0130  9.9691  9.4675
  19  0.189502  3.5326  5.0585 -2.2587 19.6000 19.3818 15.6232 14.8008 13.6321 13.2163 11.9917 11.4835 11.3023 10.8786  9.8234  9.7807  9.2882
  20  0.203333  3.5359  5.0387 -2.1955 19.4253 19.1578 15.4167 14.5876 13.4142 13.0059 11.7939 11.2870 11.1061 10.6874  9.6594  9.6176  9.1329
  21  0.217472  3.5388  5.0208 -2.1365 19.2628 18.9502 15.2257 14.3908 13.2130 12.8111 11.6102 11.1049 10.9240 10.5099  9.5066  9.4657  8.9881
  22  0.231024  3.5416  5.0055 -2.0838 19.1175 18.7643 15.0553 14.2158 13.0340 12.6374 11.4463 10.9422 10.7615 10.3515  9.3704  9.3303  8.8591
  23  0.242183  3.5438  4.9933 -2.0425 19.0040 18.6189 14.9221 14.0791 12.8941 12.5012 11.3179 10.8148 10.6342 10.2273  9.2636  9.2242  8.7581
  24  0.250531  3.5454  4.9843 -2.0125 18.9223 18.5139 14.8259 13.9803 12.7928 12.4026 11.2245 10.7221 10.5416 10.1369  9.1860  9.1471  8.6847
  25  0.256650  3.5465  4.9780 -1.9911 18.8645 18.4396 14.7582 13.9110 12.7213 12.3327 11.1582 10.6562 10.4758 10.0725  9.1309  9.0922  8.6326
  26  0.261376  3.5474  4.9734 -1.9751 18.8217 18.3847 14.7084 13.8599 12.6688 12.2813 11.1094 10.6076 10.4272 10.0251  9.0900  9.0516  8.5940
  27  0.264950  3.5480  4.9701 -1.9633 18.7893 18.3430 14.6709 13.8215 12.6293 12.2426 11.0726 10.5711 10.3907  9.9895  9.0595  9.0212  8.5652
  28  0.267711  3.5486  4.9678 -1.9543 18.7645 18.3106 14.6420 13.7920 12.5991 12.2129 11.0445 10.5432 10.3628  9.9623  9.0364  8.9983  8.5435
  29  0.269923  3.5490  4.9658 -1.9468 18.7437 18.2834 14.6179 13.7673 12.5738 12.1881 11.0209 10.5198 10.3395  9.9395  9.0172  8.9791  8.5254
  30  0.271971  3.5495  4.9641 -1.9401 18.7247 18.2582 14.5958 13.7446 12.5505 12.1654 10.9994 10.4985 10.3181  9.9188  8.9997  8.9618  8.5090
  31  0.274057  3.5499  4.9624 -1.9333 18.7054 18.2327 14.5733 13.7216 12.5270 12.1422 10.9776 10.4769 10.2966  9.8978  8.9821  8.9443  8.4926
  32  0.276276  3.5504  4.9606 -1.9261 18.6852 18.2060 14.5498 13.6976 12.5023 12.1180 10.9547 10.4543 10.2739  9.8759  8.9636  8.9260  8.4752
  33  0.278677  3.5509  4.9586 -1.9184 18.6632 18.1773 14.5244 13.6715 12.4756 12.0918 10.9300 10.4297 10.2494  9.8521  8.9434  8.9059  8.4564
  34  0.281287  3.5514  4.9562 -1.9099 18.6394 18.1465 14.4970 13.6436 12.4469 12.0637 10.9033 10.4033 10.2231  9.8264  8.9215  8.8842  8.4358
  35  0.284269  3.5519  4.9534 -1.9003 18.6126 18.1125 14.4666 13.6125 12.4151 12.0324 10.8737 10.3739 10.1937  9.7978  8.8969  8.8597  8.4125
  36  0.287507  3.5525  4.9499 -1.8897 18.5835 18.0760 14.4338 13.5792 12.3810 11.9988 10.8417 10.3423 10.1621  9.7669  8.8700  8.8329  8.3869
  37  0.289545  3.5527  4.9472 -1.8823 18.5630 18.0501 14.4113 13.5564 12.3580 11.9761 10.8195 10.3200 10.1397  9.7450  8.8513  8.8143  8.3690
  38  0.315625  3.5585  4.9188 -1.7945 18.3129 17.7355 14.1272 13.2656 12.0539 11.6779 10.5363 10.0415  9.8611  9.4766  8.6229  8.5879  8.1562
  39  0.328641  3.5616  4.9030 -1.7495 18.1830 17.5675 13.9822 13.1182 11.9008 11.5266 10.3918  9.8990  9.7184  9.3389  8.5069  8.4727  8.0481
  40  0.355958  3.5688  4.8687 -1.6505 17.8864 17.1598 13.6507 12.7834 11.5646 11.1923 10.0765  9.5872  9.4071  9.0363  8.2544  8.2216  7.8128
  41  0.374408  3.5748  4.8432 -1.5786 17.6640 16.8382 13.4012 12.5323 11.3146 10.9417  9.8408  9.3548  9.1753  8.8121  8.0709  8.0393  7.6437
  42  0.385691  3.5790  4.8265 -1.5327 17.5261 16.6268 13.2428 12.3730 11.1539 10.7791  9.6861  9.2023  9.0228  8.6655  7.9537  7.9228  7.5369
  43  0.397016  3.5833  4.8095 -1.4857 17.3769 16.4019 13.0754 12.2053 10.9879 10.6111  9.5276  9.0467  8.8674  8.5164  7.8336  7.8035  7.4275
  44  0.407763  3.5878  4.7935 -1.4403 17.2289 16.1799 12.9100 12.0400 10.8257 10.4469  9.3736  8.8962  8.7172  8.3726  7.7177  7.6884  7.3221
  45  0.417870  3.5922  4.7789 -1.3972 17.0858 15.9669 12.7498 11.8800 10.6692 10.2887  9.2259  8.7525  8.5738  8.2357  7.6075  7.5789  7.2224
  46  0.427210  3.5966  4.7655 -1.3567 16.9493 15.7700 12.5969 11.7271 10.5196 10.1380  9.0862  8.6173  8.4390  8.1074  7.5038  7.4760  7.1289
  47  0.435861  3.6009  4.7534 -1.3187 16.8187 15.5861 12.4505 11.5808 10.3762  9.9940  8.9539  8.4900  8.3122  7.9871  7.4061  7.3791  7.0410
  48  0.444029  3.6053  4.7423 -1.2822 16.6926 15.4116 12.3086 11.4388 10.2368  9.8546  8.8268  8.3682  8.1910  7.8723  7.3128  7.2864  6.9570
  49  0.452276  3.6098  4.7314 -1.2451 16.5638 15.2376 12.1633 11.2933 10.0936  9.7119  8.6977  8.2452  8.0687  7.7567  7.2183  7.1925  6.8721
  50  0.460546  3.6146  4.7210 -1.2078 16.4334 15.0672 12.0157 11.1451  9.9464  9.5662  8.5676  8.1222  7.9467  7.6416  7.1232  7.0983  6.7866
  51  0.468756  3.6195  4.7112 -1.1706 16.3036 14.9042 11.8661 10.9939  9.7957  9.4180  8.4369  7.9996  7.8253  7.5275  7.0284  7.0042  6.7015
  52  0.473787  3.6227  4.7055 -1.1474 16.2221 14.8052 11.7700 10.8961  9.6992  9.3235  8.3549  7.9233  7.7499  7.4568  6.9693  6.9457  6.6486
  53  0.478718  3.6261  4.7002 -1.1243 16.1390 14.7049 11.6713 10.7953  9.6012  9.2279  8.2726  7.8470  7.6748  7.3866  6.9108  6.8875  6.5961
  54  0.483563  3.6296  4.6954 -1.1013 16.0535 14.6014 11.5689 10.6907  9.5014  9.1307  8.1898  7.7709  7.5999  7.3168  6.8523  6.8296  6.5440
  55  0.488327  3.6331  4.6909 -1.0785 15.9669 14.4960 11.4632 10.5825  9.4005  9.0327  8.1070  7.6951  7.5255  7.2476  6.7945  6.7722  6.4924
  56  0.493014  3.6366  4.6867 -1.0558 15.8767 14.3835 11.3527 10.4695  9.2984  8.9335  8.0241  7.6194  7.4515  7.1788  6.7369  6.7152  6.4412
  57  0.497638  3.6403  4.6830 -1.0333 15.7797 14.2523 11.2342 10.3491  9.1949  8.8330  7.9410  7.5439  7.3777  7.1104  6.6795  6.6584  6.3902
  58  0.502192  3.6440  4.6792 -1.0111 15.6770 14.1073 11.1112 10.2247  9.0924  8.7332  7.8589  7.4693  7.3053  7.0429  6.6228  6.6021  6.3396
  59  0.506681  3.6477  4.6758 -0.9890 15.5657 13.9477 10.9820 10.0948  8.9892  8.6328  7.7769  7.3952  7.2334  6.9761  6.5663  6.5461  6.2892
  60  0.511123  3.6513  4.6723 -0.9671 15.4470 13.7762 10.8486  9.9617  8.8873  8.5337  7.6963  7.3223  7.1629  6.9104  6.5102  6.4906  6.2391
  61  0.515512  3.6550  4.6690 -0.9454 15.3182 13.5876 10.7084  9.8227  8.7857  8.4349  7.6164  7.2502  7.0935  6.8454  6.4544  6.4352  6.1890
  62  0.519826  3.6586  4.6658 -0.9240 15.1805 13.3869 10.5653  9.6825  8.6861  8.3379  7.5382  7.1795  7.0255  6.7818  6.3991  6.3803  6.1392
  63  0.524064  3.6623  4.6628 -0.9028 15.0320 13.1737 10.4192  9.5409  8.5880  8.2426  7.4613  7.1100  6.9589  6.7193  6.3443  6.3260  6.0898
  64  0.528226  3.6659  4.6598 -0.8820 14.8722 12.9528 10.2719  9.3993  8.4921  8.1495  7.3864  7.0422  6.8941  6.6581  6.2903  6.2725  6.0410
  65  0.532320  3.6694  4.6568 -0.8615 14.6994 12.7243 10.1230  9.2578  8.3981  8.0585  7.3130  6.9758  6.8307  6.5983  6.2372  6.2199  5.9929
  66  0.536335  3.6729  4.6539 -0.8413 14.5125 12.4893  9.9745  9.1183  8.3067  7.9703  7.2417  6.9112  6.7691  6.5400  6.1852  6.1683  5.9457
  67  0.540287  3.6763  4.6509 -0.8215 14.2997 12.2460  9.8245  8.9796  8.2176  7.8848  7.1724  6.8483  6.7091  6.4834  6.1342  6.1178  5.8994
  68  0.544183  3.6797  4.6478 -0.8019 14.0573 11.9966  9.6729  8.8414  8.1306  7.8018  7.1050  6.7871  6.6508  6.4282  6.0844  6.0683  5.8541
  69  0.548015  3.6829  4.6447 -0.7827 13.8122 11.7523  9.5244  8.7070  8.0462  7.7214  7.0395  6.7275  6.5940  6.3744  6.0355  6.0199  5.8096
  70  0.551794  3.6861  4.6413 -0.7637 13.5714 11.5174  9.3807  8.5773  7.9646  7.6438  6.9758  6.6695  6.5386  6.3219  5.9876  5.9725  5.7658
  71  0.555513  3.6892  4.6380 -0.7451 13.3383 11.2941  9.2424  8.4526  7.8855  7.5688  6.9140  6.6129  6.4846  6.2706  5.9408  5.9260  5.7231
  72  0.559188  3.6922  4.6344 -0.7268 13.1205 11.0883  9.1120  8.3350  7.8094  7.4967  6.8540  6.5578  6.4319  6.2203  5.8948  5.8803  5.6809
  73  0.562809  3.6950  4.6307 -0.7088 12.9587 10.9216  8.9972  8.2291  7.7369  7.4277  6.7957  6.5040  6.3801  6.1710  5.8497  5.8356  5.6396
  74  0.566376  3.6978  4.6268 -0.6910 12.8167 10.7721  8.8898  8.1295  7.6669  7.3612  6.7391  6.4515  6.3294  6.1228  5.8055  5.7917  5.5989
  75  0.569888  3.7005  4.6228 -0.6736 12.6843 10.6335  8.7878  8.0346  7.5994  7.2970  6.6842  6.4005  6.2801  6.0757  5.7622  5.7487  5.5590
  76  0.573346  3.7031  4.6188 -0.6565 12.5577 10.5032  8.6898  7.9434  7.5337  7.2348  6.6307  6.3507  6.2319  6.0297  5.7197  5.7067  5.5199
  77  0.576744  3.7057  4.6147 -0.6396 12.4341 10.3790  8.5950  7.8554  7.4699  7.1744  6.5786  6.3020  6.1847  5.9846  5.6782  5.6654  5.4815
  78  0.580090  3.7082  4.6105 -0.6229 12.3107 10.2590  8.5025  7.7696  7.4076  7.1153  6.5275  6.2543  6.1385  5.9403  5.6373  5.6247  5.4437
  79  0.583374  3.7106  4.6063 -0.6065 12.1739 10.1357  8.4094  7.6843  7.3466  7.0577  6.4777  6.2077  6.0933  5.8970  5.5973  5.5850  5.4067
  80  0.586600  3.7129  4.6020 -0.5903 12.0225 10.0080  8.3156  7.5992  7.2867  7.0014  6.4290  6.1621  6.0490  5.8547  5.5581  5.5461  5.3703
  81  0.589767  3.7153  4.5976 -0.5744 11.8705  9.8829  8.2236  7.5160  7.2283  6.9464  6.3815  6.1175  6.0058  5.8133  5.5196  5.5079  5.3347
  82  0.593967  3.7183  4.5916 -0.5533 11.6665  9.7192  8.1029  7.4071  7.1515  6.8742  6.3189  6.0589  5.9488  5.7585  5.4688  5.4574  5.2874
  83  0.598102  3.7212  4.5854 -0.5324 11.4635  9.5598  7.9848  7.3008  7.0763  6.8037  6.2576  6.0012  5.8928  5.7047  5.4187  5.4076  5.2408
  84  0.602170  3.7240  4.5790 -0.5117 11.2640  9.4058  7.8699  7.1976  7.0028  6.7347  6.1976  5.9446  5.8378  5.6518  5.3694  5.3585  5.1948
  85  0.606171  3.7267  4.5724 -0.4913 11.0753  9.2599  7.7595  7.0981  6.9311  6.6674  6.1388  5.8891  5.7838  5.5998  5.3208  5.3103  5.1494
  86  0.610099  3.7294  4.5655 -0.4710 10.8956  9.1216  7.6530  7.0018  6.8609  6.6016  6.0812  5.8347  5.7306  5.5487  5.2730  5.2627  5.1046
  87  0.613949  3.7319  4.5585 -0.4510 10.7222  8.9888  7.5500  6.9087  6.7925  6.5373  6.0248  5.7813  5.6786  5.4985  5.2259  5.2160  5.0604
  88  0.617719  3.7344  4.5513 -0.4313 10.5549  8.8614  7.4504  6.8188  6.7257  6.4746  5.9696  5.7290  5.6275  5.4491  5.1797  5.1699  5.0169
  89  0.621407  3.7367  4.5439 -0.4119 10.3944  8.7398  7.3545  6.7319  6.6607  6.4135  5.9156  5.6777  5.5773  5.4007  5.1340  5.1245  4.9738
  90  0.625010  3.7390  4.5363 -0.3928 10.2398  8.6232  7.2618  6.6479  6.5972  6.3537  5.8627  5.6274  5.5281  5.3530  5.0891  5.0797  4.9313
  91  0.628532  3.7413  4.5284 -0.3738 10.0914  8.5112  7.1722  6.5669  6.5354  6.2955  5.8108  5.5779  5.4796  5.3061  5.0446  5.0356  4.8892
  92  0.631971  3.7434  4.5205 -0.3551  9.9485  8.4034  7.0856  6.4884  6.4749  6.2384  5.7599  5.5292  5.4319  5.2598  5.0008  4.9918  4.8476
  93  0.635335  3.7453  4.5123 -0.3366  9.8117  8.3001  7.0022  6.4126  6.4159  6.1827  5.7099  5.4813  5.3848  5.2140  4.9573  4.9486  4.8062
  94  0.638626  3.7472  4.5039 -0.3183  9.6792  8.2004  6.9212  6.3389  6.3581  6.1279  5.6607  5.4340  5.3384  5.1689  4.9143  4.9057  4.7652
  95  0.641842  3.7491  4.4954 -0.3002  9.5508  8.1036  6.8423  6.2672  6.3013  6.0741  5.6122  5.3875  5.2926  5.1243  4.8718  4.8634  4.7245
  96  0.644984  3.7509  4.4866 -0.2822  9.4270  8.0100  6.7657  6.1975  6.2456  6.0213  5.5645  5.3415  5.2474  5.0801  4.8296  4.8214  4.6842
  97  0.648057  3.7525  4.4776 -0.2644  9.3077  7.9195  6.6912  6.1295  6.1908  5.9694  5.5173  5.2961  5.2027  5.0365  4.7879  4.7798  4.6441
  98  0.651059  3.7541  4.4683 -0.2468  9.1938  7.8327  6.6193  6.0638  6.1372  5.9184  5.4710  5.2512  5.1585  4.9934  4.7464  4.7385  4.6043
  99  0.653987  3.7557  4.4589 -0.2293  9.0819  7.7471  6.5483  5.9989  6.0842  5.8680  5.4252  5.2070  5.1149  4.9508  4.7056  4.6978  4.5649
 100  0.656845  3.7571  4.4492 -0.2119  8.9744  7.6640  6.4791  5.9357  6.0322  5.8185  5.3800  5.1633  5.0718  4.9088  4.6652  4.6575  4.5259
 101  0.659632  3.7584  4.4394 -0.1948  8.8703  7.5832  6.4116  5.8740  5.9810  5.7697  5.3354  5.1202  5.0293  4.8672  4.6252  4.6176  4.4873
 102  0.662351  3.7598  4.4294 -0.1778  8.7704  7.5053  6.3462  5.8139  5.9306  5.7217  5.2914  5.0776  4.9873  4.8260  4.5854  4.5780  4.4488
 103  0.665000  3.7610  4.4192 -0.1610  8.6742  7.4298  6.2826  5.7554  5.8812  5.6744  5.2479  5.0354  4.9456  4.7853  4.5460  4.5386  4.4106
 104  0.667582  3.7622  4.4090 -0.1444  8.5818  7.3568  6.2209  5.6984  5.8325  5.6278  5.2049  4.9937  4.9044  4.7449  4.5070  4.4998  4.3727
 105  0.670103  3.7632  4.3986 -0.1279  8.4937  7.2864  6.1611  5.6429  5.7847  5.5819  5.1625  4.9525  4.8637  4.7050  4.4683  4.4612  4.3351
 106  0.672568  3.7643  4.3880 -0.1117  8.4092  7.2185  6.1032  5.5891  5.7378  5.5369  5.1206  4.9118  4.8235  4.6655  4.4300  4.4230  4.2978
 107  0.674982  3.7652  4.3773 -0.0956  8.3287  7.1533  6.0473  5.5370  5.6919  5.4926  5.0793  4.8716  4.7838  4.6264  4.3920  4.3850  4.2607
 108  0.677353  3.7662  4.3665 -0.0797  8.2516  7.0904  5.9931  5.4863  5.6468  5.4491  5.0386  4.8318  4.7444  4.5877  4.3543  4.3474  4.2239
 109  0.679696  3.7670  4.3556 -0.0640  8.1777  7.0299  5.9405  5.4371  5.6025  5.4063  4.9984  4.7925  4.7055  4.5494  4.3169  4.3101  4.1873
 110  0.682013  3.7677  4.3446 -0.0484  8.1075  6.9717  5.8897  5.3895  5.5592  5.3643  4.9588  4.7537  4.6671  4.5115  4.2799  4.2731  4.1509
 111  0.684228  3.7685  4.3339 -0.0331  8.0373  6.9140  5.8393  5.3423  5.5164  5.3228  4.9197  4.7155  4.6291  4.4741  4.2434  4.2366  4.1152
 112  0.685059  3.7689  4.3298 -0.0272  8.0088  6.8909  5.8194  5.3237  5.4995  5.3066  4.9044  4.7006  4.6144  4.4595  4.2293  4.2226  4.1014
 113  0.685890  3.7692  4.3257 -0.0211  7.9805  6.8676  5.7993  5.3050  5.4826  5.2902  4.8891  4.6856  4.5995  4.4449  4.2151  4.2083  4.0874
 114  0.686720  3.7695  4.3216 -0.0151  7.9523  6.8446  5.7793  5.2863  5.4656  5.2737  4.8736  4.6704  4.5846  4.4302  4.2007  4.1940  4.0734
 115  0.687550  3.7698  4.3172 -0.0090  7.9256  6.8226  5.7600  5.2682  5.4487  5.2572  4.8581  4.6553  4.5694  4.4153  4.1862  4.1795  4.0591
 116  0.688377  3.7701  4.3127 -0.0029  7.8997  6.8010  5.7408  5.2501  5.4317  5.2407  4.8423  4.6398  4.5541  4.4002  4.1714  4.1647  4.0446
 117  0.689200  3.7704  4.3079  0.0034  7.8748  6.7800  5.7220  5.2323  5.4148  5.2242  4.8265  4.6243  4.5387  4.3849  4.1563  4.1497  4.0298
 118  0.690020  3.7706  4.3030  0.0097  7.8506  6.7593  5.7032  5.2144  5.3978  5.2075  4.8105  4.6085  4.5230  4.3693  4.1410  4.1344  4.0147
 119  0.690836  3.7708  4.2979  0.0161  7.8267  6.7388  5.6846  5.1967  5.3806  5.1908  4.7943  4.5925  4.5071  4.3536  4.1255  4.1189  3.9993
 120  0.691650  3.7709  4.2927  0.0225  7.8033  6.7185  5.6660  5.1789  5.3635  5.1739  4.7780  4.5764  4.4911  4.3378  4.1098  4.1032  3.9837
 121  0.692462  3.7711  4.2874  0.0290  7.7801  6.6982  5.6474  5.1612  5.3462  5.1569  4.7616  4.5602  4.4749  4.3217  4.0940  4.0875  3.9681
 122  0.693267  3.7713  4.2821  0.0356  7.7563  6.6776  5.6285  5.1431  5.3288  5.1397  4.7450  4.5437  4.4586  4.3054  4.0779  4.0714  3.9522
 123  0.694071  3.7716  4.2767  0.0422  7.7328  6.6571  5.6096  5.1250  5.3112  5.1224  4.7282  4.5272  4.4421  4.2891  4.0618  4.0553  3.9362
 124  0.694873  3.7717  4.2712  0.0489  7.7090  6.6363  5.5905  5.1068  5.2934  5.1050  4.7114  4.5105  4.4255  4.2726  4.0455  4.0391  3.9201
 125  0.695675  3.7718  4.2657  0.0556  7.6858  6.6158  5.5717  5.0887  5.2757  5.0876  4.6945  4.4938  4.4089  4.2561  4.0292  4.0227  3.9039
 126  0.696477  3.7720  4.2601  0.0623  7.6627  6.5955  5.5528  5.0707  5.2579  5.0701  4.6775  4.4770  4.3921  4.2395  4.0128  4.0063  3.8876
 127  0.697276  3.7722  4.2543  0.0691  7.6404  6.5755  5.5342  5.0527  5.2402  5.0526  4.6605  4.4601  4.3753  4.2228  3.9962  3.9897  3.8711
 128  0.698073  3.7722  4.2485  0.0759  7.6183  6.5555  5.5156  5.0347  5.2225  5.0351  4.6433  4.4431  4.3584  4.2060  3.9794  3.9730  3.8545
 129  0.698867  3.7723  4.2425  0.0827  7.5969  6.5360  5.4972  5.0169  5.2047  5.0174  4.6261  4.4260  4.3413  4.1889  3.9626  3.9561  3.8377
 130  0.699658  3.7724  4.2364  0.0896  7.5766  6.5171  5.4791  4.9993  5.1870  4.9999  4.6088  4.4088  4.3242  4.1718  3.9455  3.9390  3.8207
 131  0.700446  3.7724  4.2301  0.0966  7.5569  6.4984  5.4612  4.9818  5.1692  4.9822  4.5914  4.3914  4.3068  4.1545  3.9283  3.9219  3.8035
 132  0.701229  3.7725  4.2237  0.1036  7.5377  6.4800  5.4433  4.9643  5.1514  4.9646  4.5739  4.3739  4.2894  4.1370  3.9109  3.9044  3.7860
 133  0.702008  3.7725  4.2171  0.1106  7.5190  6.4618  5.4256  4.9469  5.1336  4.9467  4.5563  4.3564  4.2718  4.1194  3.8933  3.8868  3.7685
 134  0.702783  3.7725  4.2104  0.1178  7.5010  6.4442  5.4081  4.9296  5.1158  4.9289  4.5385  4.3386  4.2540  4.1017  3.8755  3.8691  3.7506
 135  0.703552  3.7725  4.2034  0.1249  7.4841  6.4269  5.3908  4.9125  5.0980  4.9112  4.5207  4.3207  4.2361  4.0838  3.8576  3.8511  3.7326
 136  0.704316  3.7723  4.1964  0.1322  7.4676  6.4099  5.3737  4.8955  5.0802  4.8933  4.5027  4.3027  4.2181  4.0658  3.8394  3.8330  3.7144
 137  0.705074  3.7722  4.1891  0.1395  7.4520  6.3935  5.3569  4.8786  5.0624  4.8754  4.4847  4.2846  4.2000  4.0476  3.8211  3.8146  3.6959
 138  0.705826  3.7721  4.1816  0.1468  7.4373  6.3774  5.3402  4.8619  5.0446  4.8575  4.4666  4.2664  4.1818  4.0292  3.8026  3.7961  3.6773
 139  0.706572  3.7719  4.1741  0.1541  7.4233  6.3618  5.3238  4.8453  5.0268  4.8396  4.4483  4.2480  4.1633  4.0107  3.7839  3.7774  3.6583
 140  0.707312  3.7717  4.1662  0.1616  7.4108  6.3470  5.3078  4.8290  5.0091  4.8217  4.4301  4.2295  4.1447  3.9920  3.7650  3.7584  3.6392
 141  0.708045  3.7714  4.1582  0.1691  7.3997  6.3330  5.2923  4.8130  4.9916  4.8038  4.4117  4.2110  4.1261  3.9732  3.7458  3.7393  3.6198
 142  0.708770  3.7711  4.1499  0.1766  7.3900  6.3197  5.2773  4.7974  4.9741  4.7861  4.3933  4.1923  4.1073  3.9541  3.7265  3.7199  3.6002
 143  0.709487  3.7708  4.1414  0.1842  7.3816  6.3073  5.2626  4.7820  4.9568  4.7683  4.3748  4.1734  4.0884  3.9350  3.7070  3.7004  3.5803
 144  0.710198  3.7703  4.1325  0.1918  7.3756  6.2963  5.2489  4.7673  4.9397  4.7508  4.3563  4.1546  4.0694  3.9157  3.6872  3.6805  3.5600
 145  0.710900  3.7700  4.1235  0.1994  7.3708  6.2858  5.2354  4.7528  4.9227  4.7332  4.3377  4.1355  4.0502  3.8962  3.6673  3.6605  3.5396
 146  0.711594  3.7694  4.1141  0.2072  7.3694  6.2776  5.2234  4.7394  4.9061  4.7159  4.3191  4.1164  4.0309  3.8766  3.6470  3.6403  3.5188
 147  0.712280  3.7688  4.1045  0.2149  7.3698  6.2707  5.2121  4.7265  4.8896  4.6986  4.3004  4.0972  4.0114  3.8568  3.6266  3.6197  3.4978
 148  0.712957  3.7682  4.0946  0.2227  7.3726  6.2653  5.2016  4.7144  4.8734  4.6815  4.2817  4.0779  3.9919  3.8368  3.6058  3.5990  3.4764
 149  0.713624  3.7675  4.0845  0.2305  7.3764  6.2605  5.1915  4.7024  4.8572  4.6643  4.2629  4.0584  3.9722  3.8167  3.5850  3.5781  3.4549
 150  0.714282  3.7668  4.0741  0.2384  7.3835  6.2574  5.1825  4.6913  4.8414  4.6474  4.2442  4.0389  3.9526  3.7964  3.5639  3.5570  3.4332
 151  0.714931  3.7660  4.0637  0.2463  7.3914  6.2549  5.1739  4.6804  4.8256  4.6306  4.2254  4.0194  3.9327  3.7762  3.5428  3.5357  3.4112
 152  0.715573  3.7653  4.0528  0.2542  7.4033  6.2546  5.1666  4.6708  4.8103  4.6140  4.2066  3.9999  3.9129  3.7558  3.5215  3.5144  3.3891
 153  0.716204  3.7644  4.0418  0.2622  7.4170  6.2554  5.1600  4.6617  4.7952  4.5975  4.1879  3.9803  3.8929  3.7352  3.5000  3.4928  3.3667
 154  0.716827  3.7634  4.0301  0.2701  7.4374  6.2601  5.1559  4.6545  4.7810  4.5817  4.1694  3.9607  3.8730  3.7147  3.4782  3.4709  3.3438
 155  0.717439  3.7622  4.0181  0.2780  7.4622  6.2673  5.1535  4.6486  4.7673  4.5664  4.1510  3.9413  3.8531  3.6939  3.4563  3.4489  3.3207
 156  0.718042  3.7610  4.0056  0.2861  7.4926  6.2777  5.1531  4.6443  4.7545  4.5515  4.1328  3.9218  3.8332  3.6732  3.4341  3.4266  3.2973
 157  0.718635  3.7597  3.9927  0.2940  7.5285  6.2909  5.1543  4.6415  4.7422  4.5371  4.1147  3.9024  3.8132  3.6524  3.4118  3.4042  3.2736
 158  0.719217  3.7581  3.9788  0.3020  7.5772  6.3115  5.1604  4.6424  4.7317  4.5241  4.0973  3.8833  3.7936  3.6316  3.3891  3.3814  3.2493
 159  0.719787  3.7563  3.9638  0.3099  7.6371  6.3387  5.1706  4.6466  4.7230  4.5123  4.0803  3.8644  3.7739  3.6107  3.3661  3.3582  3.2244
 160  0.720342  3.7542  3.9481  0.3178  7.7067  6.3710  5.1843  4.6537  4.7157  4.5016  4.0638  3.8458  3.7545  3.5898  3.3429  3.3348  3.1990
 161  0.720879  3.7520  3.9315  0.3257  7.7840  6.4069  5.2006  4.6628  4.7097  4.4920  4.0480  3.8277  3.7355  3.5693  3.3196  3.3113  3.1735
 162  0.721475  3.7490  3.9114  0.3343  7.8898  6.4591  5.2267  4.6794  4.7063  4.4838  4.0317  3.8082  3.7148  3.5465  3.2933  3.2848  3.1441
 163  0.722062  3.7459  3.8893  0.3441  8.0026  6.5149  5.2544  4.6971  4.7020  4.4745  4.0135  3.7867  3.6921  3.5216  3.2646  3.2556  3.1119
 164  0.722640  3.7425  3.8655  0.3547  8.1226  6.5747  5.2840  4.7159  4.6968  4.4639  3.9937  3.7633  3.6674  3.4944  3.2333  3.2241  3.0770
 165  0.723205  3.7390  3.8398  0.3668  8.2438  6.6352  5.3127  4.7335  4.6892  4.4507  3.9710  3.7369  3.6396  3.4642  3.1988  3.1893  3.0387
 166  0.723750  3.7356  3.8127  0.3806  8.3599  6.6929  5.3374  4.7474  4.6774  4.4334  3.9442  3.7065  3.6079  3.4300  3.1604  3.1505  2.9965
 167  0.724269  3.7324  3.7847  0.3963  8.4626  6.7426  5.3547  4.7545  4.6597  4.4105  3.9126  3.6714  3.5716  3.3914  3.1178  3.1077  2.9505
 168  0.724757  3.7296  3.7563  0.4137  8.5466  6.7809  5.3626  4.7533  4.6358  4.3820  3.8762  3.6320  3.5309  3.3488  3.0716  3.0612  2.9010
 169  0.725216  3.7272  3.7282  0.4325  8.6085  6.8045  5.3595  4.7426  4.6056  4.3478  3.8354  3.5885  3.4866  3.3027  3.0224  3.0118  2.8491
 170  0.725649  3.7252  3.7004  0.4524  8.6529  6.8159  5.3477  4.7245  4.5705  4.3093  3.7912  3.5420  3.4393  3.2538  2.9710  2.9601  2.7952
 171  0.726060  3.7235  3.6732  0.4731  8.6807  6.8159  5.3278  4.6995  4.5310  4.2670  3.7441  3.4931  3.3897  3.2030  2.9179  2.9069  2.7401
 172  0.726452  3.7221  3.6464  0.4944  8.6964  6.8071  5.3018  4.6692  4.4882  4.2219  3.6950  3.4424  3.3384  3.1506  2.8637  2.8525  2.6842
 173  0.726830  3.7209  3.6200  0.5162  8.7044  6.7918  5.2711  4.6348  4.4429  4.1746  3.6443  3.3904  3.2859  3.0972  2.8087  2.7973  2.6276
 174  0.727197  3.7197  3.5940  0.5382  8.7036  6.7709  5.2365  4.5971  4.3956  4.1256  3.5924  3.3373  3.2324  3.0429  2.7529  2.7415  2.5706
 175  0.727553  3.7189  3.5681  0.5605  8.6957  6.7451  5.1986  4.5567  4.3468  4.0751  3.5395  3.2834  3.1781  2.9880  2.6967  2.6852  2.5133
 176  0.727902  3.7180  3.5427  0.5830  8.6818  6.7152  5.1581  4.5140  4.2967  4.0237  3.4858  3.2288  3.1233  2.9326  2.6402  2.6286  2.4558
 177  0.728245  3.7173  3.5174  0.6056  8.6639  6.6829  5.1159  4.4700  4.2457  3.9715  3.4317  3.1739  3.0681  2.8768  2.5835  2.5717  2.3981
 178  0.728582  3.7167  3.4922  0.6282  8.6427  6.6483  5.0723  4.4247  4.1941  3.9187  3.3771  3.1186  3.0126  2.8208  2.5265  2.5147  2.3403
 179  0.728915  3.7160  3.4670  0.6510  8.6199  6.6129  5.0281  4.3788  4.1421  3.8657  3.3223  3.0631  2.9569  2.7646  2.4693  2.4575  2.2823
 180  0.729240  3.7154  3.4418  0.6739  8.5950  6.5763  4.9830  4.3323  4.0897  3.8122  3.2671  3.0072  2.9007  2.7080  2.4118  2.4000  2.2240
 181  0.729559  3.7148  3.4166  0.6970  8.5690  6.5389  4.9372  4.2851  4.0367  3.7583  3.2116  2.9509  2.8443  2.6510  2.3540  2.3421  2.1654
 182  0.729742  3.7144  3.4016  0.7106  8.5529  6.5164  4.9099  4.2570  4.0053  3.7262  3.1787  2.9176  2.8109  2.6173  2.3199  2.3078  2.1308
 183  0.729925  3.7141  3.3864  0.7245  8.5364  6.4935  4.8822  4.2284  3.9733  3.6936  3.1451  2.8837  2.7769  2.5830  2.2850  2.2729  2.0955
 184  0.730108  3.7137  3.3709  0.7386  8.5194  6.4701  4.8537  4.1992  3.9407  3.6604  3.1110  2.8491  2.7422  2.5481  2.2496  2.2375  2.0595
 185  0.730291  3.7133  3.3552  0.7530  8.5020  6.4463  4.8249  4.1696  3.9076  3.6268  3.0763  2.8142  2.7070  2.5126  2.2137  2.2015  2.0232
 186  0.730472  3.7130  3.3390  0.7678  8.4842  6.4218  4.7953  4.1390  3.8735  3.5920  3.0406  2.7780  2.6708  2.4760  2.1764  2.1643  1.9855
 187  0.730651  3.7125  3.3221  0.7833  8.4655  6.3963  4.7643  4.1072  3.8379  3.5558  3.0033  2.7402  2.6328  2.4378  2.1377  2.1254  1.9462
 188  0.730829  3.7121  3.3044  0.7995  8.4447  6.3694  4.7315  4.0735  3.8004  3.5176  2.9640  2.7004  2.5929  2.3976  2.0969  2.0847  1.9049
 189  0.731003  3.7117  3.2853  0.8169  8.4240  6.3418  4.6971  4.0380  3.7606  3.4770  2.9222  2.6581  2.5504  2.3547  2.0533  2.0411  1.8608
 190  0.731175  3.7112  3.2654  0.8350  8.4016  6.3124  4.6608  4.0006  3.7189  3.4345  2.8784  2.6138  2.5060  2.3100  2.0079  1.9956  1.8148
 191  0.731344  3.7107  3.2443  0.8541  8.3799  6.2833  4.6236  3.9621  3.6754  3.3900  2.8325  2.5672  2.4593  2.2627  1.9600  1.9476  1.7661
 192  0.731510  3.7101  3.2225  0.8739  8.3562  6.2525  4.5847  3.9219  3.6301  3.3439  2.7849  2.5189  2.4108  2.2138  1.9103  1.8978  1.7157
 193  0.731673  3.7097  3.1997  0.8945  8.3330  6.2214  4.5448  3.8806  3.5833  3.2961  2.7355  2.4689  2.3605  2.1631  1.8587  1.8462  1.6635
 194  0.731834  3.7090  3.1762  0.9157  8.3091  6.1900  4.5040  3.8382  3.5352  3.2469  2.6846  2.4172  2.3087  2.1107  1.8055  1.7929  1.6094
 195  0.731992  3.7084  3.1521  0.9375  8.2842  6.1579  4.4620  3.7946  3.4858  3.1963  2.6323  2.3642  2.2555  2.0570  1.7508  1.7381  1.5540
 196  0.732146  3.7077  3.1269  0.9600  8.2605  6.1264  4.4196  3.7504  3.4350  3.1444  2.5783  2.3094  2.2004  2.0013  1.6942  1.6814  1.4964
 197  0.732298  3.7071  3.1010  0.9832  8.2354  6.0943  4.3762  3.7050  3.3829  3.0910  2.5229  2.2532  2.1439  1.9442  1.6360  1.6232  1.4374
 198  0.732446  3.7063  3.0743  1.0070  8.2060  6.0603  4.3314  3.6585  3.3298  3.0365  2.4663  2.1955  2.0860  1.8857  1.5764  1.5635  1.3767
 199  0.732591  3.7055  3.0468  1.0315  8.1761  6.0261  4.2859  3.6110  3.2751  2.9805  2.4079  2.1363  2.0264  1.8254  1.5149  1.5019  1.3143
 200  0.732732  3.7046  3.0185  1.0566  8.1463  5.9923  4.2397  3.5627  3.2194  2.9234  2.3483  2.0756  1.9656  1.7638  1.4521  1.4390  1.2504
 201  0.732869  3.7038  2.9893  1.0823  8.1175  5.9599  4.1936  3.5142  3.1627  2.8651  2.2874  2.0136  1.9031  1.7006  1.3876  1.3745  1.1847
 202  0.733002  3.7028  2.9590  1.1087  8.0908  5.9296  4.1480  3.4658  3.1054  2.8059  2.2253  1.9503  1.8394  1.6360  1.3216  1.3083  1.1174
 203  0.733132  3.7017  2.9280  1.1356  8.0644  5.9006  4.1022  3.4173  3.0470  2.7458  2.1620  1.8857  1.7745  1.5701  1.2542  1.2407  1.0486
 204  0.733257  3.7007  2.8962  1.1632  8.0385  5.8727  4.0563  3.3682  2.9877  2.6845  2.0974  1.8197  1.7081  1.5029  1.1852  1.1716  0.9781
 205  0.733377  3.6995  2.8635  1.1913  8.0130  5.8461  4.0104  3.3190  2.9275  2.6222  2.0317  1.7525  1.6404  1.4342  1.1149  1.1011  0.9062
 206  0.733493  3.6983  2.8300  1.2200  7.9880  5.8211  3.9644  3.2696  2.8664  2.5590  1.9648  1.6842  1.5716  1.3643  1.0431  1.0294  0.8329
 207  0.733604  3.6971  2.7959  1.2492  7.9639  5.7980  3.9187  3.2203  2.8047  2.4950  1.8969  1.6147  1.5017  1.2933  0.9702  0.9563  0.7583
 208  0.733711  3.6957  2.7611  1.2789  7.9404  5.7775  3.8734  3.1710  2.7422  2.4302  1.8281  1.5442  1.4307  1.2212  0.8962  0.8821  0.6825
 209  0.733813  3.6944  2.7256  1.3091  7.9181  5.7608  3.8286  3.1221  2.6794  2.3647  1.7584  1.4728  1.3587  1.1480  0.8210  0.8067  0.6054
 210  0.733911  3.6930  2.6895  1.3396  7.8968  5.7464  3.7843  3.0735  2.6158  2.2986  1.6879  1.4005  1.2859  1.0740  0.7449  0.7305  0.5274
 211  0.734003  3.6916  2.6528  1.3706  7.8774  5.7351  3.7408  3.0254  2.5521  2.2321  1.6167  1.3274  1.2122  0.9989  0.6677  0.6531  0.4483
 212  0.734092  3.6901  2.6156  1.4020  7.8596  5.7266  3.6980  2.9779  2.4880  2.1651  1.5449  1.2535  1.1378  0.9232  0.5898  0.5749  0.3683
 213  0.734171  3.6885  2.5763  1.4349  7.8423  5.7217  3.6557  2.9306  2.4220  2.0958  1.4703  1.1767  1.0603  0.8442  0.5081  0.4931  0.2844
 214  0.734250  3.6867  2.5335  1.4706  7.8365  5.7254  3.6145  2.8838  2.3520  2.0221  1.3901  1.0940  0.9767  0.7589  0.4197  0.4045  0.1934
 215  0.734327  3.6850  2.4936  1.5037  7.8460  5.7378  3.5790  2.8419  2.2874  1.9535  1.3154  1.0168  0.8987  0.6794  0.3373  0.3219  0.1086
 216  0.734402  3.6833  2.4545  1.5362  7.8602  5.7542  3.5458  2.8022  2.2245  1.8867  1.2423  0.9412  0.8224  0.6013  0.2567  0.2412  0.0257
 217  0.734412  3.6831  2.4495  1.5402  7.8633  5.7565  3.5417  2.7970  2.2165  1.8781  1.2329  0.9316  0.8126  0.5914  0.2464  0.2308  0.0151
 218  0.734422  3.6829  2.4446  1.5444  7.8663  5.7586  3.5374  2.7919  2.2084  1.8695  1.2236  0.9219  0.8029  0.5815  0.2362  0.2205  0.0045
 219  0.734431  3.6827  2.4396  1.5485  7.8697  5.7611  3.5334  2.7869  2.2005  1.8610  1.2143  0.9123  0.7931  0.5715  0.2259  0.2101 -0.0061
 220  0.734441  3.6825  2.4345  1.5526  7.8732  5.7636  3.5294  2.7820  2.1925  1.8525  1.2050  0.9027  0.7834  0.5616  0.2156  0.1999 -0.0166
 221  0.734450  3.6822  2.4296  1.5567  7.8769  5.7663  3.5255  2.7771  2.1846  1.8441  1.1957  0.8930  0.7736  0.5517  0.2053  0.1895 -0.0272
 222  0.734460  3.6820  2.4246  1.5608  7.8805  5.7688  3.5216  2.7722  2.1767  1.8357  1.1864  0.8835  0.7639  0.5417  0.1951  0.1793 -0.0377
 223  0.734470  3.6818  2.4197  1.5649  7.8846  5.7716  3.5178  2.7674  2.1688  1.8272  1.1772  0.8739  0.7543  0.5319  0.1849  0.1691 -0.0482
 224  0.734480  3.6816  2.4147  1.5689  7.8884  5.7742  3.5138  2.7626  2.1610  1.8189  1.1680  0.8643  0.7446  0.5220  0.1748  0.1589 -0.0587
 225  0.734489  3.6814  2.4098  1.5730  7.8928  5.7771  3.5101  2.7578  2.1533  1.8105  1.1588  0.8550  0.7351  0.5123  0.1647  0.1488 -0.0690
 226  0.734499  3.6812  2.4050  1.5770  7.8972  5.7801  3.5065  2.7532  2.1456  1.8023  1.1498  0.8456  0.7257  0.5027  0.1547  0.1388 -0.0793
 227  0.734589  3.6796  2.3677  1.6080  7.9468  5.7989  3.4759  2.7145  2.0844  1.7369  1.0785  0.7720  0.6512  0.4267  0.0766  0.0605 -0.1593
 228  0.734676  3.6788  2.3458  1.6266  8.0098  5.8065  3.4551  2.6873  2.0451  1.6952  1.0338  0.7260  0.6049  0.3798  0.0289  0.0127 -0.2079
 229  0.734766  3.6765  2.2958  1.6678  8.0556  5.8489  3.4215  2.6433  1.9671  1.6112  0.9409  0.6297  0.5074  0.2801 -0.0741 -0.0904 -0.3137
 230  0.734849  3.6735  2.2339  1.7180  8.0859  5.9132  3.3886  2.5992  1.8763  1.5127  0.8306  0.5146  0.3907  0.1605 -0.1982 -0.2149 -0.4418
 231  0.734921  3.6709  2.1783  1.7628  8.0958  5.9710  3.3605  2.5619  1.7961  1.4255  0.7324  0.4119  0.2867  0.0538 -0.3090 -0.3261 -0.5563
 232  0.734988  3.6685  2.1295  1.8023  8.0789  6.0171  3.3355  2.5303  1.7263  1.3496  0.6469  0.3224  0.1959 -0.0394 -0.4057 -0.4231 -0.6565
 233  0.735050  3.6672  2.0995  1.8269  8.0429  6.0420  3.3204  2.5135  1.6833  1.3029  0.5941  0.2671  0.1398 -0.0971 -0.4653 -0.4829 -0.7180
 234  0.735111  3.6655  2.0627  1.8568  8.0108  6.0723  3.3032  2.4936  1.6318  1.2468  0.5302  0.2001  0.0718 -0.1670 -0.5380 -0.5558 -0.7933
 235  0.735167  3.6622  1.9994  1.9073  7.9952  6.1290  3.2757  2.4579  1.5455  1.1522  0.4221  0.0865 -0.0435 -0.2856 -0.6616 -0.6799 -0.9217
 236  0.735218  3.6589  1.9352  1.9583  7.9735  6.1855  3.2511  2.4259  1.4607  1.0588  0.3143 -0.0271 -0.1590 -0.4045 -0.7858 -0.8045 -1.0509
 237  0.735264  3.6555  1.8711  2.0087  7.9465  6.2464  3.2315  2.3995  1.3798  0.9689  0.2095 -0.1380 -0.2717 -0.5208 -0.9079 -0.9271 -1.1783
 238  0.735304  3.6521  1.8084  2.0578  7.9162  6.3077  3.2150  2.3768  1.3030  0.8833  0.1087 -0.2448 -0.3806 -0.6333 -1.0262 -1.0458 -1.3020
 239  0.735340  3.6487  1.7466  2.1062  7.8834  6.3685  3.2003  2.3568  1.2289  0.8002  0.0102 -0.3493 -0.4871 -0.7434 -1.1426 -1.1627 -1.4239
 240  0.735373  3.6453  1.6853  2.1539  7.8487  6.4372  3.1892  2.3406  1.1578  0.7202 -0.0855 -0.4512 -0.5910 -0.8510 -1.2566 -1.2772 -1.5437
 241  0.735402  3.6421  1.6273  2.1989  7.8081  6.5015  3.1801  2.3279  1.0925  0.6462 -0.1750 -0.5467 -0.6884 -0.9518 -1.3640 -1.3851 -1.6567
 242  0.735428  3.6389  1.5706  2.2427  7.7642  6.5631  3.1720  2.3170  1.0305  0.5758 -0.2614 -0.6389 -0.7827 -1.0493 -1.4682 -1.4896 -1.7665
 243  0.735452  3.6356  1.5151  2.2854  7.7172  6.6197  3.1646  2.3078  0.9719  0.5088 -0.3442 -0.7275 -0.8735 -1.1432 -1.5691 -1.5910 -1.8733
 244  0.735473  3.6325  1.4605  2.3274  7.6674  6.6720  3.1572  2.2993  0.9156  0.4443 -0.4248 -0.8140 -0.9619 -1.2347 -1.6680 -1.6902 -1.9780
 245  0.735493  3.6293  1.4065  2.3687  7.6160  6.7220  3.1506  2.2924  0.8617  0.3825 -0.5029 -0.8978 -1.0479 -1.3238 -1.7649 -1.7876 -2.0809
 246  0.735511  3.6261  1.3533  2.4091  7.5635  6.7668  3.1455  2.2880  0.8113  0.3239 -0.5778 -0.9785 -1.1307 -1.4098 -1.8594 -1.8825 -2.1816
 247  0.735527  3.6230  1.3014  2.4484  7.5105  6.8064  3.1406  2.2847  0.7637  0.2686 -0.6495 -1.0558 -1.2100 -1.4922 -1.9509 -1.9744 -2.2794
 248  0.735542  3.6199  1.2505  2.4869  7.4563  6.8402  3.1346  2.2808  0.7179  0.2154 -0.7193 -1.1308 -1.2871 -1.5721 -2.0405 -2.0643 -2.3753
 249  0.735555  3.6168  1.2008  2.5245  7.4014  6.8689  3.1283  2.2774  0.6747  0.1650 -0.7860 -1.2026 -1.3608 -1.6487 -2.1276 -2.1518 -2.4688
 250  0.735567  3.6137  1.1515  2.5616  7.3454  6.8924  3.1216  2.2743  0.6329  0.1162 -0.8514 -1.2727 -1.4328 -1.7235 -2.2138 -2.2381 -2.5614
 251  0.735580  3.6108  1.1036  2.5977  7.2893  6.9098  3.1142  2.2712  0.5935  0.0701 -0.9138 -1.3396 -1.5015 -1.7951 -2.2974 -2.3220 -2.6514
 252  0.735590  3.6078  1.0565  2.6329  7.2335  6.9223  3.1065  2.2686  0.5574  0.0275 -0.9725 -1.4026 -1.5660 -1.8629 -2.3784 -2.4034 -2.7394
 253  0.735600  3.6049  1.0102  2.6676  7.1781  6.9276  3.0986  2.2668  0.5238 -0.0122 -1.0282 -1.4628 -1.6276 -1.9281 -2.4577 -2.4830 -2.8257
 254  0.735608  3.6020  0.9648  2.7014  7.1234  6.9284  3.0900  2.2650  0.4931 -0.0485 -1.0798 -1.5186 -1.6846 -1.9892 -2.5347 -2.5603 -2.9100
 255  0.735617  3.5992  0.9205  2.7345  7.0687  6.9253  3.0802  2.2624  0.4639 -0.0828 -1.1288 -1.5711 -1.7379 -2.0469 -2.6103 -2.6362 -2.9929
 256  0.735625  3.5964  0.8766  2.7669  7.0148  6.9201  3.0706  2.2606  0.4380 -0.1134 -1.1734 -1.6193 -1.7866 -2.1008 -2.6837 -2.7100 -3.0742
 257  0.735632  3.5936  0.8339  2.7986  6.9619  6.9119  3.0599  2.2582  0.4148 -0.1404 -1.2134 -1.6627 -1.8301 -2.1504 -2.7548 -2.7814 -3.1534
 258  0.735639  3.5908  0.7917  2.8297  6.9091  6.9011  3.0479  2.2551  0.3941 -0.1640 -1.2486 -1.7010 -1.8680 -2.1960 -2.8247 -2.8516 -3.2316
 259  0.735646  3.5882  0.7508  2.8599  6.8573  6.8881  3.0345  2.2509  0.3758 -0.1844 -1.2793 -1.7347 -1.9010 -2.2375 -2.8920 -2.9193 -3.3075
 260  0.735651  3.5855  0.7102  2.8897  6.8062  6.8735  3.0204  2.2464  0.3603 -0.2012 -1.3057 -1.7641 -1.9296 -2.2755 -2.9575 -2.9854 -3.3822
 261  0.735656  3.5829  0.6708  2.9188  6.7562  6.8576  3.0047  2.2404  0.3474 -0.2146 -1.3280 -1.7896 -1.9538 -2.3098 -3.0204 -3.0488 -3.4546
 262  0.735661  3.5803  0.6323  2.9471  6.7074  6.8411  2.9882  2.2338  0.3372 -0.2241 -1.3449 -1.8096 -1.9723 -2.3396 -3.0805 -3.1097 -3.5249
 263  0.735666  3.5779  0.5945  2.9749  6.6609  6.8264  2.9725  2.2291  0.3336 -0.2244 -1.3480 -1.8160 -1.9754 -2.3588 -3.1367 -3.1670 -3.5932
 264  0.735671  3.5753  0.5574  3.0022  6.6159  6.8124  2.9568  2.2250  0.3343 -0.2192 -1.3440 -1.8154 -1.9709 -2.3722 -3.1901 -3.2216 -3.6598
 265  0.735675  3.5730  0.5211  3.0288  6.5720  6.7981  2.9406  2.2205  0.3370 -0.2112 -1.3358 -1.8106 -1.9620 -2.3821 -3.2411 -3.2741 -3.7245
 266  0.735679  3.5705  0.4855  3.0549  6.5292  6.7829  2.9233  2.2143  0.3393 -0.2018 -1.3249 -1.8036 -1.9507 -2.3895 -3.2890 -3.3237 -3.7872
 267  0.735682  3.5682  0.4506  3.0804  6.4879  6.7671  2.9053  2.2069  0.3421 -0.1906 -1.3113 -1.7940 -1.9372 -2.3941 -3.3338 -3.3707 -3.8476
 268  0.735687  3.5659  0.4163  3.1055  6.4483  6.7525  2.8884  2.2008  0.3485 -0.1755 -1.2934 -1.7805 -1.9197 -2.3952 -3.3757 -3.4149 -3.9058
 269  0.735689  3.5636  0.3828  3.1299  6.4106  6.7392  2.8723  2.1959  0.3589 -0.1560 -1.2716 -1.7636 -1.8988 -2.3930 -3.4146 -3.4563 -3.9618
 270  0.735692  3.5614  0.3495  3.1539  6.3748  6.7276  2.8578  2.1930  0.3739 -0.1313 -1.2446 -1.7418 -1.8733 -2.3863 -3.4503 -3.4947 -4.0158
 271  0.735695  3.5591  0.3170  3.1773  6.3410  6.7177  2.8444  2.1914  0.3924 -0.1027 -1.2140 -1.7169 -1.8449 -2.3762 -3.4827 -3.5300 -4.0672
 272  0.735698  3.5567  0.2847  3.2002  6.3102  6.7107  2.8349  2.1938  0.4167 -0.0687 -1.1811 -1.6913 -1.8172 -2.3642 -3.5107 -3.5612 -4.1152
 273  0.735701  3.5545  0.2534  3.2227  6.2817  6.7041  2.8268  2.1971  0.4450 -0.0305 -1.1461 -1.6657 -1.7913 -2.3516 -3.5336 -3.5877 -4.1590
 274  0.735704  3.5523  0.2229  3.2446  6.2547  6.6985  2.8199  2.2018  0.4762  0.0100 -1.1094 -1.6389 -1.7645 -2.3372 -3.5539 -3.6116 -4.2005
 275  0.735706  3.5502  0.1931  3.2659  6.2295  6.6943  2.8149  2.2087  0.5108  0.0536 -1.0705 -1.6101 -1.7359 -2.3207 -3.5714 -3.6330 -4.2396
 276  0.735709  3.5482  0.1639  3.2869  6.2038  6.6879  2.8074  2.2116  0.5410  0.0942 -1.0341 -1.5840 -1.7100 -2.3066 -3.5899 -3.6549 -4.2782
 277  0.735711  3.5461  0.1355  3.3072  6.1780  6.6795  2.7974  2.2104  0.5668  0.1316 -1.0001 -1.5603 -1.6867 -2.2945 -3.6086 -3.6766 -4.3156
 278  0.735713  3.5442  0.1084  3.3267  6.1873  6.7664  2.8823  2.3366  0.7364  0.2845 -0.8739 -1.4476 -1.5747 -2.2050 -3.5914 -3.6656 -4.3350
 279  0.735715  3.5426  0.0844  3.3441  6.1638  6.7563  2.8710  2.3323  0.7551  0.3125 -0.8495 -1.4314 -1.5588 -2.1981 -3.6091 -3.6856 -4.3676
