#NUMBER OF AGES= 1
#----------------------------------------------------       
#MIX-LEN  Y      Z          Zeff        [Fe/H] [a/Fe]
# 1.9380  0.3300 4.8102E-03 2.4485E-03  -0.78   0.40 
#----------------------------------------------------       
#**PHOTOMETRIC SYSTEM**: HST WFPC2 (Vega)                   
#----------------------------------------------------       
#AGE=14.400 EEPS=265
#EEP   M/Mo    LogTeff  LogG   LogL/Lo F218W   F255W   F300W   F336W   F439W   F450W   F555W   F606W   F622W   F675W   F791W   F814W   F850LP
  15  0.122251  3.5198  5.2130 -2.6551 20.6629 20.6633 16.8376 16.0525 14.9061 14.4439 13.1557 12.6424 12.4596 12.0138 10.8394 10.7924 10.2685
  16  0.140374  3.5220  5.1567 -2.5296 20.3348 20.2899 16.4754 15.6814 14.5302 14.0815 12.8091 12.2964 12.1144 11.6724 10.5218 10.4755  9.9571
  17  0.156543  3.5247  5.1163 -2.4311 20.0730 19.9795 16.1791 15.3763 14.2204 13.7829 12.5251 12.0134 11.8318 11.3946 10.2701 10.2248  9.7129
  18  0.171950  3.5282  5.0860 -2.3461 19.8416 19.6918 15.9096 15.0972 13.9353 13.5084 12.2661 11.7559 11.5746 11.1435 10.0506 10.0064  9.5031
  19  0.186660  3.5319  5.0620 -2.2716 19.6358 19.4281 15.6658 14.8448 13.6771 13.2597 12.0326 11.5240 11.3429 10.9180  9.8570  9.8141  9.3199
  20  0.200525  3.5353  5.0418 -2.2070 19.4572 19.1985 15.4544 14.6264 13.4539 13.0444 11.8301 11.3229 11.1419 10.7224  9.6894  9.6474  9.1613
  21  0.214584  3.5382  5.0236 -2.1475 19.2929 18.9888 15.2611 14.4274 13.2504 12.8473 11.6444 11.1387 10.9578 10.5429  9.5348  9.4938  9.0148
  22  0.228491  3.5411  5.0076 -2.0928 19.1421 18.7959 15.0841 14.2454 13.0642 12.6668 11.4741 10.9698 10.7891 10.3784  9.3934  9.3532  8.8809
  23  0.240227  3.5434  4.9948 -2.0490 19.0218 18.6418 14.9430 14.1006 12.9160 12.5227 11.3381 10.8349 10.6543 10.2468  9.2804  9.2408  8.7739
  24  0.249133  3.5452  4.9853 -2.0169 18.9343 18.5293 14.8400 13.9949 12.8076 12.4172 11.2383 10.7358 10.5553 10.1502  9.1974  9.1583  8.6955
  25  0.255631  3.5464  4.9786 -1.9941 18.8726 18.4500 14.7676 13.9207 12.7313 12.3425 11.1676 10.6655 10.4851 10.0815  9.1386  9.0999  8.6399
  26  0.260615  3.5472  4.9738 -1.9773 18.8274 18.3921 14.7150 13.8667 12.6758 12.2882 11.1159 10.6141 10.4338 10.0314  9.0954  9.0570  8.5990
  27  0.264391  3.5479  4.9703 -1.9647 18.7934 18.3483 14.6755 13.8264 12.6343 12.2475 11.0772 10.5757 10.3953  9.9940  9.0633  9.0250  8.5688
  28  0.267287  3.5485  4.9680 -1.9554 18.7675 18.3145 14.6454 13.7955 12.6027 12.2165 11.0479 10.5466 10.3662  9.9656  9.0392  9.0011  8.5461
  29  0.269557  3.5489  4.9659 -1.9478 18.7463 18.2867 14.6208 13.7703 12.5768 12.1911 11.0239 10.5227 10.3424  9.9424  9.0195  8.9816  8.5276
  30  0.271613  3.5494  4.9642 -1.9410 18.7272 18.2614 14.5986 13.7476 12.5535 12.1683 11.0022 10.5012 10.3209  9.9214  9.0020  8.9641  8.5112
  31  0.273664  3.5498  4.9626 -1.9343 18.7082 18.2361 14.5764 13.7247 12.5302 12.1453 10.9806 10.4799 10.2996  9.9008  8.9847  8.9469  8.4950
  32  0.275816  3.5503  4.9608 -1.9272 18.6883 18.2100 14.5533 13.7012 12.5060 12.1217 10.9581 10.4577 10.2773  9.8793  8.9666  8.9289  8.4780
  33  0.278123  3.5508  4.9588 -1.9198 18.6670 18.1820 14.5286 13.6759 12.4801 12.0962 10.9342 10.4339 10.2536  9.8562  8.9470  8.9095  8.4598
  34  0.280617  3.5513  4.9565 -1.9116 18.6440 18.1522 14.5021 13.6488 12.4523 12.0690 10.9083 10.4083 10.2281  9.8313  8.9258  8.8884  8.4399
  35  0.283449  3.5518  4.9538 -1.9024 18.6184 18.1195 14.4729 13.6191 12.4217 12.0390 10.8799 10.3801 10.1999  9.8038  8.9022  8.8650  8.4175
  36  0.286506  3.5523  4.9505 -1.8923 18.5906 18.0846 14.4417 13.5872 12.3891 12.0069 10.8494 10.3500 10.1697  9.7744  8.8766  8.8395  8.3932
  37  0.289706  3.5529  4.9469 -1.8817 18.5615 18.0486 14.4093 13.5543 12.3555 11.9739 10.8178 10.3186 10.1383  9.7436  8.8497  8.8127  8.3676
  38  0.295592  3.5539  4.9398 -1.8609 18.5027 17.9741 14.3432 13.4870 12.2860 11.9053 10.7517 10.2530 10.0727  9.6801  8.7963  8.7595  8.3172
  39  0.323545  3.5605  4.9084 -1.7661 18.2312 17.6301 14.0358 13.1725 11.9569 11.5822 10.4448  9.9514  9.7709  9.3896  8.5496  8.5152  8.0880
  40  0.344100  3.5654  4.8832 -1.6940 18.0195 17.3467 13.8001 12.9343 11.7152 11.3423 10.2174  9.7263  9.5459  9.1711  8.3656  8.3322  7.9158
  41  0.368664  3.5729  4.8505 -1.6002 17.7313 16.9381 13.4771 12.6087 11.3907 11.0183  9.9130  9.4259  9.2463  8.8806  8.1263  8.0943  7.6944
  42  0.380665  3.5772  4.8329 -1.5519 17.5840 16.7170 13.3098 12.4403 11.2216 10.8477  9.7511  9.2664  9.0869  8.7271  8.0027  7.9714  7.5814
  43  0.391790  3.5813  4.8161 -1.5059 17.4423 16.5012 13.1489 12.2788 11.0603 10.6844  9.5966  9.1142  8.9348  8.5810  7.8854  7.8549  7.4745
  44  0.402720  3.5858  4.7997 -1.4600 17.2940 16.2785 12.9830 12.1129 10.8970 10.5191  9.4412  8.9621  8.7830  8.4354  7.7680  7.7383  7.3677
  45  0.413076  3.5902  4.7845 -1.4159 17.1490 16.0615 12.8209 11.9510 10.7384 10.3586  9.2910  8.8157  8.6368  8.2958  7.6556  7.6266  7.2658
  46  0.422650  3.5946  4.7705 -1.3746 17.0109 15.8593 12.6661 11.7964 10.5873 10.2060  9.1490  8.6779  8.4993  8.1646  7.5499  7.5217  7.1703
  47  0.431467  3.5988  4.7580 -1.3361 16.8793 15.6723 12.5187 11.6490 10.4428 10.0609  9.0151  8.5487  8.3707  8.0425  7.4507  7.4233  7.0809
  48  0.439651  3.6031  4.7467 -1.2996 16.7539 15.4972 12.3779 11.5081 10.3045  9.9222  8.8882  8.4268  8.2493  7.9274  7.3574  7.3306  6.9968
  49  0.447796  3.6075  4.7356 -1.2630 16.6273 15.3242 12.2354 11.3655 10.1641  9.7821  8.7607  8.3050  8.1281  7.8127  7.2639  7.2378  6.9128
  50  0.455920  3.6120  4.7251 -1.2263 16.4994 15.1542 12.0908 11.2205 10.0209  9.6397  8.6326  8.1834  8.0073  7.6986  7.1702  7.1449  6.8287
  51  0.463962  3.6169  4.7152 -1.1897 16.3714 14.9896 11.9451 11.0740  9.8748  9.4956  8.5047  8.0630  7.8880  7.5862  7.0771  7.0525  6.7450
  52  0.469022  3.6199  4.7091 -1.1665 16.2905 14.8894 11.8510 10.9785  9.7802  9.4028  8.4235  7.9870  7.8128  7.5156  7.0181  6.9940  6.6920
  53  0.474002  3.6232  4.7034 -1.1434 16.2093 14.7909 11.7551 10.8808  9.6841  9.3087  8.3418  7.9109  7.7378  7.4453  6.9594  6.9357  6.6394
  54  0.478882  3.6266  4.6983 -1.1204 16.1261 14.6903 11.6561 10.7797  9.5860  9.2131  8.2596  7.8350  7.6629  7.3754  6.9009  6.8778  6.5870
  55  0.483670  3.6300  4.6934 -1.0976 16.0415 14.5881 11.5545 10.6759  9.4871  9.1169  8.1776  7.7596  7.5887  7.3062  6.8431  6.8204  6.5354
  56  0.488371  3.6335  4.6889 -1.0749 15.9548 14.4819 11.4485 10.5675  9.3865  9.0191  8.0952  7.6841  7.5147  7.2374  6.7855  6.7633  6.4842
  57  0.493000  3.6370  4.6849 -1.0523 15.8636 14.3663 11.3369 10.4535  9.2843  8.9198  8.0124  7.6087  7.4409  7.1689  6.7281  6.7065  6.4332
  58  0.497554  3.6406  4.6810 -1.0301 15.7680 14.2372 11.2204 10.3352  9.1827  8.8210  7.9306  7.5343  7.3683  7.1014  6.6715  6.6503  6.3826
  59  0.502035  3.6443  4.6774 -1.0080 15.6643 14.0903 11.0966 10.2101  9.0802  8.7213  7.8487  7.4600  7.2960  7.0343  6.6151  6.5944  6.3325
  60  0.506463  3.6479  4.6737 -0.9861 15.5540 13.9324 10.9689 10.0819  8.9786  8.6224  7.7678  7.3868  7.2251  6.9682  6.5591  6.5390  6.2825
  61  0.510836  3.6516  4.6704 -0.9644 15.4348 13.7598 10.8356  9.9487  8.8771  8.5236  7.6877  7.3143  7.1551  6.9028  6.5034  6.4838  6.2327
  62  0.515148  3.6552  4.6671 -0.9429 15.3071 13.5726 10.6968  9.8115  8.7769  8.4262  7.6088  7.2430  7.0865  6.8388  6.4481  6.4289  6.1830
  63  0.519391  3.6589  4.6639 -0.9217 15.1691 13.3722 10.5542  9.6718  8.6779  8.3299  7.5312  7.1729  7.0191  6.7755  6.3933  6.3746  6.1336
  64  0.523554  3.6624  4.6608 -0.9008 15.0222 13.1619 10.4103  9.5323  8.5812  8.2359  7.4554  7.1044  6.9535  6.7138  6.3391  6.3208  6.0848
  65  0.527645  3.6660  4.6578 -0.8801 14.8632 12.9425 10.2640  9.3919  8.4863  8.1437  7.3811  7.0372  6.8892  6.6533  6.2857  6.2679  6.0364
  66  0.531654  3.6695  4.6549 -0.8599 14.6921 12.7168 10.1174  9.2525  8.3936  8.0541  7.3087  6.9716  6.8266  6.5942  6.2332  6.2159  5.9889
  67  0.535596  3.6729  4.6519 -0.8399 14.5049 12.4839  9.9701  9.1142  8.3031  7.9667  7.2382  6.9077  6.7656  6.5366  6.1816  6.1648  5.9422
  68  0.539477  3.6763  4.6488 -0.8202 14.2982 12.2451  9.8224  8.9775  8.2151  7.8822  7.1696  6.8455  6.7062  6.4805  6.1312  6.1147  5.8963
  69  0.543287  3.6796  4.6457 -0.8009 14.0598 11.9992  9.6729  8.8412  8.1292  7.8001  7.1030  6.7849  6.6486  6.4259  6.0819  6.0659  5.8514
  70  0.547043  3.6827  4.6425 -0.7819 13.8192 11.7588  9.5265  8.7085  8.0458  7.7208  7.0383  6.7261  6.5924  6.3727  6.0336  6.0180  5.8074
  71  0.550735  3.6859  4.6393 -0.7632 13.5802 11.5257  9.3841  8.5800  7.9649  7.6439  6.9753  6.6687  6.5376  6.3208  5.9862  5.9711  5.7643
  72  0.554380  3.6890  4.6358 -0.7447 13.3515 11.3061  9.2479  8.4572  7.8868  7.5699  6.9142  6.6127  6.4842  6.2700  5.9398  5.9249  5.7218
  73  0.557970  3.6919  4.6323 -0.7266 13.1434 11.1059  9.1202  8.3415  7.8116  7.4985  6.8547  6.5581  6.4319  6.2203  5.8943  5.8799  5.6802
  74  0.561510  3.6948  4.6286 -0.7088 12.9702 10.9333  9.0037  8.2349  7.7395  7.4301  6.7970  6.5049  6.3808  6.1715  5.8497  5.8356  5.6391
  75  0.564998  3.6975  4.6247 -0.6912 12.8284 10.7842  8.8971  8.1360  7.6702  7.3641  6.7410  6.4530  6.3307  6.1238  5.8060  5.7921  5.5990
  76  0.568430  3.7001  4.6207 -0.6739 12.6961 10.6460  8.7956  8.0416  7.6031  7.3005  6.6865  6.4024  6.2818  6.0771  5.7631  5.7497  5.5595
  77  0.571805  3.7028  4.6167 -0.6570 12.5705 10.5165  8.6986  7.9514  7.5383  7.2389  6.6336  6.3531  6.2341  6.0316  5.7212  5.7080  5.5208
  78  0.575131  3.7053  4.6126 -0.6403 12.4481 10.3932  8.6047  7.8642  7.4751  7.1790  6.5819  6.3049  6.1873  5.9869  5.6799  5.6669  5.4827
  79  0.578395  3.7077  4.6084 -0.6238 12.3240 10.2731  8.5128  7.7790  7.4135  7.1207  6.5315  6.2577  6.1416  5.9432  5.6395  5.6269  5.4453
  80  0.581604  3.7101  4.6041 -0.6077 12.1970 10.1553  8.4224  7.6958  7.3533  7.0637  6.4822  6.2115  6.0968  5.9003  5.5999  5.5875  5.4087
  81  0.584755  3.7125  4.5998 -0.5916 12.0487 10.0292  8.3298  7.6117  7.2941  7.0079  6.4341  6.1665  6.0531  5.8584  5.5610  5.5490  5.3727
  82  0.588959  3.7156  4.5938 -0.5703 11.8466  9.8626  8.2071  7.5007  7.2158  6.9343  6.3703  6.1067  5.9951  5.8027  5.5094  5.4977  5.3248
  83  0.593103  3.7185  4.5877 -0.5491 11.6431  9.6996  8.0867  7.3919  7.1391  6.8622  6.3078  6.0479  5.9381  5.7480  5.4585  5.4471  5.2774
  84  0.597182  3.7214  4.5813 -0.5282 11.4412  9.5412  7.9691  7.2862  7.0640  6.7918  6.2465  5.9904  5.8821  5.6941  5.4084  5.3974  5.2307
  85  0.601196  3.7242  4.5748 -0.5075 11.2445  9.3886  7.8551  7.1836  6.9909  6.7231  6.1866  5.9338  5.8271  5.6412  5.3590  5.3482  5.1847
  86  0.605137  3.7269  4.5680 -0.4870 11.0562  9.2434  7.7450  7.0844  6.9191  6.6558  6.1278  5.8784  5.7731  5.5892  5.3104  5.2999  5.1392
  87  0.609005  3.7296  4.5610 -0.4668 10.8779  9.1058  7.6390  6.9886  6.8492  6.5901  6.0702  5.8239  5.7200  5.5381  5.2626  5.2523  5.0943
  88  0.612797  3.7321  4.5539 -0.4467 10.7055  8.9737  7.5365  6.8959  6.7808  6.5259  6.0138  5.7705  5.6679  5.4878  5.2155  5.2055  5.0501
  89  0.616508  3.7345  4.5465 -0.4271 10.5399  8.8476  7.4376  6.8065  6.7143  6.4633  5.9587  5.7182  5.6167  5.4385  5.1690  5.1593  5.0064
  90  0.620132  3.7368  4.5389 -0.4076 10.3806  8.7267  7.3422  6.7201  6.6494  6.4023  5.9047  5.6668  5.5666  5.3900  5.1233  5.1138  4.9631
  91  0.623673  3.7391  4.5310 -0.3884 10.2273  8.6108  7.2500  6.6365  6.5861  6.3426  5.8518  5.6165  5.5172  5.3423  5.0782  5.0689  4.9205
  92  0.627125  3.7412  4.5231 -0.3694 10.0792  8.4990  7.1606  6.5554  6.5242  6.2843  5.7999  5.5670  5.4687  5.2952  5.0338  5.0247  4.8784
  93  0.630496  3.7433  4.5149 -0.3507  9.9386  8.3925  7.0748  6.4777  6.4640  6.2275  5.7490  5.5183  5.4210  5.2488  4.9898  4.9808  4.8365
  94  0.633788  3.7453  4.5065 -0.3321  9.8029  8.2899  6.9918  6.4023  6.4051  6.1718  5.6990  5.4703  5.3738  5.2031  4.9462  4.9375  4.7950
  95  0.637000  3.7472  4.4980 -0.3139  9.6710  8.1905  6.9110  6.3288  6.3474  6.1171  5.6499  5.4232  5.3275  5.1579  4.9032  4.8947  4.7539
  96  0.640134  3.7490  4.4893 -0.2957  9.5441  8.0946  6.8327  6.2576  6.2908  6.0635  5.6014  5.3765  5.2817  5.1133  4.8606  4.8523  4.7132
  97  0.643196  3.7507  4.4804 -0.2778  9.4218  8.0020  6.7568  6.1883  6.2353  6.0108  5.5538  5.3307  5.2365  5.0691  4.8185  4.8103  4.6728
  98  0.646186  3.7523  4.4711 -0.2600  9.3052  7.9132  6.6835  6.1212  6.1810  5.9593  5.5068  5.2853  5.1919  5.0256  4.7766  4.7686  4.6327
  99  0.649100  3.7539  4.4619 -0.2423  9.1913  7.8262  6.6115  6.0555  6.1274  5.9083  5.4605  5.2406  5.1478  4.9826  4.7354  4.7274  4.5929
 100  0.651943  3.7553  4.4522 -0.2249  9.0825  7.7426  6.5418  5.9919  6.0749  5.8583  5.4148  5.1964  5.1042  4.9399  4.6944  4.6866  4.5534
 101  0.654715  3.7568  4.4424 -0.2077  8.9761  7.6603  6.4732  5.9290  6.0231  5.8090  5.3698  5.1528  5.0613  4.8981  4.6541  4.6463  4.5145
 102  0.657418  3.7582  4.4324 -0.1906  8.8737  7.5807  6.4065  5.8679  5.9722  5.7605  5.3253  5.1098  5.0189  4.8565  4.6140  4.6065  4.4758
 103  0.660053  3.7594  4.4222 -0.1736  8.7752  7.5037  6.3418  5.8084  5.9222  5.7127  5.2815  5.0673  4.9769  4.8154  4.5744  4.5668  4.4373
 104  0.662622  3.7606  4.4120 -0.1570  8.6803  7.4290  6.2788  5.7504  5.8731  5.6657  5.2382  5.0253  4.9354  4.7747  4.5351  4.5277  4.3992
 105  0.665130  3.7617  4.4016 -0.1404  8.5894  7.3570  6.2177  5.6940  5.8247  5.6193  5.1953  4.9837  4.8943  4.7345  4.4961  4.4888  4.3613
 106  0.667582  3.7628  4.3910 -0.1239  8.5026  7.2876  6.1586  5.6391  5.7773  5.5738  5.1531  4.9427  4.8537  4.6946  4.4574  4.4502  4.3236
 107  0.669984  3.7638  4.3803 -0.1077  8.4197  7.2208  6.1015  5.5860  5.7307  5.5290  5.1114  4.9020  4.8136  4.6551  4.4190  4.4120  4.2863
 108  0.672344  3.7648  4.3694 -0.0916  8.3401  7.1562  6.0459  5.5341  5.6850  5.4849  5.0701  4.8618  4.7738  4.6160  4.3810  4.3740  4.2491
 109  0.674675  3.7656  4.3585 -0.0757  8.2640  7.0940  5.9921  5.4837  5.6400  5.4414  5.0294  4.8220  4.7344  4.5772  4.3432  4.3363  4.2122
 110  0.676983  3.7663  4.3474 -0.0599  8.1916  7.0343  5.9400  5.4349  5.5959  5.3989  4.9892  4.7827  4.6955  4.5389  4.3057  4.2989  4.1754
 111  0.679194  3.7671  4.3365 -0.0445  8.1193  6.9750  5.8884  5.3866  5.5524  5.3566  4.9496  4.7440  4.6570  4.5011  4.2689  4.2620  4.1393
 112  0.680014  3.7675  4.3324 -0.0385  8.0902  6.9515  5.8682  5.3677  5.5354  5.3403  4.9342  4.7290  4.6423  4.4865  4.2547  4.2479  4.1255
 113  0.680833  3.7678  4.3283 -0.0325  8.0611  6.9277  5.8478  5.3488  5.5184  5.3238  4.9189  4.7140  4.6274  4.4719  4.2405  4.2337  4.1116
 114  0.681651  3.7682  4.3242 -0.0265  8.0320  6.9040  5.8273  5.3297  5.5011  5.3072  4.9034  4.6988  4.6124  4.4572  4.2261  4.2194  4.0976
 115  0.682470  3.7685  4.3199 -0.0203  8.0042  6.8811  5.8074  5.3110  5.4841  5.2906  4.8878  4.6836  4.5973  4.4423  4.2116  4.2049  4.0833
 116  0.683286  3.7688  4.3154 -0.0141  7.9772  6.8587  5.7876  5.2924  5.4671  5.2741  4.8721  4.6682  4.5820  4.4272  4.1968  4.1901  4.0688
 117  0.684098  3.7691  4.3107 -0.0079  7.9515  6.8370  5.7683  5.2742  5.4500  5.2574  4.8562  4.6526  4.5665  4.4119  4.1818  4.1751  4.0540
 118  0.684906  3.7693  4.3058 -0.0015  7.9265  6.8157  5.7491  5.2561  5.4328  5.2407  4.8401  4.6368  4.5508  4.3963  4.1665  4.1598  4.0389
 119  0.685712  3.7694  4.3007  0.0048  7.9020  6.7946  5.7301  5.2379  5.4156  5.2238  4.8240  4.6208  4.5349  4.3805  4.1509  4.1443  4.0235
 120  0.686513  3.7696  4.2955  0.0113  7.8782  6.7739  5.7113  5.2199  5.3984  5.2069  4.8076  4.6047  4.5189  4.3646  4.1352  4.1286  4.0080
 121  0.687314  3.7698  4.2902  0.0178  7.8546  6.7535  5.6925  5.2020  5.3810  5.1899  4.7912  4.5884  4.5027  4.3486  4.1194  4.1128  3.9923
 122  0.688107  3.7700  4.2849  0.0244  7.8305  6.7326  5.6735  5.1837  5.3635  5.1726  4.7745  4.5719  4.4863  4.3323  4.1033  4.0967  3.9764
 123  0.688899  3.7702  4.2794  0.0311  7.8067  6.7119  5.6544  5.1656  5.3458  5.1552  4.7576  4.5554  4.4697  4.3158  4.0871  4.0806  3.9604
 124  0.689689  3.7704  4.2739  0.0378  7.7825  6.6909  5.6351  5.1472  5.3280  5.1377  4.7408  4.5386  4.4531  4.2993  4.0709  4.0643  3.9442
 125  0.690480  3.7706  4.2684  0.0445  7.7590  6.6703  5.6162  5.1290  5.3103  5.1202  4.7239  4.5219  4.4364  4.2828  4.0545  4.0479  3.9280
 126  0.691269  3.7708  4.2628  0.0512  7.7357  6.6497  5.5972  5.1108  5.2924  5.1027  4.7068  4.5050  4.4196  4.2661  4.0380  4.0314  3.9116
 127  0.692056  3.7709  4.2571  0.0580  7.7130  6.6295  5.5784  5.0926  5.2746  5.0852  4.6897  4.4881  4.4028  4.2494  4.0214  4.0148  3.8951
 128  0.692841  3.7710  4.2513  0.0648  7.6907  6.6093  5.5596  5.0745  5.2568  5.0676  4.6725  4.4710  4.3858  4.2325  4.0046  3.9980  3.8784
 129  0.693622  3.7711  4.2452  0.0717  7.6691  6.5897  5.5410  5.0566  5.2389  5.0500  4.6552  4.4539  4.3687  4.2155  3.9877  3.9811  3.8616
 130  0.694401  3.7712  4.2391  0.0786  7.6486  6.5706  5.5229  5.0389  5.2212  5.0323  4.6379  4.4366  4.3515  4.1983  3.9706  3.9640  3.8446
 131  0.695176  3.7712  4.2328  0.0856  7.6287  6.5518  5.5048  5.0213  5.2034  5.0146  4.6205  4.4192  4.3341  4.1810  3.9533  3.9468  3.8273
 132  0.695946  3.7712  4.2263  0.0926  7.6094  6.5334  5.4869  5.0037  5.1856  4.9969  4.6029  4.4017  4.3167  4.1635  3.9359  3.9293  3.8098
 133  0.696712  3.7712  4.2197  0.0996  7.5905  6.5151  5.4691  4.9863  5.1677  4.9790  4.5853  4.3841  4.2990  4.1458  3.9183  3.9117  3.7923
 134  0.697473  3.7712  4.2130  0.1068  7.5724  6.4973  5.4515  4.9690  5.1498  4.9612  4.5675  4.3664  4.2812  4.1281  3.9005  3.8939  3.7744
 135  0.698229  3.7711  4.2060  0.1139  7.5554  6.4800  5.4342  4.9518  5.1320  4.9434  4.5497  4.3484  4.2634  4.1102  3.8825  3.8759  3.7564
 136  0.698978  3.7711  4.1990  0.1212  7.5389  6.4629  5.4171  4.9347  5.1141  4.9255  4.5317  4.3304  4.2453  4.0921  3.8644  3.8578  3.7381
 137  0.699723  3.7710  4.1917  0.1285  7.5232  6.4465  5.4001  4.9178  5.0963  4.9076  4.5136  4.3122  4.2271  4.0738  3.8460  3.8394  3.7197
 138  0.700461  3.7708  4.1843  0.1358  7.5084  6.4304  5.3835  4.9010  5.0784  4.8897  4.4954  4.2940  4.2088  4.0555  3.8275  3.8208  3.7009
 139  0.701193  3.7706  4.1767  0.1432  7.4944  6.4148  5.3670  4.8843  5.0606  4.8717  4.4772  4.2756  4.1903  4.0369  3.8088  3.8021  3.6820
 140  0.701918  3.7705  4.1688  0.1507  7.4819  6.4000  5.3511  4.8681  5.0429  4.8538  4.4588  4.2571  4.1718  4.0182  3.7898  3.7831  3.6628
 141  0.702636  3.7702  4.1608  0.1582  7.4707  6.3859  5.3355  4.8521  5.0254  4.8359  4.4404  4.2384  4.1531  3.9994  3.7707  3.7639  3.6434
 142  0.703347  3.7699  4.1525  0.1657  7.4610  6.3727  5.3204  4.8364  5.0079  4.8180  4.4220  4.2197  4.1343  3.9803  3.7513  3.7446  3.6238
 143  0.704050  3.7696  4.1440  0.1733  7.4530  6.3606  5.3060  4.8214  4.9906  4.8003  4.4034  4.2008  4.1154  3.9612  3.7317  3.7250  3.6038
 144  0.704746  3.7691  4.1352  0.1809  7.4478  6.3501  5.2926  4.8069  4.9735  4.7827  4.3849  4.1820  4.0963  3.9418  3.7118  3.7051  3.5836
 145  0.705434  3.7687  4.1261  0.1886  7.4437  6.3405  5.2796  4.7928  4.9565  4.7651  4.3663  4.1629  4.0771  3.9222  3.6919  3.6851  3.5631
 146  0.706113  3.7682  4.1167  0.1963  7.4428  6.3327  5.2679  4.7796  4.9399  4.7478  4.3477  4.1437  4.0577  3.9026  3.6716  3.6648  3.5422
 147  0.706785  3.7676  4.1071  0.2041  7.4433  6.3259  5.2566  4.7668  4.9234  4.7305  4.3289  4.1245  4.0382  3.8827  3.6512  3.6442  3.5212
 148  0.707447  3.7670  4.0972  0.2118  7.4463  6.3206  5.2462  4.7547  4.9072  4.7133  4.3102  4.1051  4.0186  3.8628  3.6304  3.6235  3.4999
 149  0.708100  3.7663  4.0871  0.2197  7.4504  6.3159  5.2363  4.7429  4.8910  4.6962  4.2914  4.0857  3.9990  3.8426  3.6096  3.6026  3.4783
 150  0.708743  3.7656  4.0768  0.2276  7.4577  6.3130  5.2274  4.7319  4.8752  4.6794  4.2727  4.0663  3.9793  3.8224  3.5885  3.5815  3.4566
 151  0.709377  3.7649  4.0663  0.2354  7.4660  6.3107  5.2189  4.7213  4.8595  4.6625  4.2539  4.0467  3.9595  3.8021  3.5674  3.5603  3.4346
 152  0.710004  3.7641  4.0554  0.2434  7.4785  6.3107  5.2118  4.7118  4.8442  4.6460  4.2352  4.0272  3.9396  3.7817  3.5461  3.5389  3.4125
 153  0.710621  3.7632  4.0444  0.2513  7.4924  6.3116  5.2053  4.7027  4.8291  4.6295  4.2164  4.0075  3.9197  3.7612  3.5246  3.5173  3.3901
 154  0.711229  3.7622  4.0328  0.2593  7.5134  6.3166  5.2014  4.6957  4.8149  4.6138  4.1979  3.9880  3.8997  3.7406  3.5028  3.4955  3.3673
 155  0.711826  3.7611  4.0207  0.2673  7.5388  6.3241  5.1991  4.6900  4.8013  4.5984  4.1795  3.9686  3.8799  3.7199  3.4809  3.4734  3.3442
 156  0.712413  3.7599  4.0083  0.2753  7.5700  6.3347  5.1988  4.6858  4.7884  4.5835  4.1613  3.9491  3.8600  3.6992  3.4588  3.4512  3.3208
 157  0.712990  3.7586  3.9954  0.2833  7.6065  6.3479  5.2001  4.6831  4.7762  4.5691  4.1433  3.9297  3.8401  3.6785  3.4364  3.4288  3.2972
 158  0.713555  3.7570  3.9815  0.2913  7.6557  6.3686  5.2062  4.6841  4.7658  4.5561  4.1258  3.9107  3.8204  3.6576  3.4139  3.4060  3.2729
 159  0.714107  3.7551  3.9666  0.2992  7.7153  6.3957  5.2164  4.6883  4.7569  4.5442  4.1089  3.8918  3.8007  3.6368  3.3908  3.3828  3.2480
 160  0.714643  3.7531  3.9509  0.3071  7.7829  6.4264  5.2293  4.6947  4.7495  4.5334  4.0924  3.8732  3.7815  3.6160  3.3677  3.3595  3.2228
 161  0.715161  3.7509  3.9344  0.3150  7.8589  6.4616  5.2452  4.7035  4.7432  4.5238  4.0766  3.8551  3.7625  3.5955  3.3445  3.3360  3.1973
 162  0.715746  3.7480  3.9140  0.3239  7.9645  6.5137  5.2710  4.7199  4.7393  4.5151  4.0598  3.8351  3.7412  3.5722  3.3177  3.3090  3.1673
 163  0.716323  3.7448  3.8917  0.3339  8.0753  6.5685  5.2979  4.7368  4.7342  4.5049  4.0409  3.8129  3.7179  3.5466  3.2882  3.2793  3.1345
 164  0.716890  3.7415  3.8677  0.3450  8.1927  6.6269  5.3262  4.7545  4.7280  4.4933  4.0201  3.7886  3.6923  3.5186  3.2563  3.2470  3.0988
 165  0.717444  3.7380  3.8418  0.3575  8.3104  6.6854  5.3532  4.7705  4.7190  4.4789  3.9964  3.7612  3.6635  3.4875  3.2208  3.2113  3.0597
 166  0.717978  3.7347  3.8146  0.3718  8.4225  6.7411  5.3760  4.7826  4.7057  4.4602  3.9684  3.7297  3.6307  3.4522  3.1815  3.1716  3.0167
 167  0.718486  3.7316  3.7865  0.3878  8.5208  6.7881  5.3911  4.7878  4.6866  4.4360  3.9357  3.6937  3.5934  3.4128  3.1381  3.1279  2.9699
 168  0.718965  3.7289  3.7580  0.4056  8.6008  6.8240  5.3970  4.7848  4.6614  4.4062  3.8984  3.6533  3.5519  3.3693  3.0911  3.0807  2.9197
 169  0.719416  3.7265  3.7299  0.4247  8.6594  6.8452  5.3921  4.7725  4.6299  4.3710  3.8566  3.6090  3.5068  3.3223  3.0412  3.0305  2.8671
 170  0.719843  3.7246  3.7019  0.4450  8.7010  6.8548  5.3787  4.7530  4.5937  4.3315  3.8114  3.5616  3.4587  3.2727  2.9891  2.9782  2.8126
 171  0.720248  3.7229  3.6746  0.4660  8.7263  6.8529  5.3573  4.7267  4.5532  4.2882  3.7636  3.5119  3.4083  3.2211  2.9353  2.9242  2.7569
 172  0.720636  3.7215  3.6476  0.4876  8.7410  6.8428  5.3300  4.6952  4.5094  4.2422  3.7136  3.4604  3.3562  3.1680  2.8804  2.8691  2.7003
 173  0.721010  3.7203  3.6210  0.5096  8.7469  6.8260  5.2981  4.6597  4.4631  4.1940  3.6621  3.4076  3.3029  3.1138  2.8245  2.8132  2.6430
 174  0.721374  3.7193  3.5947  0.5320  8.7442  6.8035  5.2622  4.6209  4.4150  4.1440  3.6094  3.3537  3.2486  3.0587  2.7681  2.7566  2.5852
 175  0.721727  3.7183  3.5687  0.5546  8.7347  6.7765  5.2232  4.5794  4.3652  4.0927  3.5557  3.2990  3.1935  3.0030  2.7112  2.6996  2.5272
 176  0.722073  3.7176  3.5430  0.5774  8.7190  6.7452  5.1815  4.5356  4.3141  4.0403  3.5011  3.2436  3.1379  2.9468  2.6539  2.6422  2.4689
 177  0.722414  3.7169  3.5174  0.6003  8.6995  6.7115  5.1381  4.4905  4.2623  3.9873  3.4462  3.1878  3.0819  2.8902  2.5963  2.5846  2.4104
 178  0.722748  3.7162  3.4920  0.6233  8.6767  6.6757  5.0934  4.4441  4.2097  3.9337  3.3907  3.1317  3.0256  2.8334  2.5386  2.5268  2.3518
 179  0.723080  3.7155  3.4664  0.6464  8.6524  6.6390  5.0481  4.3973  4.1568  3.8797  3.3350  3.0753  2.9690  2.7763  2.4805  2.4687  2.2930
 180  0.723403  3.7150  3.4410  0.6697  8.6260  6.6011  5.0019  4.3497  4.1034  3.8252  3.2790  3.0186  2.9120  2.7189  2.4222  2.4103  2.2339
 181  0.723719  3.7143  3.4154  0.6931  8.5987  6.5626  4.9551  4.3015  4.0495  3.7704  3.2226  2.9615  2.8546  2.6611  2.3636  2.3515  2.1744
 182  0.723898  3.7140  3.4005  0.7067  8.5821  6.5398  4.9277  4.2732  4.0181  3.7384  3.1897  2.9282  2.8212  2.6275  2.3294  2.3174  2.1398
 183  0.724077  3.7136  3.3854  0.7205  8.5651  6.5166  4.8997  4.2446  3.9861  3.7058  3.1561  2.8943  2.7873  2.5932  2.2947  2.2826  2.1047
 184  0.724256  3.7133  3.3699  0.7347  8.5477  6.4930  4.8712  4.2153  3.9535  3.6726  3.1220  2.8597  2.7527  2.5583  2.2593  2.2472  2.0688
 185  0.724434  3.7129  3.3543  0.7490  8.5298  6.4689  4.8422  4.1856  3.9205  3.6390  3.0875  2.8248  2.7175  2.5228  2.2234  2.2112  2.0325
 186  0.724611  3.7126  3.3380  0.7638  8.5115  6.4441  4.8123  4.1548  3.8861  3.6040  3.0516  2.7886  2.6811  2.4862  2.1861  2.1739  1.9947
 187  0.724787  3.7122  3.3211  0.7794  8.4924  6.4185  4.7812  4.1228  3.8505  3.5677  3.0142  2.7506  2.6431  2.4479  2.1473  2.1350  1.9553
 188  0.724960  3.7118  3.3033  0.7957  8.4710  6.3912  4.7481  4.0888  3.8126  3.5293  2.9746  2.7106  2.6031  2.4074  2.1063  2.0940  1.9139
 189  0.725130  3.7114  3.2842  0.8131  8.4498  6.3632  4.7134  4.0530  3.7727  3.4884  2.9326  2.6682  2.5603  2.3644  2.0626  2.0503  1.8696
 190  0.725298  3.7109  3.2642  0.8313  8.4270  6.3336  4.6769  4.0154  3.7308  3.4458  2.8887  2.6237  2.5157  2.3194  2.0169  2.0046  1.8234
 191  0.725462  3.7104  3.2430  0.8505  8.4047  6.3041  4.6394  3.9767  3.6870  3.4011  2.8426  2.5769  2.4688  2.2720  1.9688  1.9563  1.7745
 192  0.725624  3.7098  3.2213  0.8704  8.3805  6.2730  4.6002  3.9361  3.6415  3.3548  2.7948  2.5285  2.4202  2.2230  1.9190  1.9065  1.7240
 193  0.725783  3.7094  3.1985  0.8909  8.3568  6.2416  4.5602  3.8947  3.5947  3.3069  2.7453  2.4784  2.3699  2.1722  1.8673  1.8548  1.6717
 194  0.725940  3.7087  3.1749  0.9122  8.3326  6.2100  4.5191  3.8522  3.5465  3.2576  2.6944  2.4266  2.3180  2.1197  1.8141  1.8015  1.6176
 195  0.726094  3.7081  3.1508  0.9340  8.3074  6.1777  4.4770  3.8085  3.4970  3.2069  2.6420  2.3736  2.2647  2.0659  1.7594  1.7467  1.5622
 196  0.726245  3.7074  3.1256  0.9566  8.2833  6.1462  4.4345  3.7642  3.4461  3.1550  2.5880  2.3188  2.2096  2.0103  1.7027  1.6899  1.5046
 197  0.726393  3.7067  3.0998  0.9798  8.2554  6.1126  4.3905  3.7184  3.3939  3.1016  2.5326  2.2625  2.1531  1.9531  1.6446  1.6317  1.4456
 198  0.726538  3.7060  3.0730  1.0036  8.2257  6.0785  4.3457  3.6718  3.3408  3.0470  2.4759  2.2049  2.0952  1.8946  1.5849  1.5720  1.3849
 199  0.726679  3.7052  3.0455  1.0281  8.1956  6.0441  4.3000  3.6242  3.2861  2.9910  2.4176  2.1456  2.0355  1.8343  1.5234  1.5104  1.3224
 200  0.726817  3.7044  3.0172  1.0532  8.1654  6.0101  4.2538  3.5757  3.2304  2.9338  2.3579  2.0849  1.9746  1.7727  1.4606  1.4475  1.2585
 201  0.726951  3.7035  2.9881  1.0789  8.1364  5.9777  4.2076  3.5272  3.1737  2.8755  2.2971  2.0229  1.9123  1.7096  1.3961  1.3829  1.1929
 202  0.727081  3.7025  2.9578  1.1053  8.1095  5.9474  4.1618  3.4789  3.1162  2.8164  2.2349  1.9595  1.8485  1.6450  1.3301  1.3167  1.1256
 203  0.727207  3.7015  2.9268  1.1322  8.0830  5.9183  4.1160  3.4303  3.0579  2.7561  2.1715  1.8949  1.7835  1.5791  1.2626  1.2492  1.0567
 204  0.727329  3.7004  2.8949  1.1598  8.0568  5.8904  4.0701  3.3811  2.9985  2.6948  2.1069  1.8289  1.7171  1.5117  1.1937  1.1801  0.9863
 205  0.727447  3.6993  2.8623  1.1879  8.0311  5.8637  4.0240  3.3318  2.9381  2.6324  2.0411  1.7617  1.6494  1.4431  1.1233  1.1096  0.9144
 206  0.727559  3.6981  2.8289  1.2166  8.0059  5.8387  3.9780  3.2824  2.8771  2.5692  1.9743  1.6933  1.5806  1.3732  1.0516  1.0378  0.8411
 207  0.727669  3.6969  2.7948  1.2458  7.9817  5.8155  3.9324  3.2330  2.8153  2.5052  1.9063  1.6238  1.5107  1.3021  0.9787  0.9647  0.7665
 208  0.727772  3.6955  2.7599  1.2755  7.9582  5.7955  3.8870  3.1837  2.7528  2.4404  1.8375  1.5533  1.4397  1.2300  0.9046  0.8904  0.6905
 209  0.727872  3.6942  2.7244  1.3057  7.9359  5.7788  3.8421  3.1347  2.6899  2.3749  1.7678  1.4818  1.3677  1.1568  0.8294  0.8151  0.6135
 210  0.727967  3.6928  2.6884  1.3363  7.9146  5.7644  3.7977  3.0861  2.6263  2.3087  1.6973  1.4095  1.2948  1.0826  0.7532  0.7387  0.5354
 211  0.728057  3.6914  2.6516  1.3673  7.8953  5.7533  3.7543  3.0380  2.5625  2.2421  1.6260  1.3364  1.2211  1.0076  0.6761  0.6614  0.4562
 212  0.728143  3.6899  2.6142  1.3988  7.8775  5.7452  3.7115  2.9905  2.4983  2.1749  1.5539  1.2623  1.1464  0.9316  0.5978  0.5830  0.3760
 213  0.728220  3.6883  2.5747  1.4319  7.8601  5.7403  3.6690  2.9430  2.4318  2.1052  1.4788  1.1849  1.0684  0.8521  0.5156  0.5005  0.2915
 214  0.728299  3.6865  2.5319  1.4676  7.8582  5.7459  3.6285  2.8968  2.3621  2.0315  1.3987  1.1022  0.9848  0.7667  0.4271  0.4119  0.2004
 215  0.728373  3.6848  2.4923  1.5006  7.8682  5.7584  3.5932  2.8551  2.2977  1.9633  1.3244  1.0254  0.9073  0.6876  0.3454  0.3298  0.1163
 216  0.728447  3.6831  2.4534  1.5328  7.8827  5.7748  3.5600  2.8153  2.2350  1.8965  1.2514  0.9501  0.8311  0.6099  0.2649  0.2494  0.0336
 217  0.728457  3.6829  2.4484  1.5370  7.8859  5.7770  3.5559  2.8102  2.2269  1.8880  1.2421  0.9405  0.8214  0.6000  0.2547  0.2390  0.0231
 218  0.728466  3.6827  2.4435  1.5411  7.8888  5.7790  3.5516  2.8051  2.2189  1.8795  1.2328  0.9308  0.8116  0.5900  0.2444  0.2287  0.0125
 219  0.728475  3.6825  2.4385  1.5451  7.8923  5.7816  3.5476  2.8001  2.2109  1.8709  1.2235  0.9212  0.8018  0.5801  0.2341  0.2184  0.0019
 220  0.728485  3.6823  2.4335  1.5493  7.8960  5.7841  3.5436  2.7952  2.2030  1.8625  1.2142  0.9116  0.7922  0.5702  0.2239  0.2081 -0.0086
 221  0.728494  3.6820  2.4285  1.5533  7.8997  5.7868  3.5397  2.7903  2.1951  1.8541  1.2049  0.9020  0.7825  0.5603  0.2137  0.1979 -0.0191
 222  0.728503  3.6818  2.4236  1.5574  7.9034  5.7893  3.5358  2.7855  2.1873  1.8456  1.1958  0.8925  0.7728  0.5504  0.2035  0.1877 -0.0296
 223  0.728513  3.6816  2.4187  1.5615  7.9076  5.7920  3.5320  2.7806  2.1794  1.8373  1.1865  0.8829  0.7632  0.5406  0.1934  0.1775 -0.0400
 224  0.728522  3.6814  2.4137  1.5656  7.9114  5.7946  3.5281  2.7758  2.1716  1.8290  1.1774  0.8734  0.7536  0.5308  0.1832  0.1674 -0.0505
 225  0.728532  3.6812  2.4089  1.5696  7.9159  5.7975  3.5244  2.7712  2.1639  1.8207  1.1682  0.8641  0.7441  0.5211  0.1733  0.1574 -0.0607
 226  0.728541  3.6810  2.4040  1.5736  7.9204  5.8005  3.5208  2.7666  2.1563  1.8125  1.1593  0.8548  0.7347  0.5116  0.1633  0.1474 -0.0709
 227  0.728629  3.6794  2.3683  1.6034  7.9705  5.8175  3.4909  2.7287  2.0971  1.7494  1.0906  0.7838  0.6630  0.4385  0.0883  0.0722 -0.1479
 228  0.728714  3.6786  2.3464  1.6220  8.0343  5.8267  3.4708  2.7020  2.0581  1.7078  1.0459  0.7379  0.6167  0.3915  0.0405  0.0244 -0.1964
 229  0.728803  3.6763  2.2928  1.6661  8.0766  5.8721  3.4349  2.6554  1.9747  1.6181  0.9467  0.6350  0.5125  0.2850 -0.0696 -0.0861 -0.3096
 230  0.728883  3.6733  2.2313  1.7159  8.1053  5.9356  3.4021  2.6116  1.8845  1.5203  0.8371  0.5206  0.3965  0.1661 -0.1929 -0.2097 -0.4369
 231  0.728953  3.6706  2.1761  1.7605  8.1112  5.9916  3.3737  2.5742  1.8048  1.4336  0.7395  0.4186  0.2933  0.0601 -0.3030 -0.3201 -0.5507
 232  0.729018  3.6683  2.1282  1.7993  8.0923  6.0360  3.3488  2.5430  1.7361  1.3590  0.6555  0.3307  0.2041 -0.0315 -0.3980 -0.4154 -0.6490
 233  0.729078  3.6670  2.0992  1.8231  8.0553  6.0594  3.3339  2.5267  1.6942  1.3135  0.6041  0.2768  0.1495 -0.0876 -0.4559 -0.4735 -0.7088
 234  0.729138  3.6652  2.0597  1.8552  8.0243  6.0916  3.3152  2.5048  1.6389  1.2532  0.5356  0.2050  0.0765 -0.1625 -0.5338 -0.5516 -0.7895
 235  0.729193  3.6619  1.9952  1.9065  8.0091  6.1497  3.2877  2.4691  1.5515  1.1574  0.4259  0.0898 -0.0405 -0.2829 -0.6593 -0.6777 -0.9199
 236  0.729242  3.6585  1.9310  1.9576  7.9863  6.2061  3.2632  2.4372  1.4668  1.0640  0.3181 -0.0239 -0.1560 -0.4018 -0.7836 -0.8023 -1.0491
 237  0.729287  3.6551  1.8669  2.0079  7.9585  6.2670  3.2437  2.4109  1.3861  0.9743  0.2133 -0.1346 -0.2686 -0.5181 -0.9056 -0.9248 -1.1765
 238  0.729326  3.6518  1.8042  2.0571  7.9276  6.3282  3.2272  2.3883  1.3092  0.8886  0.1125 -0.2416 -0.3776 -0.6307 -1.0240 -1.0437 -1.3003
 239  0.729360  3.6483  1.7422  2.1056  7.8945  6.3895  3.2127  2.3684  1.2350  0.8055  0.0139 -0.3463 -0.4842 -0.7409 -1.1406 -1.1607 -1.4225
 240  0.729392  3.6450  1.6814  2.1529  7.8589  6.4580  3.2018  2.3526  1.1645  0.7260 -0.0813 -0.4475 -0.5876 -0.8478 -1.2540 -1.2746 -1.5415
 241  0.729420  3.6417  1.6234  2.1979  7.8175  6.5216  3.1925  2.3399  1.0993  0.6522 -0.1706 -0.5429 -0.6848 -0.9485 -1.3611 -1.3821 -1.6544
 242  0.729446  3.6385  1.5667  2.2418  7.7730  6.5829  3.1844  2.3290  1.0374  0.5818 -0.2569 -0.6351 -0.7791 -1.0460 -1.4653 -1.4868 -1.7642
 243  0.729468  3.6354  1.5113  2.2844  7.7256  6.6388  3.1768  2.3198  0.9789  0.5150 -0.3397 -0.7237 -0.8698 -1.1398 -1.5661 -1.5880 -1.8708
 244  0.729488  3.6322  1.4567  2.3264  7.6754  6.6906  3.1694  2.3113  0.9226  0.4505 -0.4202 -0.8100 -0.9582 -1.2312 -1.6649 -1.6872 -1.9754
 245  0.729508  3.6290  1.4027  2.3677  7.6236  6.7402  3.1627  2.3043  0.8688  0.3887 -0.4983 -0.8938 -1.0441 -1.3202 -1.7619 -1.7846 -2.0784
 246  0.729525  3.6258  1.3494  2.4082  7.5707  6.7839  3.1574  2.3000  0.8183  0.3301 -0.5733 -0.9746 -1.1269 -1.4063 -1.8565 -1.8797 -2.1793
 247  0.729541  3.6226  1.2976  2.4475  7.5175  6.8230  3.1524  2.2965  0.7708  0.2749 -0.6450 -1.0518 -1.2063 -1.4887 -1.9479 -1.9714 -2.2769
 248  0.729555  3.6195  1.2467  2.4859  7.4629  6.8560  3.1463  2.2926  0.7252  0.2218 -0.7147 -1.1267 -1.2833 -1.5683 -2.0375 -2.0614 -2.3728
 249  0.729569  3.6165  1.1970  2.5235  7.4079  6.8841  3.1398  2.2892  0.6819  0.1715 -0.7814 -1.1984 -1.3569 -1.6449 -2.1246 -2.1488 -2.4664
 250  0.729581  3.6135  1.1477  2.5606  7.3514  6.9067  3.1328  2.2859  0.6400  0.1224 -0.8471 -1.2688 -1.4292 -1.7200 -2.2109 -2.2354 -2.5591
 251  0.729591  3.6105  1.0997  2.5967  7.2951  6.9234  3.1252  2.2827  0.6008  0.0764 -0.9094 -1.3356 -1.4977 -1.7914 -2.2946 -2.3192 -2.6492
 252  0.729602  3.6075  1.0527  2.6319  7.2393  6.9350  3.1174  2.2800  0.5648  0.0341 -0.9679 -1.3984 -1.5621 -1.8591 -2.3756 -2.4005 -2.7370
 253  0.729611  3.6047  1.0064  2.6666  7.1838  6.9395  3.1094  2.2782  0.5313 -0.0055 -1.0234 -1.4584 -1.6234 -1.9241 -2.4548 -2.4801 -2.8233
 254  0.729620  3.6017  0.9610  2.7005  7.1288  6.9397  3.1005  2.2761  0.5005 -0.0418 -1.0750 -1.5141 -1.6803 -1.9851 -2.5320 -2.5576 -2.9078
 255  0.729628  3.5989  0.9166  2.7335  7.0740  6.9361  3.0904  2.2734  0.4716 -0.0759 -1.1237 -1.5663 -1.7333 -2.0425 -2.6076 -2.6334 -2.9907
 256  0.729635  3.5961  0.8727  2.7660  7.0200  6.9304  3.0806  2.2715  0.4458 -0.1062 -1.1679 -1.6141 -1.7815 -2.0961 -2.6810 -2.7071 -3.0720
 257  0.729642  3.5933  0.8300  2.7976  6.9669  6.9218  3.0696  2.2689  0.4228 -0.1329 -1.2074 -1.6569 -1.8243 -2.1453 -2.7522 -2.7788 -3.1514
 258  0.729649  3.5905  0.7879  2.8288  6.9140  6.9106  3.0573  2.2655  0.4021 -0.1564 -1.2423 -1.6948 -1.8618 -2.1906 -2.8221 -2.8490 -3.2298
 259  0.729656  3.5879  0.7470  2.8589  6.8622  6.8973  3.0437  2.2612  0.3841 -0.1764 -1.2724 -1.7280 -1.8941 -2.2317 -2.8893 -2.9167 -3.3056
 260  0.729661  3.5852  0.7064  2.8888  6.8109  6.8825  3.0293  2.2565  0.3689 -0.1928 -1.2984 -1.7571 -1.9223 -2.2694 -2.9547 -2.9827 -3.3803
 261  0.729666  3.5825  0.6670  2.9179  6.7609  6.8663  3.0134  2.2502  0.3560 -0.2059 -1.3202 -1.7820 -1.9460 -2.3033 -3.0176 -3.0460 -3.4527
 262  0.729671  3.5800  0.6284  2.9462  6.7123  6.8498  2.9968  2.2437  0.3466 -0.2144 -1.3355 -1.8005 -1.9627 -2.3319 -3.0775 -3.1067 -3.5230
 263  0.729676  3.5776  0.5907  2.9740  6.6657  6.8352  2.9810  2.2390  0.3436 -0.2139 -1.3374 -1.8058 -1.9646 -2.3503 -3.1335 -3.1638 -3.5912
 264  0.729681  3.5751  0.5536  3.0012  6.6208  6.8211  2.9651  2.2348  0.3445 -0.2083 -1.3329 -1.8045 -1.9594 -2.3633 -3.1867 -3.2183 -3.6577
 265  0.729685  3.5727  0.5173  3.0279  6.5769  6.8067  2.9488  2.2303  0.3474 -0.1999 -1.3241 -1.7992 -1.9499 -2.3727 -3.2374 -3.2705 -3.7224
 266  0.729689  3.5703  0.4816  3.0540  6.5342  6.7910  2.9310  2.2231  0.3488 -0.1908 -1.3131 -1.7922 -1.9388 -2.3799 -3.2848 -3.3198 -3.7849
 267  0.729692  3.5680  0.4468  3.0796  6.4929  6.7752  2.9129  2.2158  0.3519 -0.1792 -1.2990 -1.7822 -1.9247 -2.3842 -3.3293 -3.3665 -3.8451
 268  0.729695  3.5657  0.4125  3.1046  6.4535  6.7608  2.8961  2.2099  0.3590 -0.1633 -1.2804 -1.7680 -1.9066 -2.3847 -3.3709 -3.4104 -3.9033
 269  0.729699  3.5634  0.3790  3.1290  6.4159  6.7476  2.8802  2.2052  0.3699 -0.1433 -1.2580 -1.7506 -1.8853 -2.3820 -3.4095 -3.4516 -3.9591
 270  0.729702  3.5611  0.3455  3.1531  6.3804  6.7366  2.8661  2.2029  0.3862 -0.1171 -1.2294 -1.7275 -1.8583 -2.3741 -3.4446 -3.4894 -4.0129
 271  0.729704  3.5587  0.3131  3.1765  6.3466  6.7267  2.8529  2.2016  0.4051 -0.0883 -1.1990 -1.7027 -1.8303 -2.3640 -3.4767 -3.5246 -4.0641
 272  0.729707  3.5564  0.2808  3.1994  6.3164  6.7202  2.8441  2.2048  0.4309 -0.0529 -1.1653 -1.6768 -1.8027 -2.3517 -3.5037 -3.5548 -4.1114
 273  0.729710  3.5542  0.2495  3.2218  6.2881  6.7139  2.8362  2.2084  0.4599 -0.0141 -1.1299 -1.6510 -1.7766 -2.3387 -3.5262 -3.5809 -4.1550
 274  0.729712  3.5520  0.2189  3.2438  6.2613  6.7087  2.8300  2.2139  0.4922  0.0275 -1.0924 -1.6235 -1.7491 -2.3238 -3.5461 -3.6044 -4.1963
 275  0.729714  3.5499  0.1892  3.2652  6.2364  6.7049  2.8255  2.2215  0.5280  0.0722 -1.0526 -1.5940 -1.7198 -2.3066 -3.5630 -3.6254 -4.2350
 276  0.729717  3.5479  0.1601  3.2861  6.2094  6.6961  2.8152  2.2204  0.5535  0.1092 -1.0191 -1.5706 -1.6966 -2.2952 -3.5834 -3.6488 -4.2744
 277  0.729719  3.5459  0.1316  3.3064  6.1836  6.6877  2.8051  2.2192  0.5794  0.1467 -0.9853 -1.5470 -1.6735 -2.2832 -3.6023 -3.6705 -4.3118
 278  0.729721  3.5440  0.1045  3.3259  6.1929  6.7745  2.8901  2.3455  0.7494  0.2999 -0.8589 -1.4342 -1.5614 -2.1936 -3.5848 -3.6594 -4.3311
 279  0.729723  3.5423  0.0800  3.3436  6.1687  6.7633  2.8777  2.3400  0.7673  0.3272 -0.8351 -1.4188 -1.5463 -2.1874 -3.6031 -3.6800 -4.3643
