#NUMBER OF AGES= 1
#----------------------------------------------------       
#MIX-LEN  Y      Z          Zeff        [Fe/H] [a/Fe]
# 1.9380  0.3300 4.8102E-03 2.4485E-03  -0.78   0.40 
#----------------------------------------------------       
#**PHOTOMETRIC SYSTEM**: HST WFPC2 (Vega)                   
#----------------------------------------------------       
#AGE=14.600 EEPS=265
#EEP   M/Mo    LogTeff  LogG   LogL/Lo F218W   F255W   F300W   F336W   F439W   F450W   F555W   F606W   F622W   F675W   F791W   F814W   F850LP
  15  0.121020  3.5196  5.2171 -2.6641 20.6865 20.6898 16.8634 16.0789 14.9328 14.4697 13.1803 12.6670 12.4842 12.0382 10.8622 10.8152 10.2910
  16  0.139093  3.5218  5.1601 -2.5377 20.3561 20.3144 16.4990 15.7056 14.5548 14.1053 12.8318 12.3190 12.1369 11.6947 10.5423 10.4960  9.9771
  17  0.155205  3.5245  5.1190 -2.4385 20.0930 20.0038 16.2021 15.4000 14.2445 13.8062 12.5472 12.0354 11.8537 11.4160 10.2893 10.2438  9.7313
  18  0.170531  3.5278  5.0882 -2.3532 19.8613 19.7167 15.9327 15.1212 13.9598 13.5320 12.2884 11.7780 11.5967 11.1650 10.0692 10.0248  9.5207
  19  0.185253  3.5315  5.0638 -2.2780 19.6538 19.4513 15.6870 14.8668 13.6997 13.2815 12.0530 11.5442 11.3631 10.9377  9.8738  9.8308  9.3357
  20  0.199154  3.5350  5.0434 -2.2127 19.4730 19.2187 15.4730 14.6456 13.4735 13.0634 11.8480 11.3407 11.1597 10.7396  9.7042  9.6622  9.1753
  21  0.213160  3.5380  5.0250 -2.1529 19.3079 19.0081 15.2788 14.4456 13.2690 12.8654 11.6615 11.1556 10.9747 10.5594  9.5489  9.5078  9.0281
  22  0.227220  3.5409  5.0087 -2.0973 19.1545 18.8119 15.0987 14.2604 13.0796 12.6817 11.4882 10.9838 10.8031 10.3920  9.4050  9.3648  8.8919
  23  0.239230  3.5432  4.9956 -2.0523 19.0309 18.6535 14.9537 14.1116 12.9273 12.5337 11.3485 10.8452 10.6646 10.2568  9.2890  9.2494  8.7820
  24  0.248420  3.5450  4.9859 -2.0192 18.9404 18.5373 14.8472 14.0023 12.8152 12.4246 11.2454 10.7428 10.5623 10.1570  9.2033  9.1641  8.7010
  25  0.255113  3.5463  4.9789 -1.9956 18.8767 18.4553 14.7725 13.9256 12.7364 12.3476 11.1724 10.6702 10.4898 10.0862  9.1425  9.1038  8.6436
  26  0.260229  3.5472  4.9740 -1.9783 18.8303 18.3958 14.7184 13.8702 12.6793 12.2917 11.1192 10.6174 10.4371 10.0347  9.0982  9.0598  8.6016
  27  0.264107  3.5479  4.9705 -1.9655 18.7955 18.3510 14.6779 13.8288 12.6368 12.2500 11.0796 10.5781 10.3977  9.9963  9.0653  9.0270  8.5706
  28  0.267074  3.5485  4.9680 -1.9560 18.7691 18.3165 14.6472 13.7973 12.6045 12.2183 11.0496 10.5483 10.3679  9.9672  9.0406  9.0025  8.5474
  29  0.269375  3.5489  4.9659 -1.9482 18.7476 18.2883 14.6222 13.7718 12.5784 12.1926 11.0253 10.5241 10.3438  9.9438  9.0207  8.9828  8.5288
  30  0.271437  3.5494  4.9642 -1.9414 18.7284 18.2630 14.6000 13.7490 12.5549 12.1697 11.0036 10.5026 10.3223  9.9228  9.0032  8.9652  8.5122
  31  0.273475  3.5498  4.9626 -1.9348 18.7095 18.2378 14.5779 13.7262 12.5317 12.1468 10.9820 10.4813 10.3010  9.9022  8.9859  8.9481  8.4962
  32  0.275595  3.5503  4.9609 -1.9278 18.6898 18.2119 14.5550 13.7029 12.5078 12.1234 10.9598 10.4593 10.2790  9.8809  8.9680  8.9303  8.4794
  33  0.277859  3.5508  4.9589 -1.9204 18.6688 18.1843 14.5307 13.6780 12.4822 12.0983 10.9361 10.4358 10.2555  9.8581  8.9487  8.9112  8.4614
  34  0.280298  3.5513  4.9567 -1.9124 18.6461 18.1549 14.5046 13.6513 12.4548 12.0715 10.9107 10.4107 10.2304  9.8336  8.9279  8.8905  8.4418
  35  0.283060  3.5518  4.9540 -1.9033 18.6211 18.1227 14.4759 13.6221 12.4248 12.0420 10.8828 10.3831 10.2028  9.8066  8.9047  8.8675  8.4199
  36  0.286034  3.5522  4.9508 -1.8935 18.5940 18.0887 14.4454 13.5910 12.3929 12.0107 10.8530 10.3536 10.1733  9.7779  8.8797  8.8425  8.3962
  37  0.289474  3.5528  4.9470 -1.8823 18.5631 18.0506 14.4110 13.5560 12.3571 11.9755 10.8195 10.3203 10.1401  9.7454  8.8511  8.8141  8.3690
  38  0.290447  3.5528  4.9451 -1.8779 18.5510 18.0349 14.3982 13.5433 12.3449 11.9630 10.8066 10.3069 10.1266  9.7320  8.8404  8.8033  8.3583
  39  0.321169  3.5599  4.9110 -1.7739 18.2539 17.6597 14.0612 13.1983 11.9837 11.6087 10.4702  9.9764  9.7959  9.4137  8.5698  8.5353  8.1068
  40  0.338970  3.5640  4.8893 -1.7123 18.0747 17.4230 13.8619 12.9966 11.7778 11.4045 10.2760  9.7843  9.6038  9.2273  8.4123  8.3786  7.9593
  41  0.364858  3.5717  4.8553 -1.6145 17.7756 17.0026 13.5270 12.6589 11.4406 11.0684  9.9600  9.4722  9.2926  8.9253  8.1627  8.1305  7.7279
  42  0.378088  3.5763  4.8362 -1.5617 17.6138 16.7627 13.3440 12.4747 11.2561 10.8826  9.7842  9.2990  9.1195  8.7584  8.0277  7.9963  7.6042
  43  0.389200  3.5804  4.8195 -1.5159 17.4743 16.5498 13.1849 12.3149 11.0960 10.7205  9.6306  9.1476  8.9682  8.6130  7.9111  7.8804  7.4978
  44  0.400189  3.5848  4.8029 -1.4699 17.3265 16.3276 13.0194 12.1493 10.9326 10.5552  9.4750  8.9951  8.8159  8.4669  7.7933  7.7634  7.3906
  45  0.410659  3.5892  4.7874 -1.4254 17.1807 16.1092 12.8565 11.9866 10.7730 10.3937  9.3237  8.8474  8.6685  8.3260  7.6798  7.6506  7.2876
  46  0.420362  3.5936  4.7731 -1.3836 17.0416 15.9042 12.7006 11.8309 10.6210 10.2399  9.1804  8.7082  8.5296  8.1934  7.5730  7.5446  7.1910
  47  0.429269  3.5978  4.7604 -1.3447 16.9095 15.7154 12.5526 11.6829 10.4760 10.0941  9.0456  8.5780  8.3999  8.0701  7.4730  7.4454  7.1009
  48  0.437481  3.6020  4.7489 -1.3082 16.7841 15.5397 12.4120 11.5422 10.3379  9.9556  8.9186  8.4559  8.2783  7.9548  7.3794  7.3525  7.0166
  49  0.445592  3.6064  4.7378 -1.2718 16.6584 15.3670 12.2706 11.4008 10.1986  9.8165  8.7917  8.3345  8.1575  7.8404  7.2864  7.2601  6.9329
  50  0.453655  3.6108  4.7271 -1.2353 16.5317 15.1972 12.1275 11.2574 10.0571  9.6756  8.6645  8.2135  8.0372  7.7268  7.1932  7.1678  6.8493
  51  0.461619  3.6156  4.7172 -1.1991 16.4048 15.0325 11.9837 11.1129  9.9132  9.5333  8.5378  8.0940  7.9187  7.6150  7.1010  7.0762  6.7663
  52  0.466676  3.6186  4.7109 -1.1759 16.3240 14.9311 11.8902 11.0184  9.8195  9.4413  8.4569  8.0182  7.8436  7.5445  7.0420  7.0177  6.7134
  53  0.471671  3.6218  4.7051 -1.1528 16.2433 14.8326 11.7955 10.9221  9.7243  9.3480  8.3756  7.9423  7.7687  7.4742  6.9833  6.9595  6.6607
  54  0.476572  3.6251  4.6998 -1.1298 16.1611 14.7332 11.6980 10.8226  9.6271  9.2532  8.2938  7.8664  7.6939  7.4043  6.9248  6.9015  6.6083
  55  0.481375  3.6285  4.6947 -1.1070 16.0775 14.6325 11.5983 10.7206  9.5292  9.1577  8.2122  7.7912  7.6197  7.3351  6.8669  6.8440  6.5565
  56  0.486085  3.6319  4.6900 -1.0843 15.9922 14.5286 11.4944 10.6145  9.4294  9.0608  8.1300  7.7159  7.5458  7.2662  6.8093  6.7869  6.5053
  57  0.490719  3.6354  4.6859 -1.0617 15.9033 14.4184 11.3856 10.5032  9.3279  8.9621  8.0475  7.6405  7.4720  7.1976  6.7520  6.7301  6.4543
  58  0.495275  3.6390  4.6819 -1.0395 15.8108 14.2967 11.2723 10.3878  9.2269  8.8639  7.9658  7.5661  7.3993  7.1301  6.6954  6.6740  6.4038
  59  0.499755  3.6427  4.6782 -1.0173 15.7107 14.1569 11.1515 10.2654  9.1247  8.7646  7.8839  7.4918  7.3269  7.0629  6.6390  6.6182  6.3537
  60  0.504178  3.6463  4.6745 -0.9955 15.6042 14.0054 11.0265 10.1396  9.0233  8.6659  7.8030  7.4185  7.2558  6.9967  6.5831  6.5627  6.3038
  61  0.508545  3.6499  4.6711 -0.9737 15.4895 13.8401 10.8962 10.0090  8.9219  8.5672  7.7228  7.3459  7.1855  6.9312  6.5275  6.5076  6.2541
  62  0.512853  3.6535  4.6677 -0.9522 15.3665 13.6601 10.7602  9.8740  8.8217  8.4697  7.6437  7.2744  7.1166  6.8669  6.4721  6.4528  6.2044
  63  0.517096  3.6572  4.6645 -0.9310 15.2336 13.4661 10.6196  9.7355  8.7223  8.3730  7.5658  7.2040  7.0489  6.8034  6.4173  6.3984  6.1552
  64  0.521260  3.6607  4.6613 -0.9100 15.0923 13.2616 10.4773  9.5970  8.6252  8.2786  7.4896  7.1351  6.9828  6.7413  6.3631  6.3446  6.1063
  65  0.525350  3.6643  4.6583 -0.8893 14.9397 13.0471 10.3326  9.4574  8.5298  8.1859  7.4148  7.0675  6.9181  6.6805  6.3096  6.2916  6.0579
  66  0.529358  3.6678  4.6553 -0.8690 14.7758 12.8259 10.1870  9.3184  8.4366  8.0956  7.3420  7.0016  6.8551  6.6210  6.2569  6.2394  6.0102
  67  0.533296  3.6713  4.6523 -0.8490 14.5986 12.5978 10.0409  9.1802  8.3455  8.0075  7.2709  6.9371  6.7936  6.5630  6.2051  6.1881  5.9633
  68  0.537171  3.6747  4.6493 -0.8293 14.4054 12.3638  9.8946  9.0438  8.2569  7.9222  7.2017  6.8745  6.7338  6.5065  6.1544  6.1377  5.9172
  69  0.540973  3.6780  4.6462 -0.8099 14.1783 12.1205  9.7459  8.9075  8.1703  7.8393  7.1346  6.8134  6.6757  6.4515  6.1048  6.0886  5.8721
  70  0.544718  3.6811  4.6431 -0.7908 13.9407 11.8789  9.5989  8.7738  8.0862  7.7591  7.0693  6.7541  6.6191  6.3979  6.0563  6.0405  5.8279
  71  0.548398  3.6843  4.6399 -0.7721 13.7007 11.6423  9.4549  8.6437  8.0045  7.6814  7.0057  6.6963  6.5639  6.3456  6.0087  5.9934  5.7847
  72  0.552030  3.6874  4.6365 -0.7536 13.4683 11.4174  9.3164  8.5188  7.9255  7.6064  6.9441  6.6399  6.5102  6.2946  5.9621  5.9470  5.7420
  73  0.555605  3.6903  4.6330 -0.7354 13.2464 11.2058  9.1842  8.3995  7.8492  7.5340  6.8841  6.5849  6.4576  6.2446  5.9164  5.9018  5.7002
  74  0.559131  3.6932  4.6294 -0.7175 13.0577 11.0212  9.0631  8.2892  7.7760  7.4646  6.8258  6.5313  6.4062  6.1956  5.8716  5.8573  5.6590
  75  0.562605  3.6960  4.6256 -0.6999 12.9026 10.8619  8.9524  8.1872  7.7056  7.3977  6.7693  6.4790  6.3558  6.1476  5.8276  5.8136  5.6188
  76  0.566025  3.6987  4.6216 -0.6826 12.7663 10.7190  8.8489  8.0911  7.6378  7.3333  6.7143  6.4281  6.3066  6.1007  5.7845  5.7709  5.5791
  77  0.569388  3.7014  4.6177 -0.6655 12.6385 10.5861  8.7504  7.9994  7.5723  7.2710  6.6610  6.3785  6.2585  6.0548  5.7424  5.7290  5.5402
  78  0.572703  3.7039  4.6136 -0.6488 12.5155 10.4603  8.6554  7.9112  7.5086  7.2106  6.6089  6.3299  6.2115  6.0099  5.7009  5.6878  5.5020
  79  0.575957  3.7063  4.6094 -0.6323 12.3945 10.3401  8.5634  7.8256  7.4466  7.1518  6.5581  6.2825  6.1656  5.9660  5.6604  5.6476  5.4645
  80  0.579156  3.7087  4.6051 -0.6162 12.2740 10.2241  8.4736  7.7425  7.3861  7.0945  6.5086  6.2360  6.1206  5.9229  5.6206  5.6081  5.4277
  81  0.582299  3.7111  4.6008 -0.6001 12.1325 10.1001  8.3817  7.6587  7.3266  7.0384  6.4601  6.1907  6.0765  5.8808  5.5816  5.5694  5.3915
  82  0.586503  3.7142  4.5949 -0.5786 11.9342  9.9336  8.2587  7.5471  7.2477  6.9641  6.3957  6.1304  6.0181  5.8247  5.5296  5.5177  5.3432
  83  0.590650  3.7171  4.5888 -0.5574 11.7311  9.7690  8.1372  7.4372  7.1703  6.8913  6.3327  6.0711  5.9605  5.7694  5.4783  5.4667  5.2956
  84  0.594734  3.7201  4.5824 -0.5363 11.5286  9.6086  8.0184  7.3302  7.0944  6.8202  6.2708  6.0131  5.9041  5.7151  5.4278  5.4166  5.2485
  85  0.598753  3.7230  4.5760 -0.5155 11.3293  9.4534  7.9029  7.2263  7.0205  6.7507  6.2103  5.9560  5.8486  5.6618  5.3780  5.3670  5.2021
  86  0.602701  3.7257  4.5692 -0.4949 11.1372  9.3049  7.7910  7.1256  6.9481  6.6828  6.1509  5.9000  5.7941  5.6093  5.3290  5.3183  5.1564
  87  0.606576  3.7284  4.5622 -0.4745 10.9554  9.1643  7.6834  7.0284  6.8774  6.6163  6.0928  5.8451  5.7405  5.5577  5.2808  5.2703  5.1111
  88  0.610378  3.7309  4.5551 -0.4544 10.7805  9.0300  7.5794  6.9344  6.8083  6.5514  6.0358  5.7912  5.6880  5.5070  5.2332  5.2231  5.0665
  89  0.614098  3.7334  4.5477 -0.4346 10.6126  8.9016  7.4791  6.8437  6.7410  6.4882  5.9801  5.7383  5.6363  5.4572  5.1864  5.1766  5.0225
  90  0.617734  3.7357  4.5401 -0.4149 10.4509  8.7786  7.3823  6.7561  6.6753  6.4264  5.9256  5.6865  5.5857  5.4083  5.1403  5.1307  4.9789
  91  0.621284  3.7381  4.5323 -0.3956 10.2952  8.6607  7.2888  6.6713  6.6114  6.3661  5.8721  5.6356  5.5359  5.3602  5.0949  5.0854  4.9360
  92  0.624744  3.7402  4.5244 -0.3765 10.1446  8.5469  7.1980  6.5890  6.5487  6.3072  5.8198  5.5857  5.4869  5.3127  5.0501  5.0409  4.8936
  93  0.628120  3.7423  4.5162 -0.3576 10.0017  8.4386  7.1110  6.5102  6.4879  6.2497  5.7684  5.5366  5.4389  5.2660  5.0058  4.9968  4.8515
  94  0.631415  3.7443  4.5078 -0.3390  9.8643  8.3345  7.0269  6.4338  6.4285  6.1936  5.7180  5.4883  5.3914  5.2199  4.9620  4.9532  4.8098
  95  0.634627  3.7462  4.4993 -0.3206  9.7307  8.2337  6.9452  6.3594  6.3702  6.1384  5.6685  5.4408  5.3447  5.1745  4.9188  4.9101  4.7685
  96  0.637760  3.7480  4.4906 -0.3024  9.6023  8.1366  6.8660  6.2874  6.3132  6.0844  5.6196  5.3939  5.2986  5.1296  4.8759  4.8675  4.7276
  97  0.640817  3.7498  4.4817 -0.2844  9.4784  8.0429  6.7893  6.2174  6.2572  6.0313  5.5717  5.3477  5.2531  5.0852  4.8336  4.8253  4.6870
  98  0.643802  3.7515  4.4725 -0.2665  9.3605  7.9531  6.7152  6.1497  6.2025  5.9794  5.5245  5.3021  5.2083  5.0415  4.7915  4.7834  4.6467
  99  0.646710  3.7531  4.4632 -0.2488  9.2453  7.8653  6.6427  6.0835  6.1487  5.9282  5.4779  5.2571  5.1640  4.9982  4.7500  4.7420  4.6067
 100  0.649545  3.7545  4.4536 -0.2313  9.1355  7.7811  6.5725  6.0194  6.0959  5.8779  5.4319  5.2127  5.1202  4.9553  4.7088  4.7010  4.5670
 101  0.652311  3.7560  4.4438 -0.2140  9.0283  7.6983  6.5035  5.9562  6.0438  5.8283  5.3867  5.1689  5.0770  4.9132  4.6683  4.6605  4.5279
 102  0.655006  3.7574  4.4338 -0.1969  8.9248  7.6181  6.4363  5.8946  5.9927  5.7796  5.3420  5.1257  5.0344  4.8715  4.6281  4.6205  4.4890
 103  0.657633  3.7586  4.4237 -0.1798  8.8253  7.5403  6.3710  5.8346  5.9424  5.7316  5.2980  5.0830  4.9922  4.8302  4.5883  4.5807  4.4504
 104  0.660196  3.7598  4.4134 -0.1631  8.7291  7.4648  6.3074  5.7761  5.8930  5.6843  5.2545  5.0408  4.9505  4.7894  4.5488  4.5414  4.4122
 105  0.662696  3.7609  4.4030 -0.1465  8.6370  7.3921  6.2458  5.7192  5.8444  5.6377  5.2114  4.9990  4.9094  4.7490  4.5097  4.5023  4.3742
 106  0.665141  3.7620  4.3924 -0.1299  8.5490  7.3219  6.1860  5.6638  5.7967  5.5919  5.1690  4.9578  4.8685  4.7089  4.4708  4.4636  4.3364
 107  0.667537  3.7630  4.3817 -0.1136  8.4649  7.2543  6.1283  5.6102  5.7498  5.5469  5.1271  4.9170  4.8282  4.6692  4.4323  4.4252  4.2989
 108  0.669890  3.7640  4.3708 -0.0975  8.3842  7.1890  6.0721  5.5578  5.7038  5.5025  5.0857  4.8766  4.7882  4.6300  4.3941  4.3870  4.2615
 109  0.672214  3.7648  4.3599 -0.0815  8.3071  7.1259  6.0178  5.5069  5.6586  5.4588  5.0447  4.8366  4.7486  4.5910  4.3562  4.3491  4.2244
 110  0.674518  3.7657  4.3487 -0.0656  8.2336  7.0655  5.9651  5.4576  5.6141  5.4159  5.0042  4.7971  4.7095  4.5524  4.3185  4.3116  4.1875
 111  0.676725  3.7665  4.3378 -0.0501  8.1603  7.0055  5.9129  5.4087  5.5703  5.3734  4.9644  4.7580  4.6708  4.5144  4.2815  4.2745  4.1512
 112  0.677540  3.7669  4.3337 -0.0441  8.1309  6.9817  5.8925  5.3897  5.5532  5.3570  4.9490  4.7431  4.6561  4.4998  4.2673  4.2604  4.1374
 113  0.678353  3.7672  4.3297 -0.0381  8.1013  6.9577  5.8719  5.3705  5.5361  5.3404  4.9336  4.7280  4.6412  4.4852  4.2530  4.2462  4.1234
 114  0.679166  3.7676  4.3256 -0.0320  8.0718  6.9336  5.8512  5.3513  5.5188  5.3238  4.9181  4.7128  4.6261  4.4705  4.2387  4.2319  4.1094
 115  0.679979  3.7679  4.3213 -0.0259  8.0435  6.9104  5.8310  5.3324  5.5017  5.3072  4.9024  4.6976  4.6111  4.4556  4.2242  4.2174  4.0952
 116  0.680789  3.7682  4.3168 -0.0197  8.0161  6.8877  5.8111  5.3136  5.4846  5.2906  4.8867  4.6822  4.5958  4.4405  4.2094  4.2026  4.0808
 117  0.681596  3.7685  4.3121 -0.0134  7.9901  6.8657  5.7916  5.2953  5.4675  5.2738  4.8708  4.6666  4.5802  4.4251  4.1944  4.1876  4.0660
 118  0.682398  3.7687  4.3072 -0.0071  7.9647  6.8441  5.7722  5.2770  5.4502  5.2571  4.8547  4.6508  4.5645  4.4096  4.1791  4.1723  4.0508
 119  0.683198  3.7688  4.3021 -0.0007  7.9399  6.8229  5.7531  5.2587  5.4330  5.2402  4.8386  4.6348  4.5486  4.3937  4.1635  4.1568  4.0355
 120  0.683993  3.7690  4.2969  0.0058  7.9158  6.8020  5.7341  5.2406  5.4157  5.2233  4.8222  4.6187  4.5326  4.3778  4.1478  4.1411  4.0200
 121  0.684788  3.7692  4.2916  0.0123  7.8920  6.7813  5.7152  5.2225  5.3983  5.2062  4.8058  4.6023  4.5163  4.3618  4.1320  4.1253  4.0043
 122  0.685576  3.7694  4.2863  0.0189  7.8678  6.7603  5.6960  5.2042  5.3807  5.1889  4.7891  4.5859  4.4999  4.3455  4.1159  4.1092  3.9883
 123  0.686361  3.7696  4.2808  0.0256  7.8437  6.7394  5.6768  5.1859  5.3630  5.1714  4.7722  4.5693  4.4833  4.3291  4.0996  4.0930  3.9723
 124  0.687145  3.7698  4.2753  0.0323  7.8192  6.7183  5.6574  5.1674  5.3452  5.1539  4.7553  4.5525  4.4667  4.3125  4.0834  4.0768  3.9561
 125  0.687930  3.7700  4.2698  0.0390  7.7955  6.6974  5.6384  5.1491  5.3273  5.1364  4.7384  4.5357  4.4500  4.2960  4.0670  4.0603  3.9399
 126  0.688713  3.7702  4.2642  0.0457  7.7720  6.6767  5.6193  5.1307  5.3094  5.1189  4.7213  4.5189  4.4332  4.2793  4.0505  4.0439  3.9235
 127  0.689494  3.7703  4.2585  0.0525  7.7491  6.6563  5.6003  5.1125  5.2916  5.1014  4.7042  4.5019  4.4164  4.2625  4.0339  4.0272  3.9070
 128  0.690273  3.7704  4.2527  0.0593  7.7265  6.6360  5.5814  5.0943  5.2738  5.0836  4.6869  4.4848  4.3993  4.2456  4.0171  4.0105  3.8903
 129  0.691048  3.7705  4.2466  0.0662  7.7048  6.6162  5.5628  5.0763  5.2559  5.0660  4.6696  4.4677  4.3823  4.2286  4.0002  3.9936  3.8735
 130  0.691821  3.7706  4.2405  0.0731  7.6841  6.5971  5.5445  5.0585  5.2381  5.0483  4.6523  4.4503  4.3650  4.2114  3.9831  3.9765  3.8565
 131  0.692589  3.7706  4.2342  0.0801  7.6641  6.5782  5.5264  5.0409  5.2202  5.0306  4.6349  4.4330  4.3476  4.1941  3.9658  3.9592  3.8392
 132  0.693352  3.7706  4.2277  0.0872  7.6447  6.5597  5.5084  5.0233  5.2024  5.0129  4.6172  4.4154  4.3302  4.1766  3.9483  3.9417  3.8217
 133  0.694112  3.7706  4.2211  0.0942  7.6257  6.5413  5.4906  5.0058  5.1845  4.9950  4.5996  4.3978  4.3125  4.1589  3.9307  3.9240  3.8041
 134  0.694866  3.7706  4.2144  0.1014  7.6076  6.5235  5.4730  4.9884  5.1666  4.9772  4.5818  4.3801  4.2947  4.1412  3.9129  3.9062  3.7862
 135  0.695615  3.7705  4.2074  0.1085  7.5904  6.5061  5.4556  4.9712  5.1488  4.9593  4.5640  4.3621  4.2769  4.1233  3.8949  3.8882  3.7682
 136  0.696358  3.7705  4.2004  0.1158  7.5738  6.4890  5.4384  4.9541  5.1309  4.9414  4.5460  4.3441  4.2588  4.1052  3.8767  3.8701  3.7499
 137  0.697096  3.7704  4.1931  0.1231  7.5581  6.4725  5.4214  4.9371  5.1130  4.9234  4.5279  4.3259  4.2406  4.0869  3.8583  3.8517  3.7315
 138  0.697828  3.7702  4.1857  0.1304  7.5433  6.4565  5.4048  4.9204  5.0951  4.9055  4.5096  4.3077  4.2222  4.0685  3.8398  3.8331  3.7127
 139  0.698552  3.7700  4.1781  0.1378  7.5293  6.4408  5.3883  4.9037  5.0773  4.8875  4.4914  4.2892  4.2037  4.0499  3.8211  3.8144  3.6938
 140  0.699270  3.7699  4.1703  0.1453  7.5168  6.4260  5.3724  4.8875  5.0596  4.8696  4.4730  4.2707  4.1852  4.0312  3.8021  3.7954  3.6746
 141  0.699982  3.7696  4.1623  0.1528  7.5056  6.4120  5.3569  4.8715  5.0420  4.8517  4.4546  4.2520  4.1665  4.0123  3.7830  3.7762  3.6552
 142  0.700685  3.7693  4.1540  0.1603  7.4959  6.3988  5.3418  4.8558  5.0245  4.8338  4.4362  4.2333  4.1477  3.9933  3.7636  3.7569  3.6355
 143  0.701382  3.7690  4.1455  0.1679  7.4880  6.3868  5.3275  4.8408  5.0072  4.8160  4.4176  4.2144  4.1287  3.9741  3.7440  3.7372  3.6155
 144  0.702070  3.7686  4.1367  0.1755  7.4828  6.3765  5.3141  4.8264  4.9900  4.7984  4.3991  4.1955  4.1096  3.9547  3.7241  3.7174  3.5953
 145  0.702751  3.7681  4.1276  0.1832  7.4789  6.3670  5.3012  4.8124  4.9731  4.7808  4.3803  4.1764  4.0904  3.9351  3.7041  3.6973  3.5748
 146  0.703423  3.7676  4.1182  0.1910  7.4780  6.3593  5.2895  4.7993  4.9565  4.7635  4.3617  4.1572  4.0710  3.9155  3.6839  3.6770  3.5540
 147  0.704087  3.7671  4.1086  0.1987  7.4786  6.3524  5.2782  4.7864  4.9400  4.7462  4.3429  4.1380  4.0515  3.8956  3.6634  3.6564  3.5330
 148  0.704742  3.7665  4.0987  0.2065  7.4815  6.3471  5.2678  4.7743  4.9237  4.7290  4.3242  4.1186  4.0319  3.8757  3.6427  3.6357  3.5117
 149  0.705388  3.7658  4.0886  0.2144  7.4857  6.3424  5.2579  4.7625  4.9075  4.7118  4.3054  4.0991  4.0123  3.8555  3.6218  3.6148  3.4901
 150  0.706024  3.7651  4.0783  0.2223  7.4931  6.3396  5.2490  4.7516  4.8917  4.6950  4.2867  4.0797  3.9926  3.8353  3.6008  3.5937  3.4683
 151  0.706651  3.7644  4.0678  0.2301  7.5017  6.3374  5.2406  4.7411  4.8760  4.6781  4.2679  4.0601  3.9727  3.8150  3.5797  3.5725  3.4464
 152  0.707270  3.7635  4.0569  0.2381  7.5145  6.3376  5.2336  4.7316  4.8608  4.6616  4.2492  4.0406  3.9529  3.7946  3.5583  3.5511  3.4241
 153  0.707880  3.7626  4.0459  0.2460  7.5285  6.3385  5.2272  4.7226  4.8457  4.6452  4.2304  4.0210  3.9329  3.7741  3.5368  3.5295  3.4018
 154  0.708480  3.7616  4.0343  0.2540  7.5500  6.3438  5.2235  4.7157  4.8315  4.6295  4.2119  4.0015  3.9130  3.7535  3.5151  3.5076  3.3790
 155  0.709070  3.7605  4.0221  0.2620  7.5761  6.3517  5.2214  4.7102  4.8180  4.6141  4.1935  3.9820  3.8931  3.7328  3.4931  3.4855  3.3559
 156  0.709649  3.7593  4.0097  0.2700  7.6079  6.3624  5.2212  4.7062  4.8051  4.5992  4.1753  3.9626  3.8732  3.7121  3.4710  3.4633  3.3325
 157  0.710218  3.7580  3.9968  0.2780  7.6448  6.3758  5.2227  4.7035  4.7929  4.5849  4.1574  3.9432  3.8533  3.6913  3.4486  3.4409  3.3089
 158  0.710775  3.7564  3.9829  0.2860  7.6942  6.3967  5.2288  4.7046  4.7825  4.5719  4.1399  3.9242  3.8336  3.6705  3.4261  3.4181  3.2845
 159  0.711318  3.7545  3.9680  0.2939  7.7533  6.4233  5.2388  4.7086  4.7736  4.5599  4.1230  3.9053  3.8140  3.6497  3.4031  3.3950  3.2597
 160  0.711845  3.7526  3.9523  0.3018  7.8199  6.4534  5.2513  4.7147  4.7660  4.5491  4.1066  3.8867  3.7948  3.6290  3.3800  3.3718  3.2345
 161  0.712353  3.7504  3.9359  0.3097  7.8952  6.4883  5.2669  4.7234  4.7597  4.5394  4.0906  3.8686  3.7758  3.6084  3.3568  3.3483  3.2090
 162  0.712934  3.7475  3.9153  0.3188  8.0004  6.5401  5.2925  4.7396  4.7555  4.5304  4.0736  3.8483  3.7542  3.5849  3.3298  3.3210  3.1788
 163  0.713505  3.7443  3.8930  0.3289  8.1100  6.5943  5.3190  4.7560  4.7499  4.5198  4.0543  3.8259  3.7306  3.5589  3.3000  3.2910  3.1457
 164  0.714067  3.7410  3.8689  0.3402  8.2260  6.6519  5.3466  4.7731  4.7432  4.5078  4.0331  3.8011  3.7046  3.5306  3.2677  3.2583  3.1098
 165  0.714616  3.7376  3.8429  0.3529  8.3420  6.7095  5.3727  4.7884  4.7336  4.4927  4.0089  3.7733  3.6754  3.4990  3.2318  3.2223  3.0703
 166  0.715144  3.7343  3.8157  0.3674  8.4522  6.7641  5.3946  4.7997  4.7196  4.4734  3.9805  3.7413  3.6421  3.4634  3.1922  3.1822  3.0269
 167  0.715647  3.7312  3.7876  0.3835  8.5483  6.8100  5.4088  4.8040  4.6999  4.4487  3.9473  3.7049  3.6045  3.4235  3.1484  3.1382  2.9798
 168  0.716122  3.7286  3.7591  0.4015  8.6266  6.8448  5.4138  4.8003  4.6741  4.4184  3.9095  3.6641  3.5626  3.3797  3.1011  3.0907  2.9293
 169  0.716569  3.7262  3.7310  0.4208  8.6837  6.8650  5.4081  4.7873  4.6422  4.3827  3.8674  3.6194  3.5171  3.3324  3.0509  3.0402  2.8765
 170  0.716993  3.7243  3.7030  0.4412  8.7241  6.8738  5.3940  4.7672  4.6055  4.3428  3.8219  3.5717  3.4686  3.2825  2.9985  2.9876  2.8217
 171  0.717395  3.7227  3.6755  0.4622  8.7484  6.8712  5.3721  4.7404  4.5645  4.2991  3.7737  3.5217  3.4180  3.2306  2.9444  2.9333  2.7658
 172  0.717781  3.7213  3.6485  0.4840  8.7626  6.8605  5.3443  4.7084  4.5204  4.2528  3.7234  3.4699  3.3655  3.1772  2.8893  2.8780  2.7089
 173  0.718153  3.7200  3.6218  0.5061  8.7676  6.8431  5.3117  4.6724  4.4737  4.2041  3.6715  3.4168  3.3120  3.1227  2.8331  2.8218  2.6513
 174  0.718515  3.7191  3.5955  0.5287  8.7641  6.8199  5.2753  4.6331  4.4252  4.1538  3.6185  3.3626  3.2573  3.0673  2.7764  2.7649  2.5933
 175  0.718867  3.7181  3.5694  0.5513  8.7538  6.7923  5.2358  4.5912  4.3750  4.1022  3.5644  3.3075  3.2020  3.0113  2.7192  2.7076  2.5350
 176  0.719212  3.7174  3.5436  0.5743  8.7374  6.7605  5.1937  4.5469  4.3236  4.0494  3.5095  3.2518  3.1461  2.9548  2.6616  2.6499  2.4764
 177  0.719551  3.7167  3.5179  0.5973  8.7172  6.7262  5.1498  4.5013  4.2713  3.9960  3.4543  3.1957  3.0896  2.8979  2.6037  2.5919  2.4175
 178  0.719884  3.7160  3.4923  0.6205  8.6937  6.6898  5.1046  4.4546  4.2184  3.9420  3.3985  3.1392  3.0330  2.8407  2.5456  2.5338  2.3586
 179  0.720215  3.7153  3.4667  0.6437  8.6688  6.6526  5.0588  4.4073  4.1651  3.8877  3.3424  3.0825  2.9761  2.7832  2.4872  2.4754  2.2995
 180  0.720537  3.7148  3.4411  0.6671  8.6417  6.6141  5.0121  4.3592  4.1113  3.8328  3.2861  3.0254  2.9187  2.7255  2.4286  2.4166  2.2401
 181  0.720852  3.7141  3.4154  0.6906  8.6139  6.5751  4.9650  4.3106  4.0570  3.7776  3.2292  2.9679  2.8610  2.6673  2.3696  2.3575  2.1802
 182  0.721029  3.7138  3.4005  0.7042  8.5971  6.5523  4.9374  4.2823  4.0256  3.7455  3.1963  2.9346  2.8276  2.6337  2.3354  2.3234  2.1456
 183  0.721206  3.7134  3.3854  0.7181  8.5799  6.5289  4.9094  4.2536  3.9936  3.7129  3.1628  2.9007  2.7936  2.5994  2.3007  2.2886  2.1105
 184  0.721383  3.7131  3.3700  0.7323  8.5622  6.5051  4.8808  4.2242  3.9609  3.6798  3.1287  2.8662  2.7590  2.5645  2.2653  2.2531  2.0746
 185  0.721560  3.7127  3.3544  0.7466  8.5441  6.4809  4.8517  4.1944  3.9278  3.6460  3.0941  2.8311  2.7238  2.5290  2.2293  2.2171  2.0382
 186  0.721735  3.7124  3.3381  0.7614  8.5255  6.4559  4.8217  4.1636  3.8934  3.6110  3.0580  2.7949  2.6873  2.4923  2.1920  2.1798  2.0004
 187  0.721909  3.7120  3.3211  0.7770  8.5061  6.4302  4.7904  4.1314  3.8576  3.5746  3.0206  2.7568  2.6493  2.4539  2.1531  2.1408  1.9609
 188  0.722080  3.7116  3.3032  0.7934  8.4845  6.4028  4.7571  4.0972  3.8197  3.5360  2.9809  2.7167  2.6091  2.4133  2.1119  2.0996  1.9193
 189  0.722248  3.7112  3.2841  0.8109  8.4630  6.3746  4.7223  4.0613  3.7796  3.4951  2.9388  2.6742  2.5662  2.3702  2.0682  2.0559  1.8750
 190  0.722415  3.7107  3.2641  0.8291  8.4400  6.3448  4.6856  4.0236  3.7376  3.4523  2.8948  2.6296  2.5215  2.3250  2.0224  2.0100  1.8286
 191  0.722577  3.7102  3.2429  0.8483  8.4174  6.3151  4.6479  3.9847  3.6937  3.4075  2.8485  2.5827  2.4745  2.2776  1.9742  1.9617  1.7797
 192  0.722737  3.7096  3.2211  0.8682  8.3930  6.2838  4.6087  3.9440  3.6481  3.3611  2.8007  2.5342  2.4259  2.2285  1.9243  1.9118  1.7292
 193  0.722895  3.7092  3.1983  0.8888  8.3691  6.2523  4.5685  3.9025  3.6013  3.3132  2.7512  2.4841  2.3755  2.1777  1.8726  1.8601  1.6768
 194  0.723050  3.7085  3.1747  0.9101  8.3446  6.2205  4.5274  3.8599  3.5529  3.2638  2.7001  2.4322  2.3235  2.1252  1.8193  1.8067  1.6227
 195  0.723202  3.7079  3.1506  0.9319  8.3192  6.1881  4.4852  3.8161  3.5034  3.2131  2.6477  2.3791  2.2702  2.0712  1.7645  1.7518  1.5671
 196  0.723352  3.7072  3.1254  0.9545  8.2948  6.1564  4.4425  3.7717  3.4525  3.1610  2.5936  2.3242  2.2150  2.0156  1.7078  1.6950  1.5095
 197  0.723498  3.7065  3.0996  0.9777  8.2658  6.1223  4.3983  3.7257  3.4002  3.1076  2.5382  2.2679  2.1585  1.9583  1.6496  1.6367  1.4505
 198  0.723641  3.7058  3.0728  1.0015  8.2358  6.0880  4.3534  3.6790  3.3469  3.0529  2.4814  2.2103  2.1005  1.8998  1.5899  1.5770  1.3898
 199  0.723781  3.7050  3.0453  1.0261  8.2056  6.0535  4.3076  3.6313  3.2923  2.9969  2.4231  2.1509  2.0408  1.8395  1.5284  1.5154  1.3272
 200  0.723917  3.7042  3.0169  1.0512  8.1752  6.0193  4.2613  3.5828  3.2364  2.9396  2.3634  2.0902  1.9799  1.7778  1.4655  1.4524  1.2633
 201  0.724050  3.7033  2.9878  1.0769  8.1460  5.9869  4.2150  3.5342  3.1797  2.8813  2.3025  2.0281  1.9175  1.7146  1.4010  1.3878  1.1976
 202  0.724179  3.7023  2.9575  1.1033  8.1190  5.9566  4.1692  3.4859  3.1221  2.8221  2.2402  1.9647  1.8537  1.6500  1.3349  1.3215  1.1302
 203  0.724304  3.7013  2.9265  1.1302  8.0923  5.9274  4.1233  3.4371  3.0638  2.7618  2.1768  1.9000  1.7886  1.5841  1.2674  1.2540  1.0613
 204  0.724424  3.7002  2.8946  1.1578  8.0661  5.8994  4.0773  3.3879  3.0043  2.7004  2.1122  1.8340  1.7222  1.5166  1.1984  1.1848  0.9909
 205  0.724540  3.6991  2.8620  1.1861  8.0402  5.8727  4.0311  3.3385  2.9439  2.6380  2.0463  1.7667  1.6544  1.4480  1.1280  1.1143  0.9189
 206  0.724652  3.6979  2.8285  1.2148  8.0149  5.8476  3.9850  3.2890  2.8828  2.5747  1.9794  1.6983  1.5856  1.3780  1.0562  1.0424  0.8456
 207  0.724760  3.6967  2.7944  1.2440  7.9906  5.8244  3.9394  3.2396  2.8209  2.5106  1.9114  1.6287  1.5155  1.3069  0.9833  0.9693  0.7709
 208  0.724862  3.6953  2.7595  1.2737  7.9671  5.8045  3.8939  3.1902  2.7584  2.4457  1.8425  1.5582  1.4445  1.2347  0.9091  0.8949  0.6949
 209  0.724961  3.6940  2.7240  1.3039  7.9446  5.7878  3.8490  3.1412  2.6953  2.3801  1.7727  1.4866  1.3724  1.1614  0.8339  0.8196  0.6178
 210  0.725055  3.6927  2.6880  1.3346  7.9233  5.7734  3.8045  3.0925  2.6317  2.3139  1.7021  1.4142  1.2994  1.0872  0.7576  0.7431  0.5397
 211  0.725144  3.6912  2.6512  1.3656  7.9041  5.7623  3.7611  3.0444  2.5678  2.2472  1.6308  1.3410  1.2257  1.0122  0.6805  0.6658  0.4604
 212  0.725229  3.6898  2.6137  1.3972  7.8863  5.7543  3.7183  2.9969  2.5035  2.1799  1.5586  1.2668  1.1509  0.9359  0.6019  0.5871  0.3799
 213  0.725305  3.6881  2.5739  1.4305  7.8690  5.7495  3.6756  2.9492  2.4367  2.1099  1.4830  1.1890  1.0724  0.8560  0.5194  0.5043  0.2951
 214  0.725383  3.6863  2.5312  1.4661  7.8687  5.7558  3.6354  2.9032  2.3671  2.0363  1.4030  1.1064  0.9889  0.7708  0.4310  0.4157  0.2041
 215  0.725456  3.6847  2.4918  1.4990  7.8789  5.7683  3.6002  2.8616  2.3029  1.9683  1.3289  1.0298  0.9116  0.6918  0.3495  0.3339  0.1202
 216  0.725530  3.6830  2.4529  1.5312  7.8935  5.7847  3.5670  2.8217  2.2401  1.9014  1.2560  0.9545  0.8355  0.6141  0.2691  0.2534  0.0376
 217  0.725539  3.6828  2.4479  1.5354  7.8967  5.7869  3.5628  2.8167  2.2321  1.8929  1.2467  0.9449  0.8258  0.6042  0.2588  0.2431  0.0271
 218  0.725548  3.6825  2.4430  1.5395  7.8996  5.7889  3.5586  2.8115  2.2240  1.8844  1.2374  0.9352  0.8160  0.5943  0.2486  0.2329  0.0165
 219  0.725558  3.6824  2.4380  1.5435  7.9032  5.7915  3.5546  2.8066  2.2161  1.8759  1.2281  0.9256  0.8062  0.5843  0.2383  0.2226  0.0059
 220  0.725567  3.6821  2.4330  1.5477  7.9069  5.7940  3.5506  2.8017  2.2082  1.8675  1.2188  0.9160  0.7966  0.5745  0.2281  0.2123 -0.0046
 221  0.725576  3.6820  2.4280  1.5517  7.9107  5.7967  3.5467  2.7968  2.2003  1.8591  1.2095  0.9064  0.7869  0.5646  0.2179  0.2021 -0.0151
 222  0.725585  3.6817  2.4232  1.5558  7.9144  5.7992  3.5428  2.7920  2.1925  1.8506  1.2004  0.8969  0.7772  0.5548  0.2077  0.1919 -0.0255
 223  0.725595  3.6815  2.4182  1.5598  7.9186  5.8019  3.5390  2.7871  2.1847  1.8423  1.1911  0.8874  0.7676  0.5450  0.1976  0.1817 -0.0359
 224  0.725604  3.6813  2.4133  1.5639  7.9225  5.8045  3.5351  2.7823  2.1768  1.8340  1.1820  0.8780  0.7580  0.5352  0.1875  0.1716 -0.0463
 225  0.725614  3.6811  2.4085  1.5679  7.9270  5.8073  3.5314  2.7777  2.1691  1.8257  1.1729  0.8687  0.7486  0.5255  0.1775  0.1616 -0.0565
 226  0.725623  3.6809  2.4036  1.5718  7.9315  5.8103  3.5278  2.7731  2.1616  1.8176  1.1641  0.8594  0.7393  0.5160  0.1677  0.1518 -0.0667
 227  0.725710  3.6794  2.3687  1.6011  7.9819  5.8265  3.4981  2.7356  2.1033  1.7555  1.0965  0.7897  0.6689  0.4443  0.0940  0.0779 -0.1422
 228  0.725795  3.6786  2.3466  1.6198  8.0458  5.8363  3.4782  2.7090  2.0642  1.7138  1.0516  0.7435  0.6223  0.3970  0.0460  0.0299 -0.1910
 229  0.725882  3.6761  2.2913  1.6653  8.0866  5.8833  3.4413  2.6612  1.9785  1.6215  0.9496  0.6376  0.5151  0.2874 -0.0674 -0.0839 -0.3076
 230  0.725961  3.6731  2.2301  1.7149  8.1145  5.9464  3.4087  2.6177  1.8886  1.5241  0.8403  0.5236  0.3995  0.1689 -0.1903 -0.2071 -0.4344
 231  0.726030  3.6705  2.1751  1.7593  8.1185  6.0016  3.3801  2.5803  1.8091  1.4376  0.7431  0.4220  0.2966  0.0633 -0.2999 -0.3170 -0.5478
 232  0.726095  3.6683  2.1277  1.7977  8.0987  6.0450  3.3553  2.5493  1.7410  1.3638  0.6599  0.3351  0.2083 -0.0273 -0.3939 -0.4114 -0.6450
 233  0.726153  3.6670  2.0988  1.8214  8.0614  6.0680  3.3404  2.5331  1.6993  1.3184  0.6088  0.2813  0.1540 -0.0832 -0.4516 -0.4692 -0.7046
 234  0.726213  3.6650  2.0579  1.8546  8.0310  6.1012  3.3210  2.5102  1.6421  1.2560  0.5378  0.2070  0.0785 -0.1607 -0.5322 -0.5500 -0.7881
 235  0.726266  3.6617  1.9932  1.9061  8.0157  6.1596  3.2935  2.4745  1.5544  1.1599  0.4278  0.0914 -0.0390 -0.2815 -0.6581 -0.6765 -0.9190
 236  0.726315  3.6583  1.9289  1.9572  7.9924  6.2160  3.2690  2.4426  1.4697  1.0665  0.3199 -0.0223 -0.1545 -0.4005 -0.7825 -0.8013 -1.0483
 237  0.726360  3.6549  1.8649  2.0075  7.9642  6.2768  3.2497  2.4165  1.3892  0.9769  0.2152 -0.1330 -0.2671 -0.5167 -0.9045 -0.9237 -1.1756
 238  0.726397  3.6516  1.8022  2.0567  7.9329  6.3379  3.2331  2.3939  1.3123  0.8912  0.1144 -0.2400 -0.3761 -0.6293 -1.0230 -1.0427 -1.2995
 239  0.726431  3.6481  1.7401  2.1053  7.8998  6.3996  3.2186  2.3740  1.2379  0.8080  0.0157 -0.3448 -0.4829 -0.7397 -1.1397 -1.1598 -1.4219
 240  0.726463  3.6448  1.6794  2.1525  7.8637  6.4679  3.2078  2.3584  1.1678  0.7288 -0.0792 -0.4457 -0.5859 -0.8462 -1.2527 -1.2733 -1.5405
 241  0.726491  3.6415  1.6215  2.1975  7.8219  6.5312  3.1984  2.3457  1.1026  0.6551 -0.1684 -0.5410 -0.6830 -0.9469 -1.3597 -1.3808 -1.6533
 242  0.726516  3.6383  1.5648  2.2414  7.7772  6.5922  3.1903  2.3348  1.0407  0.5847 -0.2547 -0.6332 -0.7773 -1.0444 -1.4639 -1.4854 -1.7630
 243  0.726538  3.6352  1.5094  2.2840  7.7296  6.6479  3.1827  2.3256  0.9822  0.5180 -0.3375 -0.7218 -0.8680 -1.1381 -1.5646 -1.5865 -1.8696
 244  0.726558  3.6320  1.4548  2.3259  7.6791  6.6994  3.1752  2.3170  0.9259  0.4535 -0.4180 -0.8081 -0.9564 -1.2295 -1.6634 -1.6858 -1.9743
 245  0.726577  3.6288  1.4008  2.3672  7.6272  6.7487  3.1685  2.3101  0.8723  0.3918 -0.4961 -0.8918 -1.0423 -1.3184 -1.7604 -1.7831 -2.0772
 246  0.726593  3.6256  1.3474  2.4078  7.5741  6.7921  3.1631  2.3058  0.8218  0.3332 -0.5711 -0.9726 -1.1251 -1.4045 -1.8551 -1.8783 -2.1781
 247  0.726609  3.6224  1.2956  2.4471  7.5208  6.8308  3.1581  2.3022  0.7743  0.2780 -0.6428 -1.0498 -1.2045 -1.4869 -1.9465 -1.9700 -2.2758
 248  0.726623  3.6193  1.2447  2.4855  7.4661  6.8636  3.1518  2.2983  0.7287  0.2249 -0.7124 -1.1247 -1.2813 -1.5665 -2.0361 -2.0600 -2.3717
 249  0.726637  3.6163  1.1950  2.5231  7.4109  6.8913  3.1453  2.2948  0.6854  0.1746 -0.7791 -1.1963 -1.3549 -1.6431 -2.1232 -2.1474 -2.4653
 250  0.726649  3.6133  1.1458  2.5602  7.3543  6.9135  3.1381  2.2914  0.6435  0.1255 -0.8449 -1.2668 -1.4273 -1.7182 -2.2095 -2.2340 -2.5580
 251  0.726659  3.6103  1.0978  2.5963  7.2978  6.9299  3.1305  2.2882  0.6043  0.0796 -0.9071 -1.3336 -1.4958 -1.7896 -2.2932 -2.3178 -2.6481
 252  0.726670  3.6073  1.0508  2.6315  7.2420  6.9410  3.1226  2.2855  0.5684  0.0373 -0.9655 -1.3962 -1.5601 -1.8571 -2.3742 -2.3991 -2.7359
 253  0.726679  3.6045  1.0045  2.6661  7.1865  6.9452  3.1145  2.2836  0.5350 -0.0021 -1.0209 -1.4561 -1.6213 -1.9221 -2.4534 -2.4787 -2.8222
 254  0.726687  3.6015  0.9590  2.7001  7.1313  6.9450  3.1054  2.2814  0.5042 -0.0384 -1.0725 -1.5118 -1.6780 -1.9830 -2.5307 -2.5562 -2.9068
 255  0.726695  3.5987  0.9146  2.7331  7.0765  6.9412  3.0953  2.2786  0.4754 -0.0725 -1.1210 -1.5638 -1.7308 -2.0403 -2.6062 -2.6320 -2.9897
 256  0.726702  3.5959  0.8708  2.7656  7.0225  6.9354  3.0854  2.2767  0.4497 -0.1026 -1.1651 -1.6114 -1.7789 -2.0937 -2.6796 -2.7058 -3.0710
 257  0.726709  3.5931  0.8281  2.7972  6.9693  6.9265  3.0742  2.2740  0.4267 -0.1292 -1.2043 -1.6539 -1.8213 -2.1427 -2.7509 -2.7774 -3.1505
 258  0.726716  3.5903  0.7859  2.8284  6.9163  6.9152  3.0617  2.2705  0.4061 -0.1526 -1.2391 -1.6917 -1.8587 -2.1879 -2.8208 -2.8477 -3.2288
 259  0.726722  3.5877  0.7450  2.8585  6.8645  6.9017  3.0481  2.2661  0.3882 -0.1724 -1.2690 -1.7246 -1.8907 -2.2289 -2.8879 -2.9153 -3.3047
 260  0.726727  3.5850  0.7045  2.8884  6.8132  6.8867  3.0335  2.2613  0.3731 -0.1886 -1.2947 -1.7535 -1.9187 -2.2664 -2.9533 -2.9813 -3.3793
 261  0.726732  3.5823  0.6650  2.9175  6.7632  6.8705  3.0176  2.2549  0.3603 -0.2016 -1.3162 -1.7782 -1.9421 -2.3001 -3.0162 -3.0446 -3.4517
 262  0.726737  3.5798  0.6265  2.9458  6.7146  6.8540  3.0010  2.2485  0.3513 -0.2096 -1.3307 -1.7959 -1.9579 -2.3281 -3.0759 -3.1051 -3.5220
 263  0.726742  3.5774  0.5887  2.9736  6.6680  6.8394  2.9851  2.2438  0.3485 -0.2087 -1.3322 -1.8007 -1.9593 -2.3461 -3.1319 -3.1622 -3.5902
 264  0.726747  3.5749  0.5516  3.0008  6.6231  6.8253  2.9691  2.2395  0.3496 -0.2029 -1.3274 -1.7992 -1.9538 -2.3589 -3.1849 -3.2166 -3.6567
 265  0.726751  3.5725  0.5153  3.0275  6.5792  6.8108  2.9527  2.2348  0.3523 -0.1945 -1.3184 -1.7937 -1.9441 -2.3682 -3.2355 -3.2687 -3.7214
 266  0.726755  3.5701  0.4796  3.0536  6.5365  6.7949  2.9347  2.2274  0.3536 -0.1853 -1.3072 -1.7865 -1.9329 -2.3752 -3.2828 -3.3178 -3.7838
 267  0.726758  3.5678  0.4448  3.0792  6.4953  6.7791  2.9166  2.2201  0.3569 -0.1736 -1.2929 -1.7763 -1.9186 -2.3793 -3.3271 -3.3645 -3.8439
 268  0.726761  3.5655  0.4105  3.1042  6.4560  6.7648  2.8998  2.2144  0.3642 -0.1572 -1.2740 -1.7619 -1.9002 -2.3796 -3.3686 -3.4082 -3.9021
 269  0.726765  3.5632  0.3770  3.1286  6.4184  6.7516  2.8840  2.2097  0.3754 -0.1370 -1.2514 -1.7443 -1.8787 -2.3767 -3.4070 -3.4493 -3.9578
 270  0.726768  3.5609  0.3435  3.1527  6.3831  6.7410  2.8701  2.2077  0.3923 -0.1101 -1.2221 -1.7205 -1.8511 -2.3682 -3.4418 -3.4869 -4.0115
 271  0.726770  3.5585  0.3111  3.1761  6.3493  6.7311  2.8570  2.2066  0.4114 -0.0813 -1.1918 -1.6959 -1.8231 -2.3582 -3.4738 -3.5219 -4.0626
 272  0.726773  3.5562  0.2788  3.1990  6.3194  6.7247  2.8484  2.2099  0.4377 -0.0453 -1.1578 -1.6699 -1.7958 -2.3458 -3.5003 -3.5517 -4.1095
 273  0.726776  3.5540  0.2475  3.2214  6.2911  6.7184  2.8407  2.2137  0.4670 -0.0062 -1.1222 -1.6440 -1.7696 -2.3326 -3.5227 -3.5777 -4.1531
 274  0.726778  3.5519  0.2169  3.2434  6.2644  6.7134  2.8347  2.2195  0.4998  0.0358 -1.0844 -1.6163 -1.7418 -2.3174 -3.5423 -3.6010 -4.1942
 275  0.726780  3.5497  0.1872  3.2648  6.2394  6.7094  2.8299  2.2268  0.5353  0.0804 -1.0446 -1.5869 -1.7127 -2.3004 -3.5594 -3.6220 -4.2330
 276  0.726783  3.5477  0.1581  3.2857  6.2121  6.7001  2.8189  2.2247  0.5596  0.1165 -1.0119 -1.5641 -1.6902 -2.2896 -3.5803 -3.6459 -4.2725
 277  0.726785  3.5457  0.1296  3.3061  6.1863  6.6916  2.8088  2.2235  0.5856  0.1540 -0.9782 -1.5407 -1.6672 -2.2778 -3.5991 -3.6676 -4.3100
 278  0.726787  3.5438  0.1025  3.3256  6.1955  6.7783  2.8937  2.3497  0.7557  0.3073 -0.8517 -1.4279 -1.5552 -2.1882 -3.5817 -3.6564 -4.3292
 279  0.726789  3.5421  0.0779  3.3434  6.1710  6.7666  2.8809  2.3436  0.7731  0.3342 -0.8283 -1.4129 -1.5405 -2.1823 -3.6002 -3.6773 -4.3627
