#NUMBER OF AGES= 1
#----------------------------------------------------       
#MIX-LEN  Y      Z          Zeff        [Fe/H] [a/Fe]
# 1.9380  0.3300 4.8102E-03 2.4485E-03  -0.78   0.40 
#----------------------------------------------------       
#**PHOTOMETRIC SYSTEM**: HST WFPC2 (Vega)                   
#----------------------------------------------------       
#AGE= 9.600 EEPS=267
#EEP   M/Mo    LogTeff  LogG   LogL/Lo F218W   F255W   F300W   F336W   F439W   F450W   F555W   F606W   F622W   F675W   F791W   F814W   F850LP
  13  0.119260  3.5193  5.2258 -2.6803 20.7292 20.7389 16.9109 16.1277 14.9825 14.5172 13.2255 12.7121 12.5292 12.0826 10.9032 10.8562 10.3313
  14  0.141243  3.5219  5.1587 -2.5292 20.3344 20.2907 16.4760 15.6823 14.5314 14.0822 12.8094 12.2966 12.1145 11.6723 10.5210 10.4747  9.9561
  15  0.163201  3.5259  5.1098 -2.4020 19.9939 19.8826 16.0883 15.2825 14.1247 13.6902 12.4371 11.9260 11.7444 11.3093 10.1948 10.1498  9.6409
  16  0.182639  3.5305  5.0776 -2.3020 19.7190 19.5338 15.7642 14.9464 13.7810 13.3593 12.1257 11.6167 11.4354 11.0085  9.9354  9.8920  9.3946
  17  0.198570  3.5345  5.0545 -2.2271 19.5119 19.2671 15.5182 14.6919 13.5207 13.1083 11.8899 11.3826 11.2015 10.7808  9.7407  9.6986  9.2107
  18  0.213396  3.5376  5.0351 -2.1637 19.3370 19.0434 15.3120 14.4793 13.3033 12.8981 11.6919 11.1861 11.0051 10.5895  9.5761  9.5350  9.0548
  19  0.227436  3.5406  5.0185 -2.1078 19.1826 18.8453 15.1305 14.2925 13.1125 12.7131 11.5176 11.0131 10.8323 10.4210  9.4315  9.3912  8.9178
  20  0.239176  3.5429  5.0051 -2.0631 19.0595 18.6877 14.9862 14.1446 12.9612 12.5661 11.3789 10.8756 10.6949 10.2869  9.3162  9.2765  8.8086
  21  0.247979  3.5447  4.9948 -2.0302 18.9698 18.5729 14.8809 14.0364 12.8504 12.4583 11.2771 10.7745 10.5939 10.1883  9.2314  9.1922  8.7283
  22  0.254476  3.5458  4.9869 -2.0062 18.9050 18.4896 14.8046 13.9583 12.7702 12.3802 11.2031 10.7010 10.5204 10.1165  9.1696  9.1307  8.6697
  23  0.259365  3.5468  4.9810 -1.9885 18.8574 18.4292 14.7493 13.9017 12.7119 12.3232 11.1490 10.6471 10.4666 10.0638  9.1240  9.0854  8.6265
  24  0.263205  3.5475  4.9765 -1.9748 18.8206 18.3824 14.7067 13.8580 12.6670 12.2793 11.1073 10.6056 10.4251 10.0233  9.0890  9.0506  8.5932
  25  0.266168  3.5480  4.9730 -1.9642 18.7917 18.3456 14.6735 13.8241 12.6323 12.2452 11.0750 10.5734 10.3930  9.9918  9.0618  9.0235  8.5674
  26  0.268560  3.5485  4.9702 -1.9557 18.7682 18.3156 14.6465 13.7966 12.6040 12.2175 11.0486 10.5472 10.3668  9.9662  9.0398  9.0016  8.5467
  27  0.270674  3.5490  4.9678 -1.9482 18.7475 18.2890 14.6227 13.7723 12.5791 12.1931 11.0254 10.5242 10.3438  9.9438  9.0205  8.9824  8.5284
  28  0.272877  3.5494  4.9659 -1.9410 18.7275 18.2629 14.5996 13.7487 12.5549 12.1694 11.0030 10.5020 10.3217  9.9221  9.0022  8.9642  8.5111
  29  0.275193  3.5498  4.9639 -1.9334 18.7064 18.2354 14.5753 13.7238 12.5295 12.1444 10.9794 10.4786 10.2982  9.8994  8.9827  8.9448  8.4927
  30  0.277986  3.5503  4.9618 -1.9249 18.6824 18.2045 14.5478 13.6956 12.5007 12.1162 10.9526 10.4520 10.2718  9.8737  8.9608  8.9231  8.4722
  31  0.281471  3.5510  4.9594 -1.9147 18.6534 18.1668 14.5145 13.6616 12.4659 12.0820 10.9203 10.4200 10.2397  9.8425  8.9342  8.8967  8.4472
  32  0.285677  3.5517  4.9565 -1.9023 18.6186 18.1222 14.4748 13.6212 12.4244 12.0413 10.8816 10.3818 10.2015  9.8052  8.9023  8.8650  8.4172
  33  0.287579  3.5519  4.9552 -1.8958 18.6002 18.0967 14.4540 13.6000 12.4036 12.0203 10.8609 10.3607 10.1802  9.7847  8.8863  8.8489  8.4018
  34  0.321721  3.5598  4.9196 -1.7826 18.2757 17.6843 14.0848 13.2219 12.0079 11.6322 10.4925  9.9987  9.8180  9.4361  8.5913  8.5567  8.1282
  35  0.348177  3.5662  4.8888 -1.6908 18.0033 17.3155 13.7800 12.9135 11.6965 11.3232 10.2005  9.7099  9.5297  9.1559  8.3565  8.3232  7.9089
  36  0.375786  3.5745  4.8531 -1.5880 17.6861 16.8654 13.4253 12.5566 11.3418 10.9692  9.8681  9.3822  9.2029  8.8391  8.0945  8.0627  7.6663
  37  0.387686  3.5789  4.8363 -1.5403 17.5436 16.6434 13.2598 12.3899 11.1732 10.7985  9.7058  9.2221  9.0427  8.6853  7.9724  7.9414  7.5555
  38  0.399972  3.5836  4.8191 -1.4909 17.3871 16.4051 13.0834 12.2131 10.9975 10.6206  9.5378  9.0571  8.8780  8.5273  7.8458  7.8158  7.4405
  39  0.412254  3.5887  4.8021 -1.4406 17.2221 16.1563 12.8990 12.0288 10.8169 10.4379  9.3666  8.8899  8.7111  8.3676  7.7175  7.6883  7.3240
  40  0.423709  3.5937  4.7864 -1.3928 17.0611 15.9174 12.7188 11.8490 10.6419 10.2611  9.2023  8.7305  8.5521  8.2159  7.5953  7.5669  7.2136
  41  0.434273  3.5987  4.7724 -1.3481 16.9072 15.6969 12.5465 11.6768 10.4741 10.0927  9.0475  8.5813  8.4034  8.0746  7.4806  7.4532  7.1101
  42  0.444071  3.6036  4.7597 -1.3061 16.7605 15.4915 12.3816 11.5121 10.3138  9.9325  8.9015  8.4414  8.2642  7.9427  7.3731  7.3464  7.0132
  43  0.453637  3.6087  4.7479 -1.2649 16.6150 15.2929 12.2175 11.3479 10.1542  9.7736  8.7582  8.3049  8.1287  7.8144  7.2678  7.2419  6.9185
  44  0.463464  3.6141  4.7365 -1.2225 16.4642 15.0936 12.0468 11.1765  9.9870  9.6082  8.6108  8.1655  7.9904  7.6840  7.1598  7.1348  6.8212
  45  0.473409  3.6200  4.7260 -1.1793 16.3132 14.9055 11.8713 10.9985  9.8105  9.4350  8.4585  8.0228  7.8492  7.5514  7.0499  7.0256  6.7226
  46  0.483172  3.6262  4.7167 -1.1361 16.1573 14.7154 11.6881 10.8117  9.6278  9.2563  8.3038  7.8793  7.7075  7.4190  6.9399  6.9168  6.6246
  47  0.492904  3.6329  4.7086 -1.0924 15.9912 14.5118 11.4893 10.6091  9.4360  9.0695  8.1449  7.7333  7.5639  7.2854  6.8288  6.8066  6.5258
  48  0.502736  3.6401  4.7013 -1.0479 15.8057 14.2674 11.2649 10.3809  9.2343  8.8731  7.9809  7.5834  7.4175  7.1494  6.7156  6.6944  6.4253
  49  0.512711  3.6476  4.6946 -1.0026 15.5875 13.9615 11.0103 10.1243  9.0245  8.6689  7.8128  7.4310  7.2693  7.0115  6.5999  6.5797  6.3225
  50  0.522649  3.6554  4.6886 -0.9574 15.3286 13.5901 10.7269  9.8425  8.8123  8.4623  7.6450  7.2793  7.1228  6.8750  6.4836  6.4645  6.2186
  51  0.532450  3.6633  4.6833 -0.9125 15.0218 13.1520 10.4210  9.5447  8.6028  8.2585  7.4805  7.1307  6.9802  6.7412  6.3676  6.3496  6.1145
  52  0.537455  3.6673  4.6806 -0.8897 14.8389 12.9043 10.2566  9.3872  8.4965  8.1555  7.3977  7.0558  6.9085  6.6739  6.3083  6.2908  6.0611
  53  0.542405  3.6713  4.6779 -0.8671 14.6382 12.6462 10.0903  9.2298  8.3926  8.0551  7.3169  6.9827  6.8388  6.6080  6.2499  6.2329  6.0083
  54  0.547311  3.6751  4.6752 -0.8449 14.4077 12.3759  9.9217  9.0728  8.2912  7.9576  7.2382  6.9114  6.7709  6.5440  6.1926  6.1761  5.9564
  55  0.552169  3.6790  4.6724 -0.8229 14.1454 12.0977  9.7514  8.9168  8.1925  7.8631  7.1618  6.8422  6.7049  6.4818  6.1366  6.1206  5.9055
  56  0.556982  3.6827  4.6694 -0.8012 13.8731 11.8225  9.5838  8.7648  8.0970  7.7722  7.0878  6.7749  6.6410  6.4211  6.0817  6.0662  5.8556
  57  0.561757  3.6863  4.6662 -0.7800 13.6021 11.5569  9.4213  8.6179  8.0047  7.6844  7.0160  6.7096  6.5786  6.3619  6.0279  6.0128  5.8065
  58  0.566478  3.6898  4.6629 -0.7590 13.3430 11.3072  9.2663  8.4779  7.9157  7.6000  6.9464  6.6459  6.5179  6.3042  5.9753  5.9606  5.7585
  59  0.571153  3.6932  4.6594 -0.7385 13.1219 11.0893  9.1243  8.3487  7.8305  7.5191  6.8789  6.5840  6.4584  6.2478  5.9238  5.9095  5.7113
  60  0.575774  3.6965  4.6557 -0.7183 12.9389 10.9012  8.9944  8.2290  7.7487  7.4414  6.8135  6.5235  6.4003  6.1924  5.8731  5.8592  5.6650
  61  0.580345  3.6997  4.6521 -0.6982 12.7771 10.7321  8.8725  8.1159  7.6694  7.3661  6.7495  6.4644  6.3432  6.1381  5.8234  5.8100  5.6193
  62  0.584853  3.7028  4.6484 -0.6786 12.6255 10.5754  8.7560  8.0077  7.5924  7.2931  6.6872  6.4066  6.2874  6.0849  5.7746  5.7615  5.5746
  63  0.589304  3.7059  4.6447 -0.6592 12.4774 10.4265  8.6432  7.9029  7.5174  7.2222  6.6264  6.3500  6.2327  6.0328  5.7268  5.7140  5.5305
  64  0.593698  3.7090  4.6410 -0.6399 12.3251 10.2812  8.5324  7.8006  7.4443  7.1531  6.5671  6.2948  6.1791  5.9817  5.6799  5.6674  5.4874
  65  0.598038  3.7119  4.6370 -0.6210 12.1492 10.1281  8.4198  7.6981  7.3726  7.0856  6.5092  6.2407  6.1269  5.9318  5.6339  5.6218  5.4450
  66  0.602311  3.7148  4.6329 -0.6024 11.9687  9.9771  8.3089  7.5978  7.3026  7.0198  6.4527  6.1880  6.0759  5.8829  5.5888  5.5770  5.4034
  67  0.606527  3.7177  4.6289 -0.5840 11.7831  9.8275  8.1995  7.4993  7.2341  6.9556  6.3975  6.1364  6.0258  5.8351  5.5446  5.5331  5.3626
  68  0.610676  3.7204  4.6246 -0.5659 11.5992  9.6826  8.0931  7.4037  7.1674  6.8933  6.3438  6.0861  5.9769  5.7882  5.5012  5.4901  5.3224
  69  0.614759  3.7230  4.6202 -0.5480 11.4174  9.5419  7.9892  7.3106  7.1025  6.8325  6.2913  6.0368  5.9292  5.7424  5.4589  5.4479  5.2831
  70  0.618771  3.7256  4.6158 -0.5306 11.2424  9.4076  7.8891  7.2208  7.0392  6.7733  6.2401  5.9888  5.8826  5.6977  5.4173  5.4066  5.2446
  71  0.622713  3.7280  4.6113 -0.5133 11.0764  9.2806  7.7929  7.1343  6.9777  6.7159  6.1902  5.9419  5.8369  5.6539  5.3766  5.3663  5.2068
  72  0.626580  3.7304  4.6066 -0.4964 10.9169  9.1594  7.7002  7.0509  6.9179  6.6600  6.1417  5.8962  5.7926  5.6113  5.3369  5.3268  5.1697
  73  0.630374  3.7328  4.6019 -0.4798 10.7636  9.0437  7.6108  6.9705  6.8599  6.6056  6.0945  5.8517  5.7492  5.5696  5.2981  5.2882  5.1336
  74  0.634094  3.7350  4.5972 -0.4636 10.6154  8.9326  7.5246  6.8928  6.8034  6.5529  6.0484  5.8083  5.7068  5.5289  5.2601  5.2504  5.0981
  75  0.637743  3.7372  4.5925 -0.4476 10.4724  8.8261  7.4412  6.8178  6.7485  6.5014  6.0037  5.7658  5.6655  5.4891  5.2229  5.2134  5.0633
  76  0.641318  3.7392  4.5877 -0.4321 10.3339  8.7234  7.3606  6.7452  6.6951  6.4514  5.9598  5.7245  5.6252  5.4502  5.1866  5.1773  5.0292
  77  0.644829  3.7413  4.5827 -0.4166 10.2013  8.6254  7.2831  6.6752  6.6432  6.4029  5.9172  5.6841  5.5856  5.4121  5.1507  5.1417  4.9956
  78  0.648285  3.7432  4.5776 -0.4014 10.0731  8.5310  7.2081  6.6077  6.5925  6.3554  5.8753  5.6443  5.5468  5.3746  5.1155  5.1066  4.9624
  79  0.651677  3.7452  4.5726 -0.3865  9.9494  8.4401  7.1356  6.5424  6.5432  6.3092  5.8345  5.6055  5.5087  5.3378  5.0808  5.0721  4.9297
  80  0.655016  3.7469  4.5673 -0.3718  9.8298  8.3523  7.0654  6.4790  6.4950  6.2639  5.7945  5.5673  5.4713  5.3015  5.0467  5.0381  4.8974
  81  0.658295  3.7487  4.5620 -0.3574  9.7140  8.2674  6.9973  6.4175  6.4479  6.2196  5.7552  5.5298  5.4346  5.2659  5.0130  5.0046  4.8656
  82  0.662390  3.7509  4.5552 -0.3392  9.5727  8.1631  6.9133  6.3416  6.3894  6.1645  5.7062  5.4830  5.3887  5.2214  4.9709  4.9627  4.8257
  83  0.666453  3.7529  4.5481 -0.3211  9.4354  8.0615  6.8312  6.2674  6.3315  6.1101  5.6577  5.4365  5.3431  5.1772  4.9290  4.9210  4.7859
  84  0.670482  3.7549  4.5407 -0.3031  9.3022  7.9625  6.7509  6.1947  6.2744  6.0562  5.6097  5.3905  5.2979  5.1333  4.8873  4.8795  4.7462
  85  0.674477  3.7569  4.5331 -0.2851  9.1720  7.8652  6.6717  6.1229  6.2178  6.0029  5.5620  5.3449  5.2530  5.0897  4.8459  4.8383  4.7067
  86  0.678427  3.7588  4.5253 -0.2672  9.0448  7.7692  6.5935  6.0522  6.1618  5.9501  5.5148  5.2997  5.2086  5.0466  4.8049  4.7974  4.6676
  87  0.682326  3.7606  4.5172 -0.2494  8.9236  7.6768  6.5177  5.9834  6.1067  5.8981  5.4681  5.2549  5.1647  5.0039  4.7642  4.7568  4.6287
  88  0.686165  3.7623  4.5089 -0.2319  8.8067  7.5871  6.4439  5.9164  6.0525  5.8469  5.4222  5.2107  5.1212  4.9616  4.7238  4.7166  4.5900
  89  0.689935  3.7639  4.5004 -0.2144  8.6944  7.5006  6.3724  5.8512  5.9992  5.7965  5.3767  5.1671  5.0782  4.9198  4.6839  4.6768  4.5517
  90  0.693632  3.7655  4.4918 -0.1972  8.5871  7.4173  6.3034  5.7883  5.9471  5.7470  5.3320  5.1240  5.0358  4.8786  4.6444  4.6375  4.5137
  91  0.697246  3.7670  4.4830 -0.1802  8.4836  7.3367  6.2364  5.7270  5.8959  5.6983  5.2879  5.0816  4.9941  4.8378  4.6054  4.5987  4.4762
  92  0.700776  3.7685  4.4743 -0.1635  8.3847  7.2592  6.1720  5.6678  5.8459  5.6508  5.2446  5.0398  4.9530  4.7978  4.5669  4.5603  4.4391
  93  0.704220  3.7698  4.4654 -0.1471  8.2902  7.1849  6.1099  5.6105  5.7971  5.6042  5.2021  4.9987  4.9125  4.7582  4.5290  4.5223  4.4024
  94  0.707576  3.7711  4.4565 -0.1308  8.2011  7.1148  6.0508  5.5562  5.7496  5.5587  5.1602  4.9582  4.8726  4.7192  4.4913  4.4848  4.3660
  95  0.710846  3.7723  4.4476 -0.1149  8.1156  7.0474  5.9938  5.5036  5.7031  5.5141  5.1191  4.9184  4.8332  4.6807  4.4542  4.4478  4.3301
  96  0.714030  3.7735  4.4387 -0.0993  8.0338  6.9826  5.9388  5.4530  5.6577  5.4704  5.0787  4.8792  4.7945  4.6428  4.4176  4.4113  4.2945
  97  0.717129  3.7747  4.4299 -0.0839  7.9548  6.9199  5.8856  5.4037  5.6133  5.4276  5.0391  4.8407  4.7564  4.6055  4.3816  4.3755  4.2597
  98  0.720144  3.7758  4.4210 -0.0689  7.8789  6.8593  5.8339  5.3559  5.5698  5.3857  5.0001  4.8028  4.7190  4.5689  4.3462  4.3401  4.2253
  99  0.723078  3.7769  4.4122 -0.0540  7.8056  6.8005  5.7837  5.3094  5.5273  5.3446  4.9619  4.7658  4.6823  4.5328  4.3114  4.3053  4.1915
 100  0.725933  3.7780  4.4034 -0.0394  7.7346  6.7432  5.7348  5.2641  5.4855  5.3043  4.9243  4.7292  4.6461  4.4974  4.2771  4.2711  4.1580
 101  0.728711  3.7789  4.3947 -0.0251  7.6662  6.6878  5.6872  5.2201  5.4447  5.2647  4.8874  4.6932  4.6106  4.4625  4.2433  4.2375  4.1252
 102  0.731418  3.7799  4.3859 -0.0109  7.5998  6.6338  5.6408  5.1771  5.4046  5.2260  4.8510  4.6579  4.5756  4.4281  4.2100  4.2042  4.0928
 103  0.734061  3.7808  4.3772  0.0031  7.5358  6.5814  5.5957  5.1353  5.3653  5.1878  4.8153  4.6231  4.5411  4.3943  4.1772  4.1715  4.0608
 104  0.736646  3.7817  4.3685  0.0168  7.4734  6.5300  5.5516  5.0943  5.3266  5.1503  4.7801  4.5888  4.5072  4.3610  4.1449  4.1391  4.0291
 105  0.739180  3.7825  4.3597  0.0304  7.4137  6.4804  5.5087  5.0544  5.2887  5.1135  4.7455  4.5549  4.4736  4.3280  4.1128  4.1072  3.9978
 106  0.741675  3.7833  4.3510  0.0438  7.3549  6.4314  5.4665  5.0151  5.2513  5.0772  4.7114  4.5216  4.4406  4.2955  4.0811  4.0756  3.9669
 107  0.744137  3.7841  4.3422  0.0570  7.2978  6.3832  5.4248  4.9764  5.2147  5.0415  4.6777  4.4886  4.4080  4.2634  4.0500  4.0444  3.9363
 108  0.746576  3.7848  4.3335  0.0700  7.2423  6.3363  5.3842  4.9385  5.1784  5.0062  4.6444  4.4561  4.3757  4.2317  4.0190  4.0135  3.9059
 109  0.748996  3.7855  4.3247  0.0829  7.1888  6.2906  5.3444  4.9015  5.1429  4.9716  4.6116  4.4240  4.3438  4.2002  3.9883  3.9829  3.8759
 110  0.751371  3.7861  4.3158  0.0958  7.1370  6.2460  5.3057  4.8651  5.1078  4.9375  4.5791  4.3921  4.3124  4.1692  3.9579  3.9526  3.8460
 111  0.753639  3.7868  4.3072  0.1083  7.0852  6.2016  5.2670  4.8291  5.0732  4.9036  4.5471  4.3608  4.2812  4.1385  3.9280  3.9227  3.8166
 112  0.754681  3.7871  4.3031  0.1142  7.0608  6.1808  5.2489  4.8122  5.0569  4.8878  4.5321  4.3461  4.2667  4.1242  3.9140  3.9087  3.8029
 113  0.755723  3.7873  4.2989  0.1203  7.0365  6.1600  5.2308  4.7953  5.0405  4.8718  4.5170  4.3313  4.2519  4.1096  3.8998  3.8945  3.7889
 114  0.756764  3.7877  4.2946  0.1263  7.0125  6.1391  5.2126  4.7783  5.0239  4.8557  4.5016  4.3162  4.2370  4.0949  3.8854  3.8801  3.7747
 115  0.757804  3.7879  4.2901  0.1324  6.9887  6.1185  5.1944  4.7613  5.0073  4.8394  4.4861  4.3009  4.2218  4.0800  3.8708  3.8655  3.7604
 116  0.758840  3.7882  4.2856  0.1386  6.9653  6.0979  5.1763  4.7442  4.9905  4.8229  4.4703  4.2855  4.2065  4.0649  3.8559  3.8506  3.7457
 117  0.759875  3.7885  4.2808  0.1450  6.9423  6.0776  5.1581  4.7272  4.9736  4.8064  4.4545  4.2698  4.1910  4.0494  3.8408  3.8355  3.7307
 118  0.760909  3.7887  4.2760  0.1513  6.9192  6.0572  5.1399  4.7099  4.9566  4.7897  4.4384  4.2541  4.1752  4.0338  3.8255  3.8203  3.7156
 119  0.761941  3.7889  4.2711  0.1577  6.8965  6.0369  5.1217  4.6927  4.9394  4.7729  4.4222  4.2380  4.1593  4.0181  3.8100  3.8048  3.7002
 120  0.762971  3.7891  4.2660  0.1642  6.8740  6.0168  5.1034  4.6754  4.9221  4.7559  4.4058  4.2218  4.1432  4.0022  3.7943  3.7891  3.6848
 121  0.764000  3.7893  4.2608  0.1708  6.8518  5.9967  5.0853  4.6581  4.9048  4.7388  4.3892  4.2055  4.1270  3.9861  3.7784  3.7732  3.6690
 122  0.765028  3.7895  4.2555  0.1774  6.8297  5.9767  5.0671  4.6407  4.8874  4.7215  4.3726  4.1891  4.1106  3.9698  3.7624  3.7572  3.6531
 123  0.766047  3.7897  4.2501  0.1841  6.8073  5.9564  5.0486  4.6231  4.8696  4.7041  4.3557  4.1723  4.0939  3.9533  3.7461  3.7409  3.6369
 124  0.767063  3.7898  4.2447  0.1909  6.7844  5.9357  5.0299  4.6052  4.8516  4.6864  4.3386  4.1555  4.0771  3.9367  3.7297  3.7245  3.6207
 125  0.768080  3.7900  4.2391  0.1977  6.7620  5.9153  5.0113  4.5875  4.8336  4.6687  4.3214  4.1384  4.0602  3.9199  3.7130  3.7079  3.6042
 126  0.769099  3.7902  4.2335  0.2046  6.7399  5.8951  4.9927  4.5697  4.8156  4.6510  4.3041  4.1213  4.0432  3.9030  3.6963  3.6912  3.5876
 127  0.770116  3.7903  4.2277  0.2115  6.7180  5.8750  4.9741  4.5519  4.7975  4.6331  4.2868  4.1042  4.0261  3.8860  3.6795  3.6743  3.5709
 128  0.771132  3.7904  4.2219  0.2184  6.6967  5.8552  4.9557  4.5342  4.7795  4.6152  4.2693  4.0868  4.0088  3.8688  3.6625  3.6574  3.5539
 129  0.772146  3.7906  4.2160  0.2255  6.6756  5.8355  4.9373  4.5165  4.7614  4.5972  4.2516  4.0693  3.9914  3.8515  3.6453  3.6402  3.5368
 130  0.773158  3.7906  4.2098  0.2325  6.6553  5.8162  4.9191  4.4989  4.7432  4.5792  4.2339  4.0517  3.9738  3.8340  3.6279  3.6229  3.5195
 131  0.774167  3.7907  4.2035  0.2396  6.6357  5.7974  4.9011  4.4813  4.7249  4.5612  4.2161  4.0340  3.9561  3.8163  3.6104  3.6053  3.5019
 132  0.775172  3.7908  4.1971  0.2467  6.6165  5.7787  4.8833  4.4639  4.7067  4.5429  4.1981  4.0161  3.9382  3.7985  3.5926  3.5875  3.4842
 133  0.776173  3.7908  4.1904  0.2540  6.5979  5.7605  4.8655  4.4464  4.6885  4.5247  4.1801  3.9980  3.9202  3.7805  3.5746  3.5695  3.4662
 134  0.777169  3.7907  4.1837  0.2613  6.5801  5.7426  4.8479  4.4291  4.6702  4.5065  4.1618  3.9799  3.9021  3.7624  3.5564  3.5513  3.4479
 135  0.778161  3.7907  4.1767  0.2686  6.5635  5.7253  4.8307  4.4120  4.6519  4.4882  4.1436  3.9616  3.8838  3.7440  3.5381  3.5330  3.4295
 136  0.779148  3.7907  4.1697  0.2759  6.5458  5.7076  4.8130  4.3945  4.6334  4.4698  4.1252  3.9431  3.8653  3.7255  3.5196  3.5145  3.4110
 137  0.780126  3.7906  4.1625  0.2834  6.5294  5.6906  4.7957  4.3773  4.6150  4.4513  4.1066  3.9245  3.8467  3.7069  3.5009  3.4958  3.3921
 138  0.781100  3.7905  4.1551  0.2909  6.5138  5.6739  4.7787  4.3601  4.5966  4.4328  4.0879  3.9058  3.8279  3.6881  3.4819  3.4768  3.3730
 139  0.782067  3.7904  4.1474  0.2984  6.4992  5.6579  4.7618  4.3432  4.5783  4.4143  4.0692  3.8870  3.8090  3.6690  3.4628  3.4576  3.3537
 140  0.783025  3.7902  4.1397  0.3060  6.4851  5.6423  4.7453  4.3263  4.5599  4.3958  4.0503  3.8679  3.7899  3.6499  3.4434  3.4383  3.3342
 141  0.783976  3.7899  4.1318  0.3137  6.4722  5.6273  4.7289  4.3096  4.5416  4.3772  4.0314  3.8487  3.7707  3.6306  3.4239  3.4187  3.3145
 142  0.784920  3.7897  4.1236  0.3214  6.4599  5.6126  4.7128  4.2930  4.5233  4.3586  4.0124  3.8295  3.7515  3.6111  3.4041  3.3989  3.2944
 143  0.785854  3.7894  4.1152  0.3291  6.4490  5.5990  4.6971  4.2767  4.5050  4.3401  3.9932  3.8101  3.7320  3.5914  3.3842  3.3789  3.2742
 144  0.786778  3.7891  4.1066  0.3368  6.4393  5.5858  4.6818  4.2606  4.4870  4.3216  3.9740  3.7906  3.7123  3.5716  3.3640  3.3588  3.2537
 145  0.787694  3.7887  4.0979  0.3447  6.4300  5.5731  4.6666  4.2446  4.4688  4.3031  3.9548  3.7711  3.6927  3.5517  3.3437  3.3384  3.2330
 146  0.788600  3.7883  4.0887  0.3525  6.4227  5.5615  4.6520  4.2290  4.4509  4.2848  3.9355  3.7514  3.6728  3.5316  3.3232  3.3178  3.2120
 147  0.789496  3.7878  4.0793  0.3605  6.4178  5.5514  4.6384  4.2139  4.4333  4.2665  3.9162  3.7315  3.6529  3.5112  3.3023  3.2970  3.1907
 148  0.790383  3.7871  4.0695  0.3683  6.4147  5.5424  4.6252  4.1994  4.4160  4.2485  3.8969  3.7118  3.6328  3.4908  3.2812  3.2758  3.1691
 149  0.791259  3.7865  4.0594  0.3763  6.4132  5.5345  4.6127  4.1852  4.3987  4.2306  3.8775  3.6918  3.6126  3.4703  3.2600  3.2545  3.1472
 150  0.792125  3.7857  4.0488  0.3842  6.4158  5.5292  4.6017  4.1720  4.3822  4.2132  3.8584  3.6719  3.5925  3.4495  3.2383  3.2328  3.1248
 151  0.792981  3.7849  4.0378  0.3922  6.4205  5.5251  4.5914  4.1593  4.3659  4.1960  3.8391  3.6518  3.5721  3.4286  3.2165  3.2109  3.1022
 152  0.793826  3.7838  4.0261  0.4002  6.4296  5.5237  4.5827  4.1477  4.3504  4.1793  3.8201  3.6319  3.5519  3.4076  3.1943  3.1886  3.0791
 153  0.794664  3.7827  4.0140  0.4082  6.4414  5.5239  4.5747  4.1368  4.3353  4.1629  3.8012  3.6119  3.5315  3.3865  3.1721  3.1662  3.0557
 154  0.795491  3.7813  4.0014  0.4162  6.4570  5.5262  4.5682  4.1268  4.3209  4.1471  3.7826  3.5921  3.5112  3.3654  3.1495  3.1435  3.0320
 155  0.796312  3.7800  3.9880  0.4242  6.4781  5.5311  4.5633  4.1180  4.3075  4.1319  3.7642  3.5724  3.4910  3.3442  3.1267  3.1207  3.0078
 156  0.797130  3.7783  3.9739  0.4322  6.5062  5.5401  4.5610  4.1112  4.2952  4.1179  3.7462  3.5529  3.4710  3.3230  3.1036  3.0975  2.9832
 157  0.797941  3.7764  3.9587  0.4400  6.5441  5.5549  4.5623  4.1071  4.2847  4.1050  3.7290  3.5336  3.4511  3.3018  3.0802  3.0739  2.9579
 158  0.798752  3.7742  3.9429  0.4478  6.5895  5.5739  4.5665  4.1053  4.2752  4.0932  3.7120  3.5146  3.4313  3.2806  3.0567  3.0502  2.9323
 159  0.799565  3.7718  3.9260  0.4555  6.6483  5.6005  4.5756  4.1075  4.2681  4.0828  3.6959  3.4962  3.4121  3.2597  3.0330  3.0263  2.9063
 160  0.800382  3.7689  3.9073  0.4628  6.7300  5.6410  4.5937  4.1169  4.2646  4.0756  3.6811  3.4785  3.3934  3.2389  3.0088  3.0020  2.8793
 161  0.801217  3.7655  3.8874  0.4700  6.8365  5.6976  4.6222  4.1349  4.2649  4.0707  3.6673  3.4614  3.3749  3.2183  2.9844  2.9773  2.8516
 162  0.801933  3.7627  3.8705  0.4759  6.9357  5.7505  4.6501  4.1536  4.2666  4.0680  3.6567  3.4480  3.3603  3.2017  2.9646  2.9572  2.8290
 163  0.802648  3.7595  3.8522  0.4816  7.0586  5.8162  4.6861  4.1789  4.2714  4.0675  3.6471  3.4348  3.3459  3.1850  2.9441  2.9364  2.8051
 164  0.803362  3.7558  3.8322  0.4873  7.2050  5.8950  4.7307  4.2110  4.2794  4.0692  3.6382  3.4221  3.3317  3.1683  2.9231  2.9150  2.7804
 165  0.804071  3.7518  3.8103  0.4936  7.3689  5.9838  4.7817  4.2483  4.2889  4.0718  3.6292  3.4088  3.3168  3.1505  2.9006  2.8922  2.7538
 166  0.804765  3.7476  3.7864  0.5011  7.5331  6.0714  4.8314  4.2844  4.2967  4.0728  3.6184  3.3936  3.2999  3.1305  2.8756  2.8669  2.7245
 167  0.805431  3.7434  3.7608  0.5104  7.6878  6.1537  4.8763  4.3160  4.2997  4.0691  3.6032  3.3741  3.2788  3.1066  2.8465  2.8373  2.6909
 168  0.806054  3.7396  3.7342  0.5219  7.8229  6.2241  4.9114  4.3388  4.2957  4.0590  3.5825  3.3493  3.2525  3.0775  2.8127  2.8032  2.6531
 169  0.806624  3.7363  3.7075  0.5355  7.9336  6.2794  4.9345  4.3512  4.2839  4.0419  3.5561  3.3193  3.2212  3.0438  2.7748  2.7651  2.6115
 170  0.807144  3.7335  3.6817  0.5506  8.0181  6.3177  4.9450  4.3530  4.2649  4.0182  3.5248  3.2850  3.1858  3.0064  2.7340  2.7239  2.5675
 171  0.807620  3.7312  3.6567  0.5668  8.0794  6.3411  4.9448  4.3459  4.2401  3.9897  3.4899  3.2477  3.1477  2.9667  2.6914  2.6810  2.5223
 172  0.808063  3.7293  3.6327  0.5836  8.1225  6.3528  4.9366  4.3318  4.2111  3.9576  3.4526  3.2084  3.1076  2.9252  2.6475  2.6371  2.4763
 173  0.808480  3.7278  3.6094  0.6009  8.1519  6.3554  4.9221  4.3127  4.1790  3.9229  3.4136  3.1676  3.0662  2.8827  2.6029  2.5924  2.4299
 174  0.808878  3.7265  3.5867  0.6185  8.1704  6.3512  4.9029  4.2895  4.1446  3.8864  3.3733  3.1258  3.0239  2.8394  2.5580  2.5472  2.3833
 175  0.809260  3.7253  3.5645  0.6362  8.1803  6.3412  4.8799  4.2631  4.1085  3.8483  3.3320  3.0833  2.9810  2.7956  2.5126  2.5018  2.3366
 176  0.809630  3.7243  3.5427  0.6541  8.1837  6.3270  4.8540  4.2343  4.0710  3.8092  3.2901  3.0403  2.9375  2.7513  2.4670  2.4561  2.2899
 177  0.809990  3.7234  3.5213  0.6722  8.1815  6.3090  4.8256  4.2035  4.0325  3.7691  3.2476  2.9967  2.8937  2.7068  2.4214  2.4103  2.2431
 178  0.810343  3.7226  3.5002  0.6903  8.1773  6.2894  4.7959  4.1715  3.9932  3.7284  3.2047  2.9530  2.8495  2.6621  2.3755  2.3644  2.1963
 179  0.810690  3.7219  3.4791  0.7084  8.1721  6.2689  4.7655  4.1389  3.9534  3.6875  3.1616  2.9089  2.8053  2.6173  2.3297  2.3185  2.1495
 180  0.811029  3.7211  3.4581  0.7266  8.1659  6.2478  4.7346  4.1060  3.9136  3.6462  3.1183  2.8649  2.7610  2.5724  2.2838  2.2725  2.1027
 181  0.811363  3.7204  3.4373  0.7448  8.1569  6.2248  4.7026  4.0719  3.8731  3.6047  3.0748  2.8206  2.7165  2.5273  2.2379  2.2264  2.0558
 182  0.811616  3.7199  3.4213  0.7590  8.1480  6.2059  4.6771  4.0450  3.8415  3.5722  3.0410  2.7863  2.6820  2.4925  2.2023  2.1908  2.0197
 183  0.811869  3.7194  3.4051  0.7733  8.1380  6.1861  4.6508  4.0174  3.8093  3.5392  3.0067  2.7514  2.6469  2.4571  2.1663  2.1547  1.9830
 184  0.812122  3.7190  3.3886  0.7879  8.1268  6.1654  4.6237  3.9889  3.7763  3.5054  2.9716  2.7158  2.6110  2.4209  2.1294  2.1178  1.9455
 185  0.812373  3.7184  3.3721  0.8027  8.1151  6.1443  4.5961  3.9602  3.7430  3.4711  2.9361  2.6798  2.5749  2.3845  2.0922  2.0806  1.9078
 186  0.812623  3.7180  3.3552  0.8178  8.1026  6.1224  4.5677  3.9305  3.7088  3.4362  2.8998  2.6430  2.5380  2.3470  2.0542  2.0425  1.8692
 187  0.812872  3.7174  3.3378  0.8333  8.0899  6.1001  4.5387  3.9002  3.6736  3.4003  2.8625  2.6052  2.4999  2.3086  2.0151  2.0034  1.8294
 188  0.813120  3.7169  3.3200  0.8492  8.0765  6.0773  4.5089  3.8691  3.6378  3.3635  2.8244  2.5664  2.4611  2.2693  1.9752  1.9634  1.7889
 189  0.813366  3.7165  3.3019  0.8655  8.0614  6.0531  4.4779  3.8368  3.6008  3.3256  2.7853  2.5267  2.4213  2.2291  1.9342  1.9224  1.7473
 190  0.813608  3.7159  3.2826  0.8828  8.0455  6.0277  4.4451  3.8026  3.5616  3.2855  2.7437  2.4846  2.3789  2.1864  1.8907  1.8788  1.7032
 191  0.813847  3.7154  3.2627  0.9008  8.0280  6.0009  4.4108  3.7669  3.5209  3.2439  2.7005  2.4409  2.3349  2.1420  1.8456  1.8337  1.6574
 192  0.814081  3.7148  3.2415  0.9197  8.0108  5.9737  4.3751  3.7297  3.4779  3.2000  2.6550  2.3946  2.2885  2.0951  1.7978  1.7859  1.6089
 193  0.814309  3.7142  3.2189  0.9399  7.9927  5.9451  4.3374  3.6902  3.4325  3.1534  2.6067  2.3455  2.2392  2.0454  1.7472  1.7351  1.5574
 194  0.814532  3.7135  3.1956  0.9608  7.9740  5.9158  4.2985  3.6497  3.3856  3.1053  2.5567  2.2949  2.1883  1.9939  1.6948  1.6827  1.5042
 195  0.814752  3.7129  3.1715  0.9824  7.9542  5.8856  4.2582  3.6076  3.3370  3.0556  2.5050  2.2424  2.1356  1.9406  1.6405  1.6283  1.4491
 196  0.814965  3.7121  3.1463  1.0048  7.9354  5.8559  4.2174  3.5646  3.2870  3.0043  2.4516  2.1881  2.0810  1.8855  1.5843  1.5721  1.3921
 197  0.815175  3.7114  3.1204  1.0278  7.9167  5.8264  4.1756  3.5208  3.2356  2.9515  2.3967  2.1322  2.0248  1.8286  1.5265  1.5141  1.3331
 198  0.815379  3.7106  3.0936  1.0514  7.8972  5.7964  4.1330  3.4758  3.1831  2.8975  2.3404  2.0749  1.9673  1.7704  1.4671  1.4546  1.2727
 199  0.815580  3.7098  3.0663  1.0755  7.8776  5.7667  4.0898  3.4301  3.1294  2.8423  2.2827  2.0162  1.9083  1.7107  1.4061  1.3936  1.2108
 200  0.815774  3.7089  3.0380  1.1005  7.8583  5.7372  4.0459  3.3836  3.0745  2.7857  2.2236  1.9560  1.8477  1.6494  1.3436  1.3310  1.1470
 201  0.815963  3.7079  3.0089  1.1260  7.8398  5.7087  4.0019  3.3369  3.0186  2.7282  2.1631  1.8945  1.7857  1.5867  1.2795  1.2668  1.0818
 202  0.816147  3.7070  2.9789  1.1521  7.8226  5.6819  3.9580  3.2898  2.9618  2.6695  2.1015  1.8316  1.7224  1.5225  1.2138  1.2010  1.0149
 203  0.816326  3.7059  2.9480  1.1787  7.8029  5.6547  3.9139  3.2425  2.9045  2.6103  2.0390  1.7676  1.6581  1.4572  1.1470  1.1341  0.9466
 204  0.816497  3.7048  2.9164  1.2060  7.7810  5.6272  3.8691  3.1945  2.8462  2.5499  1.9751  1.7024  1.5924  1.3905  1.0787  1.0656  0.8769
 205  0.816663  3.7035  2.8839  1.2337  7.7591  5.6007  3.8242  3.1462  2.7869  2.4885  1.9102  1.6360  1.5255  1.3227  1.0091  0.9959  0.8057
 206  0.816823  3.7023  2.8509  1.2620  7.7374  5.5755  3.7794  3.0978  2.7270  2.4264  1.8443  1.5686  1.4576  1.2537  0.9382  0.9249  0.7333
 207  0.816978  3.7011  2.8170  1.2907  7.7162  5.5522  3.7348  3.0494  2.6664  2.3635  1.7775  1.5001  1.3887  1.1836  0.8663  0.8528  0.6595
 208  0.817126  3.6997  2.7825  1.3200  7.6950  5.5304  3.6903  3.0010  2.6051  2.2998  1.7097  1.4307  1.3188  1.1126  0.7932  0.7796  0.5847
 209  0.817268  3.6983  2.7475  1.3496  7.6743  5.5104  3.6460  2.9527  2.5434  2.2355  1.6412  1.3604  1.2480  1.0406  0.7192  0.7054  0.5088
 210  0.817403  3.6970  2.7117  1.3797  7.6543  5.4926  3.6024  2.9046  2.4812  2.1708  1.5719  1.2894  1.1764  0.9677  0.6442  0.6302  0.4318
 211  0.817533  3.6954  2.6755  1.4101  7.6352  5.4794  3.5594  2.8572  2.4186  2.1055  1.5020  1.2176  1.1040  0.8941  0.5683  0.5541  0.3539
 212  0.817656  3.6939  2.6387  1.4409  7.6169  5.4689  3.5171  2.8101  2.3559  2.0398  1.4315  1.1451  1.0309  0.8196  0.4916  0.4773  0.2752
 213  0.817774  3.6924  2.6015  1.4720  7.6002  5.4614  3.4756  2.7637  2.2928  1.9737  1.3605  1.0721  0.9573  0.7446  0.4142  0.3997  0.1956
 214  0.817885  3.6908  2.5637  1.5035  7.5848  5.4570  3.4351  2.7180  2.2296  1.9074  1.2890  0.9985  0.8830  0.6688  0.3360  0.3213  0.1154
 215  0.817986  3.6891  2.5243  1.5361  7.5708  5.4574  3.3958  2.6734  2.1654  1.8397  1.2155  0.9226  0.8064  0.5907  0.2552  0.2402  0.0320
 216  0.818086  3.6872  2.4810  1.5717  7.5562  5.4622  3.3562  2.6282  2.0969  1.7673  1.1362  0.8406  0.7236  0.5060  0.1672  0.1520 -0.0588
 217  0.818100  3.6869  2.4750  1.5767  7.5562  5.4636  3.3508  2.6220  2.0872  1.7570  1.1249  0.8289  0.7118  0.4940  0.1547  0.1394 -0.0717
 218  0.818113  3.6866  2.4688  1.5817  7.5575  5.4653  3.3456  2.6160  2.0776  1.7468  1.1137  0.8174  0.7001  0.4820  0.1422  0.1270 -0.0846
 219  0.818127  3.6863  2.4631  1.5864  7.5596  5.4674  3.3408  2.6102  2.0685  1.7370  1.1032  0.8064  0.6890  0.4707  0.1305  0.1152 -0.0966
 220  0.818140  3.6861  2.4576  1.5909  7.5622  5.4697  3.3363  2.6047  2.0598  1.7277  1.0930  0.7958  0.6783  0.4598  0.1191  0.1039 -0.1083
 221  0.818154  3.6858  2.4521  1.5955  7.5651  5.4720  3.3317  2.5992  2.0510  1.7184  1.0828  0.7852  0.6676  0.4488  0.1078  0.0925 -0.1200
 222  0.818168  3.6856  2.4466  1.6000  7.5680  5.4744  3.3274  2.5937  2.0423  1.7092  1.0726  0.7747  0.6570  0.4380  0.0966  0.0812 -0.1315
 223  0.818181  3.6854  2.4411  1.6046  7.5708  5.4769  3.3228  2.5882  2.0336  1.6998  1.0623  0.7642  0.6463  0.4270  0.0853  0.0699 -0.1432
 224  0.818195  3.6851  2.4355  1.6091  7.5742  5.4796  3.3185  2.5830  2.0250  1.6907  1.0523  0.7536  0.6357  0.4162  0.0740  0.0586 -0.1548
 225  0.818209  3.6848  2.4299  1.6136  7.5777  5.4826  3.3143  2.5777  2.0163  1.6813  1.0420  0.7430  0.6250  0.4053  0.0627  0.0472 -0.1665
 226  0.818222  3.6846  2.4244  1.6182  7.5811  5.4854  3.3100  2.5723  2.0077  1.6721  1.0318  0.7325  0.6143  0.3943  0.0514  0.0359 -0.1782
 227  0.818347  3.6823  2.3741  1.6592  7.6223  5.5169  3.2736  2.5259  1.9299  1.5887  0.9397  0.6369  0.5177  0.2955 -0.0510 -0.0668 -0.2837
 228  0.818462  3.6805  2.3356  1.6909  7.6750  5.5409  3.2451  2.4887  1.8687  1.5230  0.8676  0.5623  0.4421  0.2183 -0.1306 -0.1466 -0.3655
 229  0.818571  3.6799  2.3185  1.7052  7.7468  5.5483  3.2299  2.4675  1.8379  1.4902  0.8324  0.5262  0.4056  0.1814 -0.1681 -0.1841 -0.4035
 230  0.818685  3.6781  2.2790  1.7379  7.8000  5.5798  3.2022  2.4309  1.7750  1.4224  0.7579  0.4489  0.3275  0.1017 -0.2502 -0.2664 -0.4877
 231  0.818794  3.6751  2.2187  1.7864  7.8419  5.6505  3.1733  2.3899  1.6883  1.3280  0.6515  0.3379  0.2149 -0.0138 -0.3704 -0.3869 -0.6120
 232  0.818890  3.6724  2.1628  1.8314  7.8698  5.7173  3.1488  2.3553  1.6088  1.2412  0.5534  0.2351  0.1107 -0.1208 -0.4815 -0.4984 -0.7268
 233  0.818978  3.6699  2.1139  1.8706  7.8655  5.7710  3.1266  2.3257  1.5401  1.1661  0.4684  0.1462  0.0204 -0.2136 -0.5780 -0.5952 -0.8267
 234  0.819059  3.6684  2.0818  1.8965  7.8385  5.8047  3.1131  2.3091  1.4954  1.1172  0.4129  0.0878 -0.0388 -0.2745 -0.6410 -0.6585 -0.8921
 235  0.819139  3.6676  2.0641  1.9114  7.7926  5.8189  3.1055  2.3028  1.4703  1.0899  0.3816  0.0549 -0.0722 -0.3089 -0.6763 -0.6939 -0.9286
 236  0.819218  3.6646  2.0046  1.9585  7.7886  5.8812  3.0836  2.2724  1.3907  1.0025  0.2812 -0.0507 -0.1794 -0.4194 -0.7918 -0.8098 -1.0486
 237  0.819289  3.6612  1.9403  2.0093  7.7779  5.9440  3.0608  2.2413  1.3066  0.9095  0.1738 -0.1638 -0.2944 -0.5378 -0.9157 -0.9341 -1.1774
 238  0.819354  3.6578  1.8779  2.0582  7.7605  6.0080  3.0432  2.2162  1.2279  0.8219  0.0718 -0.2718 -0.4044 -0.6512 -1.0346 -1.0534 -1.3014
 239  0.819410  3.6545  1.8174  2.1055  7.7370  6.0711  3.0288  2.1952  1.1540  0.7392 -0.0256 -0.3751 -0.5095 -0.7599 -1.1488 -1.1681 -1.4208
 240  0.819462  3.6511  1.7564  2.1528  7.7100  6.1357  3.0167  2.1771  1.0819  0.6582 -0.1219 -0.4775 -0.6138 -0.8677 -1.2627 -1.2825 -1.5403
 241  0.819508  3.6477  1.6950  2.2006  7.6815  6.2019  3.0055  2.1604  1.0104  0.5777 -0.2182 -0.5800 -0.7183 -0.9759 -1.3773 -1.3976 -1.6605
 242  0.819548  3.6444  1.6372  2.2453  7.6486  6.2705  2.9980  2.1483  0.9453  0.5037 -0.3074 -0.6750 -0.8153 -1.0766 -1.4843 -1.5050 -1.7731
 243  0.819585  3.6412  1.5818  2.2880  7.6103  6.3357  2.9922  2.1392  0.8851  0.4352 -0.3913 -0.7649 -0.9071 -1.1716 -1.5858 -1.6069 -1.8801
 244  0.819619  3.6381  1.5272  2.3299  7.5685  6.3976  2.9868  2.1314  0.8274  0.3691 -0.4730 -0.8523 -0.9966 -1.2643 -1.6851 -1.7067 -1.9850
 245  0.819650  3.6349  1.4736  2.3710  7.5237  6.4553  2.9820  2.1248  0.7724  0.3058 -0.5521 -0.9371 -1.0834 -1.3542 -1.7820 -1.8039 -2.0876
 246  0.819677  3.6318  1.4211  2.4111  7.4764  6.5083  2.9771  2.1189  0.7200  0.2454 -0.6283 -1.0190 -1.1674 -1.4411 -1.8761 -1.8985 -2.1875
 247  0.819702  3.6287  1.3696  2.4500  7.4287  6.5602  2.9743  2.1159  0.6713  0.1887 -0.7009 -1.0973 -1.2478 -1.5245 -1.9674 -1.9901 -2.2846
 248  0.819726  3.6256  1.3189  2.4884  7.3796  6.6049  2.9715  2.1140  0.6247  0.1342 -0.7714 -1.1733 -1.3258 -1.6057 -2.0568 -2.0800 -2.3802
 249  0.819748  3.6225  1.2689  2.5261  7.3291  6.6445  2.9685  2.1126  0.5802  0.0821 -0.8395 -1.2469 -1.4014 -1.6844 -2.1445 -2.1680 -2.4739
 250  0.819767  3.6195  1.2200  2.5629  7.2775  6.6792  2.9647  2.1109  0.5376  0.0322 -0.9055 -1.3181 -1.4747 -1.7604 -2.2300 -2.2538 -2.5655
 251  0.819784  3.6165  1.1722  2.5989  7.2253  6.7084  2.9605  2.1095  0.4975 -0.0149 -0.9687 -1.3863 -1.5447 -1.8333 -2.3132 -2.3375 -2.6551
 252  0.819801  3.6136  1.1251  2.6342  7.1722  6.7319  2.9554  2.1081  0.4586 -0.0607 -1.0306 -1.4527 -1.6130 -1.9043 -2.3951 -2.4196 -2.7431
 253  0.819816  3.6106  1.0791  2.6686  7.1192  6.7502  2.9501  2.1069  0.4224 -0.1036 -1.0894 -1.5160 -1.6780 -1.9721 -2.4746 -2.4993 -2.8290
 254  0.819831  3.6078  1.0339  2.7023  7.0662  6.7634  2.9442  2.1061  0.3887 -0.1436 -1.1452 -1.5761 -1.7396 -2.0368 -2.5520 -2.5770 -2.9130
 255  0.819844  3.6050  0.9897  2.7353  7.0140  6.7696  2.9380  2.1058  0.3579 -0.1804 -1.1975 -1.6327 -1.7976 -2.0983 -2.6271 -2.6524 -2.9950
 256  0.819857  3.6022  0.9462  2.7677  6.9619  6.7713  2.9309  2.1051  0.3291 -0.2148 -1.2469 -1.6863 -1.8524 -2.1570 -2.7006 -2.7262 -3.0755
 257  0.819868  3.5994  0.9035  2.7993  6.9103  6.7703  2.9235  2.1048  0.3025 -0.2465 -1.2932 -1.7362 -1.9031 -2.2119 -2.7726 -2.7985 -3.1547
 258  0.819878  3.5967  0.8617  2.8302  6.8594  6.7663  2.9155  2.1043  0.2784 -0.2753 -1.3358 -1.7823 -1.9498 -2.2634 -2.8425 -2.8688 -3.2320
 259  0.819888  3.5940  0.8207  2.8603  6.8090  6.7592  2.9063  2.1030  0.2567 -0.3010 -1.3743 -1.8242 -1.9921 -2.3111 -2.9101 -2.9368 -3.3074
 260  0.819897  3.5913  0.7805  2.8899  6.7591  6.7500  2.8959  2.1011  0.2374 -0.3234 -1.4083 -1.8612 -2.0289 -2.3549 -2.9765 -3.0035 -3.3818
 261  0.819905  3.5887  0.7414  2.9187  6.7100  6.7383  2.8842  2.0982  0.2202 -0.3430 -1.4384 -1.8942 -2.0613 -2.3952 -3.0408 -3.0681 -3.4542
 262  0.819913  3.5862  0.7027  2.9471  6.6612  6.7250  2.8715  2.0945  0.2054 -0.3594 -1.4646 -1.9233 -2.0896 -2.4320 -3.1034 -3.1312 -3.5252
 263  0.819921  3.5837  0.6651  2.9747  6.6136  6.7102  2.8573  2.0894  0.1927 -0.3729 -1.4869 -1.9486 -2.1140 -2.4656 -3.1636 -3.1919 -3.5942
 264  0.819928  3.5812  0.6280  3.0019  6.5670  6.6950  2.8424  2.0841  0.1830 -0.3826 -1.5045 -1.9692 -2.1333 -2.4951 -3.2217 -3.2505 -3.6619
 265  0.819935  3.5788  0.5917  3.0285  6.5218  6.6801  2.8273  2.0789  0.1771 -0.3868 -1.5139 -1.9817 -2.1435 -2.5183 -3.2768 -3.3065 -3.7275
 266  0.819941  3.5764  0.5562  3.0545  6.4787  6.6670  2.8128  2.0754  0.1773 -0.3828 -1.5119 -1.9828 -2.1412 -2.5324 -3.3283 -3.3591 -3.7912
 267  0.819947  3.5741  0.5214  3.0800  6.4366  6.6536  2.7978  2.0715  0.1792 -0.3762 -1.5060 -1.9801 -2.1346 -2.5433 -3.3779 -3.4100 -3.8536
 268  0.819953  3.5718  0.4872  3.1049  6.3960  6.6408  2.7831  2.0681  0.1839 -0.3661 -1.4956 -1.9729 -2.1235 -2.5503 -3.4246 -3.4581 -3.9137
 269  0.819958  3.5695  0.4538  3.1293  6.3561  6.6262  2.7665  2.0619  0.1870 -0.3558 -1.4836 -1.9646 -2.1112 -2.5557 -3.4687 -3.5040 -3.9721
 270  0.819963  3.5672  0.4210  3.1531  6.3179  6.6123  2.7504  2.0561  0.1919 -0.3427 -1.4681 -1.9532 -2.0958 -2.5580 -3.5098 -3.5471 -4.0282
 271  0.819968  3.5650  0.3888  3.1765  6.2814  6.5994  2.7350  2.0512  0.2007 -0.3257 -1.4490 -1.9383 -2.0771 -2.5571 -3.5482 -3.5878 -4.0825
 272  0.819972  3.5628  0.3570  3.1994  6.2473  6.5889  2.7215  2.0488  0.2148 -0.3022 -1.4226 -1.9167 -2.0516 -2.5503 -3.5829 -3.6250 -4.1344
 273  0.819977  3.5606  0.3259  3.2218  6.2136  6.5778  2.7073  2.0455  0.2286 -0.2792 -1.3978 -1.8967 -2.0282 -2.5441 -3.6163 -3.6608 -4.1848
 274  0.819980  3.5584  0.2952  3.2436  6.1823  6.5691  2.6954  2.0448  0.2473 -0.2508 -1.3679 -1.8720 -2.0002 -2.5333 -3.6461 -3.6934 -4.2327
 275  0.819984  3.5562  0.2648  3.2650  6.1538  6.5631  2.6869  2.0477  0.2713 -0.2174 -1.3353 -1.8460 -1.9722 -2.5206 -3.6721 -3.7224 -4.2777
 276  0.819988  3.5541  0.2358  3.2858  6.1271  6.5565  2.6785  2.0500  0.2973 -0.1819 -1.3024 -1.8218 -1.9475 -2.5084 -3.6932 -3.7469 -4.3185
 277  0.819991  3.5521  0.2075  3.3061  6.1024  6.5515  2.6723  2.0545  0.3267 -0.1432 -1.2669 -1.7955 -1.9210 -2.4938 -3.7115 -3.7687 -4.3566
 278  0.819994  3.5502  0.1803  3.3255  6.0797  6.5480  2.6679  2.0610  0.3588 -0.1024 -1.2299 -1.7679 -1.8935 -2.4775 -3.7271 -3.7877 -4.3922
 279  0.819996  3.5485  0.1575  3.3418  6.0605  6.5446  2.6639  2.0662  0.3867 -0.0671 -1.1981 -1.7442 -1.8700 -2.4634 -3.7393 -3.8031 -4.4215
