#NUMBER OF AGES= 1
#----------------------------------------------------       
#MIX-LEN  Y      Z          Zeff        [Fe/H] [a/Fe]
# 1.9380  0.3300 5.5373E-03 2.8186E-03  -0.72   0.40 
#----------------------------------------------------       
#**PHOTOMETRIC SYSTEM**: HST WFPC2 (Vega)                   
#----------------------------------------------------       
#AGE= 2.000 EEPS=274
#EEP   M/Mo    LogTeff  LogG   LogL/Lo F218W   F255W   F300W   F336W   F439W   F450W   F555W   F606W   F622W   F675W   F791W   F814W   F850LP
   6  0.114886  3.5176  5.2420 -2.7196 20.8348 20.8630 17.0258 16.2487 15.1097 14.6516 13.3656 12.8513 12.6700 12.2147 11.0091 10.9607 10.4262
   7  0.138042  3.5196  5.1683 -2.5574 20.4148 20.3964 16.5699 15.7835 14.6399 14.1979 12.9297 12.4157 12.2353 11.7832 10.6006 10.5528 10.0232
   8  0.179818  3.5270  5.0940 -2.3391 19.8268 19.6867 15.8996 15.0920 13.9356 13.5176 12.2842 11.7739 11.5943 11.1555 10.0385  9.9934  9.4822
   9  0.225321  3.5365  5.0464 -2.1559 19.3183 19.0363 15.3004 14.4721 13.3010 12.9037 11.7060 11.2011 11.0221 10.5996  9.5614  9.5193  9.0312
  10  0.248914  3.5410  5.0238 -2.0718 19.0886 18.7409 15.0276 14.1909 13.0127 12.6237 11.4419 10.9391 10.7602 10.3447  9.3435  9.3028  8.8255
  11  0.258449  3.5428  5.0124 -2.0372 18.9968 18.6229 14.9174 14.0773 12.8955 12.5098 11.3340 10.8319 10.6531 10.2402  9.2539  9.2137  8.7408
  12  0.263715  3.5438  5.0049 -2.0171 18.9434 18.5555 14.8548 14.0132 12.8293 12.4454 11.2728 10.7710 10.5923 10.1807  9.2022  9.1623  8.6916
  13  0.266940  3.5444  4.9992 -2.0036 18.9073 18.5106 14.8134 13.9709 12.7858 12.4030 11.2325 10.7310 10.5523 10.1415  9.1678  9.1281  8.6588
  14  0.269150  3.5448  4.9947 -1.9937 18.8808 18.4778 14.7831 13.9401 12.7541 12.3721 11.2033 10.7018 10.5231 10.1128  9.1425  9.1030  8.6346
  15  0.270954  3.5452  4.9906 -1.9853 18.8583 18.4502 14.7578 13.9142 12.7275 12.3462 11.1786 10.6773 10.4986 10.0887  9.1212  9.0817  8.6141
  16  0.272710  3.5455  4.9867 -1.9772 18.8366 18.4239 14.7333 13.8894 12.7020 12.3214 11.1549 10.6538 10.4751 10.0657  9.1007  9.0613  8.5945
  17  0.274590  3.5458  4.9829 -1.9690 18.8143 18.3968 14.7084 13.8640 12.6759 12.2959 11.1307 10.6297 10.4511 10.0421  9.0797  9.0404  8.5742
  18  0.276641  3.5462  4.9791 -1.9604 18.7907 18.3680 14.6820 13.8372 12.6483 12.2689 11.1051 10.6042 10.4256 10.0172  9.0577  9.0185  8.5531
  19  0.275325  3.5460  4.9783 -1.9608 18.7924 18.3691 14.6844 13.8399 12.6519 12.2720 11.1071 10.6054 10.4266 10.0180  9.0599  9.0204  8.5546
  20  0.279064  3.5465  4.9737 -1.9478 18.7561 18.3240 14.6437 13.7983 12.6097 12.2307 11.0675 10.5660 10.3872  9.9795  9.0264  8.9871  8.5227
  21  0.286645  3.5477  4.9664 -1.9237 18.6887 18.2395 14.5672 13.7203 12.5298 12.1523 10.9931 10.4925 10.3136  9.9079  8.9645  8.9256  8.4640
  22  0.376076  3.5702  4.8786 -1.6297 17.8145 17.0684 13.5764 12.7123 11.4981 11.1345 10.0337  9.5486  9.3707  8.9977  8.2037  8.1709  7.7599
  23  0.388167  3.5742  4.8629 -1.5843 17.6720 16.8602 13.4178 12.5527 11.3378 10.9736  9.8815  9.3988  9.2210  8.8538  8.0872  8.0552  7.6533
  24  0.395878  3.5775  4.8519 -1.5528 17.5896 16.7168 13.3150 12.4478 11.2257 10.8584  9.7687  9.2865  9.1081  8.7462  8.0063  7.9750  7.5815
  25  0.408561  3.5822  4.8358 -1.5044 17.4345 16.4830 13.1427 12.2751 11.0530 10.6834  9.6026  9.1233  8.9450  8.5901  7.8821  7.8518  7.4688
  26  0.422071  3.5875  4.8189 -1.4519 17.2606 16.2203 12.9495 12.0821 10.8627 10.4905  9.4213  8.9461  8.7679  8.4212  7.7476  7.7182  7.3473
  27  0.435283  3.5932  4.8029 -1.3995 17.0828 15.9576 12.7514 11.8842 10.6689 10.2949  9.2392  8.7694  8.5915  8.2534  7.6135  7.5851  7.2265
  28  0.447683  3.5990  4.7886 -1.3500 16.9101 15.7116 12.5583 11.6912 10.4808 10.1062  9.0658  8.6026  8.4254  8.0959  7.4864  7.4590  7.1123
  29  0.458938  3.6045  4.7764 -1.3049 16.7488 15.4892 12.3768 11.5097 10.3053  9.9313  8.9074  8.4515  8.2751  7.9539  7.3707  7.3442  7.0084
  30  0.469348  3.6099  4.7660 -1.2628 16.5989 15.2909 12.2053 11.3368 10.1383  9.7658  8.7596  8.3116  8.1363  7.8229  7.2634  7.2377  6.9122
  31  0.479337  3.6155  4.7567 -1.2219 16.4537 15.1072 12.0372 11.1661  9.9727  9.6031  8.6165  8.1769  8.0032  7.6974  7.1597  7.1348  6.8192
  32  0.482628  3.6181  4.7505 -1.1997 16.4014 15.0599 11.9793 11.1069  9.8901  9.5267  8.5499  8.1157  7.9423  7.6402  7.1073  7.0828  6.7702
  33  0.495910  3.6262  4.7409 -1.1461 16.2114 14.8179 11.7528 10.8765  9.6598  9.2984  8.3484  7.9273  7.7556  7.4665  6.9691  6.9459  6.6493
  34  0.511609  3.6363  4.7316 -1.0834 15.9712 14.4996 11.4597 10.5775  9.3798  9.0212  8.1098  7.7064  7.5379  7.2643  6.8077  6.7861  6.5084
  35  0.529482  3.6483  4.7236 -1.0131 15.6466 14.0454 11.0700 10.1826  9.0511  8.6970  7.8402  7.4597  7.2973  7.0406  6.6258  6.6059  6.3488
  36  0.630985  3.7063  4.6811 -0.6689 12.7033 10.7151  8.7675  8.0173  7.5766  7.2859  6.6736  6.3910  6.2700  6.0688  5.7606  5.7476  5.5631
  37  0.646134  3.7156  4.6740 -0.6138 12.0679 10.1082  8.3829  7.6691  7.3466  7.0675  6.4933  6.2259  6.1119  5.9188  5.6244  5.6125  5.4388
  38  0.663910  3.7257  4.6653 -0.5518 11.2502  9.4528  7.9554  7.2906  7.0993  6.8351  6.2985  6.0461  5.9393  5.7542  5.4737  5.4629  5.3007
  39  0.696146  3.7439  4.6495 -0.4409 10.2291  8.6692  7.3260  6.7178  6.6890  6.4507  5.9682  5.7372  5.6393  5.4678  5.2103  5.2015  5.0585
  40  0.742323  3.7653  4.6168 -0.2934  8.9672  7.7404  6.5893  6.0591  6.1949  5.9904  5.5685  5.3592  5.2702  5.1128  4.8790  4.8721  4.7489
  41  0.753878  3.7693  4.6069 -0.2609  8.7167  7.5580  6.4422  5.9264  6.0904  5.8929  5.4829  5.2779  5.1906  5.0361  4.8068  4.8002  4.6806
  42  0.764653  3.7730  4.5970 -0.2299  8.4925  7.3953  6.3090  5.8058  5.9919  5.8001  5.4007  5.1996  5.1139  4.9618  4.7367  4.7305  4.6143
  43  0.775588  3.7769  4.5867 -0.1982  8.2760  7.2352  6.1787  5.6878  5.8930  5.7064  5.3171  5.1198  5.0356  4.8862  4.6653  4.6592  4.5464
  44  0.786676  3.7806  4.5762 -0.1663  8.0673  7.0785  6.0511  5.5726  5.7946  5.6131  5.2336  5.0401  4.9573  4.8105  4.5936  4.5879  4.4783
  45  0.797621  3.7843  4.5658 -0.1353  7.8694  6.9282  5.9290  5.4626  5.6996  5.5230  5.1528  4.9629  4.8815  4.7371  4.5242  4.5188  4.4122
  46  0.808436  3.7878  4.5554 -0.1051  7.6784  6.7804  5.8101  5.3559  5.6075  5.4357  5.0747  4.8882  4.8082  4.6661  4.4570  4.4519  4.3481
  47  0.819218  3.7912  4.5448 -0.0752  7.4969  6.6376  5.6951  5.2528  5.5176  5.3502  4.9979  4.8147  4.7360  4.5961  4.3906  4.3858  4.2847
  48  0.829881  3.7944  4.5339 -0.0458  7.3243  6.4999  5.5845  5.1538  5.4296  5.2665  4.9225  4.7425  4.6650  4.5273  4.3252  4.3206  4.2221
  49  0.840360  3.7976  4.5228 -0.0168  7.1606  6.3677  5.4782  5.0587  5.3439  5.1848  4.8486  4.6716  4.5953  4.4597  4.2609  4.2565  4.1604
  50  0.850394  3.8005  4.5118  0.0109  7.0093  6.2446  5.3791  4.9699  5.2622  5.1067  4.7777  4.6035  4.5284  4.3947  4.1991  4.1949  4.1010
  51  0.859812  3.8032  4.5013  0.0370  6.8700  6.1304  5.2874  4.8879  5.1858  5.0335  4.7112  4.5396  4.4655  4.3337  4.1410  4.1370  4.0451
  52  0.865827  3.8049  4.4947  0.0537  6.7818  6.0579  5.2294  4.8360  5.1370  4.9867  4.6687  4.4987  4.4253  4.2947  4.1039  4.1000  4.0095
  53  0.871499  3.8066  4.4885  0.0695  6.6996  5.9898  5.1751  4.7876  5.0908  4.9425  4.6284  4.4601  4.3873  4.2578  4.0688  4.0650  3.9757
  54  0.876333  3.8080  4.4831  0.0832  6.6303  5.9313  5.1288  4.7467  5.0510  4.9043  4.5937  4.4267  4.3545  4.2261  4.0387  4.0349  3.9467
  55  0.881201  3.8096  4.4778  0.0970  6.5610  5.8726  5.0826  4.7057  5.0110  4.8659  4.5586  4.3932  4.3215  4.1940  4.0082  4.0046  3.9173
  56  0.886786  3.8112  4.4716  0.1124  6.4829  5.8074  5.0307  4.6596  4.9662  4.8229  4.5196  4.3556  4.2845  4.1581  3.9741  3.9706  3.8846
  57  0.892513  3.8128  4.4652  0.1281  6.4045  5.7418  4.9785  4.6131  4.9210  4.7794  4.4799  4.3175  4.2470  4.1218  3.9396  3.9361  3.8512
  58  0.898272  3.8143  4.4587  0.1436  6.3273  5.6772  4.9268  4.5671  4.8759  4.7361  4.4403  4.2795  4.2096  4.0855  3.9049  3.9016  3.8178
  59  0.904012  3.8158  4.4522  0.1590  6.2523  5.6141  4.8763  4.5221  4.8314  4.6934  4.4011  4.2416  4.1725  4.0494  3.8705  3.8673  3.7845
  60  0.909676  3.8173  4.4455  0.1742  6.1804  5.5532  4.8273  4.4783  4.7878  4.6513  4.3625  4.2045  4.1358  4.0138  3.8365  3.8334  3.7516
  61  0.915173  3.8187  4.4390  0.1890  6.1117  5.4946  4.7802  4.4362  4.7454  4.6103  4.3248  4.1682  4.1001  3.9790  3.8034  3.8003  3.7195
  62  0.920253  3.8200  4.4328  0.2030  6.0488  5.4403  4.7365  4.3973  4.7056  4.5719  4.2894  4.1340  4.0664  3.9463  3.7722  3.7691  3.6893
  63  0.919943  3.8208  4.4327  0.2068  6.0310  5.4223  4.7245  4.3880  4.6943  4.5611  4.2799  4.1252  4.0579  3.9383  3.7650  3.7620  3.6827
  64  0.922903  3.8220  4.4285  0.2171  5.9846  5.3813  4.6921  4.3597  4.6645  4.5324  4.2536  4.1000  4.0331  3.9143  3.7423  3.7393  3.6608
  65  0.927786  3.8234  4.4229  0.2308  5.9227  5.3280  4.6495  4.3217  4.6255  4.4946  4.2188  4.0666  4.0002  3.8825  3.7120  3.7092  3.6315
  66  0.933138  3.8249  4.4170  0.2451  5.8575  5.2723  4.6048  4.2820  4.5844  4.4550  4.1825  4.0317  3.9659  3.8491  3.6803  3.6776  3.6009
  67  0.938590  3.8263  4.4113  0.2594  5.7922  5.2166  4.5603  4.2426  4.5432  4.4153  4.1461  3.9967  3.9315  3.8159  3.6488  3.6461  3.5703
  68  0.944037  3.8278  4.4057  0.2735  5.7277  5.1617  4.5165  4.2039  4.5024  4.3759  4.1101  3.9622  3.8976  3.7831  3.6178  3.6151  3.5403
  69  0.949382  3.8294  4.4003  0.2873  5.6644  5.1081  4.4738  4.1663  4.4625  4.3375  4.0749  3.9285  3.8646  3.7512  3.5875  3.5849  3.5111
  70  0.954451  3.8308  4.3953  0.3004  5.6034  5.0571  4.4336  4.1311  4.4244  4.3008  4.0415  3.8966  3.8332  3.7210  3.5591  3.5565  3.4835
  71  0.959172  3.8322  4.3905  0.3127  5.5458  5.0095  4.3961  4.0985  4.3885  4.2663  4.0102  3.8667  3.8040  3.6928  3.5325  3.5300  3.4578
  72  0.963541  3.8334  4.3860  0.3242  5.4925  4.9653  4.3613  4.0682  4.3549  4.2340  3.9808  3.8388  3.7765  3.6663  3.5076  3.5052  3.4337
  73  0.967587  3.8345  4.3818  0.3350  5.4430  4.9242  4.3289  4.0399  4.3235  4.2037  3.9532  3.8124  3.7508  3.6415  3.4842  3.4818  3.4110
  74  0.971392  3.8357  4.3776  0.3453  5.3966  4.8855  4.2983  4.0132  4.2937  4.1751  3.9271  3.7874  3.7263  3.6179  3.4619  3.4595  3.3893
  75  0.975029  3.8367  4.3735  0.3551  5.3526  4.8487  4.2691  3.9876  4.2652  4.1475  3.9020  3.7634  3.7028  3.5952  3.4404  3.4381  3.3685
  76  0.978580  3.8377  4.3696  0.3647  5.3100  4.8130  4.2406  3.9626  4.2376  4.1208  3.8776  3.7401  3.6798  3.5730  3.4195  3.4171  3.3481
  77  0.982092  3.8387  4.3657  0.3741  5.2686  4.7780  4.2127  3.9380  4.2103  4.0946  3.8535  3.7171  3.6571  3.5511  3.3987  3.3965  3.3280
  78  0.985677  3.8397  4.3619  0.3835  5.2285  4.7430  4.1846  3.9128  4.1833  4.0684  3.8293  3.6937  3.6342  3.5289  3.3775  3.3753  3.3074
  79  0.989437  3.8407  4.3580  0.3933  5.1877  4.7071  4.1556  3.8869  4.1555  4.0415  3.8044  3.6698  3.6107  3.5060  3.3558  3.3536  3.2862
  80  0.993509  3.8419  4.3539  0.4035  5.1446  4.6692  4.1251  3.8596  4.1262  4.0133  3.7782  3.6445  3.5858  3.4818  3.3329  3.3307  3.2639
  81  0.998086  3.8431  4.3496  0.4146  5.0970  4.6275  4.0916  3.8295  4.0943  3.9824  3.7497  3.6171  3.5588  3.4556  3.3079  3.3059  3.2396
  82  1.002413  3.8441  4.3455  0.4249  5.0540  4.5896  4.0610  3.8021  4.0650  3.9539  3.7233  3.5916  3.5337  3.4313  3.2848  3.2828  3.2171
  83  1.008135  3.8456  4.3405  0.4381  4.9974  4.5403  4.0216  3.7668  4.0274  3.9175  3.6897  3.5593  3.5020  3.4005  3.2557  3.2537  3.1886
  84  1.015656  3.8474  4.3339  0.4551  4.9228  4.4758  3.9701  3.7209  3.9784  3.8702  3.6462  3.5175  3.4609  3.3608  3.2179  3.2159  3.1519
  85  1.024852  3.8495  4.3256  0.4759  4.8334  4.3984  3.9079  3.6653  3.9189  3.8126  3.5931  3.4665  3.4107  3.3121  3.1717  3.1698  3.1069
  86  1.034686  3.8517  4.3161  0.4977  4.7435  4.3200  3.8443  3.6082  3.8571  3.7526  3.5374  3.4128  3.3578  3.2608  3.1228  3.1210  3.0591
  87  1.042471  3.8531  4.3083  0.5146  4.6775  4.2625  3.7967  3.5652  3.8096  3.7065  3.4944  3.3713  3.3169  3.2210  3.0848  3.0830  3.0219
  88  1.048637  3.8542  4.3017  0.5281  4.6254  4.2179  3.7596  3.5316  3.7717  3.6697  3.4601  3.3382  3.2843  3.1894  3.0546  3.0528  2.9923
  89  1.054104  3.8551  4.2956  0.5401  4.5801  4.1793  3.7269  3.5020  3.7381  3.6369  3.4295  3.3087  3.2553  3.1611  3.0276  3.0258  2.9657
  90  1.059456  3.8560  4.2893  0.5517  4.5375  4.1428  3.6957  3.4736  3.7056  3.6051  3.3997  3.2799  3.2269  3.1335  3.0011  2.9994  2.9397
  91  1.065393  3.8567  4.2823  0.5643  4.4932  4.1047  3.6626  3.4430  3.6708  3.5712  3.3677  3.2489  3.1962  3.1036  2.9724  2.9706  2.9113
  92  1.072929  3.8576  4.2731  0.5797  4.4424  4.0599  3.6229  3.4061  3.6291  3.5302  3.3287  3.2108  3.1586  3.0668  2.9366  2.9349  2.8759
  93  1.089763  3.8584  4.2501  0.6126  4.3463  3.9714  3.5410  3.3278  3.5420  3.4442  3.2452  3.1285  3.0769  2.9860  2.8573  2.8555  2.7969
  94  1.104218  3.8591  4.2308  0.6399  4.2693  3.9000  3.4740  3.2633  3.4702  3.3731  3.1760  3.0603  3.0090  2.9188  2.7913  2.7895  2.7308
  95  1.110139  3.8596  4.2236  0.6513  4.2338  3.8686  3.4453  3.2362  3.4393  3.3427  3.1469  3.0319  2.9809  2.8913  2.7644  2.7627  2.7043
  96  1.114069  3.8601  4.2191  0.6593  4.2071  3.8456  3.4249  3.2171  3.4174  3.3212  3.1265  3.0121  2.9613  2.8722  2.7461  2.7444  2.6862
  97  1.117304  3.8605  4.2153  0.6661  4.1841  3.8256  3.4072  3.2007  3.3982  3.3025  3.1089  2.9951  2.9445  2.8558  2.7304  2.7287  2.6706
  98  1.120066  3.8610  4.2120  0.6724  4.1646  3.8078  3.3911  3.1855  3.3811  3.2857  3.0929  2.9795  2.9291  2.8408  2.7159  2.7142  2.6563
  99  1.122469  3.8615  4.2088  0.6782  4.1465  3.7911  3.3761  3.1714  3.3650  3.2699  3.0779  2.9649  2.9147  2.8267  2.7024  2.7007  2.6429
 100  1.124651  3.8619  4.2058  0.6838  4.1289  3.7748  3.3615  3.1577  3.3495  3.2547  3.0635  2.9509  2.9009  2.8132  2.6894  2.6877  2.6299
 101  1.126672  3.8623  4.2031  0.6893  4.1113  3.7585  3.3472  3.1443  3.3342  3.2397  3.0494  2.9371  2.8874  2.8001  2.6769  2.6751  2.6175
 102  1.128569  3.8629  4.2005  0.6946  4.0934  3.7420  3.3328  3.1309  3.3190  3.2249  3.0354  2.9237  2.8741  2.7871  2.6646  2.6628  2.6053
 103  1.130366  3.8635  4.1983  0.7000  4.0736  3.7241  3.3179  3.1174  3.3035  3.2098  3.0215  2.9102  2.8609  2.7744  2.6526  2.6508  2.5936
 104  1.132024  3.8641  4.1961  0.7052  4.0559  3.7077  3.3040  3.1046  3.2887  3.1954  3.0080  2.8973  2.8482  2.7622  2.6411  2.6393  2.5821
 105  1.133591  3.8647  4.1944  0.7104  4.0354  3.6894  3.2891  3.0913  3.2734  3.1805  2.9945  2.8844  2.8357  2.7501  2.6298  2.6281  2.5711
 106  1.135086  3.8656  4.1932  0.7156  4.0133  3.6700  3.2739  3.0780  3.2579  3.1657  2.9811  2.8718  2.8233  2.7383  2.6191  2.6174  2.5606
 107  1.136549  3.8664  4.1919  0.7207  3.9918  3.6512  3.2590  3.0649  3.2427  3.1510  2.9679  2.8593  2.8111  2.7268  2.6085  2.6067  2.5503
 108  1.137983  3.8673  4.1908  0.7258  3.9689  3.6314  3.2437  3.0517  3.2271  3.1362  2.9546  2.8469  2.7990  2.7154  2.5981  2.5963  2.5402
 109  1.139398  3.8682  4.1901  0.7309  3.9441  3.6108  3.2280  3.0385  3.2114  3.1211  2.9414  2.8346  2.7871  2.7042  2.5881  2.5863  2.5306
 110  1.140778  3.8691  4.1892  0.7360  3.9200  3.5908  3.2127  3.0254  3.1959  3.1063  2.9283  2.8224  2.7754  2.6932  2.5782  2.5765  2.5210
 111  1.142119  3.8701  4.1885  0.7411  3.8951  3.5703  3.1972  3.0125  3.1803  3.0915  2.9153  2.8104  2.7637  2.6823  2.5685  2.5668  2.5117
 112  1.143996  3.8716  4.1877  0.7486  3.8557  3.5384  3.1735  2.9926  3.1567  3.0690  2.8958  2.7924  2.7464  2.6662  2.5542  2.5526  2.4981
 113  1.145802  3.8732  4.1872  0.7563  3.8147  3.5053  3.1491  2.9725  3.1325  3.0461  2.8760  2.7743  2.7289  2.6500  2.5401  2.5384  2.4845
 114  1.147601  3.8749  4.1870  0.7641  3.7723  3.4712  3.1243  2.9523  3.1080  3.0228  2.8562  2.7561  2.7115  2.6339  2.5261  2.5245  2.4713
 115  1.149343  3.8766  4.1868  0.7718  3.7304  3.4376  3.0997  2.9321  3.0835  2.9996  2.8363  2.7379  2.6940  2.6179  2.5121  2.5105  2.4580
 116  1.151049  3.8783  4.1866  0.7795  3.6884  3.4038  3.0751  2.9119  3.0587  2.9762  2.8163  2.7198  2.6766  2.6019  2.4983  2.4966  2.4447
 117  1.152698  3.8801  4.1866  0.7873  3.6464  3.3702  3.0505  2.8919  3.0341  2.9530  2.7965  2.7017  2.6593  2.5859  2.4846  2.4829  2.4317
 118  1.154322  3.8819  4.1866  0.7950  3.6055  3.3370  3.0262  2.8720  3.0096  2.9298  2.7767  2.6836  2.6420  2.5702  2.4709  2.4692  2.4185
 119  1.155939  3.8836  4.1864  0.8028  3.5656  3.3044  3.0022  2.8522  2.9851  2.9065  2.7568  2.6654  2.6245  2.5541  2.4570  2.4554  2.4052
 120  1.157550  3.8853  4.1859  0.8105  3.5269  3.2726  2.9785  2.8325  2.9606  2.8834  2.7368  2.6471  2.6071  2.5379  2.4429  2.4412  2.3916
 121  1.159152  3.8869  4.1850  0.8184  3.4897  3.2417  2.9551  2.8130  2.9364  2.8602  2.7168  2.6287  2.5893  2.5215  2.4285  2.4268  2.3776
 122  1.160746  3.8884  4.1838  0.8263  3.4543  3.2120  2.9323  2.7936  2.9123  2.8373  2.6967  2.6101  2.5714  2.5048  2.4136  2.4119  2.3631
 123  1.162344  3.8897  4.1817  0.8342  3.4214  3.1840  2.9101  2.7744  2.8888  2.8147  2.6766  2.5913  2.5531  2.4876  2.3981  2.3964  2.3478
 124  1.164020  3.8906  4.1781  0.8420  3.3940  3.1596  2.8896  2.7558  2.8663  2.7930  2.6565  2.5723  2.5345  2.4698  2.3815  2.3798  2.3313
 125  1.165866  3.8910  4.1731  0.8496  3.3733  3.1399  2.8714  2.7385  2.8457  2.7728  2.6373  2.5536  2.5161  2.4519  2.3642  2.3625  2.3139
 126  1.167890  3.8905  4.1644  0.8571  3.3660  3.1295  2.8571  2.7227  2.8281  2.7548  2.6184  2.5343  2.4967  2.4322  2.3440  2.3422  2.2933
 127  1.170326  3.8900  4.1562  0.8640  3.3601  3.1202  2.8439  2.7079  2.8116  2.7379  2.6007  2.5163  2.4785  2.4137  2.3250  2.3232  2.2737
 128  1.172908  3.8896  4.1487  0.8709  3.3529  3.1102  2.8306  2.6934  2.7954  2.7213  2.5835  2.4987  2.4608  2.3958  2.3068  2.3049  2.2550
 129  1.175568  3.8893  4.1416  0.8778  3.3443  3.0992  2.8169  2.6786  2.7787  2.7045  2.5661  2.4811  2.4431  2.3780  2.2887  2.2868  2.2365
 130  1.178297  3.8890  4.1347  0.8847  3.3341  3.0870  2.8025  2.6634  2.7616  2.6872  2.5486  2.4634  2.4253  2.3601  2.2707  2.2687  2.2181
 131  1.181082  3.8889  4.1281  0.8918  3.3222  3.0736  2.7875  2.6479  2.7440  2.6694  2.5306  2.4455  2.4074  2.3422  2.2527  2.2508  2.1998
 132  1.183904  3.8890  4.1219  0.8991  3.3074  3.0580  2.7713  2.6315  2.7253  2.6508  2.5121  2.4271  2.3891  2.3240  2.2347  2.2326  2.1815
 133  1.186762  3.8890  4.1158  0.9064  3.2924  3.0423  2.7549  2.6151  2.7065  2.6320  2.4935  2.4086  2.3706  2.3057  2.2165  2.2144  2.1630
 134  1.189637  3.8890  4.1090  0.9139  3.2782  3.0270  2.7386  2.5984  2.6875  2.6130  2.4746  2.3897  2.3518  2.2869  2.1977  2.1956  2.1439
 135  1.192570  3.8888  4.1019  0.9217  3.2639  3.0115  2.7218  2.5812  2.6681  2.5935  2.4550  2.3701  2.3321  2.2673  2.1781  2.1760  2.1239
 136  1.195540  3.8886  4.0942  0.9296  3.2498  2.9959  2.7047  2.5636  2.6481  2.5734  2.4349  2.3498  2.3119  2.2470  2.1577  2.1555  2.1032
 137  1.198499  3.8884  4.0864  0.9377  3.2356  2.9802  2.6873  2.5455  2.6279  2.5531  2.4143  2.3292  2.2912  2.2263  2.1368  2.1347  2.0820
 138  1.201396  3.8882  4.0784  0.9459  3.2213  2.9644  2.6698  2.5274  2.6075  2.5326  2.3936  2.3084  2.2704  2.2053  2.1157  2.1136  2.0605
 139  1.204207  3.8879  4.0704  0.9537  3.2083  2.9496  2.6531  2.5100  2.5879  2.5129  2.3735  2.2882  2.2501  2.1850  2.0951  2.0930  2.0396
 140  1.206912  3.8877  4.0625  0.9615  3.1959  2.9354  2.6370  2.4930  2.5689  2.4937  2.3539  2.2685  2.2304  2.1651  2.0749  2.0727  2.0191
 141  1.209500  3.8873  4.0545  0.9690  3.1844  2.9221  2.6215  2.4766  2.5506  2.4752  2.3350  2.2492  2.2110  2.1456  2.0552  2.0530  1.9989
 142  1.211963  3.8870  4.0465  0.9766  3.1711  2.9075  2.6051  2.4595  2.5318  2.4562  2.3156  2.2297  2.1914  2.1258  2.0351  2.0329  1.9786
 143  1.214314  3.8866  4.0382  0.9842  3.1582  2.8934  2.5890  2.4425  2.5131  2.4373  2.2962  2.2100  2.1716  2.1059  2.0148  2.0125  1.9579
 144  1.216544  3.8863  4.0299  0.9920  3.1426  2.8773  2.5716  2.4245  2.4935  2.4176  2.2763  2.1899  2.1514  2.0855  1.9942  1.9919  1.9371
 145  1.218670  3.8860  4.0222  0.9995  3.1258  2.8609  2.5544  2.4069  2.4744  2.3985  2.2570  2.1706  2.1321  2.0660  1.9746  1.9722  1.9172
 146  1.220693  3.8857  4.0151  1.0062  3.1109  2.8463  2.5390  2.3910  2.4574  2.3814  2.2397  2.1532  2.1146  2.0484  1.9567  1.9543  1.8992
 147  1.222620  3.8853  4.0073  1.0127  3.1005  2.8349  2.5255  2.3763  2.4419  2.3657  2.2232  2.1363  2.0976  2.0311  1.9388  1.9365  1.8810
 148  1.224460  3.8847  3.9995  1.0186  3.0916  2.8249  2.5130  2.3626  2.4276  2.3510  2.2078  2.1204  2.0815  2.0146  1.9218  1.9194  1.8637
 149  1.226218  3.8840  3.9913  1.0248  3.0834  2.8154  2.5006  2.3487  2.4133  2.3365  2.1922  2.1042  2.0651  1.9977  1.9041  1.9017  1.8457
 150  1.227902  3.8832  3.9829  1.0308  3.0748  2.8060  2.4882  2.3348  2.3994  2.3222  2.1769  2.0883  2.0489  1.9810  1.8867  1.8842  1.8279
 151  1.229517  3.8824  3.9743  1.0366  3.0678  2.7978  2.4765  2.3213  2.3862  2.3085  2.1620  2.0727  2.0329  1.9645  1.8692  1.8668  1.8102
 152  1.231069  3.8814  3.9654  1.0421  3.0642  2.7919  2.4662  2.3089  2.3742  2.2959  2.1478  2.0576  2.0175  1.9483  1.8520  1.8496  1.7926
 153  1.232566  3.8803  3.9560  1.0475  3.0636  2.7879  2.4570  2.2972  2.3631  2.2840  2.1340  2.0428  2.0022  1.9322  1.8346  1.8321  1.7748
 154  1.234012  3.8790  3.9461  1.0529  3.0652  2.7854  2.4487  2.2862  2.3526  2.2727  2.1204  2.0281  1.9871  1.9161  1.8171  1.8147  1.7567
 155  1.235411  3.8777  3.9360  1.0580  3.0688  2.7841  2.4412  2.2756  2.3429  2.2620  2.1073  2.0138  1.9721  1.9001  1.7996  1.7972  1.7387
 156  1.236767  3.8762  3.9255  1.0632  3.0741  2.7842  2.4344  2.2656  2.3337  2.2519  2.0946  1.9996  1.9574  1.8843  1.7821  1.7796  1.7206
 157  1.238080  3.8746  3.9147  1.0681  3.0815  2.7856  2.4284  2.2561  2.3255  2.2423  2.0822  1.9858  1.9429  1.8686  1.7645  1.7620  1.7023
 158  1.239355  3.8729  3.9036  1.0729  3.0907  2.7881  2.4231  2.2470  2.3178  2.2334  2.0703  1.9722  1.9286  1.8530  1.7470  1.7445  1.6841
 159  1.240592  3.8711  3.8921  1.0775  3.1019  2.7921  2.4186  2.2385  2.3108  2.2252  2.0587  1.9589  1.9146  1.8376  1.7295  1.7269  1.6658
 160  1.241791  3.8691  3.8802  1.0820  3.1151  2.7974  2.4149  2.2305  2.3046  2.2175  2.0476  1.9459  1.9008  1.8224  1.7120  1.7094  1.6476
 161  1.242954  3.8670  3.8679  1.0863  3.1305  2.8042  2.4120  2.2229  2.2993  2.2107  2.0370  1.9334  1.8873  1.8073  1.6945  1.6919  1.6293
 162  1.244971  3.8635  3.8480  1.0928  3.1672  2.8241  2.4119  2.2138  2.2936  2.2023  2.0218  1.9148  1.8674  1.7847  1.6677  1.6650  1.6009
 163  1.246959  3.8596  3.8271  1.0988  3.2105  2.8486  2.4142  2.2063  2.2900  2.1956  2.0077  1.8969  1.8479  1.7622  1.6409  1.6381  1.5722
 164  1.248918  3.8555  3.8052  1.1047  3.2613  2.8782  2.4193  2.2004  2.2884  2.1906  1.9944  1.8796  1.8289  1.7401  1.6137  1.6109  1.5432
 165  1.250832  3.8509  3.7821  1.1100  3.3225  2.9150  2.4282  2.1971  2.2898  2.1881  1.9827  1.8634  1.8109  1.7185  1.5867  1.5837  1.5141
 166  1.252689  3.8458  3.7577  1.1148  3.3965  2.9601  2.4422  2.1974  2.2950  2.1890  1.9732  1.8488  1.7942  1.6980  1.5603  1.5572  1.4851
 167  1.254471  3.8402  3.7320  1.1186  3.4857  3.0146  2.4627  2.2034  2.3050  2.1940  1.9669  1.8370  1.7802  1.6797  1.5353  1.5321  1.4571
 168  1.256151  3.8340  3.7056  1.1209  3.5937  3.0817  2.4916  2.2162  2.3215  2.2049  1.9649  1.8290  1.7697  1.6646  1.5130  1.5096  1.4313
 169  1.257691  3.8274  3.6790  1.1214  3.7227  3.1640  2.5302  2.2362  2.3458  2.2227  1.9683  1.8259  1.7638  1.6536  1.4941  1.4905  1.4086
 170  1.259056  3.8204  3.6532  1.1198  3.8685  3.2581  2.5777  2.2638  2.3775  2.2473  1.9775  1.8280  1.7631  1.6476  1.4798  1.4759  1.3902
 171  1.260247  3.8134  3.6289  1.1164  4.0235  3.3573  2.6314  2.2982  2.4143  2.2770  1.9917  1.8351  1.7674  1.6466  1.4705  1.4662  1.3764
 172  1.261294  3.8064  3.6061  1.1117  4.1855  3.4618  2.6902  2.3377  2.4549  2.3104  2.0097  1.8462  1.7757  1.6497  1.4653  1.4608  1.3666
 173  1.262240  3.7996  3.5851  1.1059  4.3532  3.5712  2.7532  2.3812  2.4981  2.3465  2.0307  1.8604  1.7873  1.6562  1.4639  1.4590  1.3602
 174  1.263127  3.7930  3.5660  1.0990  4.5263  3.6845  2.8201  2.4287  2.5440  2.3853  2.0544  1.8776  1.8019  1.6660  1.4659  1.4606  1.3573
 175  1.263973  3.7867  3.5488  1.0911  4.7067  3.8032  2.8917  2.4809  2.5926  2.4268  2.0810  1.8977  1.8196  1.6790  1.4714  1.4657  1.3577
 176  1.264787  3.7807  3.5343  1.0820  4.8927  3.9262  2.9683  2.5387  2.6440  2.4712  2.1108  1.9214  1.8410  1.6961  1.4814  1.4754  1.3627
 177  1.265560  3.7752  3.5232  1.0714  5.0809  4.0515  3.0492  2.6021  2.6976  2.5180  2.1439  1.9490  1.8665  1.7176  1.4966  1.4901  1.3730
 178  1.266290  3.7703  3.5155  1.0597  5.2672  4.1740  3.1312  2.6682  2.7525  2.5664  2.1797  1.9797  1.8954  1.7430  1.5161  1.5093  1.3879
 179  1.267001  3.7660  3.5109  1.0474  5.4466  4.2874  3.2101  2.7331  2.8071  2.6152  2.2173  2.0128  1.9268  1.7714  1.5393  1.5322  1.4069
 180  1.267750  3.7619  3.5071  1.0352  5.6326  4.4028  3.2912  2.8007  2.8618  2.6641  2.2548  2.0461  1.9586  1.8001  1.5631  1.5556  1.4266
 181  1.268620  3.7580  3.5028  1.0238  5.8318  4.5218  3.3752  2.8711  2.9148  2.7107  2.2899  2.0769  1.9878  1.8265  1.5846  1.5767  1.4440
 182  1.269666  3.7529  3.4954  1.0115  6.0824  4.6796  3.4834  2.9615  2.9780  2.7651  2.3292  2.1106  2.0194  1.8544  1.6064  1.5981  1.4608
 183  1.270792  3.7483  3.4852  1.0039  6.3074  4.8210  3.5778  3.0396  3.0276  2.8065  2.3567  2.1329  2.0398  1.8714  1.6178  1.6092  1.4676
 184  1.271934  3.7444  3.4725  1.0011  6.4910  4.9339  3.6504  3.0985  3.0609  2.8328  2.3711  2.1430  2.0482  1.8769  1.6185  1.6094  1.4641
 185  1.273091  3.7410  3.4574  1.0029  6.6376  5.0194  3.7027  3.1394  3.0791  2.8452  2.3736  2.1418  2.0457  1.8720  1.6093  1.6000  1.4512
 186  1.274262  3.7381  3.4391  1.0099  6.7504  5.0795  3.7347  3.1621  3.0812  2.8424  2.3625  2.1276  2.0304  1.8546  1.5883  1.5787  1.4270
 187  1.275418  3.7358  3.4186  1.0215  6.8290  5.1142  3.7465  3.1668  3.0682  2.8254  2.3390  2.1016  2.0036  1.8262  1.5569  1.5471  1.3930
 188  1.276533  3.7339  3.3969  1.0362  6.8806  5.1296  3.7432  3.1579  3.0444  2.7985  2.3067  2.0675  1.9688  1.7900  1.5183  1.5083  1.3523
 189  1.277608  3.7324  3.3748  1.0526  6.9147  5.1328  3.7308  3.1407  3.0144  2.7659  2.2697  2.0287  1.9294  1.7495  1.4759  1.4657  1.3081
 190  1.278650  3.7311  3.3528  1.0697  6.9362  5.1279  3.7123  3.1185  2.9808  2.7300  2.2302  1.9878  1.8880  1.7072  1.4320  1.4216  1.2626
 191  1.279665  3.7300  3.3310  1.0872  6.9513  5.1190  3.6907  3.0936  2.9455  2.6927  2.1895  1.9459  1.8456  1.6640  1.3872  1.3767  1.2165
 192  1.280658  3.7289  3.3093  1.1048  6.9617  5.1073  3.6672  3.0669  2.9092  2.6545  2.1483  1.9035  1.8028  1.6203  1.3421  1.3316  1.1701
 193  1.281635  3.7278  3.2877  1.1226  6.9701  5.0947  3.6428  3.0394  2.8726  2.6162  2.1069  1.8609  1.7599  1.5766  1.2970  1.2864  1.1238
 194  1.282597  3.7268  3.2662  1.1405  6.9759  5.0808  3.6173  3.0109  2.8353  2.5771  2.0651  1.8179  1.7164  1.5324  1.2515  1.2407  1.0771
 195  1.283543  3.7258  3.2443  1.1586  6.9801  5.0658  3.5908  2.9814  2.7972  2.5372  2.0223  1.7741  1.6723  1.4875  1.2053  1.1945  1.0297
 196  1.284475  3.7248  3.2225  1.1770  6.9825  5.0500  3.5634  2.9512  2.7584  2.4968  1.9792  1.7298  1.6277  1.4421  1.1586  1.1477  0.9819
 197  1.285388  3.7238  3.2003  1.1956  6.9836  5.0334  3.5352  2.9200  2.7188  2.4555  1.9352  1.6848  1.5823  1.3960  1.1112  1.1002  0.9334
 198  1.286282  3.7230  3.1781  1.2146  6.9828  5.0156  3.5058  2.8878  2.6783  2.4134  1.8904  1.6390  1.5362  1.3492  1.0632  1.0521  0.8842
 199  1.287160  3.7221  3.1555  1.2338  6.9821  4.9979  3.4761  2.8552  2.6373  2.3707  1.8451  1.5927  1.4894  1.3018  1.0145  1.0033  0.8345
 200  1.288018  3.7212  3.1326  1.2534  6.9819  4.9802  3.4459  2.8220  2.5955  2.3272  1.7990  1.5455  1.4419  1.2535  0.9650  0.9538  0.7840
 201  1.288856  3.7203  3.1094  1.2731  6.9814  4.9624  3.4152  2.7885  2.5531  2.2832  1.7523  1.4977  1.3937  1.2046  0.9149  0.9036  0.7328
 202  1.289672  3.7193  3.0860  1.2932  6.9804  4.9444  3.3842  2.7544  2.5102  2.2386  1.7049  1.4493  1.3450  1.1551  0.8642  0.8527  0.6809
 203  1.290467  3.7184  3.0622  1.3135  6.9795  4.9267  3.3528  2.7199  2.4669  2.1934  1.6571  1.4003  1.2956  1.1051  0.8128  0.8012  0.6284
 204  1.291242  3.7174  3.0382  1.3340  6.9785  4.9091  3.3212  2.6853  2.4231  2.1479  1.6088  1.3508  1.2458  1.0545  0.7609  0.7492  0.5753
 205  1.291995  3.7165  3.0140  1.3548  6.9773  4.8919  3.2895  2.6505  2.3790  2.1020  1.5599  1.3010  1.1955  1.0034  0.7085  0.6967  0.5218
 206  1.292726  3.7155  2.9893  1.3757  6.9782  4.8763  3.2585  2.6160  2.3348  2.0559  1.5108  1.2505  1.1447  0.9518  0.6555  0.6437  0.4675
 207  1.293437  3.7146  2.9645  1.3968  6.9797  4.8619  3.2278  2.5817  2.2906  2.0097  1.4615  1.1999  1.0936  0.8999  0.6021  0.5901  0.4130
 208  1.294127  3.7135  2.9392  1.4181  6.9819  4.8483  3.1972  2.5476  2.2461  1.9632  1.4117  1.1489  1.0421  0.8476  0.5483  0.5363  0.3579
 209  1.294796  3.7124  2.9139  1.4395  6.9837  4.8352  3.1665  2.5133  2.2015  1.9165  1.3617  1.0975  0.9904  0.7949  0.4942  0.4820  0.3025
 210  1.295445  3.7114  2.8882  1.4611  6.9863  4.8231  3.1362  2.4793  2.1567  1.8696  1.3114  1.0459  0.9383  0.7420  0.4396  0.4273  0.2465
 211  1.296074  3.7103  2.8624  1.4828  6.9881  4.8115  3.1058  2.4450  2.1117  1.8225  1.2609  0.9940  0.8860  0.6887  0.3848  0.3724  0.1904
 212  1.296685  3.7092  2.8364  1.5046  6.9899  4.8011  3.0756  2.4108  2.0665  1.7751  1.2101  0.9418  0.8333  0.6351  0.3297  0.3171  0.1339
 213  1.297275  3.7081  2.8101  1.5267  6.9913  4.7911  3.0452  2.3766  2.0211  1.7275  1.1589  0.8892  0.7802  0.5811  0.2740  0.2614  0.0769
 214  1.297847  3.7070  2.7836  1.5489  6.9921  4.7818  3.0150  2.3423  1.9754  1.6795  1.1073  0.8362  0.7268  0.5267  0.2180  0.2053  0.0194
 215  1.298399  3.7059  2.7572  1.5709  6.9938  4.7742  2.9859  2.3091  1.9304  1.6323  1.0565  0.7839  0.6741  0.4730  0.1626  0.1498 -0.0374
 216  1.298930  3.7047  2.7306  1.5931  6.9958  4.7679  2.9572  2.2762  1.8854  1.5850  1.0054  0.7314  0.6210  0.4189  0.1068  0.0938 -0.0947
 217  1.299035  3.7045  2.7251  1.5976  6.9959  4.7667  2.9513  2.2695  1.8762  1.5753  0.9950  0.7207  0.6102  0.4079  0.0954  0.0824 -0.1063
 218  1.299139  3.7042  2.7197  1.6021  6.9963  4.7656  2.9456  2.2629  1.8671  1.5657  0.9846  0.7099  0.5993  0.3969  0.0841  0.0710 -0.1181
 219  1.299243  3.7040  2.7142  1.6067  6.9965  4.7644  2.9398  2.2562  1.8579  1.5560  0.9742  0.6992  0.5885  0.3858  0.0726  0.0595 -0.1298
 220  1.299347  3.7037  2.7087  1.6113  6.9967  4.7634  2.9341  2.2496  1.8487  1.5463  0.9637  0.6884  0.5775  0.3747  0.0611  0.0480 -0.1416
 221  1.299450  3.7035  2.7032  1.6158  6.9967  4.7622  2.9281  2.2429  1.8394  1.5366  0.9531  0.6775  0.5666  0.3635  0.0496  0.0365 -0.1534
 222  1.299553  3.7032  2.6976  1.6205  6.9971  4.7614  2.9223  2.2362  1.8301  1.5267  0.9425  0.6666  0.5556  0.3522  0.0379  0.0248 -0.1654
 223  1.299655  3.7029  2.6920  1.6251  6.9959  4.7597  2.9162  2.2293  1.8207  1.5169  0.9318  0.6556  0.5445  0.3409  0.0263  0.0131 -0.1773
 224  1.299757  3.7027  2.6863  1.6298  6.9948  4.7580  2.9102  2.2224  1.8113  1.5070  0.9211  0.6446  0.5334  0.3296  0.0146  0.0014 -0.1894
 225  1.299857  3.7025  2.6807  1.6345  6.9935  4.7566  2.9041  2.2154  1.8019  1.4971  0.9104  0.6336  0.5223  0.3183  0.0029 -0.0104 -0.2015
 226  1.299959  3.7023  2.6750  1.6391  6.9919  4.7548  2.8979  2.2085  1.7924  1.4871  0.8997  0.6225  0.5111  0.3069 -0.0089 -0.0221 -0.2136
 227  1.300877  3.6998  2.6207  1.6840  6.9791  4.7429  2.8411  2.1436  1.7028  1.3928  0.7976  0.5172  0.4049  0.1985 -0.1210 -0.1345 -0.3289
 228  1.301719  3.6973  2.5664  1.7284  6.9656  4.7365  2.7870  2.0815  1.6149  1.3001  0.6969  0.4132  0.2998  0.0912 -0.2321 -0.2459 -0.4434
 229  1.302494  3.6947  2.5118  1.7729  6.9528  4.7384  2.7365  2.0227  1.5285  1.2086  0.5968  0.3098  0.1954 -0.0156 -0.3429 -0.3570 -0.5578
 230  1.303214  3.6919  2.4554  1.8185  6.9402  4.7517  2.6887  1.9659  1.4417  1.1162  0.4953  0.2045  0.0889 -0.1246 -0.4562 -0.4706 -0.6750
 231  1.303873  3.6889  2.3962  1.8660  6.9256  4.7746  2.6431  1.9111  1.3534  1.0217  0.3905  0.0956 -0.0213 -0.2376 -0.5740 -0.5888 -0.7969
 232  1.304453  3.6860  2.3394  1.9114  6.9133  4.8026  2.6024  1.8614  1.2703  0.9325  0.2910 -0.0080 -0.1261 -0.3452 -0.6863 -0.7015 -0.9134
 233  1.304973  3.6834  2.2890  1.9516  6.9120  4.8359  2.5693  1.8194  1.1975  0.8539  0.2032 -0.0996 -0.2188 -0.4404 -0.7857 -0.8013 -1.0165
 234  1.305473  3.6810  2.2442  1.9871  6.9519  4.8859  2.5477  1.7878  1.1343  0.7850  0.1254 -0.1808 -0.3013 -0.5252 -0.8742 -0.8899 -1.1081
 235  1.305930  3.6797  2.2142  2.0118  6.9933  4.9054  2.5254  1.7585  1.0866  0.7336  0.0689 -0.2393 -0.3604 -0.5854 -0.9364 -0.9523 -1.1720
 236  1.306385  3.6790  2.1992  2.0240  7.0495  4.9194  2.5158  1.7438  1.0622  0.7071  0.0398 -0.2694 -0.3909 -0.6165 -0.9681 -0.9841 -1.2044
 237  1.306851  3.6772  2.1647  2.0517  7.1004  4.9659  2.5014  1.7207  1.0127  0.6528 -0.0215 -0.3335 -0.4559 -0.6832 -1.0373 -1.0535 -1.2759
 238  1.307301  3.6747  2.1168  2.0898  7.1421  5.0363  2.4850  1.6939  0.9470  0.5804 -0.1040 -0.4200 -0.5437 -0.7735 -1.1316 -1.1481 -1.3735
 239  1.307717  3.6718  2.0632  2.1320  7.1738  5.1186  2.4706  1.6689  0.8759  0.5016 -0.1945 -0.5153 -0.6405 -0.8732 -1.2358 -1.2527 -1.4817
 240  1.308096  3.6691  2.0130  2.1714  7.1944  5.1951  2.4589  1.6481  0.8103  0.4288 -0.2787 -0.6038 -0.7305 -0.9660 -1.3328 -1.3500 -1.5825
 241  1.308444  3.6667  1.9695  2.2055  7.1915  5.2621  2.4508  1.6336  0.7551  0.3672 -0.3501 -0.6794 -0.8073 -1.0454 -1.4158 -1.4334 -1.6690
 242  1.308767  3.6653  1.9437  2.2256  7.1611  5.3051  2.4504  1.6316  0.7249  0.3331 -0.3907 -0.7228 -0.8515 -1.0912 -1.4639 -1.4816 -1.7193
 243  1.309081  3.6645  1.9287  2.2375  7.1050  5.3275  2.4521  1.6356  0.7089  0.3148 -0.4133 -0.7472 -0.8765 -1.1172 -1.4912 -1.5091 -1.7481
 244  1.309394  3.6613  1.8724  2.2812  7.1184  5.4065  2.4445  1.6198  0.6406  0.2378 -0.5037 -0.8431 -0.9741 -1.2183 -1.5976 -1.6160 -1.8592
 245  1.309675  3.6582  1.8179  2.3232  7.1118  5.4749  2.4377  1.6066  0.5763  0.1653 -0.5898 -0.9347 -1.0673 -1.3149 -1.6995 -1.7182 -1.9659
 246  1.309932  3.6551  1.7648  2.3640  7.0982  5.5376  2.4324  1.5960  0.5152  0.0959 -0.6729 -1.0232 -1.1576 -1.4085 -1.7982 -1.8174 -2.0693
 247  1.310166  3.6520  1.7128  2.4041  7.0794  5.5975  2.4285  1.5877  0.4570  0.0296 -0.7531 -1.1088 -1.2450 -1.4992 -1.8942 -1.9138 -2.1702
 248  1.310382  3.6490  1.6614  2.4435  7.0563  5.6547  2.4255  1.5811  0.4010 -0.0346 -0.8310 -1.1923 -1.3303 -1.5878 -1.9885 -2.0084 -2.2694
 249  1.310578  3.6461  1.6110  2.4820  7.0308  5.7090  2.4233  1.5759  0.3474 -0.0962 -0.9066 -1.2733 -1.4131 -1.6739 -2.0803 -2.1007 -2.3663
 250  1.310756  3.6430  1.5607  2.5204  7.0051  5.7626  2.4215  1.5715  0.2949 -0.1568 -0.9813 -1.3535 -1.4951 -1.7592 -2.1717 -2.1925 -2.4629
 251  1.310921  3.6399  1.5084  2.5602  6.9785  5.8172  2.4191  1.5666  0.2407 -0.2192 -1.0583 -1.4363 -1.5797 -1.8473 -2.2663 -2.2876 -2.5629
 252  1.311070  3.6371  1.4612  2.5959  6.9456  5.8669  2.4189  1.5654  0.1948 -0.2727 -1.1261 -1.5094 -1.6546 -1.9251 -2.3505 -2.3722 -2.6523
 253  1.311208  3.6343  1.4161  2.6300  6.9091  5.9120  2.4188  1.5650  0.1520 -0.3227 -1.1900 -1.5784 -1.7254 -1.9989 -2.4305 -2.4526 -2.7375
 254  1.311335  3.6315  1.3716  2.6635  6.8715  5.9553  2.4190  1.5655  0.1115 -0.3703 -1.2516 -1.6451 -1.7939 -2.0702 -2.5087 -2.5310 -2.8208
 255  1.311453  3.6288  1.3277  2.6964  6.8326  5.9961  2.4192  1.5662  0.0727 -0.4162 -1.3115 -1.7101 -1.8606 -2.1398 -2.5852 -2.6081 -2.9028
 256  1.311563  3.6261  1.2848  2.7285  6.7923  6.0327  2.4186  1.5667  0.0357 -0.4600 -1.3692 -1.7727 -1.9251 -2.2070 -2.6597 -2.6828 -2.9826
 257  1.311664  3.6233  1.2426  2.7601  6.7513  6.0667  2.4180  1.5676  0.0004 -0.5017 -1.4247 -1.8331 -1.9872 -2.2719 -2.7325 -2.7560 -3.0607
 258  1.311759  3.6208  1.2016  2.7907  6.7097  6.0937  2.4165  1.5683 -0.0329 -0.5413 -1.4777 -1.8908 -2.0467 -2.3341 -2.8028 -2.8267 -3.1365
 259  1.311847  3.6182  1.1610  2.8209  6.6674  6.1179  2.4142  1.5686 -0.0652 -0.5797 -1.5297 -1.9473 -2.1048 -2.3950 -2.8723 -2.8965 -3.2117
 260  1.311930  3.6156  1.1215  2.8503  6.6247  6.1391  2.4108  1.5679 -0.0963 -0.6164 -1.5802 -2.0021 -2.1612 -2.4536 -2.9399 -2.9644 -3.2849
 261  1.312007  3.6132  1.0827  2.8792  6.5819  6.1569  2.4070  1.5673 -0.1255 -0.6511 -1.6283 -2.0542 -2.2149 -2.5098 -3.0057 -3.0305 -3.3564
 262  1.312080  3.6107  1.0447  2.9075  6.5389  6.1714  2.4027  1.5665 -0.1531 -0.6838 -1.6742 -2.1040 -2.2663 -2.5637 -3.0702 -3.0952 -3.4265
 263  1.312147  3.6082  1.0072  2.9351  6.4962  6.1834  2.3982  1.5660 -0.1792 -0.7147 -1.7181 -2.1517 -2.3153 -2.6155 -3.1330 -3.1583 -3.4954
 264  1.312211  3.6059  0.9706  2.9622  6.4535  6.1914  2.3926  1.5647 -0.2042 -0.7444 -1.7609 -2.1980 -2.3629 -2.6655 -3.1945 -3.2201 -3.5626
 265  1.312271  3.6035  0.9345  2.9888  6.4109  6.1972  2.3867  1.5634 -0.2275 -0.7723 -1.8017 -2.2421 -2.4083 -2.7136 -3.2548 -3.2806 -3.6289
 266  1.312328  3.6012  0.8991  3.0150  6.3687  6.1989  2.3799  1.5618 -0.2492 -0.7983 -1.8402 -2.2839 -2.4511 -2.7594 -3.3135 -3.3396 -3.6937
 267  1.312381  3.5988  0.8643  3.0404  6.3277  6.1988  2.3738  1.5612 -0.2686 -0.8217 -1.8759 -2.3230 -2.4911 -2.8027 -3.3704 -3.3968 -3.7570
 268  1.312431  3.5965  0.8302  3.0654  6.2868  6.1963  2.3667  1.5599 -0.2868 -0.8436 -1.9095 -2.3595 -2.5283 -2.8435 -3.4261 -3.4529 -3.8191
 269  1.312479  3.5943  0.7966  3.0900  6.2459  6.1920  2.3588  1.5582 -0.3043 -0.8645 -1.9417 -2.3942 -2.5635 -2.8824 -3.4814 -3.5084 -3.8808
 270  1.312523  3.5921  0.7639  3.1138  6.2059  6.1859  2.3503  1.5560 -0.3199 -0.8830 -1.9709 -2.4256 -2.5952 -2.9183 -3.5346 -3.5617 -3.9405
 271  1.312566  3.5899  0.7316  3.1374  6.1661  6.1783  2.3409  1.5532 -0.3342 -0.8999 -1.9979 -2.4549 -2.6245 -2.9521 -3.5867 -3.6143 -3.9994
 272  1.312606  3.5877  0.7000  3.1604  6.1269  6.1695  2.3310  1.5502 -0.3468 -0.9144 -2.0219 -2.4810 -2.6505 -2.9832 -3.6372 -3.6651 -4.0570
 273  1.312645  3.5857  0.6691  3.1829  6.0885  6.1596  2.3203  1.5466 -0.3579 -0.9270 -2.0430 -2.5043 -2.6735 -3.0118 -3.6861 -3.7144 -4.1132
 274  1.312681  3.5835  0.6387  3.2050  6.0503  6.1488  2.3090  1.5424 -0.3680 -0.9379 -2.0616 -2.5249 -2.6933 -3.0383 -3.7344 -3.7631 -4.1687
 275  1.312715  3.5816  0.6092  3.2265  6.0130  6.1375  2.2970  1.5380 -0.3759 -0.9460 -2.0765 -2.5416 -2.7091 -3.0615 -3.7809 -3.8100 -4.2225
 276  1.312748  3.5795  0.5801  3.2475  5.9766  6.1258  2.2847  1.5333 -0.3821 -0.9519 -2.0885 -2.5555 -2.7219 -3.0823 -3.8258 -3.8553 -4.2752
 277  1.312779  3.5776  0.5519  3.2680  5.9412  6.1142  2.2719  1.5281 -0.3863 -0.9550 -2.0969 -2.5659 -2.7309 -3.1000 -3.8688 -3.8988 -4.3263
 278  1.312601  3.5757  0.5248  3.2876  5.9075  6.1027  2.2588  1.5228 -0.3883 -0.9555 -2.1015 -2.5725 -2.7357 -3.1144 -3.9092 -3.9398 -4.3750
 279  1.312639  3.5742  0.5018  3.3043  5.8787  6.0927  2.2469  1.5180 -0.3884 -0.9533 -2.1012 -2.5737 -2.7349 -3.1233 -3.9427 -3.9740 -4.4163
