#NUMBER OF AGES= 1
#----------------------------------------------------       
#MIX-LEN  Y      Z          Zeff        [Fe/H] [a/Fe]
# 1.9380  0.3300 5.5373E-03 2.8186E-03  -0.72   0.40 
#----------------------------------------------------       
#**PHOTOMETRIC SYSTEM**: HST WFPC2 (Vega)                   
#----------------------------------------------------       
#AGE=10.000 EEPS=267
#EEP   M/Mo    LogTeff  LogG   LogL/Lo F218W   F255W   F300W   F336W   F439W   F450W   F555W   F606W   F622W   F675W   F791W   F814W   F850LP
  13  0.115511  3.5178  5.2371 -2.7117 20.8137 20.8379 17.0021 16.2243 15.0849 14.6281 13.3433 12.8291 12.6479 12.1929 10.9891 10.9406 10.4066
  14  0.137298  3.5199  5.1673 -2.5585 20.4164 20.3949 16.5695 15.7825 14.6384 14.1968 12.9295 12.4156 12.2353 11.7837 10.6029 10.5551 10.0259
  15  0.159261  3.5231  5.1150 -2.4290 20.0741 19.9954 16.1861 15.3885 14.2383 13.8104 12.5611 12.0486 11.8688 11.4228 10.2726 10.2260  9.7046
  16  0.179219  3.5274  5.0802 -2.3257 19.7930 19.6466 15.8590 15.0497 13.8917 13.4762 12.2456 11.7353 11.5558 11.1176 10.0052  9.9601  9.4494
  17  0.195621  3.5311  5.0559 -2.2483 19.5798 19.3753 15.6072 14.7891 13.6250 13.2189 12.0035 11.4950 11.3159 10.8841  9.8038  9.7599  9.2585
  18  0.210635  3.5342  5.0356 -2.1835 19.4022 19.1507 15.3990 14.5743 13.4050 13.0061 11.8028 11.2961 11.1170 10.6903  9.6358  9.5930  9.0991
  19  0.225034  3.5371  5.0183 -2.1260 19.2441 18.9499 15.2136 14.3835 13.2096 12.8166 11.6241 11.1189 10.9400 10.5179  9.4867  9.4448  8.9578
  20  0.237307  3.5395  5.0043 -2.0794 19.1159 18.7870 15.0637 14.2294 13.0516 12.6633 11.4794 10.9755 10.7967 10.3782  9.3660  9.3249  8.8435
  21  0.246633  3.5413  4.9935 -2.0448 19.0216 18.6672 14.9532 14.1159 12.9350 12.5500 11.3722 10.8692 10.6906 10.2746  9.2765  9.2358  8.7586
  22  0.253450  3.5426  4.9853 -2.0197 18.9539 18.5811 14.8737 14.0344 12.8512 12.4683 11.2949 10.7925 10.6139 10.1998  9.2117  9.1715  8.6972
  23  0.258521  3.5435  4.9792 -2.0013 18.9048 18.5192 14.8164 13.9757 12.7906 12.4092 11.2387 10.7366 10.5581 10.1452  9.1645  9.1245  8.6524
  24  0.262485  3.5442  4.9745 -1.9872 18.8671 18.4718 14.7728 13.9310 12.7444 12.3640 11.1957 10.6939 10.5154 10.1036  9.1283  9.0884  8.6180
  25  0.265541  3.5447  4.9709 -1.9763 18.8376 18.4347 14.7388 13.8962 12.7087 12.3290 11.1624 10.6609 10.4824 10.0714  9.1003  9.0606  8.5915
  26  0.267946  3.5452  4.9680 -1.9677 18.8142 18.4050 14.7119 13.8687 12.6802 12.3011 11.1360 10.6346 10.4561 10.0456  9.0782  9.0385  8.5705
  27  0.270021  3.5456  4.9656 -1.9602 18.7938 18.3791 14.6884 13.8447 12.6556 12.2771 11.1131 10.6119 10.4335 10.0235  9.0591  9.0196  8.5524
  28  0.272121  3.5460  4.9637 -1.9533 18.7746 18.3542 14.6662 13.8218 12.6321 12.2541 11.0913 10.5903 10.4119 10.0026  9.0412  9.0018  8.5356
  29  0.274304  3.5464  4.9617 -1.9460 18.7544 18.3284 14.6430 13.7982 12.6077 12.2302 11.0687 10.5679 10.3895  9.9807  9.0225  8.9833  8.5180
  30  0.276919  3.5469  4.9598 -1.9381 18.7320 18.2995 14.6172 13.7717 12.5805 12.2036 11.0434 10.5429 10.3645  9.9565  9.0018  8.9628  8.4986
  31  0.280184  3.5475  4.9576 -1.9285 18.7049 18.2647 14.5861 13.7398 12.5478 12.1714 11.0130 10.5128 10.3344  9.9273  8.9769  8.9380  8.4753
  32  0.284136  3.5482  4.9549 -1.9169 18.6726 18.2235 14.5491 13.7020 12.5089 12.1332 10.9767 10.4770 10.2986  9.8925  8.9471  8.9084  8.4471
  33  0.288864  3.5490  4.9513 -1.9028 18.6333 18.1739 14.5043 13.6562 12.4617 12.0870 10.9328 10.4335 10.2552  9.8504  8.9108  8.8723  8.4129
  34  0.323392  3.5569  4.9157 -1.7878 18.3038 17.7566 14.1288 13.2713 12.0587 11.6919 10.5573 10.0643  9.8856  9.4950  8.6108  8.5750  8.1343
  35  0.337437  3.5605  4.8994 -1.7391 18.1618 17.5695 13.9692 13.1089 11.8894 11.5242 10.3973  9.9066  9.7277  9.3432  8.4847  8.4501  8.0178
  36  0.371421  3.5697  4.8577 -1.6169 17.7926 17.0575 13.5568 12.6927 11.4722 11.1089 10.0060  9.5200  9.3418  8.9685  8.1730  8.1402  7.7280
  37  0.385376  3.5746  4.8386 -1.5625 17.6259 16.8091 13.3685 12.5029 11.2806 10.9158  9.8226  9.3392  9.1610  8.7948  8.0336  8.0016  7.6007
  38  0.397254  3.5790  4.8222 -1.5153 17.4844 16.5896 13.2066 12.3398 11.1143 10.7468  9.6606  9.1794  9.0010  8.6415  7.9128  7.8819  7.4915
  39  0.409506  3.5838  4.8052 -1.4661 17.3267 16.3515 13.0309 12.1638 10.9386 10.5683  9.4913  9.0132  8.8348  8.4826  7.7866  7.7565  7.3771
  40  0.421265  3.5887  4.7892 -1.4179 17.1689 16.1145 12.8552 11.9883 10.7649 10.3920  9.3250  8.8506  8.6723  8.3276  7.6634  7.6342  7.2660
  41  0.432236  3.5937  4.7746 -1.3723 17.0166 15.8933 12.6851 11.8180 10.5967 10.2217  9.1658  8.6960  8.5178  8.1808  7.5462  7.5179  7.1608
  42  0.442403  3.5986  4.7614 -1.3296 16.8715 15.6882 12.5228 11.6554 10.4360 10.0597  9.0155  8.5508  8.3729  8.0434  7.4362  7.4087  7.0622
  43  0.452115  3.6035  4.7491 -1.2883 16.7303 15.4927 12.3641 11.4966 10.2787  9.9017  8.8701  8.4110  8.2336  7.9116  7.3303  7.3037  6.9674
  44  0.461913  3.6087  4.7374 -1.2464 16.5858 15.2979 12.2012 11.3332 10.1170  9.7399  8.7227  8.2702  8.0936  7.7793  7.2232  7.1974  6.8716
  45  0.472052  3.6143  4.7260 -1.2030 16.4365 15.1052 12.0312 11.1618  9.9450  9.5693  8.5696  8.1252  7.9496  7.6436  7.1124  7.0876  6.7725
  46  0.482214  3.6204  4.7157 -1.1591 16.2849 14.9185 11.8553 10.9832  9.7644  9.3913  8.4123  7.9775  7.8032  7.5063  7.0002  6.9762  6.6726
  47  0.492240  3.6270  4.7066 -1.1149 16.1261 14.7245 11.6682 10.7925  9.5760  9.2064  8.2518  7.8283  7.6558  7.3687  6.8874  6.8643  6.5725
  48  0.502237  3.6340  4.6985 -1.0703 15.9574 14.5159 11.4636 10.5837  9.3786  9.0134  8.0874  7.6770  7.5070  7.2303  6.7736  6.7517  6.4720
  49  0.512253  3.6413  4.6913 -1.0253 15.7679 14.2598 11.2325 10.3487  9.1735  8.8125  7.9197  7.5237  7.3573  7.0909  6.6587  6.6377  6.3704
  50  0.522244  3.6487  4.6847 -0.9804 15.5498 13.9527 10.9773 10.0915  8.9649  8.6088  7.7521  7.3713  7.2091  6.9530  6.5436  6.5237  6.2682
  51  0.532049  3.6564  4.6788 -0.9360 15.2948 13.5794 10.6932  9.8091  8.7565  8.4051  7.5869  7.2217  7.0648  6.8182  6.4289  6.4100  6.1658
  52  0.537116  3.6604  4.6760 -0.9130 15.1427 13.3575 10.5356  9.6549  8.6483  8.2997  7.5021  7.1449  6.9911  6.7491  6.3690  6.3507  6.1120
  53  0.542125  3.6644  4.6733 -0.8902 14.9765 13.1230 10.3743  9.4986  8.5419  8.1961  7.4188  7.0697  6.9191  6.6813  6.3098  6.2920  6.0587
  54  0.547078  3.6683  4.6706 -0.8678 14.7953 12.8782 10.2108  9.3419  8.4375  8.0948  7.3374  6.9961  6.8488  6.6150  6.2515  6.2342  6.0062
  55  0.551973  3.6723  4.6679 -0.8456 14.5963 12.6221 10.0466  9.1866  8.3358  7.9966  7.2584  6.9246  6.7805  6.5507  6.1943  6.1774  5.9543
  56  0.556819  3.6760  4.6651 -0.8238 14.3612 12.3536  9.8797  9.0316  8.2368  7.9015  7.1816  6.8550  6.7143  6.4881  6.1382  6.1218  5.9035
  57  0.561616  3.6797  4.6621 -0.8024 14.1100 12.0837  9.7138  8.8792  8.1405  7.8095  7.1070  6.7874  6.6499  6.4271  6.0833  6.0674  5.8536
  58  0.566361  3.6833  4.6590 -0.7813 13.8591 11.8212  9.5526  8.7320  8.0477  7.7209  7.0349  6.7218  6.5873  6.3679  6.0296  6.0141  5.8046
  59  0.571062  3.6868  4.6556 -0.7604 13.6144 11.5704  9.3974  8.5905  7.9580  7.6355  6.9649  6.6579  6.5264  6.3101  5.9769  5.9619  5.7565
  60  0.575708  3.6902  4.6522 -0.7400 13.3825 11.3371  9.2505  8.4569  7.8717  7.5536  6.8970  6.5958  6.4670  6.2537  5.9254  5.9108  5.7094
  61  0.580304  3.6934  4.6486 -0.7199 13.1988 11.1406  9.1185  8.3350  7.7893  7.4751  6.8313  6.5353  6.4088  6.1984  5.8750  5.8607  5.6632
  62  0.584836  3.6966  4.6449 -0.7001 13.0345 10.9622  8.9943  8.2197  7.7095  7.3993  6.7673  6.4762  6.3519  6.1442  5.8255  5.8116  5.6178
  63  0.589305  3.6997  4.6413 -0.6806 12.8777 10.7943  8.8750  8.1089  7.6320  7.3257  6.7048  6.4184  6.2962  6.0912  5.7769  5.7634  5.5732
  64  0.593715  3.7028  4.6376 -0.6613 12.7253 10.6352  8.7597  8.0021  7.5567  7.2544  6.6440  6.3619  6.2417  6.0392  5.7293  5.7161  5.5295
  65  0.598071  3.7058  4.6337 -0.6424 12.5745 10.4830  8.6479  7.8987  7.4834  7.1850  6.5846  6.3068  6.1884  5.9884  5.6825  5.6698  5.4864
  66  0.602357  3.7087  4.6297 -0.6237 12.4140 10.3315  8.5370  7.7970  7.4118  7.1175  6.5268  6.2528  6.1363  5.9387  5.6368  5.6243  5.4443
  67  0.606586  3.7115  4.6258 -0.6053 12.2357 10.1753  8.4252  7.6957  7.3417  7.0515  6.4702  6.2002  6.0854  5.8900  5.5919  5.5798  5.4030
  68  0.610747  3.7143  4.6216 -0.5871 12.0570 10.0235  8.3160  7.5971  7.2733  6.9874  6.4152  6.1488  6.0356  5.8423  5.5480  5.5362  5.3624
  69  0.614842  3.7170  4.6174 -0.5692 11.8784  9.8759  8.2093  7.5011  7.2067  6.9248  6.3614  6.0986  5.9869  5.7958  5.5049  5.4934  5.3225
  70  0.618872  3.7197  4.6132 -0.5516 11.7023  9.7334  8.1056  7.4079  7.1418  6.8641  6.3089  6.0494  5.9393  5.7502  5.4627  5.4515  5.2835
  71  0.622833  3.7222  4.6087 -0.5343 11.5294  9.5961  8.0049  7.3175  7.0785  6.8048  6.2577  6.0015  5.8928  5.7055  5.4213  5.4104  5.2451
  72  0.626725  3.7246  4.6042 -0.5172 11.3635  9.4653  7.9079  7.2302  7.0169  6.7472  6.2079  5.9547  5.8473  5.6619  5.3808  5.3701  5.2074
  73  0.630550  3.7270  4.5996 -0.5005 11.2058  9.3418  7.8145  7.1461  6.9571  6.6912  6.1592  5.9090  5.8029  5.6193  5.3411  5.3307  5.1705
  74  0.634301  3.7293  4.5950 -0.4840 11.0525  9.2232  7.7241  7.0647  6.8987  6.6367  6.1119  5.8644  5.7595  5.5776  5.3023  5.2921  5.1344
  75  0.637975  3.7315  4.5903 -0.4680 10.9042  9.1097  7.6369  6.9860  6.8422  6.5836  6.0657  5.8209  5.7172  5.5369  5.2645  5.2545  5.0990
  76  0.641574  3.7337  4.5856 -0.4521 10.7601  9.0004  7.5524  6.9100  6.7870  6.5321  6.0208  5.7785  5.6759  5.4973  5.2274  5.2176  5.0643
  77  0.645108  3.7357  4.5808 -0.4366 10.6212  8.8960  7.4711  6.8366  6.7334  6.4820  5.9769  5.7371  5.6355  5.4583  5.1910  5.1815  5.0302
  78  0.648584  3.7377  4.5758 -0.4213 10.4866  8.7954  7.3923  6.7655  6.6812  6.4330  5.9341  5.6965  5.5960  5.4202  5.1553  5.1460  4.9968
  79  0.651992  3.7398  4.5708 -0.4063 10.3567  8.6990  7.3163  6.6970  6.6304  6.3855  5.8922  5.6569  5.5573  5.3829  5.1202  5.1111  4.9638
  80  0.655345  3.7416  4.5658 -0.3915 10.2310  8.6062  7.2427  6.6306  6.5808  6.3390  5.8513  5.6180  5.5192  5.3461  5.0857  5.0767  4.9312
  81  0.658642  3.7434  4.5606 -0.3769 10.1088  8.5166  7.1716  6.5663  6.5325  6.2936  5.8112  5.5798  5.4818  5.3099  5.0516  5.0428  4.8991
  82  0.662719  3.7456  4.5540 -0.3589  9.9608  8.4079  7.0849  6.4879  6.4731  6.2378  5.7618  5.5327  5.4356  5.2652  5.0094  5.0008  4.8592
  83  0.666752  3.7477  4.5471 -0.3409  9.8173  8.3027  7.0006  6.4117  6.4147  6.1829  5.7130  5.4861  5.3900  5.2210  4.9675  4.9591  4.8195
  84  0.670740  3.7498  4.5401 -0.3230  9.6780  8.2005  6.9183  6.3372  6.3572  6.1288  5.6648  5.4399  5.3448  5.1771  4.9259  4.9177  4.7801
  85  0.674683  3.7518  4.5328 -0.3053  9.5432  8.1015  6.8381  6.2645  6.3005  6.0754  5.6171  5.3943  5.2999  5.1336  4.8846  4.8766  4.7408
  86  0.678580  3.7537  4.5254 -0.2876  9.4113  8.0045  6.7593  6.1931  6.2445  6.0225  5.5698  5.3490  5.2555  5.0904  4.8436  4.8357  4.7018
  87  0.682433  3.7555  4.5177 -0.2700  9.2834  7.9096  6.6820  6.1229  6.1892  5.9704  5.5231  5.3043  5.2116  5.0477  4.8030  4.7952  4.6630
  88  0.686231  3.7574  4.5097 -0.2526  9.1593  7.8171  6.6063  6.0543  6.1346  5.9189  5.4770  5.2601  5.1681  5.0054  4.7627  4.7552  4.6245
  89  0.689971  3.7591  4.5016 -0.2352  9.0411  7.7278  6.5328  5.9874  6.0810  5.8683  5.4315  5.2163  5.1251  4.9636  4.7228  4.7154  4.5863
  90  0.693646  3.7606  4.4932 -0.2181  8.9278  7.6419  6.4617  5.9226  6.0283  5.8183  5.3866  5.1731  5.0826  4.9222  4.6833  4.6760  4.5484
  91  0.697245  3.7622  4.4847 -0.2012  8.8188  7.5587  6.3927  5.8596  5.9766  5.7694  5.3423  5.1305  5.0407  4.8814  4.6442  4.6370  4.5109
  92  0.700768  3.7637  4.4761 -0.1845  8.7144  7.4786  6.3261  5.7985  5.9260  5.7212  5.2987  5.0884  4.9994  4.8412  4.6057  4.5986  4.4737
  93  0.704210  3.7651  4.4674 -0.1680  8.6143  7.4016  6.2619  5.7394  5.8764  5.6741  5.2558  5.0472  4.9586  4.8014  4.5676  4.5606  4.4370
  94  0.707567  3.7664  4.4587 -0.1517  8.5183  7.3274  6.1998  5.6822  5.8280  5.6279  5.2137  5.0065  4.9186  4.7623  4.5300  4.5231  4.4007
  95  0.710838  3.7677  4.4499 -0.1358  8.4263  7.2559  6.1398  5.6268  5.7806  5.5828  5.1723  4.9665  4.8792  4.7238  4.4929  4.4862  4.3649
  96  0.714024  3.7689  4.4411 -0.1201  8.3392  7.1882  6.0825  5.5740  5.7346  5.5386  5.1317  4.9272  4.8403  4.6857  4.4563  4.4497  4.3294
  97  0.717127  3.7701  4.4322 -0.1047  8.2560  7.1234  6.0275  5.5231  5.6897  5.4954  5.0918  4.8885  4.8021  4.6484  4.4202  4.4136  4.2944
  98  0.720150  3.7712  4.4233 -0.0896  8.1766  7.0612  5.9744  5.4738  5.6457  5.4533  5.0527  4.8505  4.7646  4.6115  4.3845  4.3782  4.2598
  99  0.723096  3.7723  4.4145 -0.0747  8.1000  7.0009  5.9228  5.4261  5.6028  5.4119  5.0143  4.8132  4.7276  4.5754  4.3496  4.3433  4.2259
 100  0.725967  3.7733  4.4058 -0.0602  8.0259  6.9424  5.8726  5.3796  5.5608  5.3713  4.9765  4.7765  4.6914  4.5398  4.3152  4.3089  4.1925
 101  0.728765  3.7743  4.3970 -0.0458  7.9547  6.8856  5.8239  5.3344  5.5196  5.3316  4.9396  4.7405  4.6558  4.5049  4.2814  4.2752  4.1595
 102  0.731493  3.7752  4.3882 -0.0316  7.8856  6.8303  5.7764  5.2903  5.4793  5.2926  4.9032  4.7051  4.6208  4.4706  4.2481  4.2419  4.1271
 103  0.734154  3.7761  4.3795 -0.0178  7.8194  6.7769  5.7305  5.2476  5.4399  5.2545  4.8675  4.6703  4.5863  4.4367  4.2153  4.2092  4.0951
 104  0.736756  3.7770  4.3709 -0.0041  7.7550  6.7249  5.6856  5.2058  5.4012  5.2170  4.8323  4.6361  4.5525  4.4035  4.1829  4.1770  4.0636
 105  0.739303  3.7778  4.3621  0.0094  7.6937  6.6748  5.6421  5.1654  5.3634  5.1803  4.7978  4.6024  4.5191  4.3707  4.1510  4.1451  4.0324
 106  0.741807  3.7786  4.3534  0.0226  7.6339  6.6259  5.5996  5.1257  5.3261  5.1441  4.7639  4.5693  4.4862  4.3383  4.1196  4.1137  4.0016
 107  0.744277  3.7793  4.3447  0.0358  7.5764  6.5783  5.5583  5.0870  5.2897  5.1087  4.7304  4.5365  4.4538  4.3064  4.0885  4.0827  3.9712
 108  0.746722  3.7801  4.3361  0.0487  7.5208  6.5321  5.5179  5.0493  5.2538  5.0738  4.6974  4.5042  4.4218  4.2749  4.0577  4.0520  3.9410
 109  0.749145  3.7807  4.3273  0.0614  7.4673  6.4872  5.4785  5.0124  5.2186  5.0395  4.6649  4.4724  4.3902  4.2438  4.0273  4.0216  3.9112
 110  0.751517  3.7813  4.3185  0.0741  7.4152  6.4430  5.4398  4.9761  5.1841  5.0058  4.6329  4.4410  4.3591  4.2130  3.9972  3.9916  3.8816
 111  0.753777  3.7819  4.3099  0.0865  7.3628  6.3989  5.4013  4.9401  5.1498  4.9724  4.6013  4.4100  4.3284  4.1828  3.9677  3.9621  3.8526
 112  0.754815  3.7822  4.3059  0.0923  7.3382  6.3782  5.3833  4.9232  5.1337  4.9567  4.5865  4.3955  4.3140  4.1686  3.9538  3.9482  3.8390
 113  0.755855  3.7825  4.3018  0.0982  7.3139  6.3576  5.3652  4.9063  5.1175  4.9409  4.5715  4.3808  4.2994  4.1542  3.9398  3.9342  3.8252
 114  0.756893  3.7828  4.2975  0.1041  7.2896  6.3369  5.3470  4.8893  5.1012  4.9250  4.5564  4.3660  4.2847  4.1397  3.9255  3.9200  3.8112
 115  0.757930  3.7831  4.2931  0.1102  7.2659  6.3165  5.3290  4.8723  5.0847  4.9090  4.5410  4.3509  4.2698  4.1249  3.9111  3.9055  3.7970
 116  0.758962  3.7833  4.2886  0.1163  7.2422  6.2961  5.3109  4.8553  5.0681  4.8928  4.5255  4.3357  4.2546  4.1099  3.8964  3.8908  3.7825
 117  0.759994  3.7835  4.2838  0.1225  7.2192  6.2761  5.2928  4.8382  5.0514  4.8764  4.5098  4.3202  4.2392  4.0948  3.8815  3.8759  3.7677
 118  0.761024  3.7838  4.2791  0.1288  7.1961  6.2558  5.2747  4.8210  5.0346  4.8599  4.4940  4.3046  4.2237  4.0794  3.8663  3.8608  3.7528
 119  0.762050  3.7840  4.2742  0.1351  7.1732  6.2356  5.2565  4.8037  5.0176  4.8432  4.4779  4.2887  4.2080  4.0638  3.8510  3.8455  3.7376
 120  0.763076  3.7841  4.2691  0.1416  7.1507  6.2157  5.2384  4.7865  5.0006  4.8265  4.4618  4.2728  4.1921  4.0480  3.8355  3.8300  3.7223
 121  0.764100  3.7844  4.2640  0.1480  7.1283  6.1956  5.2203  4.7692  4.9835  4.8096  4.4454  4.2567  4.1761  4.0322  3.8198  3.8144  3.7067
 122  0.765122  3.7845  4.2588  0.1546  7.1061  6.1758  5.2022  4.7519  4.9662  4.7927  4.4290  4.2404  4.1599  4.0161  3.8040  3.7985  3.6910
 123  0.766133  3.7847  4.2534  0.1612  7.0834  6.1555  5.1836  4.7343  4.9486  4.7754  4.4123  4.2239  4.1434  3.9998  3.7879  3.7824  3.6751
 124  0.767142  3.7849  4.2481  0.1679  7.0603  6.1349  5.1649  4.7164  4.9309  4.7579  4.3954  4.2072  4.1269  3.9833  3.7716  3.7662  3.6590
 125  0.768153  3.7851  4.2427  0.1746  7.0379  6.1147  5.1464  4.6987  4.9132  4.7405  4.3784  4.1905  4.1102  3.9668  3.7553  3.7498  3.6427
 126  0.769164  3.7853  4.2371  0.1813  7.0155  6.0945  5.1278  4.6810  4.8954  4.7230  4.3614  4.1736  4.0934  3.9502  3.7388  3.7334  3.6264
 127  0.770174  3.7854  4.2314  0.1881  6.9936  6.0745  5.1094  4.6632  4.8775  4.7053  4.3443  4.1567  4.0765  3.9334  3.7222  3.7168  3.6098
 128  0.771181  3.7855  4.2256  0.1950  6.9723  6.0549  5.0911  4.6456  4.8597  4.6877  4.3271  4.1396  4.0595  3.9165  3.7054  3.7000  3.5932
 129  0.772187  3.7856  4.2198  0.2019  6.9514  6.0355  5.0728  4.6280  4.8418  4.6699  4.3097  4.1224  4.0423  3.8993  3.6885  3.6831  3.5763
 130  0.773190  3.7857  4.2137  0.2088  6.9311  6.0164  5.0548  4.6106  4.8240  4.6522  4.2923  4.1051  4.0251  3.8822  3.6714  3.6659  3.5592
 131  0.774190  3.7858  4.2075  0.2159  6.9117  5.9978  5.0370  4.5932  4.8061  4.6345  4.2748  4.0876  4.0076  3.8648  3.6540  3.6486  3.5419
 132  0.775185  3.7858  4.2011  0.2229  6.8928  5.9795  5.0194  4.5759  4.7881  4.6167  4.2571  4.0700  3.9900  3.8472  3.6366  3.6311  3.5244
 133  0.776176  3.7858  4.1946  0.2300  6.8746  5.9615  5.0018  4.5587  4.7702  4.5987  4.2393  4.0522  3.9724  3.8295  3.6189  3.6135  3.5067
 134  0.777162  3.7858  4.1879  0.2372  6.8571  5.9440  4.9844  4.5416  4.7522  4.5808  4.2215  4.0344  3.9545  3.8117  3.6010  3.5956  3.4889
 135  0.778143  3.7858  4.1810  0.2444  6.8407  5.9270  4.9675  4.5247  4.7344  4.5628  4.2035  4.0164  3.9365  3.7937  3.5829  3.5775  3.4707
 136  0.779118  3.7857  4.1742  0.2516  6.8238  5.9098  4.9503  4.5077  4.7163  4.5448  4.1855  3.9983  3.9183  3.7755  3.5648  3.5594  3.4524
 137  0.780086  3.7856  4.1670  0.2589  6.8081  5.8932  4.9334  4.4907  4.6983  4.5267  4.1673  3.9801  3.9001  3.7572  3.5463  3.5409  3.4339
 138  0.781048  3.7855  4.1597  0.2663  6.7931  5.8771  4.9167  4.4740  4.6802  4.5086  4.1489  3.9617  3.8817  3.7387  3.5278  3.5223  3.4152
 139  0.782003  3.7853  4.1522  0.2736  6.7791  5.8616  4.9003  4.4575  4.6623  4.4905  4.1306  3.9432  3.8631  3.7201  3.5089  3.5035  3.3962
 140  0.782951  3.7851  4.1446  0.2811  6.7660  5.8465  4.8842  4.4410  4.6444  4.4724  4.1121  3.9245  3.8445  3.7013  3.4900  3.4845  3.3770
 141  0.783891  3.7849  4.1367  0.2886  6.7538  5.8320  4.8683  4.4248  4.6265  4.4542  4.0936  3.9059  3.8257  3.6823  3.4708  3.4654  3.3577
 142  0.784823  3.7847  4.1287  0.2961  6.7424  5.8180  4.8527  4.4086  4.6087  4.4362  4.0750  3.8870  3.8068  3.6633  3.4515  3.4460  3.3381
 143  0.785747  3.7844  4.1204  0.3038  6.7326  5.8049  4.8375  4.3929  4.5910  4.4181  4.0563  3.8681  3.7877  3.6441  3.4320  3.4264  3.3182
 144  0.786662  3.7841  4.1119  0.3114  6.7239  5.7924  4.8228  4.3774  4.5734  4.4001  4.0375  3.8490  3.7686  3.6247  3.4122  3.4066  3.2981
 145  0.787569  3.7837  4.1033  0.3190  6.7157  5.7801  4.8081  4.3619  4.5557  4.3820  4.0188  3.8298  3.7494  3.6053  3.3924  3.3868  3.2779
 146  0.788465  3.7832  4.0944  0.3267  6.7094  5.7691  4.7942  4.3469  4.5383  4.3642  4.0000  3.8107  3.7300  3.5856  3.3723  3.3666  3.2574
 147  0.789354  3.7827  4.0852  0.3344  6.7058  5.7597  4.7811  4.3326  4.5212  4.3465  3.9812  3.7914  3.7106  3.5658  3.3520  3.3463  3.2365
 148  0.790234  3.7821  4.0756  0.3422  6.7041  5.7514  4.7687  4.3187  4.5044  4.3290  3.9623  3.7720  3.6910  3.5459  3.3314  3.3257  3.2154
 149  0.791102  3.7815  4.0657  0.3499  6.7039  5.7441  4.7569  4.3052  4.4878  4.3117  3.9435  3.7527  3.6714  3.5258  3.3106  3.3049  3.1941
 150  0.791963  3.7807  4.0552  0.3578  6.7081  5.7395  4.7465  4.2928  4.4718  4.2947  3.9248  3.7332  3.6517  3.5056  3.2896  3.2837  3.1722
 151  0.792815  3.7799  4.0444  0.3656  6.7144  5.7361  4.7370  4.2810  4.4561  4.2780  3.9062  3.7138  3.6319  3.4853  3.2683  3.2624  3.1502
 152  0.793657  3.7788  4.0330  0.3734  6.7250  5.7348  4.7287  4.2700  4.4412  4.2620  3.8878  3.6944  3.6123  3.4649  3.2468  3.2408  3.1277
 153  0.794493  3.7777  4.0211  0.3812  6.7383  5.7351  4.7213  4.2597  4.4268  4.2463  3.8695  3.6751  3.5926  3.4445  3.2250  3.2189  3.1049
 154  0.795320  3.7765  4.0087  0.3889  6.7564  5.7381  4.7157  4.2506  4.4131  4.2312  3.8515  3.6558  3.5729  3.4240  3.2032  3.1969  3.0817
 155  0.796142  3.7749  3.9955  0.3967  6.7816  5.7453  4.7126  4.2436  4.4006  4.2168  3.8338  3.6368  3.5533  3.4034  3.1809  3.1746  3.0582
 156  0.796963  3.7733  3.9816  0.4045  6.8145  5.7569  4.7124  4.2387  4.3893  4.2036  3.8165  3.6179  3.5339  3.3828  3.1584  3.1520  3.0341
 157  0.797781  3.7714  3.9669  0.4122  6.8561  5.7733  4.7154  4.2365  4.3794  4.1913  3.7997  3.5992  3.5145  3.3622  3.1357  3.1291  3.0096
 158  0.798603  3.7696  3.9520  0.4198  6.9025  5.7921  4.7201  4.2357  4.3700  4.1794  3.7831  3.5808  3.4954  3.3417  3.1131  3.1063  2.9851
 159  0.799432  3.7674  3.9363  0.4274  6.9626  5.8184  4.7299  4.2392  4.3628  4.1691  3.7673  3.5627  3.4766  3.3214  3.0903  3.0834  2.9601
 160  0.800268  3.7647  3.9189  0.4347  7.0470  5.8599  4.7494  4.2506  4.3592  4.1616  3.7525  3.5454  3.4582  3.3012  3.0670  3.0598  2.9342
 161  0.801119  3.7616  3.8999  0.4417  7.1555  5.9153  4.7781  4.2696  4.3595  4.1570  3.7393  3.5289  3.4406  3.2814  3.0437  3.0363  2.9078
 162  0.801845  3.7586  3.8828  0.4472  7.2687  5.9747  4.8110  4.2928  4.3637  4.1564  3.7302  3.5167  3.4271  3.2659  3.0246  3.0170  2.8857
 163  0.802569  3.7552  3.8639  0.4529  7.4083  6.0474  4.8522  4.3227  4.3706  4.1576  3.7217  3.5045  3.4135  3.2499  3.0046  2.9966  2.8621
 164  0.803292  3.7514  3.8431  0.4586  7.5710  6.1332  4.9018  4.3594  4.3805  4.1608  3.7137  3.4924  3.3999  3.2335  2.9837  2.9753  2.8372
 165  0.804008  3.7472  3.8204  0.4653  7.7460  6.2257  4.9553  4.3992  4.3907  4.1641  3.7051  3.4793  3.3850  3.2157  2.9609  2.9521  2.8100
 166  0.804706  3.7430  3.7956  0.4735  7.9180  6.3161  5.0068  4.4370  4.3979  4.1643  3.6934  3.4630  3.3671  3.1948  2.9347  2.9256  2.7794
 167  0.805370  3.7389  3.7693  0.4838  8.0746  6.3988  5.0512  4.4682  4.3990  4.1587  3.6765  3.4418  3.3441  3.1690  2.9038  2.8944  2.7440
 168  0.805989  3.7353  3.7424  0.4964  8.2060  6.4670  5.0837  4.4890  4.3922  4.1459  3.6535  3.4149  3.3158  3.1380  2.8683  2.8585  2.7044
 169  0.806555  3.7321  3.7157  0.5108  8.3110  6.5193  5.1037  4.4989  4.3777  4.1263  3.6251  3.3831  3.2827  3.1026  2.8289  2.8187  2.6615
 170  0.807075  3.7295  3.6897  0.5267  8.3893  6.5547  5.1114  4.4984  4.3563  4.1005  3.5920  3.3471  3.2458  3.0637  2.7867  2.7764  2.6163
 171  0.807555  3.7274  3.6647  0.5435  8.4448  6.5756  5.1087  4.4890  4.3294  4.0701  3.5556  3.3083  3.2061  3.0226  2.7428  2.7323  2.5700
 172  0.808004  3.7256  3.6405  0.5609  8.4830  6.5852  5.0982  4.4729  4.2985  4.0362  3.5168  3.2677  3.1647  2.9797  2.6978  2.6870  2.5229
 173  0.808429  3.7242  3.6169  0.5787  8.5081  6.5862  5.0817  4.4520  4.2648  4.0000  3.4764  3.2255  3.1220  2.9360  2.6520  2.6411  2.4754
 174  0.808834  3.7229  3.5939  0.5968  8.5228  6.5803  5.0607  4.4271  4.2287  3.9619  3.4347  3.1824  3.0785  2.8914  2.6058  2.5948  2.4276
 175  0.809226  3.7218  3.5715  0.6152  8.5291  6.5687  5.0358  4.3991  4.1911  3.9224  3.3921  3.1386  3.0342  2.8464  2.5592  2.5481  2.3798
 176  0.809606  3.7208  3.5494  0.6336  8.5294  6.5531  5.0083  4.3688  4.1522  3.8819  3.3489  3.0943  2.9896  2.8010  2.5125  2.5012  2.3319
 177  0.809977  3.7200  3.5277  0.6522  8.5242  6.5337  4.9783  4.3364  4.1121  3.8404  3.3051  3.0496  2.9445  2.7552  2.4657  2.4543  2.2840
 178  0.810340  3.7192  3.5062  0.6708  8.5178  6.5130  4.9471  4.3031  4.0714  3.7984  3.2609  3.0045  2.8991  2.7092  2.4187  2.4072  2.2360
 179  0.810696  3.7185  3.4847  0.6895  8.5100  6.4915  4.9155  4.2692  4.0305  3.7562  3.2166  2.9594  2.8537  2.6633  2.3716  2.3601  2.1880
 180  0.811047  3.7178  3.4633  0.7082  8.5006  6.4690  4.8830  4.2348  3.9893  3.7137  3.1721  2.9141  2.8082  2.6172  2.3245  2.3129  2.1401
 181  0.811390  3.7171  3.4421  0.7269  8.4885  6.4447  4.8495  4.1994  3.9475  3.6708  3.1274  2.8686  2.7624  2.5709  2.2773  2.2657  2.0921
 182  0.811642  3.7166  3.4262  0.7410  8.4779  6.4255  4.8237  4.1723  3.9159  3.6383  3.0936  2.8342  2.7279  2.5361  2.2419  2.2302  2.0560
 183  0.811894  3.7162  3.4101  0.7554  8.4663  6.4054  4.7970  4.1444  3.8836  3.6052  3.0592  2.7993  2.6929  2.5006  2.2058  2.1941  2.0193
 184  0.812145  3.7157  3.3938  0.7700  8.4534  6.3844  4.7695  4.1157  3.8505  3.5713  3.0241  2.7637  2.6571  2.4645  2.1690  2.1573  1.9820
 185  0.812396  3.7153  3.3774  0.7848  8.4403  6.3631  4.7418  4.0868  3.8171  3.5371  2.9887  2.7278  2.6209  2.4281  2.1319  2.1200  1.9443
 186  0.812645  3.7148  3.3605  0.8000  8.4266  6.3412  4.7133  4.0570  3.7828  3.5021  2.9524  2.6909  2.5839  2.3907  2.0939  2.0820  1.9057
 187  0.812893  3.7143  3.3431  0.8156  8.4125  6.3188  4.6839  4.0264  3.7475  3.4659  2.9148  2.6528  2.5457  2.3520  2.0545  2.0426  1.8657
 188  0.813140  3.7138  3.3251  0.8317  8.3978  6.2960  4.6537  3.9949  3.7111  3.4287  2.8762  2.6137  2.5063  2.3123  2.0141  2.0021  1.8247
 189  0.813385  3.7134  3.3068  0.8481  8.3815  6.2716  4.6222  3.9622  3.6737  3.3904  2.8366  2.5735  2.4660  2.2716  1.9728  1.9606  1.7827
 190  0.813625  3.7128  3.2871  0.8660  8.3642  6.2461  4.5887  3.9273  3.6336  3.3493  2.7941  2.5303  2.4226  2.2278  1.9281  1.9160  1.7375
 191  0.813862  3.7123  3.2668  0.8843  8.3450  6.2187  4.5533  3.8905  3.5916  3.3065  2.7497  2.4854  2.3775  2.1823  1.8819  1.8697  1.6905
 192  0.814093  3.7117  3.2449  0.9039  8.3266  6.1916  4.5169  3.8524  3.5476  3.2613  2.7028  2.4378  2.3297  2.1339  1.8327  1.8205  1.6406
 193  0.814320  3.7111  3.2220  0.9245  8.3073  6.1631  4.4786  3.8124  3.5013  3.2139  2.6537  2.3878  2.2795  2.0832  1.7811  1.7688  1.5882
 194  0.814543  3.7105  3.1982  0.9457  8.2873  6.1341  4.4391  3.7712  3.4536  3.1650  2.6028  2.3362  2.2276  2.0308  1.7278  1.7154  1.5340
 195  0.814761  3.7097  3.1737  0.9678  8.2668  6.1046  4.3985  3.7287  3.4042  3.1143  2.5501  2.2827  2.1739  1.9765  1.6724  1.6600  1.4778
 196  0.814974  3.7091  3.1480  0.9906  8.2467  6.0758  4.3572  3.6851  3.3532  3.0620  2.4958  2.2274  2.1183  1.9203  1.6152  1.6027  1.4195
 197  0.815182  3.7082  3.1214  1.0142  8.2273  6.0476  4.3152  3.6408  3.3010  3.0083  2.4397  2.1704  2.0609  1.8622  1.5560  1.5434  1.3594
 198  0.815386  3.7074  3.0942  1.0382  8.2068  6.0187  4.2722  3.5953  3.2475  2.9533  2.3823  2.1119  2.0023  1.8029  1.4954  1.4827  1.2978
 199  0.815585  3.7066  3.0661  1.0630  8.1865  5.9905  4.2287  3.5492  3.1929  2.8971  2.3235  2.0521  1.9421  1.7420  1.4333  1.4205  1.2346
 200  0.815779  3.7057  3.0372  1.0885  8.1664  5.9626  4.1846  3.5024  3.1369  2.8394  2.2630  1.9905  1.8802  1.6793  1.3693  1.3564  1.1694
 201  0.815967  3.7048  3.0074  1.1146  8.1472  5.9363  4.1405  3.4553  3.0800  2.7807  2.2013  1.9276  1.8168  1.6152  1.3036  1.2907  1.1026
 202  0.816150  3.7037  2.9766  1.1414  8.1285  5.9115  4.0965  3.4079  3.0223  2.7209  2.1384  1.8633  1.7522  1.5496  1.2365  1.2234  1.0341
 203  0.816327  3.7026  2.9449  1.1687  8.1071  5.8866  4.0522  3.3603  2.9638  2.6604  2.0744  1.7980  1.6863  1.4827  1.1681  1.1549  0.9641
 204  0.816498  3.7014  2.9124  1.1966  8.0857  5.8627  4.0078  3.3123  2.9043  2.5987  2.0092  1.7312  1.6192  1.4145  1.0981  1.0848  0.8927
 205  0.816662  3.7002  2.8791  1.2251  8.0645  5.8403  3.9634  3.2641  2.8441  2.5362  1.9428  1.6633  1.5507  1.3450  1.0268  1.0133  0.8198
 206  0.816821  3.6989  2.8451  1.2541  8.0434  5.8198  3.9191  3.2159  2.7831  2.4728  1.8754  1.5942  1.4811  1.2744  0.9542  0.9405  0.7454
 207  0.816973  3.6976  2.8103  1.2837  8.0227  5.8014  3.8751  3.1679  2.7213  2.4085  1.8070  1.5242  1.4106  1.2026  0.8804  0.8666  0.6699
 208  0.817119  3.6962  2.7749  1.3137  8.0019  5.7847  3.8314  3.1198  2.6590  2.3436  1.7378  1.4532  1.3390  1.1298  0.8055  0.7916  0.5931
 209  0.817259  3.6948  2.7388  1.3442  7.9814  5.7702  3.7881  3.0720  2.5962  2.2781  1.6677  1.3812  1.2665  1.0560  0.7296  0.7154  0.5152
 210  0.817393  3.6933  2.7021  1.3750  7.9614  5.7589  3.7454  3.0247  2.5330  2.2121  1.5970  1.3084  1.1932  0.9814  0.6527  0.6384  0.4363
 211  0.817520  3.6918  2.6648  1.4062  7.9420  5.7527  3.7036  2.9779  2.4694  2.1455  1.5255  1.2350  1.1191  0.9059  0.5749  0.5604  0.3564
 212  0.817642  3.6902  2.6271  1.4379  7.9232  5.7493  3.6625  2.9316  2.4056  2.0786  1.4534  1.1609  1.0443  0.8297  0.4963  0.4816  0.2757
 213  0.817758  3.6886  2.5888  1.4698  7.9054  5.7494  3.6224  2.8862  2.3417  2.0115  1.3810  1.0862  0.9690  0.7529  0.4170  0.4021  0.1941
 214  0.817866  3.6869  2.5499  1.5021  7.8887  5.7526  3.5834  2.8417  2.2777  1.9439  1.3079  1.0108  0.8929  0.6752  0.3369  0.3218  0.1117
 215  0.817964  3.6852  2.5088  1.5360  7.8721  5.7612  3.5454  2.7982  2.2120  1.8744  1.2320  0.9324  0.8136  0.5942  0.2529  0.2376  0.0251
 216  0.818064  3.6831  2.4639  1.5729  7.8582  5.7756  3.5078  2.7546  2.1423  1.8004  1.1505  0.8479  0.7282  0.5069  0.1620  0.1464 -0.0688
 217  0.818077  3.6829  2.4579  1.5778  7.8589  5.7786  3.5033  2.7493  2.1331  1.7906  1.1397  0.8366  0.7169  0.4952  0.1498  0.1342 -0.0813
 218  0.818090  3.6826  2.4521  1.5826  7.8594  5.7813  3.4987  2.7438  2.1240  1.7809  1.1290  0.8256  0.7057  0.4838  0.1379  0.1223 -0.0937
 219  0.818102  3.6824  2.4465  1.5871  7.8604  5.7843  3.4945  2.7386  2.1155  1.7717  1.1189  0.8152  0.6951  0.4729  0.1267  0.1111 -0.1052
 220  0.818115  3.6821  2.4412  1.5915  7.8622  5.7875  3.4904  2.7337  2.1072  1.7629  1.1093  0.8051  0.6849  0.4625  0.1159  0.1002 -0.1163
 221  0.818127  3.6819  2.4359  1.5958  7.8640  5.7905  3.4863  2.7286  2.0990  1.7541  1.0995  0.7951  0.6747  0.4522  0.1051  0.0894 -0.1275
 222  0.818140  3.6817  2.4307  1.6001  7.8660  5.7937  3.4823  2.7236  2.0908  1.7454  1.0899  0.7851  0.6647  0.4419  0.0944  0.0787 -0.1384
 223  0.818153  3.6814  2.4254  1.6044  7.8677  5.7968  3.4783  2.7186  2.0825  1.7366  1.0803  0.7750  0.6545  0.4315  0.0837  0.0679 -0.1495
 224  0.818166  3.6812  2.4201  1.6088  7.8698  5.8001  3.4743  2.7137  2.0744  1.7278  1.0706  0.7650  0.6444  0.4211  0.0730  0.0572 -0.1606
 225  0.818179  3.6809  2.4149  1.6130  7.8721  5.8036  3.4705  2.7089  2.0663  1.7190  1.0610  0.7550  0.6343  0.4108  0.0622  0.0464 -0.1716
 226  0.818192  3.6807  2.4095  1.6174  7.8743  5.8070  3.4665  2.7041  2.0581  1.7103  1.0513  0.7450  0.6241  0.4004  0.0515  0.0356 -0.1828
 227  0.818312  3.6785  2.3618  1.6563  7.9026  5.8419  3.4332  2.6615  1.9849  1.6317  0.9643  0.6546  0.5327  0.3069 -0.0455 -0.0616 -0.2827
 228  0.818425  3.6771  2.3302  1.6826  7.9434  5.8614  3.4086  2.6296  1.9335  1.5767  0.9042  0.5925  0.4699  0.2428 -0.1114 -0.1277 -0.3503
 229  0.818533  3.6772  2.3274  1.6857  8.0047  5.8535  3.3999  2.6175  1.9224  1.5652  0.8932  0.5817  0.4592  0.2323 -0.1210 -0.1373 -0.3594
 230  0.818650  3.6751  2.2819  1.7231  8.0368  5.8945  3.3699  2.5783  1.8520  1.4893  0.8092  0.4945  0.3708  0.1421 -0.2143 -0.2307 -0.4553
 231  0.818758  3.6720  2.2193  1.7734  8.0578  5.9689  3.3407  2.5377  1.7627  1.3920  0.6994  0.3798  0.2545  0.0226 -0.3386 -0.3554 -0.5839
 232  0.818856  3.6691  2.1610  1.8203  8.0661  6.0387  3.3157  2.5034  1.6808  1.3025  0.5980  0.2735  0.1466 -0.0883 -0.4538 -0.4711 -0.7032
 233  0.818944  3.6665  2.1093  1.8617  8.0450  6.0957  3.2937  2.4746  1.6093  1.2244  0.5092  0.1802  0.0521 -0.1856 -0.5552 -0.5727 -0.8082
 234  0.819024  3.6647  2.0731  1.8907  8.0076  6.1352  3.2807  2.4591  1.5605  1.1707  0.4478  0.1156 -0.0137 -0.2532 -0.6254 -0.6433 -0.8812
 235  0.819102  3.6631  2.0391  1.9181  7.9641  6.1691  3.2695  2.4468  1.5155  1.1212  0.3906  0.0553 -0.0750 -0.3165 -0.6913 -0.7093 -0.9496
 236  0.819177  3.6599  1.9778  1.9667  7.9435  6.2316  3.2485  2.4189  1.4350  1.0326  0.2882 -0.0527 -0.1846 -0.4295 -0.8097 -0.8281 -1.0728
 237  0.819244  3.6565  1.9143  2.0166  7.9196  6.2917  3.2297  2.3938  1.3545  0.9431  0.1839 -0.1630 -0.2968 -0.5453 -0.9309 -0.9499 -1.1992
 238  0.819304  3.6531  1.8520  2.0653  7.8901  6.3510  3.2148  2.3736  1.2784  0.8581  0.0837 -0.2693 -0.4051 -0.6572 -1.0484 -1.0679 -1.3221
 239  0.819358  3.6498  1.7912  2.1127  7.8561  6.4075  3.2023  2.3568  1.2063  0.7772 -0.0126 -0.3717 -0.5095 -0.7652 -1.1624 -1.1823 -1.4415
 240  0.819405  3.6463  1.7302  2.1600  7.8195  6.4631  3.1915  2.3425  1.1365  0.6983 -0.1073 -0.4727 -0.6125 -0.8719 -1.2756 -1.2959 -1.5604
 241  0.819449  3.6429  1.6688  2.2076  7.7821  6.5193  3.1814  2.3293  1.0673  0.6201 -0.2018 -0.5735 -0.7154 -0.9786 -1.3891 -1.4100 -1.6799
 242  0.819487  3.6396  1.6113  2.2519  7.7402  6.5737  3.1742  2.3201  1.0048  0.5490 -0.2885 -0.6663 -0.8102 -1.0770 -1.4945 -1.5158 -1.7910
 243  0.819522  3.6363  1.5556  2.2947  7.6938  6.6234  3.1674  2.3125  0.9463  0.4822 -0.3714 -0.7551 -0.9012 -1.1712 -1.5956 -1.6174 -1.8980
 244  0.819554  3.6332  1.5011  2.3365  7.6456  6.6692  3.1612  2.3062  0.8910  0.4188 -0.4511 -0.8406 -0.9887 -1.2620 -1.6938 -1.7160 -2.0022
 245  0.819583  3.6299  1.4475  2.3774  7.5949  6.7101  3.1546  2.3002  0.8381  0.3580 -0.5281 -0.9235 -1.0738 -1.3500 -1.7896 -1.8122 -2.1040
 246  0.819609  3.6268  1.3948  2.4175  7.5427  6.7470  3.1476  2.2946  0.7877  0.2998 -0.6025 -1.0036 -1.1560 -1.4353 -1.8832 -1.9062 -2.2037
 247  0.819633  3.6237  1.3431  2.4566  7.4899  6.7813  3.1417  2.2904  0.7405  0.2451 -0.6735 -1.0803 -1.2347 -1.5172 -1.9741 -1.9975 -2.3010
 248  0.819655  3.6206  1.2925  2.4948  7.4366  6.8093  3.1353  2.2868  0.6956  0.1929 -0.7417 -1.1540 -1.3104 -1.5961 -2.0626 -2.0864 -2.3959
 249  0.819675  3.6174  1.2423  2.5325  7.3819  6.8334  3.1278  2.2825  0.6522  0.1426 -0.8084 -1.2259 -1.3844 -1.6729 -2.1499 -2.1741 -2.4898
 250  0.819694  3.6144  1.1935  2.5693  7.3270  6.8529  3.1192  2.2774  0.6111  0.0950 -0.8724 -1.2946 -1.4551 -1.7464 -2.2346 -2.2591 -2.5812
 251  0.819710  3.6114  1.1456  2.6051  7.2717  6.8682  3.1101  2.2723  0.5722  0.0499 -0.9334 -1.3604 -1.5227 -1.8169 -2.3172 -2.3420 -2.6706
 252  0.819727  3.6085  1.0985  2.6405  7.2157  6.8787  3.0998  2.2667  0.5344  0.0060 -0.9936 -1.4248 -1.5888 -1.8857 -2.3987 -2.4237 -2.7587
 253  0.819741  3.6055  1.0525  2.6749  7.1602  6.8850  3.0892  2.2614  0.4996 -0.0346 -1.0499 -1.4850 -1.6506 -1.9505 -2.4776 -2.5028 -2.8446
 254  0.819754  3.6027  1.0073  2.7085  7.1052  6.8877  3.0783  2.2562  0.4674 -0.0720 -1.1027 -1.5418 -1.7088 -2.0120 -2.5544 -2.5799 -2.9286
 255  0.819767  3.5998  0.9630  2.7414  7.0512  6.8848  3.0668  2.2513  0.4381 -0.1061 -1.1517 -1.5947 -1.7629 -2.0699 -2.6288 -2.6546 -3.0106
 256  0.819778  3.5970  0.9196  2.7736  6.9975  6.8790  3.0545  2.2460  0.4110 -0.1374 -1.1974 -1.6439 -1.8128 -2.1243 -2.7014 -2.7276 -3.0910
 257  0.819789  3.5942  0.8768  2.8053  6.9442  6.8712  3.0417  2.2409  0.3860 -0.1663 -1.2398 -1.6891 -1.8585 -2.1748 -2.7729 -2.7994 -3.1705
 258  0.819799  3.5915  0.8350  2.8360  6.8918  6.8612  3.0282  2.2355  0.3636 -0.1919 -1.2780 -1.7301 -1.8995 -2.2214 -2.8419 -2.8688 -3.2479
 259  0.819808  3.5888  0.7939  2.8662  6.8401  6.8493  3.0138  2.2295  0.3437 -0.2141 -1.3117 -1.7664 -1.9355 -2.2641 -2.9092 -2.9364 -3.3237
 260  0.819817  3.5861  0.7537  2.8957  6.7892  6.8359  2.9985  2.2232  0.3265 -0.2326 -1.3398 -1.7969 -1.9651 -2.3021 -2.9748 -3.0023 -3.3982
 261  0.819825  3.5835  0.7146  2.9244  6.7393  6.8210  2.9822  2.2161  0.3117 -0.2480 -1.3638 -1.8232 -1.9902 -2.3364 -3.0379 -3.0660 -3.4706
 262  0.819833  3.5808  0.6758  2.9527  6.6901  6.8055  2.9653  2.2090  0.2998 -0.2595 -1.3831 -1.8448 -2.0103 -2.3669 -3.0993 -3.1279 -3.5417
 263  0.819840  3.5783  0.6381  2.9803  6.6423  6.7892  2.9474  2.2009  0.2905 -0.2675 -1.3978 -1.8619 -2.0256 -2.3933 -3.1580 -3.1873 -3.6105
 264  0.819846  3.5758  0.6010  3.0074  6.5956  6.7729  2.9293  2.1929  0.2843 -0.2713 -1.4067 -1.8736 -2.0349 -2.4153 -3.2143 -3.2444 -3.6778
 265  0.819852  3.5733  0.5646  3.0339  6.5512  6.7590  2.9121  2.1871  0.2847 -0.2659 -1.4022 -1.8717 -2.0292 -2.4270 -3.2665 -3.2978 -3.7431
 266  0.819859  3.5709  0.5291  3.0597  6.5090  6.7467  2.8956  2.1827  0.2906 -0.2532 -1.3872 -1.8597 -2.0122 -2.4305 -3.3151 -3.3479 -3.8061
 267  0.819864  3.5686  0.4942  3.0852  6.4677  6.7345  2.8791  2.1784  0.2986 -0.2376 -1.3679 -1.8433 -1.9905 -2.4304 -3.3618 -3.3962 -3.8678
 268  0.819869  3.5662  0.4600  3.1100  6.4282  6.7229  2.8628  2.1745  0.3086 -0.2186 -1.3442 -1.8229 -1.9645 -2.4266 -3.4050 -3.4413 -3.9270
 269  0.819875  3.5640  0.4264  3.1344  6.3897  6.7097  2.8450  2.1680  0.3169 -0.1994 -1.3187 -1.8011 -1.9375 -2.4210 -3.4451 -3.4838 -3.9841
 270  0.819880  3.5616  0.3935  3.1582  6.3532  6.6979  2.8285  2.1632  0.3285 -0.1763 -1.2890 -1.7756 -1.9067 -2.4119 -3.4821 -3.5234 -4.0390
 271  0.819884  3.5593  0.3613  3.1814  6.3183  6.6870  2.8129  2.1592  0.3435 -0.1498 -1.2561 -1.7473 -1.8732 -2.4001 -3.5163 -3.5605 -4.0918
 272  0.819888  3.5571  0.3291  3.2042  6.2866  6.6799  2.8006  2.1596  0.3661 -0.1141 -1.2130 -1.7096 -1.8301 -2.3803 -3.5457 -3.5930 -4.1417
 273  0.819892  3.5548  0.2980  3.2265  6.2550  6.6714  2.7874  2.1584  0.3871 -0.0810 -1.1741 -1.6761 -1.7921 -2.3630 -3.5742 -3.6246 -4.1901
 274  0.819895  3.5526  0.2671  3.2483  6.2263  6.6660  2.7774  2.1612  0.4139 -0.0414 -1.1297 -1.6378 -1.7495 -2.3411 -3.5987 -3.6526 -4.2357
 275  0.819899  3.5503  0.2369  3.2696  6.2008  6.6625  2.7707  2.1666  0.4462  0.0030 -1.0839 -1.6009 -1.7108 -2.3193 -3.6175 -3.6752 -4.2767
 276  0.819903  3.5482  0.2076  3.2904  6.1779  6.6603  2.7663  2.1738  0.4830  0.0521 -1.0354 -1.5634 -1.6727 -2.2959 -3.6311 -3.6930 -4.3135
 277  0.819906  3.5461  0.1793  3.3105  6.1568  6.6591  2.7636  2.1830  0.5225  0.1033 -0.9857 -1.5252 -1.6342 -2.2713 -3.6420 -3.7083 -4.3478
 278  0.819909  3.5442  0.1520  3.3298  6.1375  6.6595  2.7629  2.1942  0.5645  0.1561 -0.9357 -1.4866 -1.5958 -2.2458 -3.6504 -3.7211 -4.3794
 279  0.819912  3.5425  0.1281  3.3468  6.1200  6.6580  2.7606  2.2017  0.5993  0.2010 -0.8932 -1.4547 -1.5643 -2.2251 -3.6581 -3.7325 -4.4069
