#NUMBER OF AGES= 1
#----------------------------------------------------       
#MIX-LEN  Y      Z          Zeff        [Fe/H] [a/Fe]
# 1.9380  0.3300 5.5373E-03 2.8186E-03  -0.72   0.40 
#----------------------------------------------------       
#**PHOTOMETRIC SYSTEM**: HST WFPC2 (Vega)                   
#----------------------------------------------------       
#AGE=11.000 EEPS=267
#EEP   M/Mo    LogTeff  LogG   LogL/Lo F218W   F255W   F300W   F336W   F439W   F450W   F555W   F606W   F622W   F675W   F791W   F814W   F850LP
  13  0.107205  3.5170  5.2675 -2.7776 20.9846 21.0276 17.1874 16.4135 15.2761 14.8124 13.5204 13.0060 12.8244 12.3682 11.1551 11.1064 10.5706
  14  0.127604  3.5189  5.1957 -2.6225 20.5828 20.5814 16.7512 15.9683 14.8262 14.3783 13.1036 12.5895 12.4088 11.9556 10.7646 10.7165 10.1850
  15  0.148729  3.5213  5.1368 -2.4872 20.2293 20.1798 16.3618 15.5694 14.4223 13.9881 12.7301 12.2168 12.0369 11.5878 10.4218 10.3746  9.8490
  16  0.168388  3.5249  5.0963 -2.3785 19.9376 19.8282 16.0283 15.2252 14.0713 13.6495 12.4091 11.8974 11.7179 11.2753 10.1423 10.0964  9.5797
  17  0.185710  3.5289  5.0682 -2.2920 19.7003 19.5292 15.7497 14.9366 13.7759 13.3647 12.1407 11.6311 11.4519 11.0163  9.9177  9.8730  9.3662
  18  0.200611  3.5323  5.0466 -2.2235 19.5120 19.2897 15.5277 14.7071 13.5411 13.1379 11.9272 11.4194 11.2403 10.8103  9.7396  9.6962  9.1975
  19  0.215237  3.5353  5.0275 -2.1621 19.3436 19.0770 15.3305 14.5039 13.3329 12.9364 11.7371 11.2309 11.0519 10.6268  9.5804  9.5379  9.0464
  20  0.229021  3.5380  5.0114 -2.1081 19.1951 18.8881 15.1564 14.3247 13.1494 12.7585 11.5693 11.0645 10.8857 10.4648  9.4405  9.3988  8.9138
  21  0.240420  3.5402  4.9986 -2.0653 19.0777 18.7391 15.0192 14.1839 13.0049 12.6181 11.4367 10.9330 10.7544 10.3368  9.3298  9.2888  8.8089
  22  0.248977  3.5418  4.9886 -2.0338 18.9923 18.6306 14.9190 14.0810 12.8992 12.5152 11.3393 10.8365 10.6579 10.2426  9.2485  9.2080  8.7319
  23  0.255212  3.5429  4.9813 -2.0112 18.9314 18.5532 14.8476 14.0078 12.8237 12.4416 11.2696 10.7673 10.5887 10.1751  9.1901  9.1499  8.6765
  24  0.259975  3.5438  4.9760 -1.9944 18.8864 18.4964 14.7952 13.9541 12.7682 12.3873 11.2180 10.7160 10.5375 10.1250  9.1468  9.1068  8.6354
  25  0.263659  3.5445  4.9719 -1.9814 18.8518 18.4528 14.7552 13.9130 12.7260 12.3460 11.1787 10.6770 10.4985 10.0870  9.1137  9.0739  8.6041
  26  0.266509  3.5450  4.9686 -1.9715 18.8248 18.4185 14.7240 13.8812 12.6931 12.3138 11.1481 10.6466 10.4681 10.0573  9.0881  9.0485  8.5799
  27  0.268763  3.5454  4.9661 -1.9636 18.8030 18.3907 14.6989 13.8555 12.6666 12.2879 11.1234 10.6222 10.4437 10.0335  9.0676  9.0281  8.5605
  28  0.270865  3.5458  4.9642 -1.9566 18.7835 18.3656 14.6764 13.8324 12.6428 12.2646 11.1014 10.6003 10.4219 10.0122  9.0495  9.0101  8.5434
  29  0.272908  3.5462  4.9622 -1.9496 18.7643 18.3409 14.6542 13.8096 12.6195 12.2418 11.0797 10.5788 10.4004  9.9913  9.0316  8.9924  8.5267
  30  0.275214  3.5466  4.9604 -1.9424 18.7439 18.3146 14.6307 13.7855 12.5947 12.2174 11.0567 10.5560 10.3776  9.9693  9.0129  8.9737  8.5090
  31  0.277981  3.5471  4.9585 -1.9340 18.7204 18.2841 14.6035 13.7577 12.5661 12.1894 11.0301 10.5297 10.3514  9.9438  8.9912  8.9522  8.4888
  32  0.281246  3.5477  4.9562 -1.9243 18.6931 18.2493 14.5723 13.7257 12.5332 12.1571 10.9995 10.4995 10.3211  9.9144  8.9660  8.9272  8.4651
  33  0.285056  3.5484  4.9533 -1.9129 18.6612 18.2089 14.5358 13.6885 12.4948 12.1194 10.9637 10.4642 10.2858  9.8801  8.9366  8.8980  8.4374
  34  0.289442  3.5492  4.9495 -1.8995 18.6239 18.1620 14.4935 13.6452 12.4502 12.0757 10.9222 10.4230 10.2447  9.8402  8.9020  8.8636  8.4047
  35  0.321725  3.5565  4.9156 -1.7912 18.3144 17.7709 14.1409 13.2838 12.0719 11.7049 10.5697 10.0765  9.8978  9.5065  8.6200  8.5840  8.1425
  36  0.335739  3.5602  4.8991 -1.7422 18.1721 17.5846 13.9809 13.1208 11.9014 11.5363 10.4088  9.9180  9.7391  9.3540  8.4931  8.4584  8.0254
  37  0.368554  3.5689  4.8590 -1.6247 17.8178 17.0949 13.5852 12.7213 11.5003 11.1372 10.0324  9.5460  9.3678  8.9934  8.1930  8.1599  7.7461
  38  0.383249  3.5739  4.8388 -1.5675 17.6418 16.8364 13.3877 12.5224 11.3002 10.9358  9.8415  9.3578  9.1797  8.8125  8.0468  8.0148  7.6123
  39  0.394797  3.5783  4.8227 -1.5215 17.5048 16.6231 13.2301 12.3636 11.1378 10.7707  9.6832  9.2015  9.0231  8.6625  7.9288  7.8976  7.5055
  40  0.406766  3.5829  4.8058 -1.4731 17.3509 16.3909 13.0585 12.1916 10.9658 10.5961  9.5174  9.0387  8.8603  8.5067  7.8048  7.7746  7.3932
  41  0.418341  3.5878  4.7897 -1.4255 17.1959 16.1580 12.8861 12.0192 10.7949 10.4226  9.3535  8.8783  8.7000  8.3538  7.6832  7.6538  7.2834
  42  0.429114  3.5926  4.7751 -1.3806 17.0468 15.9397 12.7196 11.8526 10.6303 10.2557  9.1970  8.7259  8.5478  8.2090  7.5679  7.5393  7.1796
  43  0.439177  3.5973  4.7617 -1.3382 16.9040 15.7369 12.5600 11.6927 10.4718 10.0956  9.0480  8.5818  8.4038  8.0724  7.4587  7.4310  7.0818
  44  0.448686  3.6021  4.7494 -1.2975 16.7657 15.5444 12.4048 11.5373 10.3177  9.9406  8.9047  8.4439  8.2663  7.9422  7.3543  7.3275  6.9884
  45  0.458144  3.6070  4.7377 -1.2568 16.6260 15.3546 12.2475 11.3796 10.1612  9.7838  8.7613  8.3064  8.1294  7.8129  7.2500  7.2239  6.8951
  46  0.467799  3.6124  4.7264 -1.2152 16.4821 15.1656 12.0849 11.2162  9.9977  9.6211  8.6143  8.1667  7.9906  7.6818  7.1434  7.1183  6.7998
  47  0.477632  3.6181  4.7157 -1.1725 16.3365 14.9840 11.9167 11.0459  9.8250  9.4503  8.4625  8.0238  7.8488  7.5486  7.0344  7.0102  6.7026
  48  0.487331  3.6243  4.7062 -1.1295 16.1854 14.7995 11.7399 10.8658  9.6450  9.2734  8.3077  7.8793  7.7058  7.4149  6.9249  6.9015  6.6052
  49  0.496902  3.6309  4.6978 -1.0865 16.0266 14.6053 11.5494 10.6715  9.4575  9.0897  8.1502  7.7337  7.5624  7.2813  6.8151  6.7927  6.5080
  50  0.506309  3.6378  4.6906 -1.0437 15.8574 14.3884 11.3416 10.4593  9.2645  8.9010  7.9914  7.5882  7.4198  7.1486  6.7060  6.6845  6.4116
  51  0.515562  3.6447  4.6839 -1.0013 15.6672 14.1238 11.1121 10.2267  9.0690  8.7099  7.8332  7.4440  7.2793  7.0179  6.5976  6.5771  6.3156
  52  0.520605  3.6486  4.6805 -0.9782 15.5502 13.9574 10.9767 10.0905  8.9611  8.6045  7.7470  7.3658  7.2034  6.9473  6.5381  6.5182  6.2627
  53  0.525610  3.6525  4.6772 -0.9551 15.4230 13.7711 10.8322  9.9463  8.8530  8.4990  7.6613  7.2883  7.1286  6.8774  6.4787  6.4593  6.2095
  54  0.530556  3.6564  4.6742 -0.9323 15.2849 13.5677 10.6815  9.7973  8.7455  8.3941  7.5767  7.2117  7.0549  6.8084  6.4195  6.4006  6.1565
  55  0.535430  3.6604  4.6713 -0.9097 15.1359 13.3501 10.5270  9.6462  8.6398  8.2910  7.4937  7.1366  6.9829  6.7408  6.3608  6.3425  6.1038
  56  0.540241  3.6643  4.6684 -0.8874 14.9737 13.1209 10.3695  9.4935  8.5357  8.1898  7.4123  7.0630  6.9124  6.6745  6.3029  6.2850  6.0516
  57  0.544991  3.6681  4.6657 -0.8654 14.7970 12.8817 10.2097  9.3403  8.4337  8.0907  7.3327  6.9910  6.8436  6.6096  6.2458  6.2284  6.0000
  58  0.549670  3.6719  4.6629 -0.8438 14.6044 12.6329 10.0498  9.1890  8.3345  7.9948  7.2554  6.9211  6.7769  6.5467  6.1898  6.1729  5.9493
  59  0.554292  3.6756  4.6601 -0.8224 14.3782 12.3714  9.8871  9.0377  8.2375  7.9017  7.1803  6.8530  6.7120  6.4855  6.1350  6.1185  5.8996
  60  0.558865  3.6792  4.6570 -0.8014 14.1345 12.1085  9.7254  8.8890  8.1436  7.8119  7.1074  6.7869  6.6490  6.4259  6.0813  6.0653  5.8508
  61  0.563387  3.6827  4.6539 -0.7807 13.8892 11.8511  9.5674  8.7447  8.0524  7.7250  7.0366  6.7226  6.5878  6.3678  6.0286  6.0131  5.8029
  62  0.567862  3.6861  4.6506 -0.7604 13.6497 11.6051  9.4154  8.6061  7.9646  7.6413  6.9681  6.6601  6.5281  6.3112  5.9771  5.9620  5.7558
  63  0.572281  3.6894  4.6472 -0.7404 13.4202 11.3737  9.2703  8.4741  7.8799  7.5608  6.9016  6.5992  6.4699  6.2559  5.9267  5.9119  5.7097
  64  0.576641  3.6926  4.6436 -0.7208 13.2298 11.1745  9.1387  8.3530  7.7988  7.4837  6.8371  6.5399  6.4130  6.2018  5.8773  5.8630  5.6645
  65  0.580954  3.6957  4.6398 -0.7014 13.0687 10.9992  9.0172  8.2403  7.7210  7.4096  6.7746  6.4822  6.3574  6.1489  5.8289  5.8149  5.6200
  66  0.585193  3.6987  4.6361 -0.6824 12.9159 10.8348  8.9008  8.1322  7.6454  7.3379  6.7136  6.4258  6.3031  6.0971  5.7815  5.7678  5.5765
  67  0.589375  3.7017  4.6322 -0.6637 12.7682 10.6792  8.7885  8.0281  7.5720  7.2682  6.6543  6.3707  6.2498  6.0464  5.7349  5.7216  5.5337
  68  0.593498  3.7046  4.6283 -0.6451 12.6229 10.5306  8.6798  7.9274  7.5005  7.2005  6.5963  6.3168  6.1978  5.9968  5.6892  5.6763  5.4917
  69  0.597552  3.7074  4.6244 -0.6270 12.4776 10.3874  8.5737  7.8295  7.4309  7.1347  6.5399  6.2642  6.1469  5.9482  5.6445  5.6320  5.4505
  70  0.601543  3.7102  4.6203 -0.6090 12.3092 10.2370  8.4657  7.7313  7.3626  7.0704  6.4847  6.2129  6.0972  5.9007  5.6008  5.5885  5.4101
  71  0.605468  3.7128  4.6162 -0.5914 12.1379 10.0895  8.3597  7.6355  7.2960  7.0079  6.4310  6.1627  6.0487  5.8543  5.5579  5.5460  5.3706
  72  0.609327  3.7154  4.6119 -0.5740 11.9673  9.9463  8.2563  7.5422  7.2312  6.9470  6.3786  6.1138  6.0013  5.8089  5.5159  5.5042  5.3317
  73  0.613119  3.7179  4.6076 -0.5568 11.7986  9.8079  8.1558  7.4518  7.1681  6.8878  6.3274  6.0659  5.9549  5.7645  5.4748  5.4633  5.2935
  74  0.616851  3.7204  4.6032 -0.5400 11.6318  9.6739  8.0579  7.3637  7.1064  6.8300  6.2775  6.0190  5.9094  5.7209  5.4344  5.4232  5.2560
  75  0.620505  3.7228  4.5987 -0.5235 11.4691  9.5449  7.9630  7.2784  7.0465  6.7739  6.2289  5.9734  5.8651  5.6783  5.3948  5.3839  5.2193
  76  0.624089  3.7251  4.5942 -0.5072 11.3135  9.4223  7.8712  7.1959  6.9880  6.7191  6.1814  5.9288  5.8218  5.6368  5.3562  5.3455  5.1834
  77  0.627605  3.7273  4.5895 -0.4912 11.1651  9.3061  7.7832  7.1165  6.9311  6.6659  6.1351  5.8853  5.7794  5.5960  5.3183  5.3079  5.1480
  78  0.631057  3.7295  4.5848 -0.4754 11.0211  9.1946  7.6979  7.0396  6.8758  6.6140  6.0900  5.8427  5.7380  5.5563  5.2812  5.2710  5.1134
  79  0.634430  3.7315  4.5800 -0.4601 10.8820  9.0879  7.6158  6.9655  6.8220  6.5637  6.0461  5.8012  5.6977  5.5174  5.2449  5.2349  5.0794
  80  0.637736  3.7336  4.5752 -0.4449 10.7471  8.9853  7.5362  6.8937  6.7698  6.5148  6.0033  5.7608  5.6582  5.4794  5.2094  5.1996  5.0462
  81  0.640973  3.7355  4.5703 -0.4301 10.6164  8.8868  7.4593  6.8243  6.7189  6.4670  5.9614  5.7213  5.6197  5.4423  5.1746  5.1650  5.0135
  82  0.645031  3.7379  4.5640 -0.4115 10.4557  8.7660  7.3646  6.7388  6.6556  6.4078  5.9094  5.6720  5.5715  5.3959  5.1311  5.1217  4.9726
  83  0.649032  3.7402  4.5575 -0.3930 10.3005  8.6500  7.2729  6.6560  6.5939  6.3498  5.8583  5.6235  5.5241  5.3500  5.0879  5.0788  4.9319
  84  0.652980  3.7424  4.5508 -0.3748 10.1499  8.5382  7.1840  6.5756  6.5334  6.2930  5.8080  5.5756  5.4772  5.3047  5.0452  5.0363  4.8916
  85  0.656881  3.7445  4.5438 -0.3567 10.0041  8.4304  7.0980  6.4978  6.4741  6.2373  5.7585  5.5283  5.4309  5.2598  5.0028  4.9940  4.8514
  86  0.660730  3.7466  4.5367 -0.3387  9.8617  8.3255  7.0139  6.4217  6.4158  6.1823  5.7097  5.4816  5.3851  5.2154  4.9607  4.9522  4.8116
  87  0.664533  3.7486  4.5294 -0.3209  9.7244  8.2242  6.9323  6.3477  6.3585  6.1283  5.6614  5.4355  5.3399  5.1715  4.9191  4.9107  4.7719
  88  0.668279  3.7506  4.5218 -0.3031  9.5911  8.1259  6.8526  6.2754  6.3020  6.0751  5.6138  5.3898  5.2950  5.1279  4.8777  4.8694  4.7325
  89  0.671973  3.7525  4.5141 -0.2855  9.4617  8.0303  6.7748  6.2047  6.2465  6.0226  5.5667  5.3446  5.2506  5.0847  4.8366  4.8286  4.6934
  90  0.675609  3.7543  4.5061 -0.2680  9.3363  7.9372  6.6987  6.1356  6.1916  5.9708  5.5201  5.2999  5.2067  5.0420  4.7959  4.7880  4.6544
  91  0.679186  3.7560  4.4979 -0.2505  9.2140  7.8458  6.6239  6.0675  6.1375  5.9197  5.4741  5.2558  5.1633  4.9998  4.7556  4.7478  4.6159
  92  0.682700  3.7576  4.4894 -0.2333  9.0959  7.7572  6.5509  6.0012  6.0841  5.8693  5.4288  5.2121  5.1204  4.9580  4.7156  4.7081  4.5776
  93  0.686145  3.7592  4.4808 -0.2162  8.9838  7.6720  6.4803  5.9369  6.0318  5.8196  5.3839  5.1690  5.0779  4.9166  4.6760  4.6686  4.5396
  94  0.689516  3.7607  4.4720 -0.1993  8.8763  7.5897  6.4119  5.8743  5.9803  5.7708  5.3397  5.1263  5.0359  4.8757  4.6368  4.6295  4.5018
  95  0.692809  3.7622  4.4631 -0.1825  8.7728  7.5103  6.3457  5.8135  5.9299  5.7228  5.2960  5.0843  4.9945  4.8353  4.5980  4.5909  4.4645
  96  0.696020  3.7635  4.4541 -0.1660  8.6732  7.4335  6.2815  5.7545  5.8804  5.6757  5.2531  5.0429  4.9537  4.7954  4.5598  4.5527  4.4276
  97  0.699151  3.7648  4.4449 -0.1498  8.5778  7.3595  6.2195  5.6972  5.8320  5.6295  5.2109  5.0021  4.9135  4.7561  4.5220  4.5150  4.3910
  98  0.702200  3.7660  4.4357 -0.1338  8.4871  7.2888  6.1600  5.6421  5.7848  5.5843  5.1694  4.9619  4.8739  4.7174  4.4846  4.4778  4.3548
  99  0.705166  3.7672  4.4264 -0.1180  8.3999  7.2206  6.1022  5.5887  5.7385  5.5401  5.1286  4.9224  4.8349  4.6792  4.4477  4.4409  4.3191
 100  0.708054  3.7683  4.4172 -0.1025  8.3175  7.1558  6.0470  5.5375  5.6936  5.4969  5.0886  4.8835  4.7964  4.6415  4.4112  4.4046  4.2836
 101  0.710864  3.7693  4.4078 -0.0873  8.2390  7.0940  5.9940  5.4883  5.6497  5.4545  5.0492  4.8452  4.7586  4.6044  4.3753  4.3687  4.2487
 102  0.713599  3.7703  4.3985 -0.0723  8.1633  7.0342  5.9425  5.4405  5.6066  5.4131  5.0105  4.8076  4.7214  4.5678  4.3398  4.3333  4.2142
 103  0.716266  3.7712  4.3892 -0.0576  8.0910  6.9767  5.8929  5.3942  5.5647  5.3725  4.9727  4.7706  4.6849  4.5319  4.3050  4.2986  4.1802
 104  0.718872  3.7722  4.3799 -0.0431  8.0210  6.9207  5.8444  5.3490  5.5235  5.3327  4.9354  4.7343  4.6489  4.4966  4.2707  4.2644  4.1468
 105  0.721425  3.7730  4.3706 -0.0289  7.9542  6.8670  5.7976  5.3054  5.4833  5.2937  4.8989  4.6987  4.6135  4.4619  4.2369  4.2306  4.1137
 106  0.723931  3.7739  4.3614 -0.0148  7.8893  6.8144  5.7519  5.2627  5.4438  5.2555  4.8629  4.6635  4.5788  4.4276  4.2036  4.1974  4.0812
 107  0.726403  3.7746  4.3521 -0.0010  7.8272  6.7637  5.7076  5.2212  5.4053  5.2180  4.8276  4.6290  4.5445  4.3939  4.1708  4.1645  4.0491
 108  0.728845  3.7754  4.3428  0.0126  7.7671  6.7143  5.6643  5.1807  5.3673  5.1812  4.7928  4.5949  4.5108  4.3607  4.1383  4.1321  4.0172
 109  0.731267  3.7760  4.3336  0.0260  7.7095  6.6666  5.6224  5.1413  5.3301  5.1450  4.7585  4.5614  4.4775  4.3278  4.1063  4.1001  3.9858
 110  0.733635  3.7767  4.3243  0.0392  7.6543  6.6206  5.5817  5.1031  5.2938  5.1094  4.7248  4.5283  4.4447  4.2955  4.0746  4.0686  3.9547
 111  0.735887  3.7773  4.3153  0.0522  7.5985  6.5743  5.5411  5.0650  5.2578  5.0744  4.6916  4.4958  4.4124  4.2637  4.0436  4.0376  3.9243
 112  0.736866  3.7776  4.3113  0.0580  7.5736  6.5537  5.5231  5.0481  5.2417  5.0588  4.6768  4.4814  4.3981  4.2496  4.0298  4.0239  3.9108
 113  0.737846  3.7779  4.3072  0.0638  7.5492  6.5334  5.5051  5.0313  5.2256  5.0431  4.6619  4.4668  4.3836  4.2353  4.0159  4.0099  3.8971
 114  0.738825  3.7782  4.3030  0.0697  7.5248  6.5130  5.4871  5.0144  5.2095  5.0273  4.6469  4.4520  4.3690  4.2209  4.0017  3.9958  3.8832
 115  0.739803  3.7784  4.2987  0.0756  7.5011  6.4929  5.4692  4.9974  5.1932  5.0114  4.6317  4.4371  4.3542  4.2062  3.9874  3.9815  3.8690
 116  0.740779  3.7787  4.2942  0.0818  7.4775  6.4728  5.4513  4.9805  5.1767  4.9953  4.6164  4.4220  4.3392  4.1914  3.9728  3.9669  3.8547
 117  0.741753  3.7789  4.2896  0.0879  7.4546  6.4531  5.4335  4.9636  5.1603  4.9791  4.6008  4.4067  4.3240  4.1764  3.9581  3.9521  3.8401
 118  0.742724  3.7792  4.2848  0.0940  7.4316  6.4332  5.4155  4.9466  5.1436  4.9628  4.5851  4.3912  4.3086  4.1611  3.9430  3.9372  3.8253
 119  0.743695  3.7793  4.2799  0.1003  7.4087  6.4133  5.3975  4.9294  5.1268  4.9464  4.5693  4.3756  4.2930  4.1458  3.9279  3.9221  3.8103
 120  0.744664  3.7796  4.2749  0.1066  7.3864  6.3936  5.3796  4.9123  5.1100  4.9298  4.5533  4.3598  4.2773  4.1301  3.9125  3.9067  3.7951
 121  0.745631  3.7797  4.2698  0.1130  7.3639  6.3740  5.3616  4.8952  5.0931  4.9131  4.5372  4.3439  4.2615  4.1145  3.8970  3.8912  3.7798
 122  0.746595  3.7799  4.2647  0.1195  7.3416  6.3542  5.3436  4.8779  5.0759  4.8963  4.5208  4.3278  4.2455  4.0985  3.8813  3.8755  3.7642
 123  0.747552  3.7801  4.2595  0.1260  7.3189  6.3342  5.3252  4.8604  5.0586  4.8792  4.5043  4.3115  4.2293  4.0825  3.8655  3.8596  3.7485
 124  0.748509  3.7803  4.2542  0.1326  7.2956  6.3138  5.3066  4.8427  5.0411  4.8620  4.4877  4.2950  4.2129  4.0663  3.8495  3.8436  3.7326
 125  0.749466  3.7804  4.2488  0.1392  7.2731  6.2936  5.2881  4.8249  5.0235  4.8448  4.4710  4.2785  4.1965  4.0499  3.8333  3.8275  3.7166
 126  0.750423  3.7806  4.2433  0.1459  7.2504  6.2734  5.2695  4.8072  5.0060  4.8275  4.4542  4.2619  4.1799  4.0335  3.8170  3.8113  3.7005
 127  0.751379  3.7808  4.2378  0.1526  7.2282  6.2535  5.2511  4.7895  4.9884  4.8101  4.4372  4.2451  4.1632  4.0170  3.8007  3.7949  3.6842
 128  0.752333  3.7809  4.2321  0.1594  7.2067  6.2339  5.2329  4.7720  4.9707  4.7926  4.4203  4.2282  4.1464  4.0002  3.7841  3.7783  3.6678
 129  0.753284  3.7811  4.2263  0.1662  7.1854  6.2144  5.2147  4.7543  4.9530  4.7751  4.4032  4.2113  4.1295  3.9834  3.7674  3.7617  3.6511
 130  0.754234  3.7812  4.2204  0.1730  7.1649  6.1952  5.1965  4.7369  4.9353  4.7576  4.3860  4.1942  4.1124  3.9664  3.7505  3.7448  3.6344
 131  0.755178  3.7812  4.2143  0.1799  7.1452  6.1766  5.1788  4.7195  4.9176  4.7400  4.3686  4.1769  4.0952  3.9492  3.7334  3.7277  3.6173
 132  0.756118  3.7812  4.2080  0.1869  7.1261  6.1582  5.1611  4.7023  4.8998  4.7223  4.3512  4.1595  4.0779  3.9319  3.7162  3.7104  3.6000
 133  0.757055  3.7813  4.2016  0.1939  7.1074  6.1401  5.1436  4.6850  4.8821  4.7046  4.3337  4.1420  4.0604  3.9145  3.6988  3.6930  3.5826
 134  0.757985  3.7813  4.1950  0.2010  7.0892  6.1223  5.1260  4.6678  4.8642  4.6869  4.3160  4.1245  4.0428  3.8968  3.6811  3.6754  3.5650
 135  0.758909  3.7812  4.1883  0.2081  7.0719  6.1049  5.1088  4.6507  4.8464  4.6691  4.2983  4.1066  4.0250  3.8791  3.6634  3.6576  3.5471
 136  0.759827  3.7812  4.1815  0.2152  7.0554  6.0880  5.0918  4.6339  4.8286  4.6513  4.2804  4.0887  4.0071  3.8612  3.6454  3.6396  3.5290
 137  0.760739  3.7810  4.1743  0.2225  7.0396  6.0714  5.0750  4.6171  4.8108  4.6334  4.2624  4.0708  3.9891  3.8430  3.6272  3.6214  3.5108
 138  0.761643  3.7809  4.1672  0.2298  7.0243  6.0551  5.0582  4.6004  4.7930  4.6154  4.2443  4.0525  3.9709  3.8248  3.6089  3.6031  3.4922
 139  0.762540  3.7808  4.1598  0.2371  7.0099  6.0394  5.0417  4.5838  4.7751  4.5975  4.2262  4.0343  3.9526  3.8064  3.5903  3.5845  3.4735
 140  0.763430  3.7806  4.1522  0.2445  6.9967  6.0243  5.0257  4.5675  4.7575  4.5796  4.2079  4.0159  3.9341  3.7878  3.5716  3.5657  3.4546
 141  0.764311  3.7804  4.1444  0.2519  6.9846  6.0099  5.0099  4.5514  4.7398  4.5617  4.1896  3.9974  3.9156  3.7692  3.5526  3.5468  3.4355
 142  0.765184  3.7802  4.1365  0.2593  6.9732  5.9958  4.9944  4.5354  4.7221  4.5438  4.1712  3.9788  3.8970  3.7504  3.5335  3.5277  3.4161
 143  0.766049  3.7799  4.1283  0.2668  6.9635  5.9826  4.9794  4.5197  4.7047  4.5260  4.1528  3.9602  3.8781  3.7314  3.5142  3.5083  3.3965
 144  0.766905  3.7795  4.1198  0.2743  6.9548  5.9700  4.9646  4.5042  4.6873  4.5083  4.1343  3.9413  3.8593  3.7122  3.4948  3.4888  3.3766
 145  0.767752  3.7791  4.1113  0.2819  6.9466  5.9575  4.9499  4.4889  4.6699  4.4905  4.1158  3.9225  3.8403  3.6930  3.4751  3.4692  3.3567
 146  0.768590  3.7787  4.1024  0.2896  6.9408  5.9465  4.9361  4.4740  4.6528  4.4729  4.0973  3.9036  3.8212  3.6737  3.4554  3.4494  3.3364
 147  0.769419  3.7782  4.0931  0.2972  6.9371  5.9367  4.9230  4.4597  4.6359  4.4555  4.0788  3.8846  3.8021  3.6542  3.4352  3.4292  3.3159
 148  0.770238  3.7776  4.0836  0.3049  6.9356  5.9282  4.9105  4.4459  4.6194  4.4383  4.0603  3.8655  3.7828  3.6346  3.4150  3.4089  3.2950
 149  0.771049  3.7769  4.0738  0.3126  6.9358  5.9205  4.8987  4.4325  4.6031  4.4212  4.0418  3.8464  3.7636  3.6148  3.3946  3.3885  3.2740
 150  0.771849  3.7762  4.0635  0.3203  6.9400  5.9154  4.8883  4.4202  4.5873  4.4046  4.0234  3.8274  3.7442  3.5950  3.3739  3.3677  3.2525
 151  0.772640  3.7754  4.0528  0.3280  6.9464  5.9113  4.8786  4.4083  4.5719  4.3882  4.0051  3.8082  3.7248  3.5750  3.3529  3.3467  3.2308
 152  0.773422  3.7744  4.0415  0.3358  6.9582  5.9105  4.8709  4.3980  4.5573  4.3724  3.9869  3.7891  3.7053  3.5549  3.3317  3.3254  3.2086
 153  0.774197  3.7732  4.0297  0.3435  6.9736  5.9118  4.8645  4.3886  4.5433  4.3571  3.9690  3.7701  3.6859  3.5347  3.3103  3.3038  3.1860
 154  0.774964  3.7720  4.0174  0.3513  6.9937  5.9159  4.8598  4.3805  4.5300  4.3422  3.9512  3.7511  3.6665  3.5145  3.2886  3.2820  3.1632
 155  0.775724  3.7706  4.0045  0.3590  7.0216  5.9244  4.8579  4.3747  4.5179  4.3283  3.9338  3.7323  3.6472  3.4942  3.2666  3.2600  3.1398
 156  0.776481  3.7689  3.9906  0.3667  7.0574  5.9377  4.8591  4.3712  4.5070  4.3153  3.9167  3.7137  3.6280  3.4738  3.2445  3.2377  3.1160
 157  0.777234  3.7672  3.9763  0.3743  7.1010  5.9560  4.8636  4.3704  4.4971  4.3029  3.8998  3.6951  3.6087  3.4533  3.2220  3.2151  3.0918
 158  0.777988  3.7654  3.9621  0.3820  7.1489  5.9765  4.8695  4.3711  4.4875  4.2906  3.8829  3.6764  3.5894  3.4329  3.1995  3.1924  3.0676
 159  0.778744  3.7635  3.9472  0.3896  7.2088  6.0035  4.8800  4.3756  4.4796  4.2798  3.8667  3.6582  3.5704  3.4126  3.1770  3.1697  3.0430
 160  0.779501  3.7612  3.9311  0.3970  7.2853  6.0396  4.8964  4.3850  4.4744  4.2708  3.8514  3.6405  3.5518  3.3924  3.1542  3.1467  3.0179
 161  0.780263  3.7586  3.9137  0.4043  7.3806  6.0861  4.9198  4.4000  4.4719  4.2640  3.8372  3.6235  3.5338  3.3726  3.1313  3.1236  2.9924
 162  0.780954  3.7557  3.8965  0.4105  7.4952  6.1439  4.9514  4.4221  4.4741  4.2615  3.8264  3.6097  3.5189  3.3556  3.1110  3.1030  2.9691
 163  0.781641  3.7524  3.8769  0.4171  7.6320  6.2138  4.9904  4.4501  4.4786  4.2603  3.8156  3.5954  3.5032  3.3376  3.0890  3.0808  2.9437
 164  0.782324  3.7486  3.8552  0.4241  7.7883  6.2944  5.0360  4.4833  4.4854  4.2607  3.8052  3.5809  3.4871  3.3189  3.0657  3.0571  2.9164
 165  0.782998  3.7445  3.8313  0.4321  7.9539  6.3804  5.0846  4.5186  4.4918  4.2604  3.7934  3.5647  3.4693  3.2981  3.0400  3.0310  2.8863
 166  0.783651  3.7404  3.8055  0.4417  8.1145  6.4643  5.1307  4.5514  4.4944  4.2564  3.7779  3.5448  3.4478  3.2736  3.0104  3.0011  2.8523
 167  0.784269  3.7366  3.7783  0.4536  8.2593  6.5400  5.1690  4.5771  4.4908  4.2463  3.7571  3.5198  3.4212  3.2442  2.9762  2.9665  2.8138
 168  0.784845  3.7331  3.7509  0.4677  8.3780  6.6009  5.1950  4.5922  4.4792  4.2291  3.7304  3.4893  3.3894  3.2099  2.9376  2.9275  2.7713
 169  0.785376  3.7302  3.7237  0.4834  8.4715  6.6462  5.2091  4.5968  4.4603  4.2054  3.6983  3.4542  3.3530  3.1714  2.8953  2.8850  2.7258
 170  0.785866  3.7277  3.6972  0.5004  8.5403  6.6758  5.2116  4.5917  4.4350  4.1761  3.6622  3.4154  3.3132  3.1298  2.8506  2.8401  2.6782
 171  0.786324  3.7257  3.6716  0.5183  8.5882  6.6918  5.2045  4.5782  4.4047  4.1425  3.6229  3.3738  3.2709  3.0860  2.8042  2.7935  2.6294
 172  0.786754  3.7241  3.6466  0.5368  8.6205  6.6972  5.1903  4.5587  4.3708  4.1057  3.5814  3.3304  3.2267  3.0406  2.7566  2.7457  2.5799
 173  0.787163  3.7226  3.6222  0.5558  8.6402  6.6942  5.1701  4.5343  4.3339  4.0664  3.5381  3.2855  3.1813  2.9941  2.7082  2.6972  2.5298
 174  0.787555  3.7215  3.5984  0.5750  8.6499  6.6845  5.1455  4.5060  4.2949  4.0255  3.4937  3.2398  3.1351  2.9469  2.6594  2.6482  2.4795
 175  0.787934  3.7204  3.5750  0.5944  8.6518  6.6694  5.1172  4.4748  4.2543  3.9830  3.4484  3.1931  3.0881  2.8991  2.6102  2.5989  2.4291
 176  0.788302  3.7194  3.5520  0.6140  8.6492  6.6507  5.0866  4.4414  4.2124  3.9396  3.4024  3.1461  3.0407  2.8510  2.5608  2.5494  2.3785
 177  0.788662  3.7186  3.5292  0.6336  8.6421  6.6288  5.0536  4.4062  4.1695  3.8953  3.3558  3.0986  2.9929  2.8026  2.5113  2.4997  2.3279
 178  0.789016  3.7179  3.5067  0.6533  8.6314  6.6045  5.0191  4.3696  4.1258  3.8503  3.3088  3.0507  2.9448  2.7539  2.4616  2.4500  2.2773
 179  0.789363  3.7171  3.4842  0.6731  8.6203  6.5800  4.9844  4.3329  4.0821  3.8053  3.2617  3.0029  2.8966  2.7052  2.4118  2.4002  2.2266
 180  0.789703  3.7164  3.4618  0.6930  8.6071  6.5541  4.9488  4.2953  4.0379  3.7599  3.2143  2.9547  2.8482  2.6563  2.3619  2.3502  2.1759
 181  0.790037  3.7158  3.4394  0.7128  8.5910  6.5265  4.9120  4.2568  3.9932  3.7140  3.1667  2.9064  2.7996  2.6072  2.3119  2.3001  2.1251
 182  0.790268  3.7154  3.4238  0.7268  8.5792  6.5067  4.8859  4.2296  3.9616  3.6817  3.1332  2.8723  2.7654  2.5726  2.2767  2.2649  2.0893
 183  0.790498  3.7149  3.4080  0.7410  8.5662  6.4861  4.8590  4.2015  3.9293  3.6488  3.0990  2.8377  2.7307  2.5375  2.2410  2.2291  2.0530
 184  0.790729  3.7145  3.3919  0.7555  8.5520  6.4644  4.8313  4.1727  3.8964  3.6151  3.0642  2.8023  2.6951  2.5016  2.2046  2.1926  2.0160
 185  0.790959  3.7141  3.3757  0.7701  8.5379  6.4427  4.8034  4.1437  3.8633  3.5812  3.0291  2.7668  2.6595  2.4656  2.1679  2.1560  1.9789
 186  0.791188  3.7136  3.3591  0.7851  8.5233  6.4204  4.7748  4.1139  3.8292  3.5464  2.9931  2.7303  2.6228  2.4286  2.1303  2.1183  1.9407
 187  0.791416  3.7132  3.3418  0.8007  8.5078  6.3973  4.7450  4.0830  3.7938  3.5102  2.9556  2.6923  2.5846  2.3901  2.0911  2.0790  1.9009
 188  0.791642  3.7127  3.3239  0.8168  8.4917  6.3737  4.7143  4.0511  3.7573  3.4728  2.9170  2.6531  2.5453  2.3504  2.0507  2.0386  1.8600
 189  0.791867  3.7123  3.3054  0.8336  8.4741  6.3486  4.6821  4.0177  3.7192  3.4338  2.8767  2.6122  2.5042  2.3090  2.0086  1.9964  1.8172
 190  0.792086  3.7118  3.2857  0.8514  8.4555  6.3223  4.6479  3.9822  3.6786  3.3925  2.8339  2.5688  2.4606  2.2649  1.9638  1.9516  1.7718
 191  0.792303  3.7112  3.2651  0.8702  8.4349  6.2941  4.6117  3.9446  3.6360  3.3489  2.7889  2.5232  2.4149  2.2188  1.9170  1.9047  1.7243
 192  0.792516  3.7107  3.2430  0.8900  8.4153  6.2663  4.5746  3.9059  3.5914  3.3032  2.7414  2.4751  2.3665  2.1699  1.8672  1.8549  1.6739
 193  0.792724  3.7101  3.2201  0.9106  8.3947  6.2372  4.5358  3.8654  3.5448  3.2555  2.6920  2.4249  2.3161  2.1190  1.8154  1.8030  1.6212
 194  0.792928  3.7094  3.1962  0.9320  8.3730  6.2076  4.4956  3.8235  3.4966  3.2061  2.6408  2.3729  2.2638  2.0663  1.7617  1.7493  1.5667
 195  0.793129  3.7087  3.1716  0.9541  8.3515  6.1781  4.4545  3.7806  3.4469  3.1552  2.5879  2.3192  2.2099  2.0117  1.7062  1.6937  1.5104
 196  0.793325  3.7080  3.1459  0.9770  8.3298  6.1485  4.4126  3.7365  3.3957  3.1026  2.5332  2.2637  2.1541  1.9554  1.6488  1.6362  1.4520
 197  0.793517  3.7072  3.1193  1.0006  8.3094  6.1201  4.3703  3.6919  3.3432  3.0487  2.4769  2.2064  2.0965  1.8971  1.5894  1.5767  1.3916
 198  0.793705  3.7064  3.0919  1.0249  8.2875  6.0909  4.3269  3.6461  3.2893  2.9934  2.4192  2.1477  2.0376  1.8374  1.5286  1.5158  1.3297
 199  0.793889  3.7056  3.0639  1.0498  8.2659  6.0621  4.2829  3.5995  3.2344  2.9368  2.3602  2.0876  1.9771  1.7762  1.4661  1.4532  1.2662
 200  0.794067  3.7047  3.0347  1.0754  8.2445  6.0340  4.2383  3.5523  3.1780  2.8787  2.2994  2.0256  1.9147  1.7132  1.4017  1.3888  1.2007
 201  0.794241  3.7038  3.0047  1.1017  8.2230  6.0068  4.1936  3.5045  3.1207  2.8196  2.2372  1.9623  1.8511  1.6486  1.3357  1.3226  1.1335
 202  0.794409  3.7028  2.9738  1.1286  8.1986  5.9795  4.1483  3.4563  3.0624  2.7594  2.1739  1.8977  1.7860  1.5827  1.2683  1.2551  1.0646
 203  0.794572  3.7016  2.9419  1.1562  8.1758  5.9542  4.1036  3.4082  3.0034  2.6983  2.1095  1.8318  1.7197  1.5154  1.1994  1.1860  0.9942
 204  0.794730  3.7005  2.9093  1.1843  8.1529  5.9299  4.0586  3.3596  2.9435  2.6361  2.0437  1.7645  1.6520  1.4467  1.1289  1.1154  0.9222
 205  0.794882  3.6992  2.8757  1.2130  8.1304  5.9075  4.0136  3.3110  2.8826  2.5730  1.9768  1.6960  1.5831  1.3766  1.0570  1.0434  0.8487
 206  0.795027  3.6980  2.8414  1.2424  8.1081  5.8870  3.9688  3.2623  2.8210  2.5090  1.9088  1.6264  1.5129  1.3053  0.9838  0.9700  0.7738
 207  0.795168  3.6967  2.8063  1.2722  8.0860  5.8682  3.9243  3.2136  2.7586  2.4442  1.8397  1.5556  1.4416  1.2329  0.9093  0.8954  0.6976
 208  0.795303  3.6953  2.7706  1.3025  8.0642  5.8515  3.8800  3.1650  2.6956  2.3785  1.7698  1.4839  1.3693  1.1593  0.8337  0.8197  0.6200
 209  0.795432  3.6939  2.7342  1.3332  8.0426  5.8370  3.8362  3.1167  2.6321  2.3123  1.6990  1.4112  1.2961  1.0848  0.7570  0.7428  0.5414
 210  0.795554  3.6924  2.6971  1.3645  8.0217  5.8276  3.7931  3.0690  2.5681  2.2455  1.6274  1.3377  1.2220  1.0093  0.6793  0.6649  0.4617
 211  0.795672  3.6909  2.6595  1.3961  8.0014  5.8214  3.7507  3.0216  2.5038  2.1781  1.5551  1.2634  1.1471  0.9331  0.6007  0.5861  0.3810
 212  0.795784  3.6893  2.6214  1.4280  7.9818  5.8181  3.7090  2.9749  2.4392  2.1105  1.4823  1.1885  1.0714  0.8560  0.5212  0.5064  0.2994
 213  0.795889  3.6877  2.5827  1.4603  7.9638  5.8183  3.6685  2.9290  2.3746  2.0425  1.4090  1.1129  0.9952  0.7783  0.4411  0.4261  0.2170
 214  0.795986  3.6860  2.5429  1.4934  7.9462  5.8221  3.6288  2.8838  2.3092  1.9736  1.3342  1.0358  0.9174  0.6989  0.3591  0.3439  0.1325
 215  0.796079  3.6841  2.4990  1.5297  7.9263  5.8306  3.5889  2.8384  2.2395  1.8998  1.2536  0.9524  0.8331  0.6127  0.2695  0.2540  0.0401
 216  0.796170  3.6821  2.4555  1.5654  7.9259  5.8501  3.5538  2.7968  2.1717  1.8275  1.1742  0.8700  0.7498  0.5276  0.1810  0.1654 -0.0511
 217  0.796182  3.6819  2.4503  1.5697  7.9274  5.8534  3.5500  2.7920  2.1636  1.8190  1.1646  0.8602  0.7399  0.5174  0.1704  0.1547 -0.0620
 218  0.796193  3.6817  2.4451  1.5740  7.9286  5.8561  3.5459  2.7871  2.1555  1.8104  1.1551  0.8503  0.7299  0.5071  0.1599  0.1441 -0.0730
 219  0.796204  3.6814  2.4401  1.5781  7.9300  5.8592  3.5420  2.7823  2.1476  1.8018  1.1458  0.8406  0.7201  0.4972  0.1495  0.1337 -0.0837
 220  0.796216  3.6812  2.4350  1.5823  7.9321  5.8625  3.5382  2.7776  2.1397  1.7934  1.1366  0.8310  0.7104  0.4872  0.1392  0.1234 -0.0943
 221  0.796227  3.6810  2.4299  1.5864  7.9339  5.8656  3.5343  2.7729  2.1318  1.7850  1.1273  0.8214  0.7007  0.4773  0.1289  0.1131 -0.1049
 222  0.796239  3.6808  2.4249  1.5905  7.9359  5.8689  3.5306  2.7683  2.1240  1.7766  1.1181  0.8118  0.6910  0.4674  0.1186  0.1028 -0.1154
 223  0.796250  3.6805  2.4199  1.5946  7.9379  5.8723  3.5270  2.7636  2.1163  1.7683  1.1088  0.8023  0.6814  0.4575  0.1084  0.0925 -0.1260
 224  0.796261  3.6803  2.4148  1.5988  7.9400  5.8755  3.5233  2.7589  2.1084  1.7600  1.0996  0.7927  0.6717  0.4476  0.0982  0.0822 -0.1366
 225  0.796272  3.6800  2.4098  1.6029  7.9423  5.8790  3.5196  2.7544  2.1007  1.7517  1.0905  0.7833  0.6620  0.4378  0.0879  0.0720 -0.1471
 226  0.796284  3.6798  2.4048  1.6071  7.9447  5.8825  3.5160  2.7499  2.0930  1.7434  1.0813  0.7737  0.6524  0.4279  0.0777  0.0618 -0.1577
 227  0.796394  3.6778  2.3603  1.6435  7.9741  5.9127  3.4835  2.7087  2.0236  1.6690  0.9992  0.6886  0.5663  0.3399 -0.0133 -0.0295 -0.2514
 228  0.796499  3.6768  2.3350  1.6648  8.0192  5.9239  3.4610  2.6799  1.9802  1.6227  0.9493  0.6372  0.5144  0.2871 -0.0673 -0.0836 -0.3065
 229  0.796602  3.6768  2.3283  1.6717  8.0722  5.9113  3.4451  2.6605  1.9607  1.6026  0.9294  0.6175  0.4946  0.2676 -0.0861 -0.1024 -0.3248
 230  0.796709  3.6740  2.2702  1.7184  8.1007  5.9796  3.4162  2.6202  1.8768  1.5114  0.8268  0.5104  0.3861  0.1561 -0.2020 -0.2185 -0.4446
 231  0.796807  3.6709  2.2072  1.7691  8.1150  6.0522  3.3867  2.5801  1.7870  1.4136  0.7164  0.3948  0.2689  0.0358 -0.3270 -0.3440 -0.5739
 232  0.796895  3.6680  2.1493  1.8157  8.1121  6.1179  3.3612  2.5458  1.7057  1.3247  0.6158  0.2894  0.1620 -0.0741 -0.4413 -0.4587 -0.6923
 233  0.796974  3.6656  2.1006  1.8547  8.0851  6.1695  3.3404  2.5193  1.6384  1.2513  0.5322  0.2017  0.0730 -0.1656 -0.5366 -0.5543 -0.7911
 234  0.797048  3.6641  2.0689  1.8804  8.0404  6.2019  3.3292  2.5072  1.5958  1.2045  0.4784  0.1450  0.0153 -0.2250 -0.5983 -0.6162 -0.8552
 235  0.797118  3.6619  2.0242  1.9161  8.0053  6.2455  3.3134  2.4882  1.5365  1.1393  0.4033  0.0658 -0.0652 -0.3079 -0.6849 -0.7032 -0.9452
 236  0.797185  3.6585  1.9597  1.9672  7.9832  6.3074  3.2911  2.4588  1.4523  1.0464  0.2959 -0.0475 -0.1802 -0.4267 -0.8091 -0.8278 -1.0745
 237  0.797244  3.6551  1.8965  2.0169  7.9550  6.3648  3.2728  2.4349  1.3728  0.9580  0.1924 -0.1570 -0.2917 -0.5417 -0.9297 -0.9488 -1.2003
 238  0.797297  3.6517  1.8339  2.0658  7.9219  6.4220  3.2581  2.4155  1.2971  0.8733  0.0923 -0.2632 -0.4000 -0.6536 -1.0474 -1.0671 -1.3235
 239  0.797344  3.6482  1.7725  2.1135  7.8858  6.4771  3.2453  2.3987  1.2250  0.7923 -0.0042 -0.3660 -0.5047 -0.7620 -1.1620 -1.1821 -1.4436
 240  0.797387  3.6448  1.7108  2.1615  7.8475  6.5306  3.2337  2.3838  1.1542  0.7126 -0.1000 -0.4682 -0.6089 -0.8700 -1.2768 -1.2974 -1.5642
 241  0.797424  3.6414  1.6506  2.2081  7.8076  6.5865  3.2243  2.3718  1.0872  0.6366 -0.1920 -0.5664 -0.7092 -0.9740 -1.3877 -1.4088 -1.6811
 242  0.797458  3.6381  1.5944  2.2515  7.7630  6.6374  3.2169  2.3631  1.0269  0.5679 -0.2765 -0.6567 -0.8016 -1.0698 -1.4905 -1.5120 -1.7896
 243  0.797490  3.6349  1.5381  2.2947  7.7147  6.6854  3.2094  2.3552  0.9682  0.5009 -0.3598 -0.7461 -0.8931 -1.1645 -1.5925 -1.6145 -1.8977
 244  0.797518  3.6317  1.4834  2.3365  7.6648  6.7284  3.2026  2.3486  0.9133  0.4380 -0.4391 -0.8312 -0.9802 -1.2550 -1.6907 -1.7131 -2.0019
 245  0.797543  3.6285  1.4299  2.3774  7.6125  6.7659  3.1948  2.3418  0.8608  0.3777 -0.5157 -0.9136 -1.0648 -1.3425 -1.7862 -1.8090 -2.1036
 246  0.797567  3.6254  1.3773  2.4173  7.5596  6.8014  3.1875  2.3361  0.8111  0.3204 -0.5892 -0.9928 -1.1461 -1.4269 -1.8794 -1.9025 -2.2030
 247  0.797588  3.6222  1.3253  2.4567  7.5055  6.8321  3.1805  2.3314  0.7639  0.2658 -0.6600 -1.0693 -1.2246 -1.5087 -1.9707 -1.9943 -2.3008
 248  0.797607  3.6190  1.2743  2.4951  7.4507  6.8573  3.1729  2.3268  0.7192  0.2141 -0.7281 -1.1428 -1.3000 -1.5873 -2.0595 -2.0835 -2.3963
 249  0.797625  3.6160  1.2245  2.5326  7.3957  6.8800  3.1643  2.3213  0.6761  0.1642 -0.7944 -1.2141 -1.3735 -1.6634 -2.1464 -2.1707 -2.4897
 250  0.797641  3.6130  1.1758  2.5693  7.3400  6.8966  3.1547  2.3155  0.6357  0.1174 -0.8574 -1.2817 -1.4430 -1.7358 -2.2307 -2.2553 -2.5808
 251  0.797656  3.6100  1.1277  2.6054  7.2835  6.9093  3.1443  2.3095  0.5965  0.0722 -0.9187 -1.3475 -1.5107 -1.8062 -2.3140 -2.3388 -2.6709
 252  0.797670  3.6070  1.0806  2.6407  7.2271  6.9180  3.1334  2.3036  0.5595  0.0293 -0.9777 -1.4107 -1.5754 -1.8739 -2.3952 -2.4203 -2.7591
 253  0.797683  3.6041  1.0346  2.6750  7.1714  6.9224  3.1221  2.2978  0.5257 -0.0100 -1.0326 -1.4694 -1.6357 -1.9374 -2.4736 -2.4990 -2.8447
 254  0.797695  3.6012  0.9892  2.7088  7.1160  6.9221  3.1104  2.2923  0.4944 -0.0463 -1.0841 -1.5249 -1.6924 -1.9978 -2.5503 -2.5760 -2.9289
 255  0.797706  3.5983  0.9450  2.7417  7.0617  6.9175  3.0980  2.2868  0.4661 -0.0790 -1.1315 -1.5761 -1.7445 -2.0542 -2.6244 -2.6504 -3.0108
 256  0.797716  3.5955  0.9014  2.7740  7.0071  6.9100  3.0844  2.2807  0.4391 -0.1100 -1.1762 -1.6239 -1.7927 -2.1072 -2.6977 -2.7240 -3.0921
 257  0.797725  3.5927  0.8584  2.8056  6.9537  6.9012  3.0710  2.2752  0.4151 -0.1374 -1.2167 -1.6672 -1.8362 -2.1561 -2.7689 -2.7956 -3.1716
 258  0.797735  3.5899  0.8167  2.8363  6.9014  6.8902  3.0568  2.2693  0.3940 -0.1612 -1.2526 -1.7057 -1.8747 -2.2007 -2.8374 -2.8645 -3.2487
 259  0.797742  3.5872  0.7755  2.8666  6.8494  6.8773  3.0414  2.2629  0.3753 -0.1814 -1.2833 -1.7389 -1.9072 -2.2412 -2.9046 -2.9322 -3.3250
 260  0.797750  3.5845  0.7354  2.8960  6.7985  6.8632  3.0254  2.2562  0.3594 -0.1982 -1.3091 -1.7671 -1.9341 -2.2773 -2.9696 -2.9976 -3.3992
 261  0.797757  3.5819  0.6960  2.9248  6.7483  6.8475  3.0083  2.2486  0.3460 -0.2115 -1.3303 -1.7906 -1.9562 -2.3095 -3.0324 -3.0609 -3.4717
 262  0.797764  3.5793  0.6572  2.9533  6.6992  6.8315  2.9906  2.2408  0.3355 -0.2209 -1.3467 -1.8096 -1.9735 -2.3379 -3.0932 -3.1223 -3.5427
 263  0.797771  3.5768  0.6195  2.9807  6.6518  6.8153  2.9725  2.2330  0.3284 -0.2259 -1.3574 -1.8228 -1.9844 -2.3613 -3.1508 -3.1807 -3.6113
 264  0.797776  3.5742  0.5823  3.0078  6.6063  6.8008  2.9550  2.2265  0.3265 -0.2235 -1.3570 -1.8252 -1.9835 -2.3763 -3.2049 -3.2359 -3.6779
 265  0.797782  3.5718  0.5460  3.0343  6.5628  6.7881  2.9381  2.2217  0.3311 -0.2124 -1.3441 -1.8153 -1.9687 -2.3819 -3.2553 -3.2878 -3.7427
 266  0.797787  3.5693  0.5106  3.0602  6.5207  6.7758  2.9213  2.2173  0.3383 -0.1976 -1.3260 -1.8001 -1.9482 -2.3830 -3.3030 -3.3372 -3.8055
 267  0.797792  3.5670  0.4756  3.0856  6.4801  6.7640  2.9049  2.2136  0.3484 -0.1791 -1.3030 -1.7803 -1.9228 -2.3802 -3.3482 -3.3841 -3.8664
 268  0.797797  3.5647  0.4414  3.1105  6.4409  6.7511  2.8873  2.2076  0.3568 -0.1600 -1.2779 -1.7590 -1.8960 -2.3753 -3.3896 -3.4279 -3.9249
 269  0.797801  3.5624  0.4078  3.1350  6.4029  6.7383  2.8699  2.2019  0.3670 -0.1383 -1.2493 -1.7346 -1.8662 -2.3674 -3.4283 -3.4692 -3.9815
 270  0.797805  3.5601  0.3747  3.1588  6.3672  6.7272  2.8541  2.1979  0.3814 -0.1122 -1.2165 -1.7064 -1.8328 -2.3561 -3.4638 -3.5074 -4.0358
 271  0.797809  3.5578  0.3423  3.1820  6.3336  6.7178  2.8398  2.1959  0.4001 -0.0812 -1.1789 -1.6739 -1.7951 -2.3407 -3.4958 -3.5424 -4.0873
 272  0.797813  3.5554  0.3101  3.2048  6.3026  6.7113  2.8282  2.1971  0.4249 -0.0430 -1.1337 -1.6346 -1.7507 -2.3192 -3.5234 -3.5734 -4.1363
 273  0.797816  3.5532  0.2788  3.2271  6.2722  6.7040  2.8164  2.1978  0.4494 -0.0059 -1.0914 -1.5984 -1.7103 -2.2995 -3.5497 -3.6032 -4.1835
 274  0.797820  3.5508  0.2479  3.2489  6.2458  6.7001  2.8094  2.2029  0.4809  0.0379 -1.0463 -1.5621 -1.6718 -2.2784 -3.5699 -3.6272 -4.2259
 275  0.797823  3.5487  0.2179  3.2702  6.2220  6.6974  2.8045  2.2098  0.5172  0.0865 -0.9983 -1.5251 -1.6343 -2.2557 -3.5846 -3.6463 -4.2641
 276  0.797826  3.5465  0.1885  3.2910  6.2004  6.6966  2.8020  2.2197  0.5581  0.1396 -0.9469 -1.4855 -1.5945 -2.2302 -3.5958 -3.6619 -4.2994
 277  0.797829  3.5445  0.1602  3.3112  6.1799  6.6961  2.8005  2.2302  0.6000  0.1926 -0.8967 -1.4472 -1.5565 -2.2054 -3.6054 -3.6760 -4.3327
 278  0.797831  3.5425  0.1328  3.3305  6.1606  6.6957  2.7992  2.2401  0.6408  0.2449 -0.8474 -1.4100 -1.5198 -2.1810 -3.6139 -3.6887 -4.3639
 279  0.797833  3.5408  0.1093  3.3473  6.1410  6.6901  2.7923  2.2408  0.6665  0.2818 -0.8126 -1.3850 -1.4951 -2.1665 -3.6257 -3.7034 -4.3929
