#NUMBER OF AGES= 1
#----------------------------------------------------       
#MIX-LEN  Y      Z          Zeff        [Fe/H] [a/Fe]
# 1.9380  0.3300 5.5373E-03 2.8186E-03  -0.72   0.40 
#----------------------------------------------------       
#**PHOTOMETRIC SYSTEM**: HST WFPC2 (Vega)                   
#----------------------------------------------------       
#AGE=11.600 EEPS=266
#EEP   M/Mo    LogTeff  LogG   LogL/Lo F218W   F255W   F300W   F336W   F439W   F450W   F555W   F606W   F622W   F675W   F791W   F814W   F850LP
  14  0.122498  3.5184  5.2122 -2.6585 20.6761 20.6851 16.8526 16.0718 14.9308 14.4793 13.2006 12.6865 12.5055 12.0516 10.8554 10.8071 10.2746
  15  0.143263  3.5207  5.1499 -2.5196 20.3143 20.2780 16.4564 15.6665 14.5207 14.0832 12.8211 12.3075 12.1273 11.6770 10.5041 10.4566  9.9292
  16  0.162500  3.5237  5.1064 -2.4088 20.0197 19.9291 16.1233 15.3235 14.1718 13.7465 12.5008 11.9885 11.8088 11.3642 10.2206 10.1743  9.6546
  17  0.179985  3.5276  5.0759 -2.3185 19.7734 19.6221 15.8358 15.0258 13.8673 13.4529 12.2238 11.7135 11.5342 11.0963  9.9866  9.9416  9.4315
  18  0.195232  3.5311  5.0529 -2.2462 19.5743 19.3689 15.6010 14.7829 13.6186 13.2129 11.9980 11.4896 11.3103 10.8785  9.7985  9.7548  9.2533
  19  0.209643  3.5341  5.0332 -2.1835 19.4027 19.1519 15.3997 14.5753 13.4060 13.0073 11.8041 11.2972 11.1183 10.6913  9.6361  9.5933  9.0991
  20  0.223925  3.5369  5.0160 -2.1263 19.2452 18.9522 15.2153 14.3853 13.2115 12.8188 11.6263 11.1209 10.9421 10.5197  9.4877  9.4458  8.9585
  21  0.236314  3.5394  5.0019 -2.0792 19.1159 18.7878 15.0640 14.2298 13.0521 12.6639 11.4800 10.9760 10.7973 10.3786  9.3658  9.3245  8.8429
  22  0.246029  3.5413  4.9910 -2.0434 19.0183 18.6639 14.9496 14.1125 12.9315 12.5467 11.3693 10.8662 10.6875 10.2715  9.2733  9.2326  8.7552
  23  0.253070  3.5426  4.9829 -2.0178 18.9491 18.5759 14.8685 14.0292 12.8458 12.4632 11.2901 10.7877 10.6092 10.1949  9.2071  9.1669  8.6925
  24  0.258366  3.5436  4.9769 -1.9990 18.8989 18.5124 14.8098 13.9691 12.7837 12.4025 11.2325 10.7304 10.5519 10.1391  9.1588  9.1188  8.6468
  25  0.262447  3.5443  4.9724 -1.9849 18.8609 18.4644 14.7658 13.9240 12.7371 12.3570 11.1891 10.6874 10.5089 10.0971  9.1224  9.0826  8.6123
  26  0.265606  3.5449  4.9691 -1.9740 18.8314 18.4271 14.7318 13.8891 12.7012 12.3218 11.1557 10.6541 10.4757 10.0647  9.0944  9.0548  8.5858
  27  0.268033  3.5453  4.9664 -1.9655 18.8083 18.3975 14.7050 13.8617 12.6731 12.2942 11.1295 10.6282 10.4497 10.0393  9.0725  9.0330  8.5652
  28  0.270184  3.5457  4.9644 -1.9583 18.7884 18.3718 14.6820 13.8381 12.6487 12.2703 11.1069 10.6058 10.4273 10.0176  9.0540  9.0146  8.5477
  29  0.272193  3.5461  4.9624 -1.9515 18.7693 18.3473 14.6599 13.8155 12.6255 12.2476 11.0853 10.5845 10.4060  9.9968  9.0363  8.9970  8.5311
  30  0.274379  3.5465  4.9607 -1.9445 18.7498 18.3219 14.6373 13.7923 12.6016 12.2242 11.0632 10.5625 10.3841  9.9756  9.0183  8.9791  8.5142
  31  0.276933  3.5470  4.9590 -1.9366 18.7277 18.2933 14.6117 13.7662 12.5746 12.1979 11.0382 10.5378 10.3594  9.9516  8.9979  8.9589  8.4952
  32  0.279900  3.5476  4.9568 -1.9277 18.7025 18.2610 14.5829 13.7365 12.5442 12.1680 11.0099 10.5097 10.3314  9.9245  8.9748  8.9360  8.4734
  33  0.283319  3.5482  4.9542 -1.9174 18.6736 18.2242 14.5498 13.7027 12.5093 12.1338 10.9774 10.4777 10.2994  9.8933  8.9481  8.9094  8.4483
  34  0.287206  3.5488  4.9508 -1.9054 18.6405 18.1825 14.5120 13.6641 12.4697 12.0949 10.9404 10.4411 10.2628  9.8577  8.9173  8.8788  8.4192
  35  0.288705  3.5490  4.9494 -1.8998 18.6249 18.1616 14.4946 13.6464 12.4521 12.0771 10.9227 10.4229 10.2445  9.8400  8.9034  8.8649  8.4058
  36  0.327755  3.5582  4.9075 -1.7689 18.2502 17.6878 14.0686 13.2101 11.9947 11.6288 10.4971 10.0050  9.8262  9.4377  8.5623  8.5269  8.0891
  37  0.346087  3.5626  4.8859 -1.7055 18.0648 17.4408 13.8617 13.0002 11.7791 11.4148 10.2935  9.8037  9.6249  9.2430  8.3995  8.3653  7.9377
  38  0.373574  3.5707  4.8507 -1.6036 17.7532 17.0029 13.5136 12.6493 11.4277 11.0644  9.9633  9.4779  9.2998  8.9279  8.1392  8.1065  7.6965
  39  0.386528  3.5753  4.8325 -1.5524 17.5989 16.7694 13.3377 12.4719 11.2477 10.8824  9.7899  9.3067  9.1286  8.7634  8.0080  7.9762  7.5772
  40  0.398302  3.5797  4.8159 -1.5051 17.4539 16.5478 13.1738 12.3071 11.0810 10.7131  9.6283  9.1474  8.9690  8.6106  7.8870  7.8561  7.4674
  41  0.410001  3.5844  4.7993 -1.4573 17.3007 16.3172 13.0032 12.1363 10.9108 10.5402  9.4645  8.9867  8.8083  8.4571  7.7647  7.7347  7.3567
  42  0.421141  3.5891  4.7838 -1.4112 17.1497 16.0915 12.8352 11.9682 10.7443 10.3711  9.3050  8.8309  8.6526  8.3086  7.6467  7.6176  7.2502
  43  0.431497  3.5938  4.7698 -1.3678 17.0052 15.8822 12.6737 11.8066 10.5842 10.2091  9.1531  8.6833  8.5051  8.1684  7.5349  7.5066  7.1499
  44  0.441182  3.5985  4.7569 -1.3266 16.8664 15.6862 12.5183 11.6510 10.4298 10.0533  9.0084  8.5434  8.3654  8.0359  7.4290  7.4015  7.0549
  45  0.450512  3.6032  4.7448 -1.2864 16.7297 15.4971 12.3649 11.4972 10.2772  9.8999  8.8669  8.4073  8.2298  7.9075  7.3259  7.2993  6.9628
  46  0.459811  3.6082  4.7333 -1.2461 16.5916 15.3106 12.2091 11.3411 10.1218  9.7442  8.7246  8.2713  8.0943  7.7796  7.2228  7.1969  6.8706
  47  0.469307  3.6136  4.7221 -1.2049 16.4495 15.1259 12.0483 11.1793  9.9590  9.5824  8.5790  8.1331  7.9571  7.6502  7.1173  7.0923  6.7763
  48  0.478916  3.6193  4.7117 -1.1628 16.3056 14.9477 11.8817 11.0103  9.7877  9.4132  8.4291  7.9920  7.8172  7.5189  7.0098  6.9857  6.6804
  49  0.488376  3.6254  4.7024 -1.1205 16.1558 14.7651 11.7056 10.8309  9.6095  9.2382  8.2764  7.8498  7.6767  7.3875  6.9020  6.8788  6.5847
  50  0.497578  3.6319  4.6945 -1.0787 16.0006 14.5749 11.5182 10.6395  9.4262  9.0587  8.1230  7.7083  7.5373  7.2576  6.7954  6.7731  6.4903
  51  0.506556  3.6385  4.6874 -1.0374 15.8351 14.3600 11.3145 10.4318  9.2394  8.8759  7.9696  7.5678  7.3998  7.1297  6.6901  6.6687  6.3971
  52  0.511542  3.6423  4.6837 -1.0143 15.7325 14.2180 11.1902 10.3056  9.1328  8.7720  7.8835  7.4895  7.3234  7.0587  6.6309  6.6101  6.3447
  53  0.516507  3.6461  4.6802 -0.9912 15.6220 14.0616 11.0597 10.1739  9.0259  8.6676  7.7978  7.4116  7.2478  6.9883  6.5720  6.5517  6.2922
  54  0.521444  3.6500  4.6769 -0.9683 15.5023 13.8889 10.9219 10.0358  8.9188  8.5631  7.7126  7.3343  7.1729  6.9185  6.5130  6.4933  6.2398
  55  0.526316  3.6539  4.6735 -0.9456 15.3729 13.6996 10.7772  9.8918  8.8123  8.4592  7.6284  7.2581  7.0994  6.8498  6.4544  6.4352  6.1873
  56  0.531126  3.6577  4.6705 -0.9232 15.2334 13.4940 10.6275  9.7444  8.7070  8.3564  7.5455  7.1830  7.0272  6.7821  6.3961  6.3774  6.1350
  57  0.535871  3.6616  4.6676 -0.9009 15.0816 13.2750 10.4737  9.5943  8.6030  8.2551  7.4639  7.1093  6.9566  6.7157  6.3384  6.3201  6.0830
  58  0.540536  3.6653  4.6648 -0.8790 14.9181 13.0469 10.3181  9.4441  8.5012  8.1561  7.3843  7.0373  6.8877  6.6509  6.2816  6.2637  6.0317
  59  0.545134  3.6692  4.6620 -0.8575 14.7394 12.8082 10.1607  9.2937  8.4016  8.0595  7.3066  6.9670  6.8204  6.5876  6.2255  6.2083  5.9812
  60  0.549675  3.6729  4.6590 -0.8362 14.5421 12.5607 10.0030  9.1451  8.3046  7.9659  7.2311  6.8986  6.7553  6.5260  6.1706  6.1538  5.9315
  61  0.554159  3.6765  4.6562 -0.8153 14.3137 12.3028  9.8428  8.9967  8.2099  7.8751  7.1576  6.8320  6.6918  6.4660  6.1169  6.1005  5.8827
  62  0.558586  3.6800  4.6531 -0.7947 14.0754 12.0463  9.6850  8.8517  8.1181  7.7873  7.0864  6.7674  6.6302  6.4077  6.0643  6.0484  5.8348
  63  0.562957  3.6834  4.6500 -0.7744 13.8351 11.7953  9.5307  8.7108  8.0291  7.7024  7.0172  6.7044  6.5702  6.3509  6.0127  5.9972  5.7878
  64  0.567277  3.6867  4.6465 -0.7545 13.6018 11.5562  9.3825  8.5757  7.9433  7.6207  6.9502  6.6433  6.5118  6.2954  5.9622  5.9471  5.7417
  65  0.571552  3.6900  4.6431 -0.7348 13.3819 11.3347  9.2425  8.4482  7.8607  7.5422  6.8851  6.5836  6.4547  6.2413  5.9127  5.8981  5.6963
  66  0.575759  3.6931  4.6394 -0.7156 13.2052 11.1460  9.1159  8.3314  7.7817  7.4671  6.8222  6.5257  6.3990  6.1883  5.8643  5.8500  5.6520
  67  0.579912  3.6961  4.6356 -0.6965 13.0445 10.9733  8.9965  8.2209  7.7055  7.3946  6.7609  6.4690  6.3446  6.1364  5.8168  5.8029  5.6085
  68  0.584009  3.6991  4.6318 -0.6779 12.8951 10.8132  8.8829  8.1154  7.6316  7.3245  6.7013  6.4138  6.2913  6.0856  5.7703  5.7567  5.5657
  69  0.588037  3.7019  4.6280 -0.6596 12.7504 10.6613  8.7733  8.0137  7.5599  7.2564  6.6431  6.3599  6.2392  6.0359  5.7247  5.7115  5.5237
  70  0.592003  3.7047  4.6240 -0.6414 12.6080 10.5162  8.6671  7.9153  7.4901  7.1903  6.5866  6.3072  6.1883  5.9874  5.6800  5.6671  5.4825
  71  0.595904  3.7074  4.6200 -0.6235 12.4607 10.3740  8.5625  7.8192  7.4220  7.1259  6.5313  6.2558  6.1385  5.9399  5.6362  5.6237  5.4422
  72  0.599743  3.7101  4.6158 -0.6060 12.2995 10.2288  8.4578  7.7239  7.3553  7.0632  6.4775  6.2055  6.0899  5.8934  5.5933  5.5810  5.4027
  73  0.603516  3.7127  4.6116 -0.5887 12.1352 10.0864  8.3551  7.6307  7.2904  7.0021  6.4250  6.1564  6.0424  5.8479  5.5514  5.5394  5.3638
  74  0.607227  3.7153  4.6074 -0.5716 11.9692  9.9469  8.2543  7.5397  7.2270  6.9426  6.3736  6.1085  5.9959  5.8034  5.5102  5.4985  5.3256
  75  0.610864  3.7177  4.6030 -0.5550 11.8051  9.8119  8.1562  7.4514  7.1653  6.8846  6.3236  6.0617  5.9506  5.7599  5.4699  5.4584  5.2883
  76  0.614435  3.7201  4.5987 -0.5385 11.6426  9.6810  8.0606  7.3654  7.1050  6.8282  6.2747  6.0160  5.9062  5.7174  5.4304  5.4192  5.2517
  77  0.617941  3.7224  4.5942 -0.5222 11.4845  9.5555  7.9680  7.2822  7.0464  6.7732  6.2271  5.9712  5.8627  5.6756  5.3917  5.3807  5.2156
  78  0.621384  3.7246  4.5895 -0.5063 11.3341  9.4362  7.8788  7.2019  6.9893  6.7198  6.1806  5.9275  5.8203  5.6349  5.3537  5.3430  5.1802
  79  0.624752  3.7268  4.5849 -0.4906 11.1888  9.3224  7.7927  7.1243  6.9338  6.6677  6.1354  5.8848  5.7788  5.5950  5.3166  5.3061  5.1456
  80  0.628057  3.7288  4.5802 -0.4752 11.0486  9.2134  7.7095  7.0492  6.8796  6.6170  6.0912  5.8431  5.7382  5.5560  5.2802  5.2699  5.1116
  81  0.631288  3.7309  4.5753 -0.4601 10.9126  9.1087  7.6290  6.9766  6.8269  6.5676  6.0481  5.8025  5.6986  5.5178  5.2446  5.2345  5.0783
  82  0.635373  3.7334  4.5691 -0.4410 10.7439  8.9797  7.5291  6.8863  6.7610  6.5058  5.9940  5.7514  5.6488  5.4699  5.1996  5.1898  5.0362
  83  0.639387  3.7358  4.5626 -0.4222 10.5805  8.8558  7.4325  6.7990  6.6967  6.4455  5.9410  5.7012  5.5998  5.4226  5.1554  5.1458  4.9946
  84  0.643335  3.7381  4.5560 -0.4036 10.4221  8.7366  7.3387  6.7142  6.6338  6.3865  5.8891  5.6520  5.5517  5.3763  5.1119  5.1024  4.9536
  85  0.647224  3.7404  4.5492 -0.3852 10.2700  8.6225  7.2483  6.6326  6.5725  6.3288  5.8382  5.6036  5.5043  5.3304  5.0686  5.0595  4.9128
  86  0.651055  3.7426  4.5423 -0.3668 10.1213  8.5120  7.1603  6.5529  6.5123  6.2723  5.7880  5.5558  5.4575  5.2851  5.0259  5.0169  4.8724
  87  0.654833  3.7447  4.5352 -0.3488  9.9779  8.4056  7.0752  6.4759  6.4534  6.2169  5.7387  5.5086  5.4113  5.2404  4.9835  4.9747  4.8323
  88  0.658553  3.7467  4.5278 -0.3308  9.8385  8.3025  6.9923  6.4008  6.3955  6.1623  5.6900  5.4621  5.3657  5.1961  4.9415  4.9330  4.7923
  89  0.662222  3.7487  4.5202 -0.3130  9.7034  8.2026  6.9116  6.3275  6.3387  6.1086  5.6420  5.4161  5.3206  5.1521  4.8998  4.8915  4.7527
  90  0.665835  3.7506  4.5124 -0.2954  9.5729  8.1059  6.8331  6.2562  6.2828  6.0558  5.5946  5.3707  5.2758  5.1087  4.8584  4.8502  4.7133
  91  0.669388  3.7524  4.5043 -0.2778  9.4467  8.0123  6.7567  6.1867  6.2276  6.0038  5.5478  5.3256  5.2316  5.0657  4.8174  4.8094  4.6741
  92  0.672880  3.7541  4.4960 -0.2604  9.3235  7.9204  6.6815  6.1183  6.1733  5.9524  5.5015  5.2812  5.1880  5.0232  4.7768  4.7689  4.6352
  93  0.676305  3.7557  4.4876 -0.2430  9.2045  7.8312  6.6081  6.0515  6.1197  5.9017  5.4559  5.2373  5.1447  4.9810  4.7366  4.7289  4.5967
  94  0.679664  3.7573  4.4789 -0.2259  9.0890  7.7443  6.5364  5.9862  6.0670  5.8518  5.4107  5.1939  5.1020  4.9394  4.6967  4.6892  4.5584
  95  0.682950  3.7589  4.4701 -0.2088  8.9788  7.6604  6.4668  5.9227  6.0152  5.8025  5.3661  5.1509  5.0597  4.8982  4.6572  4.6498  4.5205
  96  0.686159  3.7603  4.4612 -0.1920  8.8727  7.5792  6.3992  5.8609  5.9642  5.7541  5.3222  5.1085  5.0180  4.8575  4.6182  4.6109  4.4828
  97  0.689294  3.7617  4.4521 -0.1754  8.7711  7.5010  6.3340  5.8008  5.9142  5.7065  5.2788  5.0667  4.9768  4.8173  4.5796  4.5724  4.4455
  98  0.692348  3.7630  4.4427 -0.1590  8.6746  7.4262  6.2712  5.7429  5.8652  5.6599  5.2361  5.0254  4.9362  4.7775  4.5414  4.5342  4.4085
  99  0.695324  3.7642  4.4334 -0.1427  8.5814  7.3538  6.2102  5.6866  5.8174  5.6142  5.1942  4.9848  4.8961  4.7383  4.5035  4.4965  4.3721
 100  0.698222  3.7654  4.4239 -0.1268  8.4928  7.2843  6.1515  5.6322  5.7705  5.5693  5.1529  4.9449  4.8566  4.6997  4.4662  4.4593  4.3358
 101  0.701042  3.7665  4.4144 -0.1111  8.4077  7.2174  6.0946  5.5794  5.7248  5.5254  5.1123  4.9054  4.8177  4.6616  4.4293  4.4224  4.3000
 102  0.703788  3.7676  4.4048 -0.0957  8.3264  7.1534  6.0399  5.5287  5.6801  5.4824  5.0724  4.8665  4.7793  4.6239  4.3928  4.3861  4.2645
 103  0.706463  3.7686  4.3952 -0.0804  8.2495  7.0924  5.9874  5.4798  5.6364  5.4403  5.0332  4.8284  4.7415  4.5868  4.3568  4.3502  4.2295
 104  0.709072  3.7696  4.3857 -0.0655  8.1752  7.0334  5.9364  5.4324  5.5937  5.3990  4.9945  4.7908  4.7043  4.5502  4.3213  4.3148  4.1949
 105  0.711624  3.7704  4.3760 -0.0507  8.1047  6.9768  5.8873  5.3865  5.5519  5.3586  4.9567  4.7539  4.6677  4.5142  4.2863  4.2798  4.1607
 106  0.714123  3.7713  4.3664 -0.0362  8.0363  6.9220  5.8394  5.3419  5.5109  5.3190  4.9195  4.7174  4.6317  4.4788  4.2519  4.2454  4.1269
 107  0.716583  3.7720  4.3567 -0.0219  7.9714  6.8691  5.7934  5.2986  5.4710  5.2802  4.8829  4.6817  4.5963  4.4439  4.2178  4.2114  4.0937
 108  0.719013  3.7728  4.3472 -0.0079  7.9083  6.8178  5.7482  5.2564  5.4317  5.2420  4.8469  4.6465  4.5614  4.4095  4.1843  4.1780  4.0608
 109  0.721421  3.7735  4.3375  0.0059  7.8480  6.7682  5.7045  5.2153  5.3933  5.2046  4.8115  4.6118  4.5270  4.3757  4.1512  4.1449  4.0284
 110  0.723779  3.7742  4.3279  0.0195  7.7903  6.7203  5.6622  5.1754  5.3557  5.1680  4.7768  4.5778  4.4932  4.3422  4.1186  4.1123  3.9963
 111  0.726023  3.7748  4.3186  0.0330  7.7319  6.6722  5.6199  5.1358  5.3185  5.1318  4.7425  4.5443  4.4599  4.3094  4.0865  4.0804  3.9648
 112  0.726971  3.7751  4.3147  0.0388  7.7066  6.6515  5.6017  5.1187  5.3024  5.1162  4.7278  4.5298  4.4455  4.2953  4.0727  4.0666  3.9514
 113  0.727918  3.7754  4.3105  0.0446  7.6818  6.6309  5.5836  5.1018  5.2863  5.1005  4.7129  4.5152  4.4311  4.2811  4.0588  4.0526  3.9376
 114  0.728865  3.7757  4.3064  0.0505  7.6571  6.6104  5.5654  5.0846  5.2700  5.0846  4.6978  4.5004  4.4164  4.2666  4.0447  4.0386  3.9238
 115  0.729812  3.7760  4.3020  0.0564  7.6329  6.5901  5.5474  5.0675  5.2537  5.0687  4.6826  4.4855  4.4016  4.2520  4.0303  4.0243  3.9097
 116  0.730755  3.7762  4.2975  0.0625  7.6091  6.5700  5.5293  5.0505  5.2373  5.0526  4.6673  4.4704  4.3866  4.2371  4.0158  4.0098  3.8954
 117  0.731698  3.7764  4.2928  0.0686  7.5861  6.5502  5.5115  5.0336  5.2208  5.0365  4.6518  4.4552  4.3715  4.2221  4.0011  3.9950  3.8808
 118  0.732638  3.7766  4.2881  0.0748  7.5629  6.5303  5.4935  5.0165  5.2042  5.0202  4.6361  4.4397  4.3561  4.2069  3.9861  3.9801  3.8660
 119  0.733577  3.7768  4.2832  0.0811  7.5400  6.5104  5.4755  4.9994  5.1875  5.0038  4.6203  4.4241  4.3406  4.1916  3.9710  3.9649  3.8511
 120  0.734514  3.7770  4.2782  0.0873  7.5175  6.4907  5.4575  4.9822  5.1707  4.9873  4.6043  4.4084  4.3250  4.1760  3.9556  3.9496  3.8359
 121  0.735450  3.7772  4.2731  0.0937  7.4951  6.4711  5.4395  4.9650  5.1538  4.9706  4.5883  4.3925  4.3091  4.1604  3.9401  3.9341  3.8205
 122  0.736381  3.7773  4.2679  0.1001  7.4722  6.4512  5.4213  4.9476  5.1367  4.9538  4.5719  4.3764  4.2931  4.1444  3.9245  3.9185  3.8050
 123  0.737309  3.7775  4.2626  0.1066  7.4495  6.4312  5.4030  4.9301  5.1195  4.9368  4.5555  4.3601  4.2769  4.1284  3.9086  3.9027  3.7893
 124  0.738235  3.7778  4.2574  0.1132  7.4263  6.4109  5.3844  4.9123  5.1019  4.9196  4.5389  4.3437  4.2607  4.1123  3.8926  3.8867  3.7735
 125  0.739164  3.7779  4.2520  0.1198  7.4038  6.3910  5.3661  4.8948  5.0846  4.9025  4.5223  4.3273  4.2443  4.0960  3.8766  3.8707  3.7576
 126  0.740092  3.7781  4.2466  0.1264  7.3813  6.3710  5.3476  4.8771  5.0671  4.8852  4.5055  4.3107  4.2278  4.0797  3.8604  3.8545  3.7415
 127  0.741018  3.7783  4.2410  0.1331  7.3594  6.3513  5.3293  4.8595  5.0496  4.8680  4.4887  4.2940  4.2112  4.0632  3.8441  3.8381  3.7253
 128  0.741942  3.7783  4.2353  0.1398  7.3379  6.3318  5.3111  4.8420  5.0320  4.8506  4.4718  4.2773  4.1945  4.0465  3.8275  3.8217  3.7089
 129  0.742865  3.7785  4.2296  0.1466  7.3168  6.3125  5.2930  4.8244  5.0144  4.8332  4.4547  4.2603  4.1776  4.0298  3.8109  3.8050  3.6924
 130  0.743785  3.7786  4.2236  0.1534  7.2964  6.2936  5.2751  4.8070  4.9968  4.8158  4.4376  4.2433  4.1607  4.0128  3.7941  3.7882  3.6757
 131  0.744701  3.7786  4.2175  0.1603  7.2769  6.2751  5.2574  4.7898  4.9792  4.7983  4.4204  4.2262  4.1436  3.9957  3.7771  3.7712  3.6587
 132  0.745614  3.7787  4.2113  0.1672  7.2577  6.2568  5.2397  4.7726  4.9616  4.7808  4.4031  4.2089  4.1263  3.9785  3.7600  3.7541  3.6415
 133  0.746523  3.7787  4.2049  0.1742  7.2390  6.2388  5.2222  4.7554  4.9439  4.7631  4.3856  4.1915  4.1089  3.9612  3.7427  3.7367  3.6241
 134  0.747425  3.7786  4.1984  0.1812  7.2208  6.2211  5.2048  4.7382  4.9262  4.7455  4.3681  4.1740  4.0914  3.9436  3.7252  3.7192  3.6066
 135  0.748323  3.7786  4.1917  0.1883  7.2035  6.2036  5.1876  4.7213  4.9085  4.7277  4.3504  4.1563  4.0737  3.9260  3.7074  3.7015  3.5888
 136  0.749215  3.7786  4.1848  0.1954  7.1872  6.1869  5.1707  4.7044  4.8908  4.7101  4.3326  4.1385  4.0559  3.9082  3.6895  3.6836  3.5708
 137  0.750102  3.7785  4.1778  0.2026  7.1714  6.1702  5.1539  4.6877  4.8731  4.6924  4.3148  4.1206  4.0380  3.8902  3.6715  3.6655  3.5527
 138  0.750980  3.7784  4.1706  0.2099  7.1561  6.1539  5.1372  4.6710  4.8554  4.6745  4.2968  4.1025  4.0200  3.8721  3.6532  3.6472  3.5342
 139  0.751854  3.7782  4.1632  0.2171  7.1416  6.1381  5.1207  4.6544  4.8376  4.6567  4.2788  4.0844  4.0018  3.8538  3.6348  3.6288  3.5157
 140  0.752718  3.7780  4.1557  0.2245  7.1284  6.1230  5.1045  4.6381  4.8200  4.6389  4.2608  4.0661  3.9834  3.8353  3.6161  3.6101  3.4969
 141  0.753576  3.7778  4.1479  0.2318  7.1163  6.1084  5.0888  4.6219  4.8025  4.6211  4.2425  4.0477  3.9649  3.8167  3.5973  3.5912  3.4779
 142  0.754424  3.7776  4.1399  0.2393  7.1050  6.0943  5.0733  4.6060  4.7850  4.6034  4.2243  4.0293  3.9464  3.7980  3.5783  3.5722  3.4586
 143  0.755265  3.7773  4.1317  0.2467  7.0956  6.0812  5.0583  4.5904  4.7676  4.5857  4.2059  4.0107  3.9277  3.7791  3.5591  3.5530  3.4390
 144  0.756098  3.7769  4.1233  0.2542  7.0873  6.0688  5.0438  4.5751  4.7504  4.5681  4.1875  3.9920  3.9089  3.7601  3.5397  3.5336  3.4192
 145  0.756920  3.7766  4.1147  0.2618  7.0794  6.0565  5.0292  4.5599  4.7331  4.5504  4.1692  3.9733  3.8901  3.7410  3.5202  3.5140  3.3993
 146  0.757735  3.7761  4.1057  0.2694  7.0743  6.0459  5.0157  4.5452  4.7162  4.5330  4.1508  3.9544  3.8711  3.7217  3.5004  3.4942  3.3791
 147  0.758539  3.7756  4.0966  0.2770  7.0710  6.0363  5.0027  4.5312  4.6995  4.5158  4.1324  3.9355  3.8520  3.7023  3.4804  3.4742  3.3586
 148  0.759334  3.7750  4.0871  0.2847  7.0700  6.0280  4.9906  4.5175  4.6832  4.4986  4.1139  3.9166  3.8329  3.6828  3.4602  3.4540  3.3378
 149  0.760119  3.7744  4.0772  0.2924  7.0706  6.0206  4.9788  4.5043  4.6669  4.4817  4.0955  3.8976  3.8136  3.6632  3.4399  3.4336  3.3168
 150  0.760894  3.7736  4.0670  0.3000  7.0749  6.0153  4.9685  4.4921  4.6512  4.4650  4.0772  3.8785  3.7943  3.6433  3.4192  3.4129  3.2955
 151  0.761660  3.7728  4.0566  0.3078  7.0810  6.0111  4.9588  4.4804  4.6357  4.4486  4.0589  3.8595  3.7750  3.6235  3.3985  3.3921  3.2740
 152  0.762417  3.7719  4.0455  0.3155  7.0926  6.0100  4.9511  4.4701  4.6210  4.4328  4.0408  3.8405  3.7557  3.6035  3.3775  3.3709  3.2520
 153  0.763164  3.7708  4.0339  0.3232  7.1079  6.0110  4.9446  4.4608  4.6069  4.4174  4.0228  3.8215  3.7363  3.5834  3.3562  3.3496  3.2296
 154  0.763905  3.7696  4.0220  0.3310  7.1279  6.0149  4.9401  4.4529  4.5936  4.4024  4.0050  3.8025  3.7169  3.5633  3.3346  3.3279  3.2070
 155  0.764637  3.7682  4.0092  0.3387  7.1554  6.0233  4.9382  4.4474  4.5812  4.3882  3.9875  3.7837  3.6977  3.5430  3.3129  3.3061  3.1839
 156  0.765365  3.7668  3.9958  0.3464  7.1918  6.0375  4.9401  4.4447  4.5701  4.3749  3.9703  3.7649  3.6783  3.5227  3.2908  3.2838  3.1602
 157  0.766086  3.7651  3.9820  0.3540  7.2350  6.0558  4.9447  4.4442  4.5599  4.3623  3.9532  3.7462  3.6590  3.5022  3.2685  3.2614  3.1363
 158  0.766806  3.7634  3.9679  0.3617  7.2827  6.0762  4.9507  4.4450  4.5501  4.3500  3.9363  3.7276  3.6397  3.4818  3.2462  3.2389  3.1122
 159  0.767524  3.7615  3.9531  0.3693  7.3428  6.1031  4.9612  4.4497  4.5422  4.3391  3.9200  3.7094  3.6208  3.4615  3.2236  3.2162  3.0878
 160  0.768240  3.7593  3.9372  0.3769  7.4172  6.1381  4.9770  4.4585  4.5365  4.3296  3.9045  3.6915  3.6021  3.4414  3.2009  3.1933  3.0629
 161  0.768952  3.7568  3.9203  0.3843  7.5096  6.1820  4.9987  4.4722  4.5330  4.3221  3.8899  3.6743  3.5839  3.4214  3.1781  3.1703  3.0374
 162  0.769630  3.7539  3.9027  0.3909  7.6243  6.2392  5.0296  4.4937  4.5342  4.3184  3.8780  3.6595  3.5679  3.4034  3.1568  3.1486  3.0131
 163  0.770302  3.7507  3.8827  0.3981  7.7583  6.3068  5.0668  4.5201  4.5372  4.3158  3.8660  3.6439  3.5509  3.3841  3.1335  3.1251  2.9864
 164  0.770967  3.7469  3.8603  0.4058  7.9104  6.3842  5.1099  4.5512  4.5419  4.3144  3.8539  3.6278  3.5333  3.3638  3.1086  3.0999  2.9576
 165  0.771620  3.7429  3.8358  0.4146  8.0698  6.4663  5.1555  4.5837  4.5459  4.3117  3.8399  3.6095  3.5135  3.3411  3.0811  3.0719  2.9258
 166  0.772254  3.7389  3.8095  0.4252  8.2240  6.5465  5.1983  4.6135  4.5459  4.3052  3.8223  3.5876  3.4898  3.3147  3.0495  3.0401  2.8898
 167  0.772854  3.7351  3.7818  0.4381  8.3624  6.6185  5.2332  4.6362  4.5395  4.2927  3.7992  3.5603  3.4611  3.2832  3.0134  3.0036  2.8494
 168  0.773413  3.7318  3.7540  0.4529  8.4752  6.6758  5.2560  4.6483  4.5252  4.2728  3.7702  3.5276  3.4271  3.2468  2.9728  2.9626  2.8051
 169  0.773931  3.7290  3.7264  0.4695  8.5624  6.7171  5.2665  4.6497  4.5036  4.2466  3.7360  3.4904  3.3888  3.2062  2.9287  2.9183  2.7578
 170  0.774409  3.7266  3.6994  0.4874  8.6259  6.7435  5.2660  4.6417  4.4759  4.2150  3.6977  3.4496  3.3470  3.1627  2.8821  2.8714  2.7085
 171  0.774858  3.7247  3.6733  0.5061  8.6692  6.7562  5.2560  4.6256  4.4432  4.1792  3.6564  3.4060  3.3026  3.1170  2.8338  2.8230  2.6579
 172  0.775282  3.7230  3.6476  0.5254  8.6975  6.7589  5.2390  4.6036  4.4070  4.1401  3.6128  3.3606  3.2565  3.0697  2.7843  2.7733  2.6064
 173  0.775685  3.7216  3.6226  0.5451  8.7134  6.7529  5.2162  4.5767  4.3679  4.0988  3.5675  3.3138  3.2091  3.0212  2.7341  2.7230  2.5545
 174  0.776073  3.7205  3.5982  0.5651  8.7197  6.7404  5.1890  4.5460  4.3268  4.0555  3.5211  3.2660  3.1609  2.9720  2.6833  2.6720  2.5023
 175  0.776448  3.7195  3.5740  0.5854  8.7193  6.7229  5.1584  4.5125  4.2839  4.0110  3.4736  3.2174  3.1119  2.9223  2.6322  2.6208  2.4499
 176  0.776813  3.7186  3.5503  0.6057  8.7146  6.7020  5.1254  4.4768  4.2399  3.9654  3.4256  3.1683  3.0624  2.8721  2.5808  2.5692  2.3975
 177  0.777170  3.7178  3.5267  0.6262  8.7051  6.6779  5.0902  4.4394  4.1949  3.9191  3.3769  3.1187  3.0126  2.8217  2.5292  2.5176  2.3449
 178  0.777522  3.7171  3.5036  0.6467  8.6914  6.6511  5.0534  4.4006  4.1491  3.8721  3.3279  3.0690  2.9625  2.7711  2.4775  2.4659  2.2924
 179  0.777866  3.7163  3.4803  0.6673  8.6778  6.6244  5.0164  4.3617  4.1033  3.8249  3.2788  3.0190  2.9124  2.7204  2.4258  2.4141  2.2397
 180  0.778204  3.7156  3.4571  0.6880  8.6620  6.5962  4.9786  4.3219  4.0569  3.7775  3.2295  2.9688  2.8619  2.6693  2.3739  2.3621  2.1869
 181  0.778535  3.7150  3.4340  0.7087  8.6432  6.5663  4.9395  4.2813  4.0101  3.7295  3.1797  2.9184  2.8113  2.6182  2.3218  2.3099  2.1341
 182  0.778753  3.7146  3.4186  0.7225  8.6305  6.5461  4.9133  4.2539  3.9786  3.6973  3.1464  2.8846  2.7773  2.5839  2.2870  2.2751  2.0986
 183  0.778970  3.7142  3.4028  0.7367  8.6168  6.5253  4.8863  4.2259  3.9466  3.6646  3.1125  2.8502  2.7428  2.5491  2.2515  2.2396  2.0627
 184  0.779187  3.7137  3.3869  0.7511  8.6020  6.5033  4.8586  4.1972  3.9138  3.6311  3.0778  2.8152  2.7076  2.5135  2.2154  2.2034  2.0260
 185  0.779404  3.7134  3.3710  0.7655  8.5873  6.4816  4.8307  4.1683  3.8809  3.5974  3.0431  2.7799  2.6722  2.4778  2.1791  2.1670  1.9892
 186  0.779621  3.7129  3.3546  0.7804  8.5720  6.4592  4.8020  4.1385  3.8471  3.5630  3.0074  2.7437  2.6359  2.4412  2.1419  2.1297  1.9514
 187  0.779837  3.7125  3.3374  0.7959  8.5558  6.4356  4.7721  4.1075  3.8117  3.5268  2.9700  2.7059  2.5979  2.4028  2.1029  2.0908  1.9119
 188  0.780050  3.7120  3.3197  0.8119  8.5387  6.4114  4.7412  4.0753  3.7752  3.4894  2.9315  2.6668  2.5586  2.3632  2.0626  2.0504  1.8711
 189  0.780261  3.7116  3.3008  0.8290  8.5207  6.3862  4.7085  4.0413  3.7365  3.4499  2.8905  2.6253  2.5169  2.3211  2.0198  2.0076  1.8276
 190  0.780468  3.7111  3.2812  0.8468  8.5009  6.3590  4.6738  4.0055  3.6957  3.4083  2.8476  2.5818  2.4732  2.2770  1.9750  1.9628  1.7822
 191  0.780673  3.7105  3.2604  0.8657  8.4803  6.3311  4.6376  3.9679  3.6529  3.3645  2.8023  2.5359  2.4272  2.2305  1.9277  1.9154  1.7343
 192  0.780873  3.7100  3.2383  0.8856  8.4597  6.3029  4.6000  3.9289  3.6081  3.3187  2.7548  2.4876  2.3788  2.1817  1.8780  1.8656  1.6837
 193  0.781069  3.7094  3.2154  0.9062  8.4384  6.2737  4.5610  3.8882  3.5615  3.2709  2.7053  2.4375  2.3283  2.1308  1.8262  1.8138  1.6312
 194  0.781261  3.7087  3.1916  0.9277  8.4164  6.2442  4.5207  3.8461  3.5131  3.2214  2.6540  2.3854  2.2760  2.0779  1.7724  1.7599  1.5767
 195  0.781451  3.7081  3.1670  0.9497  8.3944  6.2146  4.4797  3.8032  3.4635  3.1706  2.6012  2.3317  2.2221  2.0235  1.7171  1.7045  1.5203
 196  0.781637  3.7074  3.1414  0.9726  8.3720  6.1849  4.4376  3.7590  3.4123  3.1180  2.5467  2.2762  2.1664  1.9672  1.6597  1.6470  1.4621
 197  0.781818  3.7066  3.1148  0.9961  8.3508  6.1561  4.3952  3.7144  3.3599  3.0642  2.4905  2.2191  2.1090  1.9090  1.6004  1.5877  1.4018
 198  0.781996  3.7058  3.0875  1.0204  8.3287  6.1272  4.3520  3.6688  3.3061  3.0090  2.4329  2.1606  2.0501  1.8494  1.5397  1.5269  1.3401
 199  0.782169  3.7050  3.0594  1.0453  8.3066  6.0985  4.3079  3.6222  3.2512  2.9524  2.3738  2.1005  1.9896  1.7883  1.4773  1.4644  1.2767
 200  0.782338  3.7041  3.0303  1.0708  8.2845  6.0704  4.2634  3.5750  3.1949  2.8945  2.3132  2.0386  1.9276  1.7254  1.4131  1.4000  1.2113
 201  0.782502  3.7032  3.0004  1.0970  8.2594  6.0419  4.2183  3.5270  3.1377  2.8354  2.2513  1.9754  1.8640  1.6610  1.3473  1.3341  1.1441
 202  0.782662  3.7021  2.9695  1.1239  8.2347  6.0147  4.1731  3.4789  3.0796  2.7754  2.1881  1.9110  1.7991  1.5952  1.2800  1.2667  1.0755
 203  0.782816  3.7010  2.9378  1.1514  8.2114  5.9895  4.1283  3.4308  3.0207  2.7144  2.1236  1.8452  1.7329  1.5281  1.2111  1.1977  1.0053
 204  0.782966  3.6999  2.9051  1.1795  8.1879  5.9654  4.0833  3.3823  2.9607  2.6523  2.0580  1.7781  1.6653  1.4594  1.1407  1.1272  0.9334
 205  0.783109  3.6987  2.8717  1.2083  8.1651  5.9433  4.0386  3.3337  2.8999  2.5893  1.9912  1.7096  1.5964  1.3895  1.0690  1.0553  0.8599
 206  0.783247  3.6974  2.8374  1.2376  8.1423  5.9230  3.9938  3.2852  2.8384  2.5253  1.9232  1.6401  1.5264  1.3182  0.9959  0.9821  0.7851
 207  0.783380  3.6961  2.8023  1.2674  8.1197  5.9041  3.9492  3.2364  2.7760  2.4604  1.8543  1.5694  1.4552  1.2459  0.9215  0.9075  0.7089
 208  0.783507  3.6948  2.7667  1.2976  8.0974  5.8876  3.9048  3.1879  2.7130  2.3949  1.7843  1.4977  1.3830  1.1724  0.8460  0.8318  0.6315
 209  0.783629  3.6933  2.7303  1.3284  8.0757  5.8740  3.8612  3.1397  2.6495  2.3287  1.7136  1.4252  1.3097  1.0980  0.7694  0.7551  0.5529
 210  0.783746  3.6918  2.6933  1.3596  8.0546  5.8653  3.8182  3.0921  2.5856  2.2620  1.6421  1.3517  1.2357  1.0226  0.6917  0.6772  0.4734
 211  0.783857  3.6903  2.6557  1.3911  8.0340  5.8593  3.7758  3.0448  2.5213  2.1947  1.5699  1.2774  1.1608  0.9463  0.6132  0.5985  0.3927
 212  0.783962  3.6888  2.6176  1.4231  8.0144  5.8564  3.7342  2.9981  2.4568  2.1270  1.4970  1.2025  1.0851  0.8693  0.5337  0.5188  0.3110
 213  0.784062  3.6872  2.5789  1.4555  7.9963  5.8568  3.6937  2.9522  2.3920  2.0590  1.4237  1.1268  1.0089  0.7915  0.4535  0.4385  0.2286
 214  0.784152  3.6854  2.5387  1.4889  7.9785  5.8610  3.6540  2.9071  2.3262  1.9896  1.3483  1.0492  0.9305  0.7115  0.3707  0.3554  0.1434
 215  0.784242  3.6835  2.4941  1.5256  7.9633  5.8722  3.6147  2.8621  2.2559  1.9151  1.2667  0.9646  0.8450  0.6241  0.2799  0.2643  0.0497
 216  0.784329  3.6816  2.4516  1.5607  7.9650  5.8923  3.5804  2.8214  2.1892  1.8440  1.1885  0.8836  0.7632  0.5404  0.1929  0.1772 -0.0400
 217  0.784340  3.6814  2.4465  1.5648  7.9667  5.8953  3.5767  2.8167  2.1815  1.8357  1.1794  0.8742  0.7536  0.5305  0.1828  0.1670 -0.0504
 218  0.784350  3.6811  2.4416  1.5689  7.9681  5.8982  3.5727  2.8119  2.1736  1.8273  1.1702  0.8647  0.7440  0.5208  0.1726  0.1568 -0.0609
 219  0.784361  3.6809  2.4366  1.5730  7.9698  5.9012  3.5689  2.8072  2.1658  1.8189  1.1611  0.8552  0.7344  0.5110  0.1626  0.1467 -0.0714
 220  0.784372  3.6807  2.4317  1.5771  7.9719  5.9044  3.5651  2.8025  2.1581  1.8107  1.1520  0.8457  0.7249  0.5012  0.1525  0.1366 -0.0817
 221  0.784382  3.6805  2.4267  1.5812  7.9737  5.9075  3.5615  2.7979  2.1503  1.8025  1.1429  0.8363  0.7153  0.4914  0.1423  0.1265 -0.0921
 222  0.784392  3.6802  2.4218  1.5852  7.9758  5.9109  3.5579  2.7933  2.1428  1.7943  1.1339  0.8270  0.7059  0.4817  0.1322  0.1163 -0.1025
 223  0.784403  3.6800  2.4168  1.5892  7.9779  5.9143  3.5543  2.7888  2.1351  1.7861  1.1248  0.8176  0.6963  0.4720  0.1221  0.1062 -0.1129
 224  0.784414  3.6797  2.4119  1.5933  7.9801  5.9176  3.5506  2.7842  2.1274  1.7779  1.1157  0.8081  0.6868  0.4623  0.1121  0.0961 -0.1233
 225  0.784425  3.6796  2.4069  1.5973  7.9824  5.9210  3.5471  2.7797  2.1198  1.7697  1.1068  0.7988  0.6774  0.4527  0.1021  0.0862 -0.1335
 226  0.784436  3.6794  2.4020  1.6013  7.9851  5.9246  3.5436  2.7754  2.1123  1.7616  1.0978  0.7895  0.6680  0.4430  0.0921  0.0761 -0.1439
 227  0.784541  3.6775  2.3598  1.6360  8.0165  5.9525  3.5124  2.7357  2.0461  1.6905  1.0197  0.7086  0.5860  0.3593  0.0056 -0.0106 -0.2329
 228  0.784640  3.6768  2.3400  1.6531  8.0632  5.9554  3.4910  2.7090  2.0092  1.6516  0.9781  0.6660  0.5432  0.3159 -0.0384 -0.0547 -0.2775
 229  0.784741  3.6761  2.3222  1.6685  8.1126  5.9624  3.4734  2.6860  1.9764  1.6167  0.9408  0.6278  0.5047  0.2770 -0.0778 -0.0941 -0.3174
 230  0.784841  3.6733  2.2630  1.7164  8.1364  6.0273  3.4416  2.6431  1.8897  1.5226  0.8354  0.5179  0.3932  0.1627 -0.1965 -0.2132 -0.4400
 231  0.784933  3.6703  2.2006  1.7666  8.1474  6.0981  3.4125  2.6037  1.8007  1.4257  0.7261  0.4035  0.2773  0.0435 -0.3203 -0.3374 -0.5681
 232  0.785017  3.6675  2.1434  1.8126  8.1379  6.1607  3.3867  2.5697  1.7205  1.3382  0.6269  0.2995  0.1717 -0.0649 -0.4330 -0.4504 -0.6849
 233  0.785090  3.6651  2.0970  1.8499  8.1077  6.2085  3.3665  2.5447  1.6561  1.2678  0.5469  0.2157  0.0865 -0.1525 -0.5241 -0.5419 -0.7793
 234  0.785160  3.6636  2.0656  1.8754  8.0600  6.2375  3.3544  2.5320  1.6135  1.2212  0.4934  0.1593  0.0293 -0.2115 -0.5854 -0.6034 -0.8428
 235  0.785228  3.6611  2.0152  1.9155  8.0298  6.2874  3.3369  2.5099  1.5469  1.1480  0.4090  0.0702 -0.0611 -0.3047 -0.6828 -0.7011 -0.9441
 236  0.785290  3.6577  1.9501  1.9671  8.0066  6.3486  3.3147  2.4810  1.4624  1.0546  0.3008 -0.0440 -0.1772 -0.4244 -0.8081 -0.8269 -1.0746
 237  0.785345  3.6543  1.8871  2.0165  7.9768  6.4054  3.2968  2.4577  1.3836  0.9669  0.1981 -0.1527 -0.2879 -0.5386 -0.9278 -0.9472 -1.1997
 238  0.785394  3.6509  1.8245  2.0655  7.9420  6.4618  3.2822  2.4385  1.3082  0.8825  0.0982 -0.2588 -0.3959 -0.6504 -1.0456 -1.0653 -1.3229
 239  0.785438  3.6475  1.7631  2.1134  7.9046  6.5163  3.2693  2.4218  1.2361  0.8015  0.0015 -0.3617 -0.5009 -0.7590 -1.1605 -1.1807 -1.4433
 240  0.785478  3.6440  1.7010  2.1616  7.8656  6.5699  3.2576  2.4069  1.1651  0.7216 -0.0946 -0.4642 -0.6054 -0.8674 -1.2757 -1.2963 -1.5644
 241  0.785514  3.6406  1.6414  2.2077  7.8240  6.6252  3.2484  2.3954  1.0991  0.6467 -0.1854 -0.5613 -0.7045 -0.9701 -1.3854 -1.4065 -1.6801
 242  0.785545  3.6374  1.5851  2.2511  7.7780  6.6746  3.2406  2.3865  1.0388  0.5782 -0.2699 -0.6516 -0.7969 -1.0659 -1.4882 -1.5098 -1.7886
 243  0.785574  3.6341  1.5289  2.2942  7.7289  6.7216  3.2331  2.3786  0.9806  0.5116 -0.3529 -0.7405 -0.8879 -1.1602 -1.5899 -1.6119 -1.8964
 244  0.785601  3.6309  1.4743  2.3361  7.6780  6.7633  3.2257  2.3718  0.9258  0.4489 -0.4319 -0.8256 -0.9751 -1.2505 -1.6880 -1.7104 -2.0006
 245  0.785624  3.6277  1.4207  2.3770  7.6250  6.7996  3.2175  2.3647  0.8734  0.3886 -0.5085 -0.9078 -1.0595 -1.3379 -1.7836 -1.8065 -2.1024
 246  0.785645  3.6246  1.3680  2.4169  7.5714  6.8342  3.2101  2.3590  0.8240  0.3318 -0.5817 -0.9866 -1.1404 -1.4220 -1.8767 -1.8999 -2.2018
 247  0.785666  3.6214  1.3161  2.4562  7.5168  6.8632  3.2029  2.3543  0.7771  0.2775 -0.6524 -1.0629 -1.2188 -1.5036 -1.9679 -1.9916 -2.2996
 248  0.785684  3.6183  1.2650  2.4948  7.4614  6.8874  3.1947  2.3492  0.7323  0.2256 -0.7205 -1.1365 -1.2943 -1.5822 -2.0569 -2.0810 -2.3953
 249  0.785700  3.6152  1.2151  2.5324  7.4057  6.9085  3.1856  2.3434  0.6893  0.1760 -0.7867 -1.2076 -1.3674 -1.6580 -2.1438 -2.1682 -2.4888
 250  0.785715  3.6121  1.1664  2.5690  7.3493  6.9240  3.1756  2.3374  0.6490  0.1295 -0.8494 -1.2749 -1.4367 -1.7302 -2.2283 -2.2530 -2.5801
 251  0.785729  3.6092  1.1185  2.6050  7.2925  6.9352  3.1647  2.3311  0.6100  0.0843 -0.9107 -1.3406 -1.5042 -1.8004 -2.3114 -2.3362 -2.6700
 252  0.785743  3.6062  1.0713  2.6403  7.2357  6.9427  3.1535  2.3250  0.5734  0.0418 -0.9693 -1.4032 -1.5684 -1.8676 -2.3926 -2.4178 -2.7583
 253  0.785755  3.6033  1.0252  2.6747  7.1797  6.9458  3.1418  2.3190  0.5398  0.0030 -1.0236 -1.4615 -1.6281 -1.9307 -2.4710 -2.4964 -2.8441
 254  0.785766  3.6004  0.9798  2.7085  7.1243  6.9439  3.1298  2.3135  0.5091 -0.0325 -1.0745 -1.5162 -1.6840 -1.9905 -2.5475 -2.5733 -2.9282
 255  0.785776  3.5976  0.9355  2.7415  7.0694  6.9382  3.1169  2.3076  0.4809 -0.0651 -1.1215 -1.5669 -1.7356 -2.0464 -2.6217 -2.6479 -3.0103
 256  0.785786  3.5947  0.8919  2.7737  7.0149  6.9301  3.1031  2.3014  0.4543 -0.0956 -1.1655 -1.6139 -1.7829 -2.0986 -2.6950 -2.7213 -3.0915
 257  0.785794  3.5919  0.8490  2.8054  6.9613  6.9203  3.0892  2.2957  0.4308 -0.1223 -1.2051 -1.6562 -1.8254 -2.1468 -2.7661 -2.7929 -3.1711
 258  0.785803  3.5891  0.8071  2.8361  6.9086  6.9085  3.0744  2.2895  0.4102 -0.1453 -1.2399 -1.6936 -1.8625 -2.1906 -2.8346 -2.8617 -3.2484
 259  0.785810  3.5864  0.7661  2.8663  6.8565  6.8951  3.0587  2.2828  0.3921 -0.1648 -1.2693 -1.7256 -1.8935 -2.2300 -2.9017 -2.9293 -3.3247
 260  0.785817  3.5837  0.7259  2.8958  6.8055  6.8804  3.0422  2.2758  0.3767 -0.1807 -1.2939 -1.7525 -1.9192 -2.2652 -2.9666 -2.9946 -3.3989
 261  0.785824  3.5811  0.6864  2.9247  6.7553  6.8644  3.0246  2.2680  0.3640 -0.1931 -1.3139 -1.7749 -1.9399 -2.2966 -3.0292 -3.0578 -3.4715
 262  0.785830  3.5785  0.6477  2.9531  6.7062  6.8480  3.0065  2.2599  0.3542 -0.2014 -1.3289 -1.7925 -1.9557 -2.3239 -3.0895 -3.1188 -3.5423
 263  0.785836  3.5759  0.6098  2.9806  6.6587  6.8316  2.9880  2.2518  0.3477 -0.2055 -1.3383 -1.8044 -1.9653 -2.3463 -3.1468 -3.1770 -3.6108
 264  0.785842  3.5734  0.5728  3.0077  6.6138  6.8178  2.9708  2.2461  0.3484 -0.1995 -1.3325 -1.8015 -1.9583 -2.3574 -3.1998 -3.2312 -3.6772
 265  0.785847  3.5710  0.5364  3.0341  6.5704  6.8053  2.9539  2.2414  0.3541 -0.1868 -1.3176 -1.7896 -1.9414 -2.3614 -3.2497 -3.2826 -3.7418
 266  0.785852  3.5686  0.5010  3.0601  6.5285  6.7928  2.9368  2.2369  0.3619 -0.1711 -1.2979 -1.7730 -1.9193 -2.3614 -3.2970 -3.3317 -3.8044
 267  0.785856  3.5662  0.4660  3.0855  6.4880  6.7805  2.9200  2.2325  0.3716 -0.1521 -1.2739 -1.7524 -1.8930 -2.3577 -3.3412 -3.3780 -3.8651
 268  0.785861  3.5639  0.4318  3.1103  6.4489  6.7673  2.9020  2.2262  0.3801 -0.1325 -1.2477 -1.7302 -1.8654 -2.3520 -3.3820 -3.4212 -3.9233
 269  0.785865  3.5616  0.3980  3.1348  6.4113  6.7549  2.8848  2.2207  0.3915 -0.1095 -1.2178 -1.7045 -1.8344 -2.3432 -3.4200 -3.4618 -3.9795
 270  0.785869  3.5592  0.3650  3.1586  6.3758  6.7439  2.8692  2.2170  0.4070 -0.0821 -1.1839 -1.6755 -1.8001 -2.3310 -3.4549 -3.4995 -4.0334
 271  0.785872  3.5569  0.3324  3.1819  6.3433  6.7362  2.8563  2.2169  0.4292 -0.0467 -1.1415 -1.6386 -1.7580 -2.3120 -3.4849 -3.5328 -4.0843
 272  0.785876  3.5546  0.3004  3.2046  6.3120  6.7288  2.8441  2.2173  0.4530 -0.0100 -1.0987 -1.6017 -1.7163 -2.2921 -3.5127 -3.5640 -4.1331
 273  0.785879  3.5523  0.2690  3.2270  6.2822  6.7223  2.8332  2.2192  0.4795  0.0290 -1.0550 -1.5645 -1.6751 -2.2714 -3.5378 -3.5927 -4.1796
 274  0.785882  3.5501  0.2381  3.2488  6.2572  6.7194  2.8277  2.2258  0.5142  0.0761 -1.0081 -1.5279 -1.6374 -2.2495 -3.5553 -3.6143 -4.2201
 275  0.785885  3.5478  0.2082  3.2701  6.2338  6.7169  2.8233  2.2333  0.5520  0.1262 -0.9590 -1.4902 -1.5993 -2.2261 -3.5690 -3.6323 -4.2577
 276  0.785888  3.5457  0.1788  3.2909  6.2124  6.7165  2.8215  2.2438  0.5941  0.1801 -0.9072 -1.4505 -1.5595 -2.2004 -3.5797 -3.6475 -4.2926
 277  0.785891  3.5437  0.1504  3.3111  6.1925  6.7168  2.8208  2.2554  0.6380  0.2353 -0.8552 -1.4107 -1.5203 -2.1743 -3.5883 -3.6607 -4.3253
 278  0.785893  3.5417  0.1230  3.3305  6.1715  6.7131  2.8159  2.2602  0.6728  0.2829 -0.8100 -1.3775 -1.4875 -2.1536 -3.5992 -3.6754 -4.3574
 279  0.785905  3.5399  0.0991  3.3476  6.1520  6.7079  2.8094  2.2615  0.7004  0.3221 -0.7730 -1.3509 -1.4613 -2.1378 -3.6101 -3.6893 -4.3862
