#NUMBER OF AGES= 1
#----------------------------------------------------       
#MIX-LEN  Y      Z          Zeff        [Fe/H] [a/Fe]
# 1.9380  0.3300 5.5373E-03 2.8186E-03  -0.72   0.40 
#----------------------------------------------------       
#**PHOTOMETRIC SYSTEM**: HST WFPC2 (Vega)                   
#----------------------------------------------------       
#AGE=12.000 EEPS=266
#EEP   M/Mo    LogTeff  LogG   LogL/Lo F218W   F255W   F300W   F336W   F439W   F450W   F555W   F606W   F622W   F675W   F791W   F814W   F850LP
  14  0.119303  3.5182  5.2228 -2.6818 20.7363 20.7518 16.9179 16.1384 14.9981 14.5443 13.2630 12.7488 12.5677 12.1134 10.9140 10.8656 10.3324
  15  0.139806  3.5202  5.1587 -2.5406 20.3696 20.3411 16.5175 15.7291 14.5842 14.1446 12.8797 12.3660 12.1857 11.7347 10.5577 10.5100  9.9816
  16  0.158793  3.5231  5.1132 -2.4284 20.0726 19.9933 16.1839 15.3862 14.2358 13.8083 12.5593 12.0467 11.8670 11.4210 10.2712 10.2245  9.7031
  17  0.176284  3.5268  5.0810 -2.3360 19.8216 19.6832 15.8926 15.0847 13.9275 13.5111 12.2786 11.7678 11.5884 11.1492 10.0323  9.9870  9.4748
  18  0.191844  3.5304  5.0571 -2.2608 19.6147 19.4203 15.6486 14.8321 13.6689 13.2616 12.0438 11.5350 11.3557 10.9227  9.8367  9.7926  9.2893
  19  0.206105  3.5335  5.0370 -2.1973 19.4407 19.2000 15.4443 14.6212 13.4531 13.0530 11.8472 11.3400 11.1609 10.7328  9.6721  9.6291  9.1333
  20  0.220523  3.5363  5.0191 -2.1386 19.2793 18.9956 15.2553 14.4266 13.2537 12.8598 11.6649 11.1593 10.9804 10.5569  9.5198  9.4776  8.9887
  21  0.233479  3.5389  5.0043 -2.0889 19.1425 18.8220 15.0953 14.2620 13.0851 12.6961 11.5104 11.0061 10.8274 10.4078  9.3909  9.3495  8.8667
  22  0.243959  3.5409  4.9926 -2.0501 19.0367 18.6875 14.9714 14.1348 12.9545 12.5691 11.3904 10.8872 10.7085 10.2920  9.2908  9.2500  8.7717
  23  0.251580  3.5423  4.9839 -2.0224 18.9616 18.5921 14.8833 14.0443 12.8614 12.4784 11.3046 10.8021 10.6235 10.2090  9.2191  9.1788  8.7039
  24  0.257257  3.5434  4.9775 -2.0023 18.9075 18.5235 14.8200 13.9795 12.7945 12.4131 11.2426 10.7404 10.5619 10.1489  9.1671  9.1271  8.6546
  25  0.261611  3.5442  4.9729 -1.9871 18.8672 18.4725 14.7732 13.9315 12.7449 12.3646 11.1964 10.6946 10.5161 10.1041  9.1284  9.0886  8.6180
  26  0.264986  3.5447  4.9693 -1.9757 18.8360 18.4329 14.7370 13.8945 12.7068 12.3272 11.1609 10.6593 10.4809 10.0697  9.0987  9.0591  8.5898
  27  0.267549  3.5452  4.9666 -1.9668 18.8118 18.4021 14.7091 13.8658 12.6773 12.2984 11.1334 10.6321 10.4536 10.0432  9.0759  9.0363  8.5683
  28  0.269745  3.5456  4.9646 -1.9594 18.7914 18.3758 14.6855 13.8417 12.6525 12.2741 11.1104 10.6092 10.4308 10.0210  9.0569  9.0175  8.5505
  29  0.271747  3.5461  4.9626 -1.9526 18.7725 18.3513 14.6636 13.8192 12.6293 12.2513 11.0889 10.5879 10.4095 10.0002  9.0393  8.9999  8.5338
  30  0.273869  3.5465  4.9609 -1.9458 18.7533 18.3264 14.6414 13.7964 12.6058 12.2284 11.0672 10.5664 10.3880  9.9794  9.0216  8.9824  8.5173
  31  0.276303  3.5469  4.9592 -1.9382 18.7320 18.2988 14.6167 13.7712 12.5799 12.2029 11.0430 10.5425 10.3641  9.9563  9.0020  8.9630  8.4990
  32  0.279101  3.5474  4.9571 -1.9297 18.7081 18.2680 14.5892 13.7429 12.5508 12.1744 11.0160 10.5159 10.3375  9.9304  8.9799  8.9410  8.4783
  33  0.282297  3.5480  4.9546 -1.9200 18.6808 18.2331 14.5579 13.7109 12.5178 12.1421 10.9854 10.4855 10.3072  9.9010  8.9547  8.9160  8.4546
  34  0.285904  3.5486  4.9515 -1.9088 18.6499 18.1942 14.5226 13.6749 12.4807 12.1057 10.9508 10.4514 10.2731  9.8677  8.9260  8.8875  8.4275
  35  0.290223  3.5494  4.9476 -1.8955 18.6128 18.1480 14.4808 13.6322 12.4367 12.0625 10.9097 10.4107 10.2324  9.8282  8.8916  8.8533  8.3950
  36  0.321047  3.5564  4.9145 -1.7914 18.3155 17.7727 14.1422 13.2853 12.0734 11.7066 10.5713 10.0779  9.8993  9.5078  8.6205  8.5846  8.1428
  37  0.335739  3.5602  4.8972 -1.7401 18.1670 17.5792 13.9754 13.1153 11.8958 11.5309 10.4037  9.9129  9.7340  9.3489  8.4880  8.4532  8.0203
  38  0.365205  3.5681  4.8609 -1.6342 17.8486 17.1401 13.6200 12.7563 11.5346 11.1715 10.0643  9.5774  9.3991  9.0237  8.2174  8.1843  7.7686
  39  0.381204  3.5734  4.8389 -1.5722 17.6575 16.8616 13.4059 12.5408 11.3181 10.9540  9.8585  9.3745  9.1964  8.8284  8.0590  8.0268  7.6231
  40  0.392696  3.5777  4.8226 -1.5263 17.5211 16.6501 13.2490 12.3826 11.1565 10.7898  9.7011  9.2190  9.0406  8.6792  7.9412  7.9099  7.5164
  41  0.404510  3.5822  4.8058 -1.4783 17.3689 16.4209 13.0794 12.2125 10.9864 10.6171  9.5371  9.0579  8.8795  8.5250  7.8184  7.7879  7.4050
  42  0.415823  3.5869  4.7898 -1.4316 17.2176 16.1936 12.9111 12.0442 10.8192 10.4473  9.3766  8.9007  8.7223  8.3749  7.6990  7.6694  7.2971
  43  0.426363  3.5916  4.7752 -1.3875 17.0722 15.9792 12.7488 11.8818 10.6585 10.2842  9.2231  8.7511  8.5728  8.2326  7.5858  7.5572  7.1953
  44  0.436226  3.5962  4.7619 -1.3457 16.9324 15.7800 12.5925 11.7253 10.5032 10.1273  9.0767  8.6092  8.4312  8.0981  7.4784  7.4505  7.0989
  45  0.445578  3.6008  4.7495 -1.3056 16.7963 15.5899 12.4401 11.5726 10.3516  9.9745  8.9351  8.4727  8.2950  7.9691  7.3751  7.3481  7.0066
  46  0.454732  3.6056  4.7379 -1.2659 16.6610 15.4048 12.2879 11.4201 10.1999  9.8222  8.7952  8.3384  8.1611  7.8426  7.2734  7.2472  6.9156
  47  0.463953  3.6107  4.7266 -1.2257 16.5229 15.2212 12.1319 11.2635 10.0433  9.6658  8.6532  8.2031  8.0265  7.7154  7.1705  7.1451  6.8237
  48  0.473420  3.6162  4.7158 -1.1843 16.3813 15.0416 11.9703 11.1006  9.8782  9.5022  8.5070  8.0649  7.8893  7.5863  7.0649  7.0403  6.7292
  49  0.482855  3.6220  4.7058 -1.1425 16.2368 14.8647 11.8018 10.9292  9.7054  9.3320  8.3572  7.9245  7.7504  7.4561  6.9581  6.9344  6.6342
  50  0.491967  3.6282  4.6973 -1.1012 16.0876 14.6830 11.6250 10.7488  9.5284  9.1585  8.2071  7.7854  7.6130  7.3279  6.8529  6.8301  6.5409
  51  0.500806  3.6346  4.6899 -1.0606 15.9338 14.4930 11.4363 10.5558  9.3473  8.9813  8.0569  7.6472  7.4773  7.2017  6.7492  6.7273  6.4493
  52  0.505772  3.6382  4.6859 -1.0375 15.8391 14.3682 11.3196 10.4368  9.2421  8.8787  7.9712  7.5689  7.4008  7.1306  6.6903  6.6690  6.3971
  53  0.510705  3.6421  4.6823 -1.0144 15.7375 14.2269 11.1959 10.3113  9.1361  8.7751  7.8855  7.4910  7.3248  7.0598  6.6315  6.6107  6.3448
  54  0.515607  3.6459  4.6787 -0.9915 15.6281 14.0721 11.0663 10.1804  9.0297  8.6712  7.8002  7.4134  7.2494  6.9897  6.5728  6.5525  6.2928
  55  0.520472  3.6497  4.6753 -0.9688 15.5107 13.9037 10.9310 10.0448  8.9237  8.5678  7.7158  7.3369  7.1752  6.9205  6.5144  6.4946  6.2407
  56  0.525285  3.6535  4.6720 -0.9462 15.3832 13.7158 10.7873  9.9015  8.8179  8.4645  7.6321  7.2611  7.1022  6.8522  6.4562  6.4369  6.1886
  57  0.530031  3.6574  4.6689 -0.9239 15.2453 13.5124 10.6385  9.7549  8.7130  8.3621  7.5494  7.1864  7.0304  6.7849  6.3982  6.3794  6.1366
  58  0.534694  3.6611  4.6660 -0.9019 15.0976 13.2976 10.4871  9.6071  8.6102  8.2619  7.4688  7.1134  6.9603  6.7191  6.3410  6.3227  6.0851
  59  0.539284  3.6650  4.6632 -0.8801 14.9364 13.0712 10.3326  9.4576  8.5090  8.1635  7.3897  7.0418  6.8918  6.6547  6.2845  6.2667  6.0342
  60  0.543814  3.6687  4.6603 -0.8588 14.7628 12.8378 10.1772  9.3089  8.4101  8.0676  7.3125  6.9720  6.8252  6.5918  6.2290  6.2116  5.9839
  61  0.548278  3.6723  4.6574 -0.8377 14.5726 12.5933 10.0213  9.1616  8.3137  7.9745  7.2374  6.9040  6.7603  6.5306  6.1744  6.1575  5.9345
  62  0.552680  3.6759  4.6545 -0.8168 14.3495 12.3386  9.8630  9.0147  8.2199  7.8843  7.1645  6.8380  6.6973  6.4710  6.1210  6.1046  5.8861
  63  0.557023  3.6794  4.6515 -0.7964 14.1108 12.0820  9.7054  8.8700  8.1284  7.7969  7.0937  6.7737  6.6361  6.4131  6.0688  6.0528  5.8386
  64  0.561309  3.6829  4.6483 -0.7763 13.8721 11.8322  9.5521  8.7298  8.0400  7.7125  7.0249  6.7111  6.5765  6.3567  6.0176  6.0021  5.7920
  65  0.565554  3.6862  4.6450 -0.7565 13.6393 11.5932  9.4044  8.5953  7.9545  7.6312  6.9583  6.6503  6.5184  6.3015  5.9674  5.9523  5.7461
  66  0.569736  3.6893  4.6414 -0.7370 13.4169 11.3691  9.2637  8.4673  7.8723  7.5530  6.8936  6.5911  6.4618  6.2478  5.9183  5.9036  5.7012
  67  0.573865  3.6924  4.6378 -0.7179 13.2301 11.1747  9.1355  8.3495  7.7935  7.4781  6.8310  6.5335  6.4065  6.1951  5.8702  5.8559  5.6571
  68  0.577942  3.6954  4.6341 -0.6991 13.0732 11.0041  9.0174  8.2400  7.7178  7.4061  6.7701  6.4773  6.3524  6.1436  5.8231  5.8091  5.6139
  69  0.581952  3.6983  4.6302 -0.6806 12.9251 10.8445  8.9045  8.1351  7.6445  7.3365  6.7109  6.4225  6.2995  6.0933  5.7770  5.7633  5.5715
  70  0.585901  3.7012  4.6263 -0.6624 12.7823 10.6935  8.7958  8.0342  7.5733  7.2689  6.6533  6.3690  6.2478  6.0440  5.7318  5.7184  5.5298
  71  0.589785  3.7039  4.6223 -0.6445 12.6423 10.5496  8.6905  7.9367  7.5040  7.2032  6.5971  6.3167  6.1973  5.9958  5.6874  5.6744  5.4890
  72  0.593608  3.7067  4.6183 -0.6268 12.5028 10.4109  8.5881  7.8422  7.4366  7.1394  6.5423  6.2656  6.1479  5.9486  5.6439  5.6312  5.4489
  73  0.597366  3.7093  4.6142 -0.6093 12.3484 10.2694  8.4853  7.7482  7.3706  7.0772  6.4888  6.2158  6.0997  5.9025  5.6014  5.5890  5.4096
  74  0.601064  3.7119  4.6100 -0.5922 12.1850 10.1271  8.3830  7.6555  7.3061  7.0164  6.4366  6.1671  6.0525  5.8574  5.5597  5.5475  5.3710
  75  0.604690  3.7144  4.6057 -0.5754 12.0219  9.9888  8.2832  7.5653  7.2432  6.9574  6.3857  6.1195  6.0064  5.8132  5.5188  5.5070  5.3332
  76  0.608249  3.7168  4.6014 -0.5588 11.8592  9.8543  8.1856  7.4774  7.1819  6.8998  6.3360  6.0730  5.9614  5.7701  5.4788  5.4673  5.2962
  77  0.611746  3.7192  4.5970 -0.5424 11.6995  9.7247  8.0910  7.3922  7.1222  6.8438  6.2876  6.0276  5.9173  5.7278  5.4396  5.4283  5.2598
  78  0.615181  3.7214  4.5925 -0.5263 11.5429  9.5996  7.9990  7.3096  7.0639  6.7892  6.2403  5.9831  5.8741  5.6864  5.4011  5.3901  5.2240
  79  0.618544  3.7236  4.5879 -0.5105 11.3907  9.4795  7.9100  7.2295  7.0073  6.7362  6.1941  5.9397  5.8320  5.6458  5.3634  5.3526  5.1889
  80  0.621844  3.7258  4.5832 -0.4950 11.2474  9.3662  7.8245  7.1524  6.9520  6.6844  6.1490  5.8973  5.7907  5.6062  5.3265  5.3159  5.1544
  81  0.625073  3.7279  4.5786 -0.4797 11.1079  9.2573  7.7416  7.0776  6.8982  6.6339  6.1051  5.8559  5.7505  5.5675  5.2904  5.2800  5.1207
  82  0.629187  3.7304  4.5723 -0.4602 10.9337  9.1224  7.6381  6.9841  6.8303  6.5703  6.0495  5.8035  5.6994  5.5183  5.2445  5.2343  5.0777
  83  0.633223  3.7330  4.5659 -0.4410 10.7651  8.9931  7.5379  6.8936  6.7643  6.5083  5.9952  5.7521  5.6492  5.4700  5.1993  5.1894  5.0353
  84  0.637184  3.7354  4.5593 -0.4222 10.6015  8.8688  7.4409  6.8059  6.6996  6.4477  5.9420  5.7018  5.6001  5.4227  5.1549  5.1453  4.9936
  85  0.641078  3.7377  4.5525 -0.4035 10.4438  8.7498  7.3473  6.7213  6.6367  6.3886  5.8900  5.6524  5.5519  5.3761  5.1111  5.1017  4.9524
  86  0.644904  3.7400  4.5457 -0.3850 10.2909  8.6350  7.2564  6.6391  6.5752  6.3308  5.8389  5.6038  5.5044  5.3301  5.0678  5.0586  4.9115
  87  0.648671  3.7421  4.5386 -0.3667 10.1437  8.5249  7.1687  6.5598  6.5150  6.2743  5.7887  5.5559  5.4575  5.2848  5.0250  5.0159  4.8710
  88  0.652378  3.7442  4.5314 -0.3486 10.0003  8.4184  7.0836  6.4826  6.4561  6.2187  5.7392  5.5087  5.4112  5.2399  4.9825  4.9737  4.8307
  89  0.656030  3.7462  4.5239 -0.3307  9.8615  8.3155  7.0007  6.4076  6.3982  6.1642  5.6905  5.4622  5.3655  5.1955  4.9404  4.9317  4.7907
  90  0.659625  3.7481  4.5162 -0.3128  9.7272  8.2160  6.9203  6.3346  6.3414  6.1105  5.6425  5.4161  5.3203  5.1516  4.8986  4.8902  4.7510
  91  0.663162  3.7500  4.5083 -0.2952  9.5974  8.1197  6.8421  6.2635  6.2856  6.0578  5.5952  5.3706  5.2756  5.1081  4.8572  4.8489  4.7115
  92  0.666640  3.7518  4.5001 -0.2776  9.4717  8.0263  6.7659  6.1941  6.2306  6.0058  5.5483  5.3257  5.2314  5.0651  4.8162  4.8081  4.6722
  93  0.670051  3.7535  4.4917 -0.2602  9.3503  7.9357  6.6915  6.1264  6.1765  5.9546  5.5021  5.2811  5.1877  5.0224  4.7755  4.7675  4.6332
  94  0.673396  3.7551  4.4831 -0.2429  9.2312  7.8463  6.6182  6.0596  6.1230  5.9040  5.4565  5.2373  5.1445  4.9804  4.7353  4.7275  4.5947
  95  0.676672  3.7567  4.4744 -0.2257  9.1162  7.7597  6.5466  5.9944  6.0703  5.8541  5.4114  5.1939  5.1018  4.9388  4.6954  4.6877  4.5564
  96  0.679873  3.7582  4.4655 -0.2087  9.0049  7.6755  6.4768  5.9308  6.0185  5.8049  5.3668  5.1509  5.0596  4.8975  4.6559  4.6484  4.5184
  97  0.683005  3.7597  4.4565 -0.1919  8.8993  7.5945  6.4094  5.8690  5.9676  5.7566  5.3228  5.1085  5.0178  4.8568  4.6168  4.6094  4.4807
  98  0.686058  3.7610  4.4472 -0.1753  8.7990  7.5172  6.3446  5.8094  5.9178  5.7091  5.2795  5.0667  4.9765  4.8165  4.5780  4.5708  4.4433
  99  0.689034  3.7623  4.4378 -0.1588  8.7020  7.4421  6.2816  5.7513  5.8688  5.6624  5.2368  5.0254  4.9359  4.7767  4.5397  4.5326  4.4064
 100  0.691935  3.7636  4.4282 -0.1426  8.6098  7.3701  6.2209  5.6952  5.8211  5.6167  5.1948  4.9847  4.8957  4.7375  4.5018  4.4948  4.3696
 101  0.694758  3.7647  4.4186 -0.1267  8.5211  7.3007  6.1621  5.6407  5.7742  5.5718  5.1534  4.9446  4.8561  4.6987  4.4643  4.4574  4.3332
 102  0.697508  3.7658  4.4090 -0.1109  8.4361  7.2337  6.1052  5.5878  5.7283  5.5278  5.1127  4.9051  4.8171  4.6604  4.4274  4.4205  4.2973
 103  0.700188  3.7668  4.3992 -0.0954  8.3550  7.1694  6.0503  5.5368  5.6835  5.4847  5.0727  4.8662  4.7786  4.6227  4.3908  4.3840  4.2617
 104  0.702801  3.7678  4.3895 -0.0801  8.2774  7.1079  5.9973  5.4876  5.6396  5.4425  5.0334  4.8279  4.7407  4.5854  4.3547  4.3479  4.2265
 105  0.705354  3.7687  4.3797 -0.0651  8.2041  7.0494  5.9465  5.4402  5.5969  5.4011  4.9947  4.7901  4.7033  4.5486  4.3189  4.3122  4.1915
 106  0.707854  3.7696  4.3699 -0.0502  8.1332  6.9926  5.8972  5.3942  5.5550  5.3605  4.9565  4.7528  4.6664  4.5124  4.2836  4.2770  4.1571
 107  0.710313  3.7703  4.3600 -0.0356  8.0660  6.9381  5.8496  5.3495  5.5140  5.3208  4.9191  4.7163  4.6302  4.4766  4.2488  4.2422  4.1231
 108  0.712736  3.7712  4.3502 -0.0213  8.0009  6.8853  5.8031  5.3060  5.4738  5.2818  4.8823  4.6802  4.5945  4.4416  4.2145  4.2080  4.0894
 109  0.715136  3.7718  4.3403 -0.0071  7.9386  6.8342  5.7582  5.2637  5.4344  5.2435  4.8461  4.6448  4.5593  4.4069  4.1806  4.1742  4.0562
 110  0.717485  3.7725  4.3304  0.0068  7.8791  6.7851  5.7147  5.2228  5.3960  5.2061  4.8106  4.6100  4.5247  4.3728  4.1473  4.1409  4.0235
 111  0.719721  3.7732  4.3210  0.0205  7.8189  6.7358  5.6713  5.1820  5.3579  5.1691  4.7756  4.5757  4.4908  4.3392  4.1146  4.1083  3.9914
 112  0.720645  3.7735  4.3169  0.0262  7.7932  6.7149  5.6529  5.1648  5.3418  5.1534  4.7608  4.5612  4.4764  4.3251  4.1008  4.0944  3.9779
 113  0.721570  3.7738  4.3128  0.0321  7.7681  6.6942  5.6347  5.1477  5.3257  5.1377  4.7459  4.5467  4.4620  4.3108  4.0868  4.0805  3.9642
 114  0.722495  3.7741  4.3087  0.0380  7.7431  6.6735  5.6164  5.1305  5.3094  5.1218  4.7308  4.5318  4.4473  4.2964  4.0727  4.0665  3.9503
 115  0.723419  3.7744  4.3042  0.0439  7.7187  6.6531  5.5983  5.1133  5.2930  5.1058  4.7156  4.5169  4.4325  4.2818  4.0583  4.0521  3.9363
 116  0.724341  3.7746  4.2997  0.0499  7.6947  6.6329  5.5801  5.0962  5.2766  5.0898  4.7003  4.5019  4.4175  4.2669  4.0439  4.0376  3.9219
 117  0.725261  3.7748  4.2951  0.0561  7.6715  6.6129  5.5621  5.0791  5.2602  5.0737  4.6848  4.4866  4.4023  4.2519  4.0291  4.0228  3.9073
 118  0.726180  3.7750  4.2903  0.0623  7.6483  6.5931  5.5441  5.0620  5.2435  5.0574  4.6691  4.4711  4.3870  4.2367  4.0141  4.0079  3.8925
 119  0.727098  3.7752  4.2854  0.0685  7.6252  6.5732  5.5261  5.0448  5.2268  5.0409  4.6533  4.4556  4.3715  4.2214  3.9989  3.9928  3.8775
 120  0.728014  3.7754  4.2804  0.0748  7.6027  6.5535  5.5080  5.0276  5.2100  5.0244  4.6374  4.4398  4.3558  4.2058  3.9836  3.9775  3.8624
 121  0.728929  3.7756  4.2753  0.0812  7.5801  6.5338  5.4900  5.0104  5.1931  5.0078  4.6213  4.4239  4.3400  4.1902  3.9681  3.9620  3.8470
 122  0.729839  3.7758  4.2701  0.0876  7.5571  6.5138  5.4717  4.9929  5.1760  4.9909  4.6050  4.4078  4.3239  4.1742  3.9525  3.9463  3.8315
 123  0.730749  3.7760  4.2648  0.0941  7.5343  6.4938  5.4534  4.9753  5.1587  4.9740  4.5886  4.3916  4.3078  4.1582  3.9366  3.9305  3.8158
 124  0.731656  3.7762  4.2596  0.1006  7.5109  6.4735  5.4347  4.9575  5.1413  4.9569  4.5720  4.3753  4.2915  4.1421  3.9207  3.9145  3.8000
 125  0.732566  3.7763  4.2542  0.1072  7.4885  6.4536  5.4164  4.9399  5.1240  4.9398  4.5553  4.3588  4.2752  4.1258  3.9046  3.8985  3.7841
 126  0.733474  3.7765  4.2487  0.1139  7.4659  6.4336  5.3980  4.9223  5.1065  4.9225  4.5387  4.3423  4.2588  4.1095  3.8885  3.8823  3.7681
 127  0.734381  3.7766  4.2432  0.1205  7.4440  6.4140  5.3797  4.9047  5.0890  4.9053  4.5219  4.3257  4.2422  4.0930  3.8721  3.8661  3.7519
 128  0.735287  3.7767  4.2375  0.1272  7.4225  6.3945  5.3615  4.8872  5.0714  4.8880  4.5050  4.3089  4.2255  4.0764  3.8557  3.8496  3.7355
 129  0.736191  3.7768  4.2318  0.1340  7.4014  6.3753  5.3434  4.8697  5.0539  4.8706  4.4880  4.2921  4.2087  4.0597  3.8391  3.8330  3.7190
 130  0.737092  3.7769  4.2258  0.1408  7.3811  6.3564  5.3255  4.8524  5.0364  4.8532  4.4709  4.2751  4.1917  4.0428  3.8223  3.8163  3.7023
 131  0.737990  3.7770  4.2196  0.1477  7.3617  6.3381  5.3078  4.8351  5.0188  4.8358  4.4538  4.2580  4.1746  4.0258  3.8053  3.7993  3.6853
 132  0.738884  3.7770  4.2134  0.1545  7.3426  6.3198  5.2903  4.8179  5.0013  4.8184  4.4365  4.2407  4.1575  4.0086  3.7882  3.7821  3.6682
 133  0.739774  3.7770  4.2071  0.1615  7.3239  6.3018  5.2728  4.8008  4.9836  4.8007  4.4191  4.2233  4.1401  3.9913  3.7709  3.7649  3.6509
 134  0.740659  3.7770  4.2005  0.1685  7.3058  6.2841  5.2554  4.7836  4.9660  4.7831  4.4016  4.2058  4.1226  3.9738  3.7534  3.7474  3.6334
 135  0.741538  3.7770  4.1939  0.1756  7.2885  6.2667  5.2382  4.7666  4.9483  4.7655  4.3840  4.1882  4.1051  3.9562  3.7358  3.7297  3.6157
 136  0.742413  3.7769  4.1870  0.1827  7.2722  6.2500  5.2213  4.7498  4.9307  4.7479  4.3663  4.1704  4.0873  3.9384  3.7179  3.7118  3.5978
 137  0.743283  3.7768  4.1799  0.1899  7.2565  6.2335  5.2046  4.7331  4.9131  4.7302  4.3485  4.1527  4.0694  3.9205  3.6999  3.6938  3.5796
 138  0.744144  3.7767  4.1728  0.1972  7.2414  6.2172  5.1879  4.7164  4.8954  4.7124  4.3306  4.1347  4.0514  3.9023  3.6817  3.6756  3.5612
 139  0.745000  3.7766  4.1654  0.2043  7.2270  6.2015  5.1715  4.6999  4.8778  4.6947  4.3126  4.1166  4.0333  3.8842  3.6633  3.6571  3.5427
 140  0.745848  3.7764  4.1578  0.2117  7.2140  6.1864  5.1555  4.6837  4.8602  4.6770  4.2946  4.0983  4.0150  3.8658  3.6447  3.6386  3.5239
 141  0.746690  3.7762  4.1500  0.2191  7.2021  6.1720  5.1398  4.6676  4.8428  4.6593  4.2764  4.0800  3.9966  3.8472  3.6259  3.6197  3.5049
 142  0.747523  3.7759  4.1420  0.2265  7.1911  6.1581  5.1244  4.6518  4.8254  4.6416  4.2582  4.0615  3.9781  3.8285  3.6069  3.6007  3.4856
 143  0.748348  3.7756  4.1338  0.2339  7.1819  6.1452  5.1096  4.6363  4.8081  4.6240  4.2400  4.0430  3.9594  3.8097  3.5878  3.5816  3.4661
 144  0.749165  3.7752  4.1254  0.2414  7.1741  6.1330  5.0952  4.6211  4.7910  4.6065  4.2217  4.0245  3.9407  3.7907  3.5684  3.5622  3.4463
 145  0.749974  3.7748  4.1168  0.2490  7.1668  6.1211  5.0809  4.6061  4.7738  4.5889  4.2033  4.0057  3.9219  3.7717  3.5489  3.5426  3.4265
 146  0.750774  3.7744  4.1078  0.2565  7.1623  6.1109  5.0676  4.5917  4.7571  4.5716  4.1850  3.9869  3.9030  3.7524  3.5292  3.5229  3.4062
 147  0.751565  3.7739  4.0985  0.2641  7.1595  6.1015  5.0549  4.5778  4.7405  4.5544  4.1666  3.9681  3.8839  3.7331  3.5092  3.5029  3.3858
 148  0.752346  3.7733  4.0890  0.2717  7.1590  6.0935  5.0429  4.5644  4.7242  4.5374  4.1483  3.9492  3.8648  3.7135  3.4891  3.4827  3.3650
 149  0.753117  3.7726  4.0792  0.2794  7.1599  6.0862  5.0313  4.5513  4.7080  4.5205  4.1299  3.9302  3.8457  3.6940  3.4687  3.4623  3.3441
 150  0.753879  3.7719  4.0691  0.2871  7.1643  6.0810  5.0211  4.5392  4.6923  4.5039  4.1116  3.9112  3.8265  3.6743  3.4482  3.4417  3.3228
 151  0.754632  3.7711  4.0587  0.2948  7.1704  6.0766  5.0113  4.5275  4.6768  4.4874  4.0933  3.8922  3.8072  3.6544  3.4275  3.4209  3.3014
 152  0.755376  3.7702  4.0478  0.3026  7.1816  6.0752  5.0035  4.5172  4.6620  4.4715  4.0752  3.8732  3.7878  3.6345  3.4065  3.3999  3.2795
 153  0.756110  3.7692  4.0364  0.3103  7.1965  6.0760  4.9970  4.5080  4.6478  4.4560  4.0572  3.8542  3.7685  3.6144  3.3854  3.3786  3.2573
 154  0.756838  3.7681  4.0246  0.3180  7.2161  6.0795  4.9923  4.5001  4.6342  4.4409  4.0394  3.8353  3.7491  3.5944  3.3640  3.3571  3.2348
 155  0.757556  3.7668  4.0121  0.3258  7.2440  6.0887  4.9910  4.4951  4.6218  4.4266  4.0217  3.8164  3.7298  3.5741  3.3423  3.3353  3.2118
 156  0.758269  3.7654  3.9990  0.3335  7.2801  6.1029  4.9929  4.4926  4.6105  4.4131  4.0043  3.7975  3.7104  3.5537  3.3202  3.3131  3.1883
 157  0.758975  3.7637  3.9854  0.3412  7.3219  6.1202  4.9969  4.4917  4.5999  4.4002  3.9872  3.7788  3.6911  3.5333  3.2981  3.2908  3.1645
 158  0.759677  3.7621  3.9715  0.3488  7.3697  6.1405  5.0030  4.4927  4.5902  4.3878  3.9703  3.7602  3.6718  3.5129  3.2757  3.2684  3.1405
 159  0.760375  3.7602  3.9567  0.3564  7.4303  6.1677  5.0137  4.4975  4.5823  4.3769  3.9540  3.7420  3.6529  3.4927  3.2533  3.2458  3.1162
 160  0.761068  3.7581  3.9410  0.3640  7.5043  6.2023  5.0294  4.5063  4.5764  4.3673  3.9384  3.7241  3.6342  3.4725  3.2306  3.2229  3.0912
 161  0.761753  3.7556  3.9242  0.3715  7.5962  6.2455  5.0505  4.5196  4.5726  4.3595  3.9237  3.7068  3.6159  3.4526  3.2078  3.1999  3.0660
 162  0.762424  3.7528  3.9062  0.3784  7.7114  6.3029  5.0813  4.5409  4.5732  4.3553  3.9112  3.6913  3.5992  3.4339  3.1858  3.1775  3.0408
 163  0.763088  3.7494  3.8858  0.3860  7.8431  6.3685  5.1170  4.5660  4.5752  4.3518  3.8984  3.6749  3.5814  3.4138  3.1617  3.1532  3.0133
 164  0.763745  3.7457  3.8630  0.3942  7.9930  6.4445  5.1589  4.5959  4.5787  4.3491  3.8851  3.6577  3.5627  3.3923  3.1358  3.1269  2.9835
 165  0.764389  3.7418  3.8381  0.4036  8.1480  6.5241  5.2025  4.6266  4.5809  4.3448  3.8697  3.6381  3.5415  3.3684  3.1069  3.0977  2.9504
 166  0.765012  3.7379  3.8114  0.4149  8.2975  6.6015  5.2429  4.6542  4.5789  4.3365  3.8505  3.6146  3.5164  3.3405  3.0741  3.0645  2.9132
 167  0.765602  3.7341  3.7836  0.4283  8.4310  6.6706  5.2752  4.6746  4.5706  4.3221  3.8258  3.5859  3.4863  3.3076  3.0366  3.0267  2.8716
 168  0.766152  3.7309  3.7555  0.4438  8.5394  6.7251  5.2955  4.6845  4.5544  4.3006  3.7952  3.5518  3.4508  3.2698  2.9947  2.9845  2.8261
 169  0.766662  3.7281  3.7277  0.4609  8.6221  6.7637  5.3036  4.6839  4.5310  4.2727  3.7596  3.5131  3.4111  3.2280  2.9494  2.9389  2.7777
 170  0.767135  3.7259  3.7004  0.4793  8.6819  6.7876  5.3010  4.6739  4.5017  4.2395  3.7200  3.4710  3.3680  3.1832  2.9016  2.8909  2.7272
 171  0.767580  3.7239  3.6739  0.4984  8.7220  6.7981  5.2891  4.6559  4.4675  4.2022  3.6773  3.4261  3.3224  3.1362  2.8522  2.8412  2.6755
 172  0.768000  3.7224  3.6479  0.5183  8.7476  6.7987  5.2703  4.6323  4.4298  4.1618  3.6325  3.3795  3.2751  3.0877  2.8015  2.7904  2.6229
 173  0.768402  3.7210  3.6226  0.5385  8.7610  6.7908  5.2457  4.6037  4.3893  4.1190  3.5859  3.3314  3.2265  3.0380  2.7500  2.7388  2.5697
 174  0.768788  3.7199  3.5976  0.5590  8.7650  6.7764  5.2168  4.5714  4.3467  4.0744  3.5381  3.2823  3.1769  2.9876  2.6980  2.6867  2.5163
 175  0.769162  3.7189  3.5731  0.5798  8.7639  6.7576  5.1847  4.5364  4.3025  4.0285  3.4893  3.2324  3.1266  2.9365  2.6457  2.6342  2.4627
 176  0.769527  3.7180  3.5489  0.6007  8.7570  6.7349  5.1500  4.4993  4.2570  3.9816  3.4399  3.1820  3.0758  2.8851  2.5930  2.5814  2.4090
 177  0.769883  3.7172  3.5249  0.6217  8.7457  6.7093  5.1134  4.4604  4.2107  3.9339  3.3900  3.1312  3.0248  2.8334  2.5402  2.5286  2.3552
 178  0.770234  3.7165  3.5013  0.6427  8.7303  6.6810  5.0751  4.4201  4.1635  3.8855  3.3396  3.0801  2.9734  2.7815  2.4873  2.4756  2.3014
 179  0.770578  3.7158  3.4775  0.6638  8.7147  6.6526  5.0365  4.3798  4.1163  3.8370  3.2892  3.0288  2.9219  2.7295  2.4342  2.4224  2.2474
 180  0.770915  3.7151  3.4538  0.6850  8.6970  6.6229  4.9972  4.3385  4.0686  3.7881  3.2385  2.9773  2.8701  2.6771  2.3810  2.3691  2.1933
 181  0.771245  3.7145  3.4302  0.7063  8.6765  6.5914  4.9567  4.2964  4.0203  3.7388  3.1875  2.9255  2.8182  2.6247  2.3276  2.3157  2.1391
 182  0.771455  3.7140  3.4148  0.7201  8.6632  6.5711  4.9303  4.2690  3.9889  3.7067  3.1542  2.8918  2.7843  2.5905  2.2928  2.2809  2.1039
 183  0.771665  3.7137  3.3993  0.7342  8.6490  6.5499  4.9033  4.2410  3.9569  3.6741  3.1204  2.8575  2.7499  2.5558  2.2576  2.2455  2.0681
 184  0.771875  3.7132  3.3835  0.7485  8.6338  6.5279  4.8756  4.2122  3.9243  3.6407  3.0860  2.8226  2.7149  2.5204  2.2216  2.2096  2.0316
 185  0.772085  3.7129  3.3677  0.7629  8.6187  6.5060  4.8477  4.1834  3.8915  3.6072  3.0514  2.7876  2.6798  2.4849  2.1856  2.1735  1.9951
 186  0.772294  3.7124  3.3513  0.7776  8.6030  6.4834  4.8190  4.1536  3.8578  3.5728  3.0159  2.7516  2.6436  2.4485  2.1485  2.1363  1.9574
 187  0.772502  3.7120  3.3342  0.7931  8.5862  6.4595  4.7889  4.1225  3.8225  3.5367  2.9786  2.7139  2.6057  2.4102  2.1096  2.0975  1.9181
 188  0.772708  3.7116  3.3165  0.8092  8.5685  6.4350  4.7578  4.0902  3.7859  3.4993  2.9400  2.6748  2.5664  2.3706  2.0694  2.0572  1.8773
 189  0.772910  3.7111  3.2976  0.8264  8.5500  6.4096  4.7247  4.0559  3.7468  3.4594  2.8987  2.6329  2.5243  2.3281  2.0262  2.0139  1.8335
 190  0.773110  3.7106  3.2779  0.8442  8.5297  6.3820  4.6897  4.0198  3.7059  3.4176  2.8556  2.5892  2.4806  2.2839  1.9813  1.9690  1.7880
 191  0.773307  3.7101  3.2570  0.8632  8.5089  6.3541  4.6534  3.9821  3.6629  3.3737  2.8102  2.5431  2.4342  2.2373  1.9339  1.9214  1.7398
 192  0.773499  3.7095  3.2349  0.8831  8.4879  6.3259  4.6157  3.9429  3.6180  3.3277  2.7626  2.4949  2.3858  2.1883  1.8840  1.8716  1.6892
 193  0.773688  3.7089  3.2120  0.9037  8.4662  6.2966  4.5766  3.9021  3.5713  3.2800  2.7131  2.4447  2.3353  2.1374  1.8323  1.8197  1.6367
 194  0.773874  3.7083  3.1882  0.9251  8.4438  6.2671  4.5362  3.8599  3.5229  3.2304  2.6617  2.3925  2.2830  2.0845  1.7785  1.7659  1.5821
 195  0.774057  3.7077  3.1636  0.9472  8.4214  6.2375  4.4951  3.8170  3.4734  3.1796  2.6090  2.3389  2.2291  2.0301  1.7232  1.7105  1.5259
 196  0.774236  3.7069  3.1381  0.9701  8.3987  6.2077  4.4530  3.7728  3.4222  3.1271  2.5545  2.2836  2.1735  1.9738  1.6658  1.6531  1.4677
 197  0.774411  3.7062  3.1115  0.9935  8.3770  6.1787  4.4105  3.7282  3.3698  3.0733  2.4984  2.2265  2.1162  1.9158  1.6067  1.5939  1.4076
 198  0.774582  3.7054  3.0843  1.0178  8.3549  6.1501  4.3674  3.6826  3.3162  3.0182  2.4408  2.1680  2.0573  1.8563  1.5460  1.5331  1.3459
 199  0.774749  3.7046  3.0562  1.0427  8.3324  6.1213  4.3234  3.6361  3.2613  2.9617  2.3818  2.1080  1.9970  1.7953  1.4837  1.4707  1.2825
 200  0.774912  3.7037  3.0272  1.0682  8.3084  6.0925  4.2786  3.5887  3.2051  2.9039  2.3214  2.0463  1.9350  1.7325  1.4196  1.4065  1.2173
 201  0.775071  3.7028  2.9973  1.0944  8.2823  6.0637  4.2334  3.5407  3.1479  2.8449  2.2595  1.9832  1.8716  1.6682  1.3539  1.3407  1.1503
 202  0.775225  3.7017  2.9665  1.1212  8.2575  6.0368  4.1883  3.4927  3.0898  2.7850  2.1964  1.9188  1.8068  1.6025  1.2867  1.2734  1.0817
 203  0.775373  3.7006  2.9348  1.1486  8.2339  6.0116  4.1437  3.4448  3.0311  2.7241  2.1321  1.8532  1.7407  1.5355  1.2180  1.2046  1.0116
 204  0.775517  3.6995  2.9021  1.1767  8.2101  5.9877  4.0988  3.3963  2.9712  2.6621  2.0666  1.7861  1.6732  1.4670  1.1477  1.1342  0.9399
 205  0.775656  3.6983  2.8687  1.2054  8.1871  5.9658  4.0540  3.3478  2.9105  2.5991  1.9998  1.7178  1.6045  1.3971  1.0760  1.0623  0.8665
 206  0.775789  3.6970  2.8345  1.2347  8.1641  5.9456  4.0093  3.2994  2.8490  2.5353  1.9320  1.6484  1.5344  1.3260  1.0030  0.9892  0.7917
 207  0.775917  3.6957  2.7995  1.2645  8.1411  5.9269  3.9647  3.2506  2.7867  2.4705  1.8631  1.5778  1.4633  1.2537  0.9288  0.9148  0.7157
 208  0.776040  3.6944  2.7639  1.2947  8.1188  5.9106  3.9205  3.2023  2.7238  2.4050  1.7933  1.5062  1.3912  1.1804  0.8534  0.8391  0.6383
 209  0.776158  3.6929  2.7276  1.3254  8.0969  5.8979  3.8769  3.1542  2.6604  2.3389  1.7226  1.4337  1.3181  1.1060  0.7768  0.7625  0.5599
 210  0.776270  3.6914  2.6907  1.3566  8.0757  5.8894  3.8341  3.1066  2.5965  2.2722  1.6512  1.3603  1.2441  1.0306  0.6993  0.6847  0.4804
 211  0.776377  3.6899  2.6531  1.3881  8.0551  5.8836  3.7918  3.0594  2.5323  2.2050  1.5790  1.2861  1.1693  0.9544  0.6208  0.6061  0.3998
 212  0.776479  3.6884  2.6150  1.4201  8.0355  5.8810  3.7503  3.0129  2.4678  2.1373  1.5062  1.2111  1.0937  0.8775  0.5414  0.5265  0.3183
 213  0.776574  3.6868  2.5762  1.4525  8.0173  5.8818  3.7098  2.9672  2.4030  2.0692  1.4327  1.1354  1.0173  0.7995  0.4610  0.4459  0.2356
 214  0.776661  3.6850  2.5357  1.4862  7.9991  5.8862  3.6700  2.9220  2.3368  1.9994  1.3569  1.0572  0.9383  0.7189  0.3776  0.3622  0.1497
 215  0.776749  3.6831  2.4911  1.5230  7.9881  5.8992  3.6315  2.8775  2.2666  1.9249  1.2751  0.9725  0.8528  0.6315  0.2866  0.2711  0.0559
 216  0.776833  3.6812  2.4490  1.5576  7.9906  5.9198  3.5978  2.8373  2.2007  1.8546  1.1979  0.8925  0.7718  0.5487  0.2007  0.1850 -0.0326
 217  0.776843  3.6810  2.4441  1.5617  7.9924  5.9227  3.5940  2.8326  2.1930  1.8464  1.1889  0.8832  0.7624  0.5391  0.1908  0.1750 -0.0429
 218  0.776853  3.6808  2.4393  1.5657  7.9939  5.9256  3.5900  2.8278  2.1852  1.8381  1.1799  0.8738  0.7530  0.5294  0.1808  0.1650 -0.0532
 219  0.776863  3.6806  2.4344  1.5698  7.9956  5.9285  3.5863  2.8231  2.1775  1.8299  1.1708  0.8644  0.7435  0.5197  0.1708  0.1549 -0.0636
 220  0.776874  3.6804  2.4295  1.5738  7.9977  5.9317  3.5825  2.8184  2.1698  1.8217  1.1618  0.8550  0.7340  0.5100  0.1607  0.1448 -0.0739
 221  0.776884  3.6801  2.4245  1.5778  7.9996  5.9348  3.5789  2.8138  2.1621  1.8135  1.1527  0.8457  0.7245  0.5003  0.1506  0.1347 -0.0842
 222  0.776894  3.6799  2.4196  1.5818  8.0018  5.9382  3.5753  2.8094  2.1546  1.8054  1.1437  0.8364  0.7151  0.4907  0.1407  0.1248 -0.0945
 223  0.776905  3.6797  2.4147  1.5858  8.0040  5.9416  3.5717  2.8049  2.1470  1.7972  1.1348  0.8271  0.7057  0.4810  0.1307  0.1148 -0.1048
 224  0.776915  3.6795  2.4098  1.5899  8.0062  5.9449  3.5681  2.8004  2.1394  1.7890  1.1258  0.8177  0.6962  0.4714  0.1207  0.1047 -0.1151
 225  0.776926  3.6793  2.4050  1.5939  8.0086  5.9481  3.5646  2.7959  2.1318  1.7810  1.1169  0.8085  0.6869  0.4618  0.1108  0.0948 -0.1253
 226  0.776936  3.6790  2.4001  1.5978  8.0113  5.9518  3.5612  2.7916  2.1243  1.7730  1.1080  0.7993  0.6776  0.4524  0.1009  0.0849 -0.1354
 227  0.777039  3.6772  2.3584  1.6322  8.0451  5.9786  3.5298  2.7519  2.0585  1.7023  1.0303  0.7188  0.5962  0.3692  0.0151 -0.0012 -0.2237
 228  0.777134  3.6767  2.3426  1.6461  8.0916  5.9769  3.5103  2.7276  2.0271  1.6694  0.9958  0.6836  0.5607  0.3334 -0.0209 -0.0372 -0.2600
 229  0.777232  3.6758  2.3194  1.6657  8.1381  5.9910  3.4905  2.7016  1.9870  1.6265  0.9494  0.6358  0.5125  0.2844 -0.0708 -0.0872 -0.3109
 230  0.777330  3.6728  2.2576  1.7157  8.1607  6.0587  3.4577  2.6575  1.8969  1.5287  0.8396  0.5213  0.3964  0.1654 -0.1945 -0.2112 -0.4386
 231  0.777419  3.6698  2.1959  1.7655  8.1696  6.1284  3.4288  2.6186  1.8088  1.4327  0.7313  0.4080  0.2815  0.0473 -0.3171 -0.3342 -0.5655
 232  0.777499  3.6670  2.1394  1.8108  8.1552  6.1889  3.4031  2.5850  1.7296  1.3464  0.6335  0.3054  0.1774 -0.0596 -0.4283 -0.4458 -0.6807
 233  0.777570  3.6649  2.0948  1.8468  8.1223  6.2335  3.3834  2.5609  1.6676  1.2787  0.5565  0.2247  0.0955 -0.1439 -0.5159 -0.5337 -0.7715
 234  0.777638  3.6634  2.0632  1.8726  8.0730  6.2607  3.3703  2.5475  1.6241  1.2312  0.5022  0.1675  0.0374 -0.2037 -0.5779 -0.5960 -0.8358
 235  0.777703  3.6605  2.0069  1.9173  8.0474  6.3170  3.3507  2.5222  1.5501  1.1497  0.4082  0.0684 -0.0632 -0.3074 -0.6864 -0.7049 -0.9487
 236  0.777762  3.6571  1.9425  1.9681  8.0222  6.3767  3.3293  2.4942  1.4669  1.0576  0.3014 -0.0443 -0.1778 -0.4256 -0.8102 -0.8291 -1.0775
 237  0.777815  3.6537  1.8792  2.0178  7.9911  6.4337  3.3116  2.4711  1.3880  0.9698  0.1984 -0.1533 -0.2889 -0.5402 -0.9304 -0.9498 -1.2031
 238  0.777863  3.6503  1.8163  2.0671  7.9550  6.4904  3.2969  2.4520  1.3123  0.8850  0.0981 -0.2600 -0.3976 -0.6526 -1.0488 -1.0687 -1.3271
 239  0.777904  3.6469  1.7550  2.1148  7.9170  6.5449  3.2845  2.4358  1.2407  0.8046  0.0019 -0.3624 -0.5019 -0.7607 -1.1632 -1.1835 -1.4471
 240  0.777943  3.6434  1.6926  2.1633  7.8774  6.5997  3.2726  2.4209  1.1693  0.7242 -0.0948 -0.4655 -0.6071 -0.8697 -1.2791 -1.2999 -1.5690
 241  0.777977  3.6400  1.6333  2.2091  7.8344  6.6543  3.2638  2.4100  1.1041  0.6503 -0.1847 -0.5616 -0.7052 -0.9715 -1.3880 -1.4092 -1.6837
 242  0.778007  3.6368  1.5767  2.2527  7.7872  6.7036  3.2558  2.4011  1.0437  0.5815 -0.2696 -0.6525 -0.7982 -1.0677 -1.4912 -1.5128 -1.7928
 243  0.778034  3.6335  1.5209  2.2956  7.7373  6.7490  3.2481  2.3932  0.9860  0.5156 -0.3519 -0.7407 -0.8885 -1.1613 -1.5923 -1.6144 -1.8999
 244  0.778059  3.6303  1.4661  2.3376  7.6856  6.7905  3.2406  2.3864  0.9312  0.4527 -0.4313 -0.8259 -0.9760 -1.2519 -1.6907 -1.7133 -2.0044
 245  0.778082  3.6271  1.4122  2.3787  7.6316  6.8266  3.2324  2.3793  0.8786  0.3924 -0.5080 -0.9084 -1.0606 -1.3396 -1.7867 -1.8097 -2.1067
 246  0.778102  3.6239  1.3598  2.4185  7.5777  6.8603  3.2251  2.3739  0.8297  0.3360 -0.5807 -0.9868 -1.1410 -1.4232 -1.8793 -1.9027 -2.2056
 247  0.778122  3.6208  1.3075  2.4580  7.5224  6.8879  3.2177  2.3694  0.7828  0.2817 -0.6514 -1.0631 -1.2194 -1.5048 -1.9708 -1.9946 -2.3038
 248  0.778139  3.6176  1.2561  2.4968  7.4662  6.9119  3.2094  2.3641  0.7379  0.2297 -0.7202 -1.1372 -1.2956 -1.5839 -2.0605 -2.0847 -2.4002
 249  0.778154  3.6145  1.2067  2.5340  7.4102  6.9309  3.1999  2.3582  0.6955  0.1807 -0.7855 -1.2074 -1.3677 -1.6589 -2.1467 -2.1711 -2.4929
 250  0.778169  3.6115  1.1572  2.5711  7.3529  6.9460  3.1898  2.3522  0.6548  0.1337 -0.8488 -1.2754 -1.4377 -1.7318 -2.2322 -2.2569 -2.5855
 251  0.778182  3.6085  1.1095  2.6071  7.2958  6.9556  3.1785  2.3457  0.6160  0.0888 -0.9101 -1.3409 -1.5049 -1.8017 -2.3150 -2.3400 -2.6750
 252  0.778195  3.6055  1.0623  2.6424  7.2387  6.9618  3.1671  2.3396  0.5796  0.0465 -0.9684 -1.4033 -1.5689 -1.8686 -2.3962 -2.4214 -2.7633
 253  0.778206  3.6026  1.0160  2.6769  7.1821  6.9636  3.1552  2.3336  0.5461  0.0079 -1.0226 -1.4616 -1.6286 -1.9318 -2.4750 -2.5005 -2.8495
 254  0.778217  3.5997  0.9708  2.7105  7.1267  6.9599  3.1430  2.3281  0.5161 -0.0271 -1.0728 -1.5156 -1.6837 -1.9908 -2.5511 -2.5769 -2.9333
 255  0.778226  3.5968  0.9262  2.7437  7.0712  6.9532  3.1296  2.3220  0.4878 -0.0597 -1.1198 -1.5661 -1.7350 -2.0467 -2.6259 -2.6521 -3.0161
 256  0.778236  3.5940  0.8826  2.7759  7.0167  6.9445  3.1158  2.3159  0.4618 -0.0894 -1.1630 -1.6122 -1.7815 -2.0983 -2.6988 -2.7254 -3.0972
 257  0.778244  3.5912  0.8398  2.8076  6.9627  6.9336  3.1014  2.3099  0.4386 -0.1155 -1.2020 -1.6539 -1.8232 -2.1459 -2.7699 -2.7967 -3.1767
 258  0.778251  3.5885  0.7977  2.8384  6.9097  6.9210  3.0862  2.3034  0.4183 -0.1383 -1.2360 -1.6906 -1.8595 -2.1892 -2.8388 -2.8660 -3.2546
 259  0.778259  3.5857  0.7567  2.8686  6.8575  6.9068  3.0701  2.2964  0.4006 -0.1570 -1.2645 -1.7215 -1.8894 -2.2279 -2.9057 -2.9334 -3.3306
 260  0.778266  3.5830  0.7165  2.8981  6.8062  6.8912  3.0529  2.2888  0.3855 -0.1725 -1.2885 -1.7478 -1.9143 -2.2626 -2.9705 -2.9986 -3.4049
 261  0.778272  3.5804  0.6769  2.9271  6.7559  6.8748  3.0351  2.2810  0.3735 -0.1838 -1.3074 -1.7692 -1.9341 -2.2932 -3.0330 -3.0618 -3.4776
 262  0.778278  3.5778  0.6383  2.9553  6.7069  6.8579  3.0165  2.2725  0.3643 -0.1915 -1.3215 -1.7859 -1.9488 -2.3197 -3.0929 -3.1224 -3.5482
 263  0.778284  3.5752  0.6004  2.9830  6.6593  6.8411  2.9976  2.2640  0.3582 -0.1949 -1.3297 -1.7968 -1.9573 -2.3414 -3.1502 -3.1805 -3.6168
 264  0.778289  3.5727  0.5632  3.0101  6.6145  6.8279  2.9805  2.2588  0.3608 -0.1863 -1.3203 -1.7903 -1.9461 -2.3498 -3.2025 -3.2342 -3.6832
 265  0.778294  3.5702  0.5270  3.0366  6.5714  6.8151  2.9633  2.2540  0.3671 -0.1726 -1.3039 -1.7770 -1.9276 -2.3526 -3.2519 -3.2852 -3.7476
 266  0.778298  3.5678  0.4914  3.0625  6.5294  6.8025  2.9461  2.2495  0.3756 -0.1560 -1.2832 -1.7592 -1.9043 -2.3517 -3.2990 -3.3340 -3.8102
 267  0.778303  3.5655  0.4564  3.0880  6.4889  6.7894  2.9282  2.2437  0.3842 -0.1373 -1.2588 -1.7385 -1.8780 -2.3477 -3.3425 -3.3798 -3.8706
 268  0.778307  3.5631  0.4221  3.1129  6.4499  6.7761  2.9101  2.2373  0.3934 -0.1167 -1.2315 -1.7152 -1.8493 -2.3412 -3.3828 -3.4226 -3.9287
 269  0.778311  3.5608  0.3886  3.1373  6.4127  6.7640  2.8931  2.2322  0.4061 -0.0922 -1.2002 -1.6883 -1.8170 -2.3311 -3.4200 -3.4625 -3.9845
 270  0.778315  3.5585  0.3555  3.1611  6.3773  6.7531  2.8775  2.2287  0.4225 -0.0639 -1.1653 -1.6584 -1.7820 -2.3183 -3.4544 -3.4998 -4.0382
 271  0.778318  3.5561  0.3227  3.1843  6.3453  6.7462  2.8652  2.2294  0.4467 -0.0261 -1.1205 -1.6192 -1.7375 -2.2972 -3.4834 -3.5322 -4.0885
 272  0.778322  3.5538  0.2907  3.2072  6.3139  6.7385  2.8528  2.2297  0.4706  0.0106 -1.0781 -1.5829 -1.6966 -2.2776 -3.5111 -3.5633 -4.1374
 273  0.778325  3.5515  0.2590  3.2294  6.2859  6.7345  2.8446  2.2345  0.5013  0.0541 -1.0312 -1.5434 -1.6536 -2.2545 -3.5339 -3.5898 -4.1825
 274  0.778328  3.5493  0.2286  3.2512  6.2605  6.7303  2.8379  2.2396  0.5353  0.1003 -0.9851 -1.5079 -1.6174 -2.2335 -3.5508 -3.6109 -4.2224
 275  0.778330  3.5471  0.1985  3.2726  6.2373  6.7283  2.8340  2.2481  0.5749  0.1521 -0.9347 -1.4691 -1.5783 -2.2091 -3.5639 -3.6284 -4.2597
 276  0.778333  3.5450  0.1693  3.2933  6.2162  6.7281  2.8326  2.2591  0.6180  0.2069 -0.8823 -1.4289 -1.5380 -2.1828 -3.5739 -3.6430 -4.2941
 277  0.778336  3.5429  0.1407  3.3135  6.1963  6.7282  2.8315  2.2700  0.6616  0.2624 -0.8300 -1.3889 -1.4985 -2.1566 -3.5825 -3.6561 -4.3268
 278  0.778338  3.5410  0.1135  3.3328  6.1745  6.7228  2.8245  2.2719  0.6932  0.3076 -0.7866 -1.3574 -1.4674 -2.1376 -3.5946 -3.6717 -4.3592
 279  0.778385  3.5393  0.0902  3.3495  6.1561  6.7180  2.8187  2.2737  0.7219  0.3478 -0.7484 -1.3299 -1.4405 -2.1209 -3.6038 -3.6839 -4.3863
