#NUMBER OF AGES= 1
#----------------------------------------------------       
#MIX-LEN  Y      Z          Zeff        [Fe/H] [a/Fe]
# 1.9380  0.3300 5.5373E-03 2.8186E-03  -0.72   0.40 
#----------------------------------------------------       
#**PHOTOMETRIC SYSTEM**: HST WFPC2 (Vega)                   
#----------------------------------------------------       
#AGE=12.200 EEPS=266
#EEP   M/Mo    LogTeff  LogG   LogL/Lo F218W   F255W   F300W   F336W   F439W   F450W   F555W   F606W   F622W   F675W   F791W   F814W   F850LP
  14  0.117818  3.5180  5.2280 -2.6930 20.7653 20.7838 16.9493 16.1704 15.0304 14.5755 13.2930 12.7788 12.5976 12.1431 10.9421 10.8937 10.3602
  15  0.138179  3.5200  5.1631 -2.5509 20.3964 20.3715 16.5470 15.7593 14.6148 14.1741 12.9080 12.3942 12.2139 11.7626 10.5837 10.5360 10.0072
  16  0.157073  3.5228  5.1166 -2.4378 20.0976 20.0234 16.2125 15.4156 14.2658 13.8372 12.5868 12.0741 11.8943 11.4478 10.2952 10.2485  9.7263
  17  0.174512  3.5264  5.0837 -2.3446 19.8453 19.7130 15.9204 15.1135 13.9569 13.5395 12.3054 11.7944 11.6149 11.1750 10.0547 10.0093  9.4961
  18  0.190168  3.5300  5.0592 -2.2682 19.6352 19.4465 15.6728 14.8571 13.6945 13.2864 12.0671 11.5581 11.3788 10.9452  9.8561  9.8118  9.3076
  19  0.204411  3.5331  5.0389 -2.2041 19.4594 19.2237 15.4662 14.6438 13.4763 13.0754 11.8684 11.3610 11.1819 10.7533  9.6898  9.6467  9.1501
  20  0.218837  3.5360  5.0207 -2.1448 19.2965 19.0176 15.2755 14.4474 13.2750 12.8805 11.6845 11.1786 10.9998 10.5757  9.5360  9.4937  9.0041
  21  0.232031  3.5386  5.0055 -2.0939 19.1563 18.8396 15.1115 14.2787 13.1022 12.7127 11.5261 11.0217 10.8430 10.4230  9.4039  9.3625  8.8790
  22  0.242861  3.5407  4.9935 -2.0537 19.0466 18.7002 14.9830 14.1468 12.9668 12.5811 11.4017 10.8984 10.7197 10.3029  9.3002  9.2593  8.7806
  23  0.250795  3.5422  4.9845 -2.0249 18.9683 18.6007 14.8912 14.0524 12.8698 12.4866 11.3124 10.8097 10.6312 10.2165  9.2255  9.1852  8.7099
  24  0.256681  3.5433  4.9779 -2.0040 18.9121 18.5293 14.8254 13.9850 12.8002 12.4187 11.2479 10.7457 10.5672 10.1540  9.1715  9.1315  8.6588
  25  0.261177  3.5441  4.9731 -1.9883 18.8705 18.4767 14.7770 13.9354 12.7489 12.3686 11.2002 10.6984 10.5199 10.1078  9.1316  9.0917  8.6210
  26  0.264664  3.5447  4.9695 -1.9765 18.8384 18.4359 14.7398 13.8973 12.7097 12.3301 11.1636 10.6620 10.4836 10.0723  9.1009  9.0613  8.5919
  27  0.267307  3.5452  4.9667 -1.9674 18.8135 18.4043 14.7111 13.8679 12.6794 12.3005 11.1354 10.6341 10.4556 10.0451  9.0775  9.0380  8.5698
  28  0.269532  3.5456  4.9647 -1.9599 18.7930 18.3777 14.6872 13.8435 12.6543 12.2759 11.1121 10.6109 10.4325 10.0226  9.0583  9.0189  8.5518
  29  0.271538  3.5461  4.9627 -1.9531 18.7739 18.3531 14.6652 13.8209 12.6310 12.2531 11.0905 10.5895 10.4111 10.0018  9.0407  9.0013  8.5351
  30  0.273637  3.5465  4.9610 -1.9464 18.7549 18.3284 14.6432 13.7983 12.6077 12.2303 11.0690 10.5682 10.3898  9.9811  9.0231  8.9839  8.5187
  31  0.276022  3.5469  4.9593 -1.9389 18.7340 18.3012 14.6189 13.7734 12.5822 12.2051 11.0452 10.5447 10.3663  9.9584  9.0038  8.9648  8.5007
  32  0.278749  3.5474  4.9573 -1.9306 18.7105 18.2710 14.5919 13.7457 12.5536 12.1772 11.0187 10.5185 10.3402  9.9330  8.9822  8.9433  8.4804
  33  0.281852  3.5480  4.9548 -1.9211 18.6839 18.2370 14.5614 13.7145 12.5214 12.1457 10.9888 10.4889 10.3106  9.9043  8.9576  8.9189  8.4573
  34  0.285342  3.5486  4.9518 -1.9103 18.6539 18.1992 14.5271 13.6795 12.4854 12.1103 10.9552 10.4558 10.2774  9.8720  8.9297  8.8912  8.4311
  35  0.289503  3.5493  4.9480 -1.8974 18.6182 18.1546 14.4868 13.6383 12.4429 12.0687 10.9156 10.4165 10.2382  9.8338  8.8966  8.8583  8.3997
  36  0.308181  3.5535  4.9278 -1.8338 18.4366 17.9249 14.2802 13.4267 12.2218 11.8518 10.7089 10.2129 10.0344  9.6377  8.7312  8.6942  8.2456
  37  0.333221  3.5596  4.8998 -1.7485 18.1916 17.6116 14.0030 13.1433 11.9250 11.5599 10.4314  9.9402  9.7613  9.3751  8.5098  8.4748  8.0404
  38  0.358108  3.5661  4.8695 -1.6600 17.9275 17.2507 13.7084 12.8455 11.6238 11.2603 10.1478  9.6598  9.4813  9.1035  8.2833  8.2498  7.8296
  39  0.378227  3.5724  4.8426 -1.5834 17.6919 16.9132 13.4448 12.5800 11.3576 10.9938  9.8962  9.4117  9.2336  8.8641  8.0876  8.0552  7.6491
  40  0.390072  3.5767  4.8258 -1.5361 17.5507 16.6965 13.2831 12.4169 11.1914 10.8253  9.7351  9.2526  9.0742  8.7113  7.9664  7.9349  7.5392
  41  0.401792  3.5812  4.8091 -1.4886 17.4021 16.4714 13.1165 12.2497 11.0234 10.6548  9.5728  9.0929  8.9145  8.5584  7.8449  7.8142  7.4289
  42  0.413156  3.5858  4.7929 -1.4418 17.2512 16.2446 12.9486 12.0817 10.8563 10.4850  9.4121  8.9354  8.7570  8.4080  7.7252  7.6954  7.3206
  43  0.423804  3.5905  4.7780 -1.3973 17.1052 16.0280 12.7858 11.9189 10.6951 10.3213  9.2579  8.7849  8.6066  8.2647  7.6112  7.5824  7.2180
  44  0.433742  3.5950  4.7645 -1.3553 16.9650 15.8269 12.6291 11.7620 10.5395 10.1639  9.1107  8.6422  8.4640  8.1292  7.5031  7.4750  7.1209
  45  0.443162  3.5997  4.7519 -1.3150 16.8287 15.6355 12.4766 11.6091 10.3877 10.0108  8.9686  8.5049  8.3271  7.9995  7.3993  7.3721  7.0281
  46  0.452297  3.6044  4.7402 -1.2754 16.6941 15.4504 12.3253 11.4575 10.2369  9.8593  8.8290  8.3708  8.1933  7.8730  7.2978  7.2713  6.9373
  47  0.461423  3.6094  4.7289 -1.2356 16.5575 15.2676 12.1712 11.3030 10.0826  9.7049  8.6884  8.2365  8.0597  7.7467  7.1958  7.1702  6.8462
  48  0.470754  3.6148  4.7180 -1.1947 16.4176 15.0879 12.0122 11.1429  9.9207  9.5442  8.5442  8.0999  7.9240  7.6189  7.0915  7.0667  6.7529
  49  0.480165  3.6204  4.7077 -1.1531 16.2746 14.9114 11.8463 10.9745  9.7506  9.3763  8.3958  7.9605  7.7860  7.4893  6.9853  6.9613  6.6582
  50  0.489259  3.6265  4.6989 -1.1120 16.1282 14.7329 11.6735 10.7983  9.5762  9.2053  8.2471  7.8223  7.6494  7.3617  6.8806  6.8575  6.5653
  51  0.498054  3.6328  4.6912 -1.0717 15.9774 14.5476 11.4902 10.6109  9.3981  9.0309  8.0985  7.6852  7.5146  7.2363  6.7775  6.7554  6.4742
  52  0.503020  3.6364  4.6871 -1.0486 15.8854 14.4293 11.3768 10.4952  9.2937  8.9290  8.0130  7.6070  7.4380  7.1651  6.7187  6.6970  6.4220
  53  0.507947  3.6402  4.6833 -1.0255 15.7875 14.2969 11.2570 10.3733  9.1883  8.8261  7.9275  7.5291  7.3619  7.0942  6.6599  6.6388  6.3699
  54  0.512838  3.6439  4.6797 -1.0026 15.6821 14.1492 11.1307 10.2454  9.0824  8.7226  7.8422  7.4515  7.2864  7.0240  6.6013  6.5807  6.3179
  55  0.517687  3.6477  4.6762 -0.9799 15.5693 13.9884 10.9988 10.1128  8.9767  8.6195  7.7578  7.3748  7.2120  6.9547  6.5430  6.5229  6.2660
  56  0.522491  3.6515  4.6728 -0.9573 15.4472 13.8106 10.8597  9.9736  8.8711  8.5164  7.6739  7.2989  7.1386  6.8861  6.4849  6.4653  6.2141
  57  0.527238  3.6554  4.6697 -0.9349 15.3150 13.6158 10.7141  9.8295  8.7661  8.4139  7.5910  7.2238  7.0664  6.8185  6.4270  6.4079  6.1622
  58  0.531903  3.6591  4.6666 -0.9129 15.1734 13.4089 10.5652  9.6834  8.6630  8.3133  7.5099  7.1505  6.9958  6.7523  6.3697  6.3511  6.1107
  59  0.536492  3.6630  4.6638 -0.8911 15.0195 13.1891 10.4128  9.5353  8.5613  8.2143  7.4303  7.0784  6.9268  6.6875  6.3131  6.2950  6.0598
  60  0.541020  3.6667  4.6609 -0.8696 14.8537 12.9614 10.2591  9.3873  8.4618  8.1177  7.3525  7.0081  6.8596  6.6241  6.2573  6.2397  6.0093
  61  0.545480  3.6703  4.6580 -0.8485 14.6728 12.7232 10.1042  9.2400  8.3646  8.0235  7.2767  6.9394  6.7940  6.5623  6.2024  6.1853  5.9597
  62  0.549874  3.6739  4.6551 -0.8276 14.4664 12.4756  9.9477  9.0935  8.2699  7.9323  7.2030  6.8727  6.7303  6.5021  6.1487  6.1320  5.9110
  63  0.554207  3.6774  4.6521 -0.8071 14.2407 12.2225  9.7911  8.9486  8.1776  7.8438  7.1314  6.8077  6.6685  6.4436  6.0961  6.0799  5.8632
  64  0.558480  3.6810  4.6490 -0.7869 14.0045 11.9712  9.6367  8.8070  8.0881  7.7583  7.0619  6.7446  6.6083  6.3867  6.0446  6.0289  5.8164
  65  0.562710  3.6843  4.6457 -0.7670 13.7707 11.7282  9.4869  8.6703  8.0015  7.6758  6.9945  6.6831  6.5496  6.3311  5.9941  5.9787  5.7703
  66  0.566875  3.6875  4.6423 -0.7475 13.5442 11.4976  9.3433  8.5396  7.9179  7.5963  6.9290  6.6233  6.4926  6.2769  5.9447  5.9298  5.7252
  67  0.570990  3.6906  4.6387 -0.7283 13.3425 11.2898  9.2096  8.4172  7.8377  7.5200  6.8656  6.5652  6.4368  6.2239  5.8963  5.8817  5.6808
  68  0.575056  3.6936  4.6351 -0.7094 13.1649 11.1038  9.0854  8.3029  7.7605  7.4467  6.8040  6.5085  6.3823  6.1720  5.8489  5.8347  5.6373
  69  0.579054  3.6966  4.6312 -0.6908 13.0120 10.9383  8.9699  8.1957  7.6862  7.3760  6.7442  6.4531  6.3290  6.1213  5.8024  5.7885  5.5947
  70  0.582994  3.6995  4.6274 -0.6725 12.8666 10.7831  8.8594  8.0931  7.6142  7.3076  6.6860  6.3992  6.2769  6.0716  5.7570  5.7434  5.5528
  71  0.586868  3.7022  4.6234 -0.6545 12.7257 10.6359  8.7527  7.9943  7.5442  7.2412  6.6293  6.3465  6.2261  6.0232  5.7124  5.6992  5.5118
  72  0.590683  3.7050  4.6194 -0.6368 12.5866 10.4948  8.6493  7.8986  7.4762  7.1768  6.5741  6.2950  6.1763  5.9756  5.6686  5.6557  5.4715
  73  0.594432  3.7076  4.6153 -0.6193 12.4394 10.3546  8.5470  7.8046  7.4098  7.1140  6.5201  6.2448  6.1277  5.9292  5.6258  5.6132  5.4320
  74  0.598122  3.7102  4.6112 -0.6021 12.2860 10.2155  8.4457  7.7122  7.3449  7.0528  6.4675  6.1958  6.0802  5.8838  5.5838  5.5715  5.3931
  75  0.601742  3.7128  4.6069 -0.5852 12.1245 10.0760  8.3453  7.6213  7.2814  6.9932  6.4162  6.1478  6.0338  5.8393  5.5427  5.5307  5.3551
  76  0.605295  3.7152  4.6027 -0.5686 11.9628  9.9401  8.2470  7.5326  7.2196  6.9350  6.3661  6.1009  5.9884  5.7958  5.5024  5.4908  5.3179
  77  0.608786  3.7176  4.5983 -0.5522 11.8034  9.8089  8.1516  7.4465  7.1594  6.8786  6.3172  6.0552  5.9440  5.7533  5.4630  5.4515  5.2813
  78  0.612217  3.7198  4.5939 -0.5360 11.6464  9.6820  8.0586  7.3630  7.1006  6.8234  6.2695  6.0104  5.9005  5.7116  5.4243  5.4131  5.2453
  79  0.615575  3.7221  4.5893 -0.5202 11.4931  9.5599  7.9686  7.2819  7.0434  6.7698  6.2229  5.9667  5.8581  5.6708  5.3864  5.3754  5.2100
  80  0.618871  3.7243  4.5846 -0.5046 11.3465  9.4436  7.8817  7.2036  6.9876  6.7176  6.1775  5.9239  5.8165  5.6308  5.3492  5.3385  5.1754
  81  0.622098  3.7264  4.5800 -0.4892 11.2043  9.3321  7.7975  7.1278  6.9334  6.6666  6.1332  5.8822  5.7759  5.5918  5.3128  5.3023  5.1414
  82  0.626224  3.7290  4.5738 -0.4696 11.0275  9.1942  7.6922  7.0327  6.8645  6.6021  6.0769  5.8291  5.7242  5.5421  5.2665  5.2561  5.0980
  83  0.630273  3.7316  4.5674 -0.4502 10.8562  9.0619  7.5903  6.9406  6.7975  6.5393  6.0219  5.7771  5.6735  5.4932  5.2208  5.2108  5.0552
  84  0.634246  3.7340  4.5608 -0.4312 10.6900  8.9349  7.4916  6.8514  6.7320  6.4778  5.9680  5.7262  5.6238  5.4454  5.1759  5.1662  5.0131
  85  0.638150  3.7363  4.5541 -0.4124 10.5298  8.8134  7.3964  6.7653  6.6683  6.4180  5.9153  5.6762  5.5751  5.3983  5.1317  5.1221  4.9715
  86  0.641981  3.7386  4.5473 -0.3938 10.3743  8.6962  7.3040  6.6817  6.6060  6.3594  5.8637  5.6271  5.5271  5.3519  5.0880  5.0787  4.9303
  87  0.645749  3.7409  4.5402 -0.3753 10.2247  8.5839  7.2148  6.6011  6.5450  6.3022  5.8130  5.5788  5.4798  5.3062  5.0450  5.0358  4.8896
  88  0.649455  3.7430  4.5330 -0.3572 10.0794  8.4756  7.1283  6.5228  6.4855  6.2461  5.7630  5.5312  5.4332  5.2610  5.0022  4.9933  4.8491
  89  0.653102  3.7450  4.5255 -0.3391  9.9388  8.3710  7.0443  6.4467  6.4270  6.1910  5.7139  5.4844  5.3872  5.2163  4.9599  4.9511  4.8089
  90  0.656689  3.7469  4.5179 -0.3212  9.8026  8.2700  6.9629  6.3728  6.3697  6.1369  5.6656  5.4379  5.3417  5.1722  4.9179  4.9093  4.7690
  91  0.660219  3.7488  4.5100 -0.3035  9.6711  8.1723  6.8837  6.3008  6.3135  6.0838  5.6179  5.3922  5.2967  5.1285  4.8762  4.8679  4.7294
  92  0.663688  3.7507  4.5019 -0.2858  9.5436  8.0776  6.8066  6.2307  6.2581  6.0314  5.5708  5.3470  5.2523  5.0852  4.8351  4.8269  4.6899
  93  0.667091  3.7524  4.4936 -0.2684  9.4207  7.9859  6.7315  6.1623  6.2036  5.9799  5.5243  5.3022  5.2083  5.0423  4.7942  4.7861  4.6508
  94  0.670429  3.7541  4.4850 -0.2510  9.3006  7.8960  6.6578  6.0951  6.1499  5.9291  5.4784  5.2581  5.1649  5.0000  4.7537  4.7458  4.6120
  95  0.673698  3.7557  4.4764 -0.2338  9.1842  7.8085  6.5856  6.0293  6.0969  5.8789  5.4331  5.2145  5.1220  4.9582  4.7136  4.7059  4.5736
  96  0.676893  3.7572  4.4675 -0.2167  9.0712  7.7231  6.5150  5.9650  6.0447  5.8294  5.3882  5.1713  5.0795  4.9167  4.6740  4.6664  4.5355
  97  0.680020  3.7587  4.4585 -0.1998  8.9634  7.6409  6.4466  5.9025  5.9935  5.7807  5.3440  5.1287  5.0375  4.8758  4.6347  4.6272  4.4976
  98  0.683070  3.7600  4.4492 -0.1831  8.8609  7.5622  6.3808  5.8421  5.9433  5.7329  5.3005  5.0866  4.9960  4.8353  4.5957  4.5884  4.4600
  99  0.686043  3.7614  4.4398 -0.1666  8.7620  7.4859  6.3168  5.7832  5.8939  5.6859  5.2574  5.0450  4.9551  4.7953  4.5572  4.5499  4.4229
 100  0.688943  3.7626  4.4302 -0.1503  8.6681  7.4127  6.2553  5.7263  5.8457  5.6397  5.2151  5.0040  4.9146  4.7557  4.5190  4.5119  4.3859
 101  0.691765  3.7638  4.4206 -0.1342  8.5777  7.3421  6.1955  5.6710  5.7983  5.5944  5.1734  4.9636  4.8747  4.7167  4.4813  4.4743  4.3493
 102  0.694515  3.7649  4.4110 -0.1183  8.4910  7.2739  6.1378  5.6174  5.7520  5.5500  5.1324  4.9238  4.8354  4.6781  4.4441  4.4371  4.3131
 103  0.697194  3.7659  4.4012 -0.1027  8.4083  7.2085  6.0819  5.5655  5.7067  5.5065  5.0920  4.8846  4.7966  4.6401  4.4072  4.4004  4.2773
 104  0.699807  3.7670  4.3914 -0.0873  8.3290  7.1456  6.0279  5.5154  5.6623  5.4638  5.0523  4.8459  4.7584  4.6025  4.3709  4.3640  4.2419
 105  0.702360  3.7679  4.3815 -0.0721  8.2538  7.0856  5.9761  5.4670  5.6190  5.4220  5.0133  4.8079  4.7207  4.5655  4.3348  4.3281  4.2067
 106  0.704860  3.7688  4.3717 -0.0571  8.1814  7.0277  5.9258  5.4201  5.5766  5.3809  4.9747  4.7702  4.6835  4.5289  4.2992  4.2926  4.1719
 107  0.707318  3.7695  4.3617 -0.0424  8.1129  6.9723  5.8775  5.3748  5.5352  5.3408  4.9369  4.7333  4.6469  4.4928  4.2640  4.2574  4.1376
 108  0.709740  3.7704  4.3518 -0.0279  8.0467  6.9186  5.8303  5.3306  5.4945  5.3013  4.8997  4.6969  4.6108  4.4574  4.2294  4.2228  4.1036
 109  0.712138  3.7710  4.3418 -0.0135  7.9833  6.8668  5.7847  5.2877  5.4547  5.2626  4.8631  4.6610  4.5752  4.4223  4.1951  4.1887  4.0700
 110  0.714487  3.7717  4.3318  0.0005  7.9228  6.8169  5.7406  5.2462  5.4158  5.2247  4.8272  4.6258  4.5403  4.3878  4.1614  4.1550  4.0369
 111  0.716721  3.7725  4.3222  0.0144  7.8616  6.7669  5.6965  5.2048  5.3772  5.1873  4.7918  4.5911  4.5060  4.3538  4.1284  4.1220  4.0044
 112  0.717636  3.7727  4.3181  0.0201  7.8356  6.7458  5.6780  5.1875  5.3610  5.1716  4.7770  4.5766  4.4915  4.3397  4.1145  4.1081  3.9909
 113  0.718551  3.7730  4.3140  0.0260  7.8103  6.7250  5.6597  5.1703  5.3449  5.1558  4.7620  4.5620  4.4770  4.3254  4.1005  4.0941  3.9772
 114  0.719466  3.7733  4.3099  0.0319  7.7851  6.7041  5.6413  5.1529  5.3285  5.1399  4.7469  4.5472  4.4623  4.3109  4.0864  4.0801  3.9633
 115  0.720379  3.7736  4.3054  0.0379  7.7605  6.6837  5.6231  5.1357  5.3121  5.1239  4.7317  4.5322  4.4475  4.2963  4.0720  4.0657  3.9492
 116  0.721291  3.7738  4.3009  0.0439  7.7363  6.6634  5.6048  5.1185  5.2957  5.1078  4.7163  4.5172  4.4325  4.2814  4.0575  4.0512  3.9348
 117  0.722201  3.7740  4.2963  0.0500  7.7130  6.6433  5.5868  5.1014  5.2792  5.0917  4.7008  4.5019  4.4173  4.2664  4.0427  4.0364  3.9203
 118  0.723109  3.7742  4.2915  0.0562  7.6897  6.6235  5.5687  5.0842  5.2626  5.0754  4.6851  4.4864  4.4020  4.2512  4.0277  4.0215  3.9054
 119  0.724016  3.7744  4.2866  0.0625  7.6666  6.6036  5.5507  5.0670  5.2458  5.0589  4.6693  4.4708  4.3865  4.2359  4.0125  4.0063  3.8904
 120  0.724921  3.7746  4.2816  0.0688  7.6440  6.5839  5.5326  5.0498  5.2290  5.0424  4.6534  4.4551  4.3708  4.2203  3.9972  3.9910  3.8753
 121  0.725825  3.7748  4.2765  0.0752  7.6214  6.5642  5.5146  5.0325  5.2121  5.0258  4.6373  4.4392  4.3550  4.2046  3.9817  3.9756  3.8599
 122  0.726724  3.7750  4.2713  0.0816  7.5983  6.5441  5.4962  5.0149  5.1950  5.0089  4.6210  4.4231  4.3389  4.1887  3.9661  3.9599  3.8444
 123  0.727623  3.7752  4.2660  0.0881  7.5754  6.5241  5.4778  4.9973  5.1777  4.9920  4.6046  4.4069  4.3228  4.1727  3.9502  3.9441  3.8287
 124  0.728520  3.7754  4.2608  0.0946  7.5520  6.5038  5.4592  4.9795  5.1603  4.9749  4.5880  4.3905  4.3065  4.1565  3.9343  3.9281  3.8129
 125  0.729420  3.7755  4.2553  0.1012  7.5296  6.4838  5.4408  4.9619  5.1430  4.9578  4.5714  4.3741  4.2902  4.1403  3.9182  3.9121  3.7970
 126  0.730318  3.7757  4.2499  0.1078  7.5069  6.4638  5.4224  4.9443  5.1255  4.9405  4.5547  4.3576  4.2738  4.1240  3.9021  3.8959  3.7810
 127  0.731215  3.7758  4.2443  0.1145  7.4851  6.4442  5.4041  4.9267  5.1080  4.9233  4.5379  4.3410  4.2572  4.1075  3.8857  3.8797  3.7648
 128  0.732111  3.7759  4.2386  0.1212  7.4635  6.4248  5.3859  4.9092  5.0905  4.9060  4.5211  4.3242  4.2405  4.0909  3.8693  3.8632  3.7485
 129  0.733005  3.7760  4.2329  0.1279  7.4424  6.4056  5.3678  4.8917  5.0730  4.8887  4.5041  4.3074  4.2237  4.0742  3.8527  3.8466  3.7320
 130  0.733897  3.7761  4.2269  0.1347  7.4222  6.3867  5.3499  4.8744  5.0555  4.8713  4.4870  4.2904  4.2067  4.0573  3.8360  3.8299  3.7152
 131  0.734786  3.7762  4.2207  0.1416  7.4028  6.3684  5.3323  4.8571  5.0380  4.8539  4.4699  4.2734  4.1897  4.0403  3.8190  3.8129  3.6983
 132  0.735670  3.7762  4.2145  0.1484  7.3838  6.3502  5.3147  4.8399  5.0204  4.8365  4.4526  4.2561  4.1725  4.0232  3.8019  3.7957  3.6811
 133  0.736552  3.7762  4.2082  0.1554  7.3651  6.3322  5.2973  4.8228  5.0028  4.8189  4.4352  4.2387  4.1552  4.0059  3.7846  3.7785  3.6639
 134  0.737428  3.7762  4.2016  0.1624  7.3470  6.3145  5.2799  4.8056  4.9852  4.8013  4.4177  4.2212  4.1377  3.9884  3.7671  3.7610  3.6464
 135  0.738299  3.7762  4.1949  0.1695  7.3298  6.2972  5.2627  4.7886  4.9675  4.7837  4.4002  4.2036  4.1202  3.9708  3.7495  3.7433  3.6287
 136  0.739165  3.7761  4.1880  0.1766  7.3135  6.2804  5.2458  4.7719  4.9499  4.7661  4.3825  4.1858  4.1024  3.9530  3.7316  3.7254  3.6108
 137  0.740026  3.7760  4.1810  0.1838  7.2979  6.2640  5.2291  4.7552  4.9323  4.7484  4.3647  4.1681  4.0845  3.9351  3.7136  3.7074  3.5926
 138  0.740879  3.7759  4.1738  0.1911  7.2828  6.2478  5.2125  4.7385  4.9146  4.7306  4.3468  4.1501  4.0665  3.9169  3.6954  3.6892  3.5742
 139  0.741727  3.7758  4.1665  0.1982  7.2684  6.2321  5.1961  4.7220  4.8971  4.7129  4.3288  4.1320  4.0484  3.8988  3.6770  3.6708  3.5557
 140  0.742568  3.7756  4.1588  0.2056  7.2556  6.2170  5.1801  4.7058  4.8795  4.6952  4.3108  4.1138  4.0302  3.8804  3.6584  3.6522  3.5369
 141  0.743402  3.7754  4.1510  0.2130  7.2437  6.2027  5.1645  4.6898  4.8621  4.6776  4.2926  4.0954  4.0118  3.8618  3.6397  3.6334  3.5179
 142  0.744227  3.7751  4.1430  0.2204  7.2330  6.1889  5.1491  4.6740  4.8447  4.6599  4.2745  4.0770  3.9933  3.8431  3.6207  3.6144  3.4986
 143  0.745045  3.7748  4.1348  0.2278  7.2239  6.1761  5.1344  4.6585  4.8275  4.6423  4.2563  4.0585  3.9746  3.8243  3.6015  3.5953  3.4791
 144  0.745855  3.7744  4.1264  0.2353  7.2163  6.1641  5.1201  4.6435  4.8104  4.6249  4.2380  4.0400  3.9559  3.8053  3.5821  3.5758  3.4593
 145  0.746657  3.7740  4.1178  0.2428  7.2094  6.1523  5.1059  4.6285  4.7933  4.6073  4.2196  4.0212  3.9371  3.7863  3.5626  3.5563  3.4395
 146  0.747450  3.7736  4.1087  0.2504  7.2053  6.1423  5.0928  4.6143  4.7767  4.5901  4.2013  4.0024  3.9182  3.7670  3.5429  3.5365  3.4192
 147  0.748234  3.7731  4.0994  0.2580  7.2028  6.1331  5.0802  4.6004  4.7601  4.5729  4.1830  3.9836  3.8991  3.7477  3.5229  3.5165  3.3987
 148  0.749009  3.7725  4.0899  0.2656  7.2026  6.1253  5.0683  4.5872  4.7439  4.5560  4.1647  3.9648  3.8800  3.7282  3.5028  3.4963  3.3780
 149  0.749774  3.7718  4.0801  0.2733  7.2037  6.1181  5.0568  4.5742  4.7277  4.5391  4.1463  3.9458  3.8609  3.7086  3.4824  3.4759  3.3570
 150  0.750530  3.7711  4.0700  0.2810  7.2082  6.1129  5.0466  4.5621  4.7120  4.5224  4.1280  3.9268  3.8417  3.6889  3.4619  3.4553  3.3358
 151  0.751277  3.7703  4.0597  0.2887  7.2143  6.1085  5.0369  4.5504  4.6965  4.5059  4.1097  3.9078  3.8224  3.6690  3.4413  3.4346  3.3144
 152  0.752015  3.7694  4.0488  0.2965  7.2253  6.1069  5.0290  4.5401  4.6816  4.4899  4.0915  3.8887  3.8030  3.6492  3.4203  3.4136  3.2925
 153  0.752743  3.7684  4.0376  0.3042  7.2400  6.1077  5.0225  4.5310  4.6673  4.4744  4.0735  3.8697  3.7837  3.6291  3.3992  3.3924  3.2704
 154  0.753466  3.7674  4.0258  0.3119  7.2598  6.1116  5.0180  4.5233  4.6536  4.4592  4.0556  3.8507  3.7643  3.6090  3.3778  3.3709  3.2479
 155  0.754178  3.7661  4.0135  0.3197  7.2873  6.1204  5.0165  4.5182  4.6411  4.4448  4.0378  3.8318  3.7449  3.5887  3.3561  3.3491  3.2250
 156  0.754884  3.7647  4.0005  0.3274  7.3225  6.1339  5.0181  4.5154  4.6296  4.4311  4.0204  3.8129  3.7255  3.5684  3.3341  3.3269  3.2016
 157  0.755583  3.7631  3.9870  0.3351  7.3635  6.1506  5.0217  4.5143  4.6188  4.4180  4.0032  3.7942  3.7062  3.5480  3.3120  3.3047  3.1779
 158  0.756278  3.7615  3.9731  0.3428  7.4116  6.1711  5.0279  4.5154  4.6091  4.4056  3.9863  3.7756  3.6869  3.5276  3.2897  3.2824  3.1539
 159  0.756967  3.7596  3.9583  0.3504  7.4727  6.1986  5.0389  4.5204  4.6013  4.3948  3.9700  3.7574  3.6680  3.5074  3.2673  3.2597  3.1295
 160  0.757650  3.7575  3.9426  0.3580  7.5478  6.2337  5.0548  4.5294  4.5954  4.3852  3.9544  3.7395  3.6493  3.4872  3.2446  3.2368  3.1046
 161  0.758323  3.7550  3.9258  0.3655  7.6397  6.2769  5.0759  4.5427  4.5915  4.3773  3.9397  3.7221  3.6309  3.4672  3.2217  3.2138  3.0793
 162  0.758993  3.7521  3.9075  0.3726  7.7549  6.3342  5.1065  4.5638  4.5919  4.3729  3.9269  3.7063  3.6139  3.4482  3.1993  3.1910  3.0537
 163  0.759655  3.7488  3.8869  0.3804  7.8860  6.3993  5.1417  4.5884  4.5934  4.3689  3.9136  3.6895  3.5957  3.4276  3.1747  3.1662  3.0257
 164  0.760309  3.7451  3.8639  0.3888  8.0344  6.4744  5.1829  4.6176  4.5962  4.3655  3.8997  3.6717  3.5764  3.4055  3.1483  3.1393  2.9953
 165  0.760951  3.7412  3.8389  0.3986  8.1869  6.5526  5.2253  4.6474  4.5975  4.3604  3.8836  3.6513  3.5545  3.3810  3.1187  3.1095  2.9616
 166  0.761571  3.7373  3.8120  0.4101  8.3339  6.6285  5.2645  4.6738  4.5945  4.3511  3.8636  3.6271  3.5287  3.3523  3.0853  3.0757  2.9238
 167  0.762158  3.7336  3.7841  0.4239  8.4650  6.6962  5.2955  4.6931  4.5852  4.3359  3.8381  3.5976  3.4978  3.3187  3.0471  3.0372  2.8816
 168  0.762706  3.7304  3.7558  0.4396  8.5712  6.7494  5.3146  4.7019  4.5681  4.3135  3.8067  3.5628  3.4616  3.2803  3.0046  2.9943  2.8355
 169  0.763214  3.7277  3.7279  0.4570  8.6517  6.7866  5.3216  4.7002  4.5438  4.2848  3.7704  3.5235  3.4213  3.2379  2.9587  2.9482  2.7865
 170  0.763686  3.7255  3.7005  0.4757  8.7098  6.8093  5.3179  4.6893  4.5137  4.2508  3.7301  3.4807  3.3775  3.1924  2.9103  2.8996  2.7354
 171  0.764131  3.7235  3.6738  0.4950  8.7483  6.8187  5.3050  4.6704  4.4788  4.2128  3.6868  3.4352  3.3313  3.1448  2.8603  2.8493  2.6831
 172  0.764551  3.7220  3.6477  0.5152  8.7725  6.8182  5.2852  4.6459  4.4404  4.1717  3.6413  3.3879  3.2834  3.0957  2.8090  2.7979  2.6300
 173  0.764953  3.7206  3.6221  0.5357  8.7846  6.8092  5.2597  4.6164  4.3991  4.1282  3.5941  3.3392  3.2341  3.0454  2.7570  2.7457  2.5763
 174  0.765339  3.7196  3.5970  0.5564  8.7880  6.7941  5.2300  4.5834  4.3558  4.0829  3.5456  3.2894  3.1839  2.9944  2.7043  2.6930  2.5223
 175  0.765714  3.7186  3.5723  0.5774  8.7857  6.7744  5.1971  4.5476  4.3108  4.0363  3.4961  3.2389  3.1330  2.9426  2.6514  2.6399  2.4681
 176  0.766079  3.7177  3.5479  0.5986  8.7777  6.7507  5.1615  4.5096  4.2646  3.9886  3.4461  3.1878  3.0816  2.8906  2.5981  2.5865  2.4137
 177  0.766437  3.7169  3.5236  0.6198  8.7655  6.7243  5.1242  4.4700  4.2176  3.9403  3.3955  3.1364  3.0298  2.8382  2.5446  2.5330  2.3593
 178  0.766788  3.7162  3.4998  0.6411  8.7492  6.6952  5.0851  4.4290  4.1697  3.8912  3.3445  3.0846  2.9778  2.7857  2.4911  2.4794  2.3048
 179  0.767133  3.7155  3.4757  0.6625  8.7325  6.6659  5.0457  4.3879  4.1218  3.8420  3.2934  3.0326  2.9256  2.7330  2.4374  2.4255  2.2502
 180  0.767471  3.7148  3.4518  0.6840  8.7137  6.6353  5.0056  4.3459  4.0734  3.7925  3.2420  2.9805  2.8732  2.6800  2.3834  2.3715  2.1955
 181  0.767802  3.7142  3.4280  0.7055  8.6924  6.6031  4.9643  4.3030  4.0244  3.7424  3.1903  2.9280  2.8206  2.6269  2.3294  2.3175  2.1406
 182  0.768009  3.7138  3.4126  0.7193  8.6788  6.5826  4.9379  4.2756  3.9930  3.7104  3.1571  2.8944  2.7867  2.5927  2.2947  2.2827  2.1055
 183  0.768215  3.7134  3.3971  0.7334  8.6643  6.5613  4.9108  4.2475  3.9611  3.6778  3.1233  2.8601  2.7524  2.5581  2.2596  2.2475  2.0697
 184  0.768422  3.7130  3.3814  0.7476  8.6488  6.5392  4.8830  4.2188  3.9285  3.6444  3.0890  2.8253  2.7175  2.5228  2.2236  2.2116  2.0333
 185  0.768629  3.7126  3.3656  0.7620  8.6335  6.5172  4.8551  4.1899  3.8957  3.6110  3.0544  2.7904  2.6824  2.4874  2.1877  2.1756  1.9969
 186  0.768835  3.7122  3.3493  0.7767  8.6176  6.4945  4.8264  4.1602  3.8621  3.5766  3.0190  2.7544  2.6463  2.4510  2.1507  2.1385  1.9593
 187  0.769039  3.7118  3.3322  0.7922  8.6005  6.4705  4.7962  4.1289  3.8268  3.5405  2.9818  2.7167  2.6084  2.4128  2.1118  2.0997  1.9200
 188  0.769242  3.7114  3.3146  0.8082  8.5825  6.4458  4.7650  4.0966  3.7901  3.5031  2.9431  2.6776  2.5692  2.3732  2.0716  2.0594  1.8792
 189  0.769440  3.7109  3.2956  0.8255  8.5638  6.4202  4.7317  4.0621  3.7509  3.4630  2.9016  2.6355  2.5269  2.3305  2.0283  2.0159  1.8353
 190  0.769637  3.7104  3.2759  0.8434  8.5431  6.3924  4.6966  4.0258  3.7099  3.4212  2.8585  2.5918  2.4831  2.2862  1.9833  1.9710  1.7897
 191  0.769831  3.7099  3.2548  0.8624  8.5223  6.3647  4.6603  3.9881  3.6668  3.3772  2.8130  2.5456  2.4366  2.2395  1.9357  1.9233  1.7414
 192  0.770019  3.7093  3.2328  0.8823  8.5011  6.3364  4.6225  3.9488  3.6218  3.3311  2.7653  2.4974  2.3882  2.1905  1.8859  1.8734  1.6908
 193  0.770206  3.7087  3.2099  0.9029  8.4792  6.3070  4.5833  3.9080  3.5751  3.2834  2.7159  2.4471  2.3377  2.1396  1.8342  1.8216  1.6383
 194  0.770388  3.7081  3.1861  0.9243  8.4568  6.2775  4.5429  3.8659  3.5267  3.2338  2.6645  2.3950  2.2854  2.0867  1.7803  1.7677  1.5837
 195  0.770568  3.7075  3.1615  0.9464  8.4341  6.2479  4.5018  3.8229  3.4772  3.1831  2.6118  2.3414  2.2315  2.0323  1.7251  1.7124  1.5275
 196  0.770744  3.7067  3.1360  0.9693  8.4114  6.2181  4.4598  3.7788  3.4261  3.1306  2.5573  2.2861  2.1759  1.9761  1.6678  1.6550  1.4693
 197  0.770916  3.7060  3.1095  0.9927  8.3894  6.1891  4.4172  3.7341  3.3738  3.0769  2.5013  2.2291  2.1187  1.9182  1.6087  1.5959  1.4094
 198  0.771084  3.7052  3.0823  1.0169  8.3672  6.1605  4.3742  3.6886  3.3202  3.0218  2.4438  2.1707  2.0599  1.8587  1.5481  1.5352  1.3477
 199  0.771249  3.7044  3.0542  1.0418  8.3443  6.1317  4.3302  3.6421  3.2653  2.9654  2.3848  2.1107  1.9996  1.7977  1.4859  1.4728  1.2843
 200  0.771409  3.7035  3.0253  1.0673  8.3191  6.1023  4.2852  3.5946  3.2092  2.9076  2.3244  2.0491  1.9377  1.7350  1.4218  1.4087  1.2193
 201  0.771565  3.7026  2.9954  1.0935  8.2929  6.0736  4.2400  3.5467  3.1521  2.8487  2.2627  1.9861  1.8744  1.6708  1.3563  1.3430  1.1524
 202  0.771716  3.7015  2.9647  1.1202  8.2681  6.0468  4.1951  3.4988  3.0941  2.7889  2.1996  1.9218  1.8097  1.6052  1.2891  1.2758  1.0839
 203  0.771862  3.7004  2.9330  1.1476  8.2443  6.0217  4.1505  3.4509  3.0354  2.7281  2.1355  1.8563  1.7437  1.5383  1.2205  1.2071  1.0138
 204  0.772004  3.6993  2.9004  1.1757  8.2205  5.9980  4.1057  3.4025  2.9756  2.6662  2.0700  1.7893  1.6763  1.4699  1.1503  1.1368  0.9422
 205  0.772140  3.6981  2.8670  1.2043  8.1974  5.9762  4.0610  3.3541  2.9150  2.6033  2.0033  1.7211  1.6076  1.4001  1.0787  1.0650  0.8689
 206  0.772271  3.6968  2.8329  1.2336  8.1743  5.9560  4.0163  3.3057  2.8536  2.5395  1.9356  1.6517  1.5377  1.3291  1.0058  0.9920  0.7943
 207  0.772397  3.6955  2.7979  1.2633  8.1513  5.9375  3.9718  3.2570  2.7913  2.4748  1.8668  1.5812  1.4667  1.2569  0.9317  0.9177  0.7183
 208  0.772518  3.6942  2.7623  1.2935  8.1289  5.9213  3.9277  3.2088  2.7285  2.4094  1.7971  1.5097  1.3946  1.1837  0.8564  0.8421  0.6411
 209  0.772634  3.6927  2.7261  1.3242  8.1070  5.9091  3.8842  3.1608  2.6652  2.3433  1.7265  1.4373  1.3217  1.1094  0.7799  0.7656  0.5628
 210  0.772744  3.6912  2.6892  1.3553  8.0857  5.9007  3.8414  3.1133  2.6014  2.2767  1.6552  1.3640  1.2477  1.0341  0.7025  0.6879  0.4834
 211  0.772849  3.6897  2.6517  1.3868  8.0652  5.8950  3.7992  3.0662  2.5373  2.2096  1.5831  1.2899  1.1730  0.9580  0.6241  0.6094  0.4029
 212  0.772950  3.6882  2.6137  1.4187  8.0457  5.8925  3.7578  3.0197  2.4728  2.1420  1.5104  1.2151  1.0975  0.8812  0.5448  0.5299  0.3215
 213  0.773043  3.6866  2.5748  1.4512  8.0274  5.8935  3.7174  2.9741  2.4080  2.0739  1.4368  1.1392  1.0211  0.8031  0.4644  0.4492  0.2387
 214  0.773129  3.6848  2.5340  1.4852  8.0087  5.8980  3.6774  2.9288  2.3414  2.0037  1.3605  1.0605  0.9415  0.7220  0.3804  0.3650  0.1522
 215  0.773215  3.6829  2.4897  1.5217  8.0001  5.9120  3.6395  2.8848  2.2717  1.9296  1.2793  0.9764  0.8566  0.6351  0.2900  0.2744  0.0590
 216  0.773298  3.6810  2.4479  1.5561  8.0030  5.9328  3.6061  2.8449  2.2063  1.8599  1.2026  0.8969  0.7762  0.5529  0.2047  0.1889 -0.0289
 217  0.773308  3.6808  2.4430  1.5601  8.0048  5.9357  3.6023  2.8402  2.1986  1.8516  1.1936  0.8876  0.7668  0.5433  0.1948  0.1789 -0.0391
 218  0.773318  3.6806  2.4382  1.5641  8.0064  5.9385  3.5983  2.8354  2.1908  1.8433  1.1845  0.8782  0.7573  0.5336  0.1848  0.1689 -0.0494
 219  0.773328  3.6804  2.4333  1.5682  8.0082  5.9415  3.5945  2.8307  2.1831  1.8351  1.1754  0.8688  0.7478  0.5239  0.1747  0.1588 -0.0598
 220  0.773339  3.6802  2.4284  1.5722  8.0103  5.9446  3.5907  2.8260  2.1754  1.8269  1.1664  0.8594  0.7383  0.5142  0.1647  0.1488 -0.0701
 221  0.773349  3.6799  2.4235  1.5762  8.0122  5.9477  3.5871  2.8214  2.1677  1.8187  1.1573  0.8501  0.7288  0.5045  0.1546  0.1387 -0.0805
 222  0.773359  3.6797  2.4185  1.5802  8.0144  5.9511  3.5835  2.8170  2.1601  1.8106  1.1483  0.8408  0.7194  0.4949  0.1446  0.1287 -0.0907
 223  0.773369  3.6795  2.4136  1.5842  8.0167  5.9545  3.5799  2.8125  2.1525  1.8024  1.1394  0.8315  0.7100  0.4852  0.1347  0.1187 -0.1011
 224  0.773380  3.6793  2.4087  1.5883  8.0189  5.9577  3.5763  2.8080  2.1450  1.7942  1.1304  0.8221  0.7005  0.4756  0.1247  0.1087 -0.1113
 225  0.773390  3.6791  2.4040  1.5923  8.0214  5.9609  3.5728  2.8035  2.1374  1.7862  1.1215  0.8129  0.6912  0.4660  0.1148  0.0988 -0.1215
 226  0.773400  3.6789  2.3991  1.5962  8.0241  5.9646  3.5694  2.7992  2.1299  1.7782  1.1126  0.8037  0.6819  0.4566  0.1049  0.0889 -0.1316
 227  0.773502  3.6771  2.3583  1.6299  8.0581  5.9906  3.5386  2.7601  2.0653  1.7089  1.0365  0.7249  0.6022  0.3751  0.0209  0.0046 -0.2181
 228  0.773596  3.6767  2.3436  1.6429  8.1055  5.9877  3.5195  2.7364  2.0353  1.6775  1.0037  0.6914  0.5685  0.3412 -0.0131 -0.0294 -0.2523
 229  0.773693  3.6756  2.3178  1.6646  8.1505  6.0050  3.4985  2.7089  1.9917  1.6308  0.9530  0.6392  0.5157  0.2875 -0.0680 -0.0844 -0.3083
 230  0.773790  3.6726  2.2554  1.7151  8.1718  6.0733  3.4656  2.6647  1.9008  1.5321  0.8422  0.5235  0.3985  0.1673 -0.1929 -0.2096 -0.4373
 231  0.773877  3.6696  2.1939  1.7647  8.1797  6.1426  3.4368  2.6260  1.8130  1.4365  0.7343  0.4107  0.2841  0.0497 -0.3150 -0.3322 -0.5637
 232  0.773956  3.6668  2.1378  1.8097  8.1632  6.2020  3.4111  2.5926  1.7344  1.3508  0.6372  0.3088  0.1807 -0.0564 -0.4254 -0.4430 -0.6781
 233  0.774026  3.6648  2.0942  1.8449  8.1293  6.2453  3.3920  2.5693  1.6739  1.2847  0.5620  0.2300  0.1007 -0.1388 -0.5110 -0.5288 -0.7668
 234  0.774093  3.6632  2.0610  1.8719  8.0819  6.2746  3.3786  2.5552  1.6285  1.2351  0.5052  0.1701  0.0399 -0.2014 -0.5760 -0.5941 -0.8342
 235  0.774157  3.6603  2.0040  1.9172  8.0554  6.3305  3.3581  2.5291  1.5533  1.1524  0.4099  0.0697 -0.0621 -0.3065 -0.6860 -0.7044 -0.9486
 236  0.774215  3.6569  1.9397  1.9680  8.0293  6.3893  3.3367  2.5012  1.4703  1.0604  0.3032 -0.0429 -0.1766 -0.4246 -0.8096 -0.8285 -1.0773
 237  0.774267  3.6535  1.8764  2.0176  7.9977  6.4462  3.3191  2.4783  1.3915  0.9728  0.2004 -0.1518 -0.2875 -0.5390 -0.9296 -0.9491 -1.2027
 238  0.774314  3.6501  1.8135  2.0669  7.9612  6.5026  3.3045  2.4592  1.3159  0.8881  0.1001 -0.2584 -0.3961 -0.6514 -1.0480 -1.0679 -1.3267
 239  0.774354  3.6467  1.7522  2.1146  7.9229  6.5568  3.2920  2.4431  1.2444  0.8078  0.0040 -0.3607 -0.5003 -0.7594 -1.1624 -1.1827 -1.4466
 240  0.774392  3.6431  1.6898  2.1631  7.8831  6.6118  3.2802  2.4283  1.1730  0.7274 -0.0927 -0.4639 -0.6056 -0.8685 -1.2783 -1.2992 -1.5686
 241  0.774425  3.6398  1.6307  2.2089  7.8395  6.6660  3.2713  2.4174  1.1080  0.6537 -0.1824 -0.5596 -0.7034 -0.9699 -1.3869 -1.4082 -1.6831
 242  0.774455  3.6366  1.5740  2.2525  7.7919  6.7149  3.2632  2.4084  1.0476  0.5849 -0.2673 -0.6506 -0.7965 -1.0662 -1.4902 -1.5119 -1.7922
 243  0.774482  3.6333  1.5183  2.2954  7.7418  6.7599  3.2555  2.4006  0.9901  0.5192 -0.3495 -0.7386 -0.8866 -1.1596 -1.5911 -1.6133 -1.8991
 244  0.774506  3.6301  1.4635  2.3373  7.6898  6.8009  3.2478  2.3936  0.9353  0.4563 -0.4288 -0.8238 -0.9740 -1.2501 -1.6895 -1.7121 -2.0037
 245  0.774529  3.6269  1.4095  2.3784  7.6356  6.8368  3.2395  2.3865  0.8828  0.3961 -0.5054 -0.9063 -1.0586 -1.3378 -1.7856 -1.8086 -2.1060
 246  0.774548  3.6237  1.3570  2.4183  7.5815  6.8700  3.2322  2.3811  0.8339  0.3397 -0.5781 -0.9847 -1.1390 -1.4214 -1.8782 -1.9016 -2.2050
 247  0.774568  3.6206  1.3048  2.4578  7.5260  6.8973  3.2247  2.3765  0.7871  0.2855 -0.6488 -1.0609 -1.2173 -1.5029 -1.9697 -1.9935 -2.3032
 248  0.774585  3.6174  1.2535  2.4965  7.4697  6.9208  3.2161  2.3711  0.7422  0.2336 -0.7175 -1.1348 -1.2934 -1.5819 -2.0593 -2.0835 -2.3994
 249  0.774600  3.6143  1.2040  2.5338  7.4135  6.9395  3.2065  2.3650  0.6998  0.1846 -0.7828 -1.2050 -1.3655 -1.6569 -2.1455 -2.1700 -2.4923
 250  0.774614  3.6113  1.1546  2.5709  7.3560  6.9541  3.1962  2.3590  0.6591  0.1377 -0.8461 -1.2730 -1.4354 -1.7297 -2.2310 -2.2558 -2.5848
 251  0.774627  3.6083  1.1069  2.6068  7.2988  6.9634  3.1848  2.3524  0.6204  0.0928 -0.9073 -1.3384 -1.5025 -1.7995 -2.3139 -2.3388 -2.6744
 252  0.774640  3.6053  1.0597  2.6421  7.2416  6.9692  3.1733  2.3462  0.5841  0.0507 -0.9654 -1.4005 -1.5663 -1.8662 -2.3950 -2.4202 -2.7626
 253  0.774650  3.6024  1.0134  2.6767  7.1850  6.9704  3.1613  2.3402  0.5508  0.0122 -1.0194 -1.4587 -1.6258 -1.9293 -2.4738 -2.4993 -2.8489
 254  0.774661  3.5995  0.9681  2.7103  7.1295  6.9665  3.1490  2.3346  0.5208 -0.0226 -1.0694 -1.5125 -1.6807 -1.9882 -2.5498 -2.5757 -2.9327
 255  0.774670  3.5966  0.9235  2.7435  7.0739  6.9595  3.1354  2.3284  0.4926 -0.0551 -1.1163 -1.5628 -1.7317 -2.0439 -2.6247 -2.6509 -3.0156
 256  0.774680  3.5938  0.8799  2.7757  7.0193  6.9506  3.1215  2.3223  0.4668 -0.0846 -1.1592 -1.6087 -1.7779 -2.0952 -2.6976 -2.7241 -3.0966
 257  0.774688  3.5910  0.8371  2.8074  6.9653  6.9394  3.1070  2.3162  0.4437 -0.1105 -1.1980 -1.6501 -1.8194 -2.1426 -2.7686 -2.7954 -3.1761
 258  0.774695  3.5882  0.7950  2.8382  6.9122  6.9266  3.0916  2.3096  0.4235 -0.1331 -1.2316 -1.6864 -1.8551 -2.1856 -2.8375 -2.8648 -3.2541
 259  0.774703  3.5855  0.7540  2.8684  6.8600  6.9123  3.0754  2.3025  0.4060 -0.1516 -1.2597 -1.7169 -1.8847 -2.2240 -2.9043 -2.9321 -3.3301
 260  0.774709  3.5828  0.7138  2.8979  6.8087  6.8965  3.0581  2.2948  0.3911 -0.1668 -1.2834 -1.7429 -1.9093 -2.2585 -2.9691 -2.9973 -3.4044
 261  0.774715  3.5802  0.6742  2.9269  6.7584  6.8801  3.0401  2.2869  0.3793 -0.1778 -1.3019 -1.7640 -1.9287 -2.2888 -3.0316 -3.0604 -3.4771
 262  0.774721  3.5776  0.6356  2.9551  6.7094  6.8631  3.0214  2.2783  0.3703 -0.1851 -1.3155 -1.7801 -1.9428 -2.3149 -3.0913 -3.1209 -3.5476
 263  0.774727  3.5750  0.5977  2.9828  6.6619  6.8465  3.0025  2.2700  0.3648 -0.1877 -1.3225 -1.7898 -1.9499 -2.3356 -3.1483 -3.1787 -3.6162
 264  0.774732  3.5725  0.5606  3.0099  6.6172  6.8333  2.9854  2.2648  0.3678 -0.1785 -1.3122 -1.7824 -1.9378 -2.3434 -3.2004 -3.2323 -3.6825
 265  0.774737  3.5700  0.5243  3.0364  6.5741  6.8205  2.9682  2.2601  0.3744 -0.1645 -1.2953 -1.7686 -1.9187 -2.3458 -3.2497 -3.2832 -3.7468
 266  0.774741  3.5676  0.4887  3.0623  6.5322  6.8079  2.9510  2.2556  0.3831 -0.1475 -1.2741 -1.7504 -1.8949 -2.3446 -3.2966 -3.3318 -3.8094
 267  0.774746  3.5653  0.4537  3.0878  6.4917  6.7946  2.9328  2.2495  0.3914 -0.1288 -1.2495 -1.7296 -1.8685 -2.3404 -3.3399 -3.3774 -3.8697
 268  0.774750  3.5629  0.4194  3.1127  6.4528  6.7814  2.9148  2.2432  0.4009 -0.1079 -1.2218 -1.7060 -1.8395 -2.3336 -3.3799 -3.4200 -3.9277
 269  0.774754  3.5606  0.3858  3.1371  6.4157  6.7694  2.8979  2.2382  0.4140 -0.0829 -1.1901 -1.6787 -1.8068 -2.3232 -3.4169 -3.4597 -3.9834
 270  0.774757  3.5583  0.3528  3.1609  6.3803  6.7585  2.8823  2.2347  0.4307 -0.0543 -1.1549 -1.6485 -1.7715 -2.3101 -3.4511 -3.4968 -4.0370
 271  0.774761  3.5559  0.3199  3.1841  6.3486  6.7519  2.8703  2.2358  0.4555 -0.0157 -1.1092 -1.6086 -1.7263 -2.2883 -3.4797 -3.5288 -4.0871
 272  0.774764  3.5536  0.2879  3.2070  6.3173  6.7444  2.8581  2.2364  0.4798  0.0213 -1.0667 -1.5722 -1.6855 -2.2687 -3.5072 -3.5598 -4.1358
 273  0.774767  3.5513  0.2563  3.2292  6.2896  6.7404  2.8501  2.2413  0.5111  0.0654 -1.0197 -1.5330 -1.6432 -2.2457 -3.5293 -3.5856 -4.1804
 274  0.774770  3.5491  0.2258  3.2510  6.2643  6.7364  2.8437  2.2467  0.5457  0.1122 -0.9732 -1.4973 -1.6067 -2.2245 -3.5458 -3.6064 -4.2201
 275  0.774772  3.5469  0.1958  3.2724  6.2413  6.7346  2.8401  2.2555  0.5859  0.1645 -0.9225 -1.4582 -1.5674 -2.1998 -3.5586 -3.6236 -4.2572
 276  0.774775  3.5448  0.1666  3.2931  6.2203  6.7345  2.8389  2.2669  0.6294  0.2197 -0.8699 -1.4179 -1.5271 -2.1734 -3.5684 -3.6381 -4.2915
 277  0.774778  3.5427  0.1380  3.3133  6.2000  6.7338  2.8368  2.2763  0.6714  0.2740 -0.8184 -1.3788 -1.4885 -2.1480 -3.5776 -3.6516 -4.3243
 278  0.774780  3.5408  0.1108  3.3326  6.1782  6.7283  2.8298  2.2782  0.7030  0.3192 -0.7751 -1.3474 -1.4575 -2.1292 -3.5897 -3.6672 -4.3568
 279  0.774809  3.5390  0.0872  3.3494  6.1773  6.7728  2.8729  2.3459  0.8068  0.4203 -0.6879 -1.2730 -1.3839 -2.0719 -3.5807 -3.6631 -4.3755
