#NUMBER OF AGES= 1
#----------------------------------------------------       
#MIX-LEN  Y      Z          Zeff        [Fe/H] [a/Fe]
# 1.9380  0.3300 5.5373E-03 2.8186E-03  -0.72   0.40 
#----------------------------------------------------       
#**PHOTOMETRIC SYSTEM**: HST WFPC2 (Vega)                   
#----------------------------------------------------       
#AGE=13.200 EEPS=266
#EEP   M/Mo    LogTeff  LogG   LogL/Lo F218W   F255W   F300W   F336W   F439W   F450W   F555W   F606W   F622W   F675W   F791W   F814W   F850LP
  14  0.110838  3.5174  5.2529 -2.7470 20.9051 20.9389 17.1009 16.3251 15.1867 14.7264 13.4379 12.9236 12.7421 12.2866 11.0780 11.0294 10.4945
  15  0.130464  3.5192  5.1854 -2.6013 20.5273 20.5187 16.6902 15.9058 14.7629 14.3173 13.0452 12.5313 12.3507 11.8981 10.7107 10.6628 10.1321
  16  0.149038  3.5215  5.1335 -2.4827 20.2170 20.1648 16.3474 15.5546 14.4070 13.9736 12.7166 12.2033 12.0234 11.5746 10.4101 10.3629  9.8376
  17  0.166037  3.5246  5.0971 -2.3869 19.9607 19.8568 16.0549 15.2528 14.0995 13.6769 12.4351 11.9233 11.7437 11.3004 10.1643 10.1183  9.6006
  18  0.181943  3.5281  5.0698 -2.3054 19.7380 19.5776 15.7943 14.9828 13.8233 13.4107 12.1841 11.6742 11.4948 11.0579  9.9531  9.9083  9.3995
  19  0.196381  3.5315  5.0481 -2.2373 19.5503 19.3390 15.5731 14.7541 13.5892 13.1847 11.9715 11.4632 11.2841 10.8528  9.7760  9.7322  9.2316
  20  0.210606  3.5344  5.0287 -2.1759 19.3821 19.1264 15.3759 14.5508 13.3811 12.9834 11.7816 11.2749 11.0959 10.6693  9.6168  9.5740  9.0804
  21  0.224714  3.5372  5.0119 -2.1197 19.2274 18.9301 15.1947 14.3643 13.1900 12.7981 11.6068 11.1015 10.9228 10.5007  9.4709  9.4290  8.9422
  22  0.237128  3.5396  4.9981 -2.0729 19.0989 18.7670 15.0445 14.2100 13.0317 12.6443 11.4615 10.9576 10.7790 10.3605  9.3497  9.3085  8.8274
  23  0.246695  3.5415  4.9875 -2.0379 19.0038 18.6461 14.9330 14.0954 12.9139 12.5298 11.3533 10.8502 10.6717 10.2559  9.2593  9.2188  8.7418
  24  0.253700  3.5428  4.9798 -2.0128 18.9361 18.5600 14.8536 14.0140 12.8301 12.4479 11.2758 10.7734 10.5948 10.1809  9.1947  9.1544  8.6806
  25  0.258937  3.5437  4.9742 -1.9947 18.8876 18.4984 14.7969 13.9558 12.7700 12.3892 11.2199 10.7179 10.5394 10.1268  9.1479  9.1079  8.6363
  26  0.263003  3.5445  4.9702 -1.9810 18.8507 18.4516 14.7541 13.9119 12.7247 12.3449 11.1777 10.6760 10.4975 10.0859  9.1125  9.0729  8.6029
  27  0.266068  3.5450  4.9672 -1.9707 18.8224 18.4158 14.7215 13.8785 12.6902 12.3112 11.1457 10.6442 10.4658 10.0550  9.0860  9.0464  8.5777
  28  0.268488  3.5455  4.9651 -1.9626 18.8004 18.3872 14.6958 13.8523 12.6632 12.2847 11.1205 10.6192 10.4408 10.0307  9.0653  9.0259  8.5583
  29  0.270541  3.5459  4.9630 -1.9556 18.7810 18.3621 14.6732 13.8291 12.6394 12.2614 11.0984 10.5973 10.4190 10.0094  9.0471  9.0078  8.5413
  30  0.272558  3.5463  4.9614 -1.9491 18.7624 18.3379 14.6517 13.8070 12.6166 12.2390 11.0773 10.5765 10.3981  9.9891  9.0300  8.9908  8.5252
  31  0.274739  3.5467  4.9597 -1.9421 18.7429 18.3123 14.6289 13.7836 12.5926 12.2154 11.0551 10.5544 10.3761  9.9678  9.0121  8.9729  8.5085
  32  0.277158  3.5472  4.9579 -1.9345 18.7215 18.2847 14.6043 13.7583 12.5665 12.1899 11.0309 10.5305 10.3522  9.9446  8.9924  8.9535  8.4901
  33  0.279857  3.5477  4.9558 -1.9261 18.6978 18.2542 14.5769 13.7304 12.5377 12.1617 11.0040 10.5040 10.3257  9.9190  8.9704  8.9317  8.4695
  34  0.282845  3.5483  4.9531 -1.9167 18.6715 18.2208 14.5469 13.6996 12.5060 12.1306 10.9746 10.4749 10.2966  9.8907  8.9462  8.9076  8.4466
  35  0.286330  3.5489  4.9500 -1.9057 18.6413 18.1829 14.5126 13.6646 12.4700 12.0952 10.9410 10.4416 10.2633  9.8583  8.9182  8.8797  8.4201
  36  0.289240  3.5493  4.9468 -1.8961 18.6145 18.1494 14.4825 13.6340 12.4386 12.0644 10.9113 10.4122 10.2339  9.8296  8.8933  8.8549  8.3965
  37  0.308706  3.5537  4.9255 -1.8301 18.4267 17.9129 14.2692 13.4156 12.2103 11.8406 10.6983 10.2025 10.0239  9.6274  8.7220  8.6851  8.2368
  38  0.333470  3.5597  4.8976 -1.7456 18.1835 17.6022 13.9942 13.1346 11.9160 11.5511 10.4230  9.9319  9.7530  9.3669  8.5022  8.4673  8.0330
  39  0.356439  3.5656  4.8693 -1.6636 17.9397 17.2697 13.7224 12.8597 11.6375 11.2741 10.1606  9.6723  9.4938  9.1155  8.2926  8.2590  7.8379
  40  0.376586  3.5719  4.8423 -1.5866 17.7032 16.9312 13.4577 12.5930 11.3700 11.0064  9.9079  9.4230  9.2449  8.8748  8.0957  8.0633  7.6564
  41  0.388407  3.5763  4.8254 -1.5393 17.5614 16.7151 13.2958 12.4298 11.2041 10.8383  9.7472  9.2645  9.0861  8.7226  7.9746  7.9432  7.5464
  42  0.399899  3.5807  4.8087 -1.4926 17.4159 16.4949 13.1327 12.2659 11.0392 10.6709  9.5878  9.1075  8.9291  8.5721  7.8551  7.8244  7.4378
  43  0.410960  3.5852  4.7928 -1.4467 17.2688 16.2739 12.9690 12.1021 10.8760 10.5051  9.4308  8.9535  8.7751  8.4250  7.7379  7.7081  7.3317
  44  0.421331  3.5897  4.7780 -1.4032 17.1265 16.0622 12.8103 11.9434 10.7189 10.3454  9.2802  8.8065  8.6281  8.2849  7.6264  7.5973  7.2312
  45  0.431130  3.5941  4.7644 -1.3616 16.9884 15.8629 12.6560 11.7889 10.5655 10.1901  9.1347  8.6651  8.4869  8.1507  7.5195  7.4912  7.1351
  46  0.440394  3.5986  4.7518 -1.3217 16.8546 15.6747 12.5064 11.6390 10.4164 10.0396  8.9946  8.5297  8.3518  8.0225  7.4169  7.3895  7.0433
  47  0.449245  3.6032  4.7401 -1.2831 16.7236 15.4937 12.3594 11.4917 10.2697  9.8920  8.8583  8.3985  8.2209  7.8987  7.3178  7.2912  6.9547
  48  0.458002  3.6080  4.7289 -1.2446 16.5920 15.3162 12.2110 11.3430 10.1213  9.7432  8.7221  8.2682  8.0911  7.7760  7.2190  7.1931  6.8665
  49  0.467029  3.6131  4.7179 -1.2048 16.4556 15.1387 12.0569 11.1881  9.9648  9.5875  8.5816  8.1348  7.9584  7.6511  7.1172  7.0922  6.7755
  50  0.476038  3.6184  4.7076 -1.1647 16.3189 14.9681 11.8995 11.0287  9.8031  9.4276  8.4395  8.0007  7.8256  7.5262  7.0150  6.9908  6.6842
  51  0.484711  3.6241  4.6985 -1.1254 16.1814 14.8003 11.7380 10.8643  9.6384  9.2657  8.2978  7.8686  7.6948  7.4038  6.9147  6.8913  6.5951
  52  0.489728  3.6276  4.6936 -1.1022 16.0971 14.6977 11.6372 10.7614  9.5384  9.1677  8.2136  7.7906  7.6180  7.3321  6.8555  6.8326  6.5425
  53  0.494668  3.6311  4.6892 -1.0791 16.0112 14.5926 11.5326 10.6544  9.4369  9.0686  8.1292  7.7129  7.5416  7.2609  6.7967  6.7744  6.4904
  54  0.499541  3.6347  4.6850 -1.0562 15.9224 14.4818 11.4233 10.5425  9.3339  8.9681  8.0446  7.6354  7.4655  7.1902  6.7384  6.7165  6.4386
  55  0.504349  3.6384  4.6811 -1.0334 15.8290 14.3577 11.3081 10.4252  9.2306  8.8671  7.9604  7.5584  7.3903  7.1203  6.6804  6.6591  6.3872
  56  0.509101  3.6420  4.6774 -1.0108 15.7289 14.2191 11.1867 10.3020  9.1266  8.7655  7.8763  7.4819  7.3156  7.0508  6.6226  6.6017  6.3361
  57  0.513809  3.6458  4.6738 -0.9883 15.6213 14.0665 11.0591 10.1733  9.0221  8.6635  7.7926  7.4058  7.2418  6.9821  6.5651  6.5447  6.2850
  58  0.518462  3.6495  4.6703 -0.9662 15.5068 13.9010 10.9265 10.0402  8.9187  8.5626  7.7101  7.3311  7.1694  6.9145  6.5080  6.4883  6.2340
  59  0.523050  3.6533  4.6671 -0.9441 15.3826 13.7189 10.7870  9.9012  8.8155  8.4618  7.6285  7.2571  7.0981  6.8478  6.4512  6.4319  6.1833
  60  0.527580  3.6570  4.6638 -0.9224 15.2503 13.5236 10.6436  9.7597  8.7140  8.3628  7.5484  7.1847  7.0283  6.7824  6.3948  6.3760  6.1326
  61  0.532033  3.6607  4.6608 -0.9009 15.1072 13.3156 10.4964  9.6160  8.6137  8.2650  7.4696  7.1134  6.9599  6.7182  6.3390  6.3206  6.0823
  62  0.536408  3.6643  4.6578 -0.8797 14.9533 13.0984 10.3474  9.4717  8.5156  8.1694  7.3927  7.0437  6.8932  6.6554  6.2839  6.2660  6.0326
  63  0.540711  3.6679  4.6549 -0.8588 14.7862 12.8720 10.1966  9.3272  8.4192  8.0759  7.3175  6.9756  6.8282  6.5941  6.2298  6.2124  5.9837
  64  0.544940  3.6715  4.6519 -0.8384 14.6060 12.6384 10.0461  9.1846  8.3255  7.9853  7.2444  6.9094  6.7650  6.5344  6.1767  6.1597  5.9356
  65  0.549111  3.6750  4.6490 -0.8181 14.3973 12.3945  9.8935  9.0424  8.2341  7.8974  7.1732  6.8450  6.7035  6.4763  6.1247  6.1081  5.8883
  66  0.553208  3.6783  4.6459 -0.7982 14.1738 12.1489  9.7419  8.9027  8.1452  7.8124  7.1043  6.7823  6.6439  6.4198  6.0738  6.0576  5.8421
  67  0.557250  3.6816  4.6427 -0.7787 13.9446 11.9067  9.5931  8.7663  8.0591  7.7301  7.0373  6.7214  6.5858  6.3649  6.0239  6.0082  5.7967
  68  0.561244  3.6848  4.6394 -0.7594 13.7183 11.6729  9.4488  8.6348  7.9756  7.6506  6.9721  6.6620  6.5291  6.3111  5.9751  5.9598  5.7520
  69  0.565178  3.6880  4.6359 -0.7404 13.5000 11.4515  9.3106  8.5090  7.8950  7.5740  6.9090  6.6042  6.4739  6.2586  5.9272  5.9123  5.7082
  70  0.569059  3.6910  4.6323 -0.7219 13.3083 11.2534  9.1824  8.3916  7.8176  7.5004  6.8476  6.5479  6.4199  6.2073  5.8803  5.8657  5.6652
  71  0.572881  3.6939  4.6286 -0.7036 13.1398 11.0763  9.0633  8.2818  7.7431  7.4296  6.7881  6.4931  6.3671  6.1571  5.8343  5.8202  5.6232
  72  0.576649  3.6967  4.6247 -0.6855 12.9929 10.9176  8.9522  8.1788  7.6715  7.3614  6.7304  6.4396  6.3156  6.1079  5.7894  5.7755  5.5817
  73  0.580352  3.6994  4.6208 -0.6679 12.8534 10.7687  8.8460  8.0801  7.6021  7.2955  6.6742  6.3875  6.2653  6.0601  5.7453  5.7318  5.5412
  74  0.583997  3.7021  4.6168 -0.6504 12.7180 10.6274  8.7435  7.9851  7.5346  7.2315  6.6194  6.3366  6.2161  6.0131  5.7021  5.6889  5.5014
  75  0.587580  3.7047  4.6127 -0.6332 12.5848 10.4919  8.6441  7.8931  7.4691  7.1694  6.5661  6.2868  6.1680  5.9671  5.6598  5.6469  5.4623
  76  0.591100  3.7073  4.6086 -0.6163 12.4451 10.3578  8.5458  7.8026  7.4049  7.1087  6.5139  6.2383  6.1210  5.9222  5.6183  5.6057  5.4240
  77  0.594558  3.7098  4.6043 -0.5997 12.2993 10.2247  8.4487  7.7140  7.3424  7.0497  6.4631  6.1908  6.0750  5.8782  5.5777  5.5653  5.3865
  78  0.597959  3.7122  4.6001 -0.5834 12.1449 10.0906  8.3520  7.6264  7.2811  6.9921  6.4134  6.1443  6.0301  5.8351  5.5378  5.5258  5.3496
  79  0.601291  3.7145  4.5958 -0.5672 11.9909  9.9604  8.2577  7.5410  7.2214  6.9360  6.3649  6.0990  5.9861  5.7930  5.4988  5.4870  5.3134
  80  0.604565  3.7168  4.5913 -0.5513 11.8384  9.8340  8.1658  7.4582  7.1633  6.8813  6.3177  6.0546  5.9432  5.7517  5.4605  5.4490  5.2778
  81  0.607772  3.7190  4.5869 -0.5357 11.6880  9.7117  8.0763  7.3775  7.1065  6.8280  6.2715  6.0113  5.9011  5.7114  5.4230  5.4117  5.2430
  82  0.611944  3.7219  4.5808 -0.5154 11.4935  9.5562  7.9617  7.2743  7.0335  6.7595  6.2119  5.9553  5.8466  5.6591  5.3743  5.3633  5.1976
  83  0.616048  3.7245  4.5745 -0.4953 11.3072  9.4082  7.8509  7.1744  6.9620  6.6924  6.1535  5.9003  5.7931  5.6076  5.3264  5.3157  5.1529
  84  0.620080  3.7272  4.5681 -0.4754 11.1279  9.2671  7.7437  7.0776  6.8922  6.6269  6.0963  5.8463  5.7406  5.5571  5.2792  5.2688  5.1087
  85  0.624040  3.7298  4.5615 -0.4558 10.9551  9.1323  7.6404  6.9842  6.8242  6.5630  6.0403  5.7935  5.6891  5.5075  5.2328  5.2226  5.0652
  86  0.627920  3.7322  4.5547 -0.4364 10.7874  9.0029  7.5402  6.8936  6.7577  6.5006  5.9856  5.7417  5.6386  5.4588  5.1872  5.1772  5.0224
  87  0.631721  3.7346  4.5477 -0.4174 10.6255  8.8791  7.4435  6.8062  6.6929  6.4398  5.9321  5.6910  5.5890  5.4109  5.1422  5.1325  4.9801
  88  0.635443  3.7369  4.5406 -0.3985 10.4688  8.7600  7.3498  6.7214  6.6297  6.3804  5.8797  5.6412  5.5403  5.3640  5.0980  5.0885  4.9383
  89  0.639091  3.7390  4.5332 -0.3800 10.3182  8.6462  7.2595  6.6397  6.5681  6.3224  5.8283  5.5923  5.4924  5.3177  5.0542  5.0450  4.8970
  90  0.642665  3.7412  4.5257 -0.3616 10.1731  8.5369  7.1723  6.5606  6.5080  6.2658  5.7779  5.5442  5.4454  5.2720  5.0111  5.0020  4.8561
  91  0.646169  3.7432  4.5180 -0.3434 10.0326  8.4316  7.0879  6.4840  6.4492  6.2103  5.7283  5.4969  5.3989  5.2269  4.9683  4.9595  4.8155
  92  0.649603  3.7451  4.5102 -0.3255  9.8963  8.3298  7.0059  6.4095  6.3915  6.1558  5.6796  5.4502  5.3531  5.1824  4.9260  4.9174  4.7752
  93  0.652971  3.7470  4.5020 -0.3076  9.7653  8.2320  6.9267  6.3374  6.3350  6.1025  5.6316  5.4041  5.3079  5.1384  4.8842  4.8756  4.7352
  94  0.656272  3.7488  4.4937 -0.2899  9.6383  8.1371  6.8494  6.2671  6.2796  6.0500  5.5843  5.3586  5.2632  5.0949  4.8426  4.8343  4.6956
  95  0.659504  3.7505  4.4852 -0.2724  9.5152  8.0451  6.7742  6.1986  6.2250  5.9983  5.5376  5.3137  5.2191  5.0519  4.8015  4.7934  4.6563
  96  0.662665  3.7522  4.4766 -0.2551  9.3958  7.9557  6.7007  6.1316  6.1714  5.9475  5.4916  5.2695  5.1755  5.0094  4.7609  4.7529  4.6173
  97  0.665759  3.7537  4.4677 -0.2379  9.2802  7.8686  6.6289  6.0661  6.1186  5.8974  5.4462  5.2257  5.1324  4.9674  4.7208  4.7128  4.5787
  98  0.668783  3.7552  4.4585 -0.2208  9.1693  7.7845  6.5592  6.0024  6.0667  5.8481  5.4015  5.1825  5.0899  4.9259  4.6808  4.6731  4.5403
  99  0.671733  3.7567  4.4493 -0.2039  9.0609  7.7023  6.4908  5.9399  6.0155  5.7995  5.3573  5.1398  5.0478  4.8848  4.6414  4.6337  4.5023
 100  0.674614  3.7581  4.4398 -0.1872  8.9581  7.6236  6.4249  5.8795  5.9654  5.7518  5.3136  5.0976  5.0062  4.8442  4.6022  4.5947  4.4645
 101  0.677422  3.7593  4.4302 -0.1707  8.8591  7.5472  6.3608  5.8206  5.9161  5.7047  5.2705  5.0559  4.9651  4.8039  4.5635  4.5561  4.4270
 102  0.680161  3.7605  4.4205 -0.1543  8.7644  7.4736  6.2988  5.7633  5.8677  5.6584  5.2280  5.0147  4.9245  4.7642  4.5251  4.5178  4.3898
 103  0.682831  3.7617  4.4105 -0.1381  8.6739  7.4028  6.2388  5.7077  5.8202  5.6130  5.1861  4.9741  4.8844  4.7249  4.4871  4.4798  4.3529
 104  0.685435  3.7628  4.4006 -0.1222  8.5867  7.3342  6.1805  5.6536  5.7736  5.5683  5.1448  4.9340  4.8447  4.6860  4.4495  4.4424  4.3164
 105  0.687979  3.7638  4.3905 -0.1063  8.5037  7.2683  6.1242  5.6012  5.7280  5.5245  5.1040  4.8945  4.8056  4.6476  4.4123  4.4052  4.2802
 106  0.690470  3.7648  4.3804 -0.0908  8.4238  7.2047  6.0697  5.5503  5.6832  5.4814  5.0639  4.8554  4.7670  4.6097  4.3754  4.3684  4.2443
 107  0.692916  3.7656  4.3700 -0.0753  8.3479  7.1437  6.0170  5.5012  5.6395  5.4391  5.0244  4.8168  4.7288  4.5721  4.3389  4.3320  4.2086
 108  0.695323  3.7665  4.3597 -0.0602  8.2752  7.0850  5.9660  5.4534  5.5965  5.3977  4.9855  4.7787  4.6911  4.5350  4.3027  4.2959  4.1732
 109  0.697707  3.7673  4.3493 -0.0452  8.2059  7.0288  5.9168  5.4073  5.5546  5.3569  4.9471  4.7411  4.6539  4.4983  4.2669  4.2601  4.1381
 110  0.700054  3.7680  4.3389 -0.0304  8.1400  6.9748  5.8692  5.3625  5.5134  5.3170  4.9093  4.7041  4.6172  4.4620  4.2314  4.2248  4.1033
 111  0.702287  3.7687  4.3288 -0.0159  8.0738  6.9211  5.8221  5.3183  5.4727  5.2775  4.8720  4.6676  4.5809  4.4263  4.1966  4.1899  4.0692
 112  0.703163  3.7690  4.3247 -0.0100  8.0464  6.8991  5.8028  5.3003  5.4562  5.2614  4.8569  4.6528  4.5663  4.4120  4.1826  4.1759  4.0554
 113  0.704039  3.7694  4.3206 -0.0041  8.0195  6.8773  5.7837  5.2824  5.4396  5.2453  4.8417  4.6380  4.5516  4.3974  4.1684  4.1618  4.0416
 114  0.704913  3.7697  4.3164  0.0019  7.9928  6.8555  5.7645  5.2644  5.4229  5.2292  4.8264  4.6230  4.5367  4.3828  4.1542  4.1476  4.0276
 115  0.705787  3.7700  4.3120  0.0079  7.9670  6.8342  5.7456  5.2467  5.4063  5.2129  4.8110  4.6079  4.5218  4.3681  4.1397  4.1332  4.0134
 116  0.706657  3.7702  4.3075  0.0140  7.9418  6.8133  5.7269  5.2290  5.3896  5.1966  4.7955  4.5927  4.5066  4.3531  4.1251  4.1185  3.9989
 117  0.707524  3.7705  4.3028  0.0202  7.9176  6.7928  5.7085  5.2115  5.3729  5.1803  4.7798  4.5773  4.4914  4.3379  4.1101  4.1036  3.9842
 118  0.708388  3.7707  4.2979  0.0264  7.8936  6.7725  5.6900  5.1939  5.3561  5.1639  4.7640  4.5617  4.4759  4.3226  4.0950  4.0885  3.9693
 119  0.709249  3.7708  4.2929  0.0327  7.8700  6.7523  5.6716  5.1763  5.3393  5.1473  4.7481  4.5460  4.4602  4.3071  4.0797  4.0732  3.9542
 120  0.710108  3.7710  4.2878  0.0391  7.8469  6.7323  5.6534  5.1588  5.3223  5.1306  4.7320  4.5301  4.4444  4.2914  4.0642  4.0578  3.9389
 121  0.710964  3.7712  4.2827  0.0455  7.8239  6.7123  5.6350  5.1412  5.3052  5.1139  4.7158  4.5141  4.4285  4.2756  4.0486  4.0422  3.9235
 122  0.711813  3.7714  4.2774  0.0520  7.8000  6.6918  5.6162  5.1234  5.2879  5.0969  4.6994  4.4979  4.4123  4.2596  4.0329  4.0264  3.9078
 123  0.712664  3.7716  4.2721  0.0584  7.7768  6.6716  5.5977  5.1056  5.2706  5.0799  4.6829  4.4816  4.3962  4.2435  4.0171  4.0106  3.8921
 124  0.713513  3.7718  4.2668  0.0650  7.7531  6.6512  5.5788  5.0875  5.2531  5.0627  4.6663  4.4652  4.3798  4.2273  4.0010  3.9946  3.8762
 125  0.714363  3.7719  4.2614  0.0716  7.7302  6.6311  5.5603  5.0698  5.2357  5.0456  4.6497  4.4487  4.3634  4.2111  3.9849  3.9785  3.8603
 126  0.715212  3.7721  4.2559  0.0782  7.7074  6.6109  5.5417  5.0520  5.2183  5.0283  4.6330  4.4322  4.3470  4.1947  3.9688  3.9623  3.8442
 127  0.716060  3.7722  4.2503  0.0848  7.6853  6.5913  5.5233  5.0342  5.2007  5.0111  4.6162  4.4156  4.3304  4.1782  3.9524  3.9460  3.8281
 128  0.716908  3.7723  4.2445  0.0915  7.6635  6.5717  5.5050  5.0166  5.1832  4.9938  4.5993  4.3988  4.3137  4.1617  3.9360  3.9296  3.8117
 129  0.717753  3.7724  4.2387  0.0983  7.6424  6.5525  5.4869  4.9990  5.1657  4.9764  4.5824  4.3820  4.2969  4.1450  3.9193  3.9130  3.7952
 130  0.718595  3.7725  4.2327  0.1051  7.6223  6.5338  5.4691  4.9817  5.1483  4.9591  4.5653  4.3650  4.2801  4.1281  3.9026  3.8962  3.7785
 131  0.719435  3.7725  4.2265  0.1120  7.6029  6.5155  5.4515  4.9645  5.1308  4.9418  4.5482  4.3480  4.2630  4.1111  3.8857  3.8793  3.7615
 132  0.720270  3.7726  4.2202  0.1189  7.5839  6.4973  5.4338  4.9472  5.1133  4.9243  4.5309  4.3307  4.2458  4.0939  3.8686  3.8621  3.7444
 133  0.721104  3.7725  4.2138  0.1258  7.5653  6.4793  5.4164  4.9301  5.0957  4.9068  4.5136  4.3134  4.2285  4.0766  3.8513  3.8449  3.7271
 134  0.721933  3.7725  4.2072  0.1328  7.5475  6.4618  5.3990  4.9130  5.0781  4.8894  4.4961  4.2960  4.2111  4.0593  3.8338  3.8274  3.7096
 135  0.722757  3.7725  4.2005  0.1399  7.5307  6.4447  5.3820  4.8961  5.0606  4.8718  4.4786  4.2784  4.1935  4.0417  3.8162  3.8097  3.6919
 136  0.723576  3.7724  4.1936  0.1469  7.5144  6.4280  5.3651  4.8793  5.0431  4.8542  4.4610  4.2607  4.1758  4.0239  3.7984  3.7919  3.6740
 137  0.724391  3.7723  4.1866  0.1541  7.4990  6.4117  5.3486  4.8627  5.0256  4.8367  4.4432  4.2429  4.1580  4.0060  3.7804  3.7739  3.6558
 138  0.725199  3.7722  4.1793  0.1613  7.4842  6.3958  5.3320  4.8462  5.0080  4.8190  4.4254  4.2250  4.1400  3.9880  3.7622  3.7557  3.6375
 139  0.726003  3.7721  4.1720  0.1686  7.4703  6.3802  5.3157  4.8298  4.9905  4.8014  4.4074  4.2069  4.1219  3.9698  3.7438  3.7373  3.6190
 140  0.726800  3.7719  4.1643  0.1758  7.4579  6.3656  5.2999  4.8137  4.9731  4.7838  4.3895  4.1888  4.1038  3.9514  3.7252  3.7188  3.6002
 141  0.727590  3.7716  4.1565  0.1832  7.4466  6.3515  5.2846  4.7979  4.9558  4.7662  4.3715  4.1705  4.0855  3.9329  3.7066  3.7000  3.5812
 142  0.728373  3.7713  4.1484  0.1906  7.4369  6.3383  5.2696  4.7824  4.9386  4.7487  4.3534  4.1522  4.0670  3.9143  3.6875  3.6810  3.5619
 143  0.729150  3.7710  4.1401  0.1981  7.4284  6.3258  5.2551  4.7672  4.9215  4.7312  4.3352  4.1338  4.0484  3.8955  3.6684  3.6619  3.5424
 144  0.729919  3.7706  4.1315  0.2055  7.4222  6.3145  5.2413  4.7526  4.9047  4.7140  4.3171  4.1152  4.0297  3.8766  3.6490  3.6424  3.5227
 145  0.730680  3.7702  4.1228  0.2130  7.4168  6.3038  5.2278  4.7381  4.8878  4.6966  4.2988  4.0966  4.0110  3.8576  3.6296  3.6230  3.5028
 146  0.731434  3.7697  4.1136  0.2206  7.4146  6.2949  5.2154  4.7245  4.8715  4.6796  4.2806  4.0779  3.9921  3.8383  3.6097  3.6031  3.4824
 147  0.732179  3.7691  4.1043  0.2282  7.4136  6.2865  5.2033  4.7112  4.8551  4.6626  4.2624  4.0591  3.9732  3.8190  3.5898  3.5831  3.4620
 148  0.732917  3.7685  4.0947  0.2358  7.4150  6.2796  5.1922  4.6984  4.8392  4.6458  4.2441  4.0402  3.9541  3.7995  3.5697  3.5629  3.4412
 149  0.733645  3.7679  4.0850  0.2435  7.4177  6.2736  5.1816  4.6862  4.8232  4.6290  4.2258  4.0214  3.9350  3.7800  3.5494  3.5425  3.4203
 150  0.734363  3.7672  4.0748  0.2511  7.4239  6.2695  5.1721  4.6749  4.8077  4.6125  4.2076  4.0024  3.9157  3.7603  3.5289  3.5220  3.3990
 151  0.735073  3.7664  4.0646  0.2589  7.4314  6.2663  5.1632  4.6639  4.7922  4.5960  4.1891  3.9833  3.8964  3.7405  3.5083  3.5013  3.3777
 152  0.735776  3.7656  4.0539  0.2666  7.4439  6.2660  5.1562  4.6546  4.7774  4.5800  4.1710  3.9643  3.8771  3.7206  3.4874  3.4803  3.3559
 153  0.736470  3.7648  4.0431  0.2744  7.4587  6.2672  5.1500  4.6459  4.7628  4.5641  4.1528  3.9452  3.8577  3.7005  3.4663  3.4592  3.3340
 154  0.737157  3.7637  4.0316  0.2821  7.4798  6.2720  5.1463  4.6390  4.7492  4.5488  4.1348  3.9261  3.8382  3.6804  3.4450  3.4379  3.3117
 155  0.737834  3.7625  4.0196  0.2899  7.5066  6.2801  5.1445  4.6338  4.7363  4.5341  4.1170  3.9071  3.8189  3.6602  3.4236  3.4163  3.2890
 156  0.738503  3.7612  4.0071  0.2977  7.5401  6.2920  5.1453  4.6306  4.7243  4.5202  4.0995  3.8883  3.7995  3.6400  3.4018  3.3944  3.2659
 157  0.739165  3.7599  3.9941  0.3054  7.5790  6.3070  5.1480  4.6291  4.7131  4.5067  4.0822  3.8696  3.7803  3.6198  3.3800  3.3725  3.2426
 158  0.739817  3.7582  3.9802  0.3132  7.6295  6.3285  5.1549  4.6308  4.7034  4.4944  4.0653  3.8511  3.7611  3.5995  3.3579  3.3502  3.2188
 159  0.740461  3.7564  3.9653  0.3208  7.6942  6.3576  5.1668  4.6366  4.6958  4.4836  4.0491  3.8330  3.7422  3.5793  3.3354  3.3276  3.1943
 160  0.741093  3.7541  3.9495  0.3284  7.7720  6.3937  5.1831  4.6460  4.6900  4.4742  4.0336  3.8151  3.7235  3.5592  3.3127  3.3047  3.1694
 161  0.741707  3.7518  3.9328  0.3360  7.8614  6.4357  5.2036  4.6588  4.6857  4.4660  4.0187  3.7978  3.7051  3.5391  3.2899  3.2816  3.1441
 162  0.742361  3.7489  3.9134  0.3438  7.9771  6.4926  5.2335  4.6791  4.6850  4.4604  4.0047  3.7806  3.6868  3.5186  3.2657  3.2572  3.1168
 163  0.743005  3.7455  3.8919  0.3527  8.1052  6.5562  5.2670  4.7019  4.6844  4.4543  3.9893  3.7616  3.6665  3.4960  3.2391  3.2303  3.0866
 164  0.743642  3.7419  3.8681  0.3623  8.2442  6.6263  5.3042  4.7275  4.6837  4.4476  3.9726  3.7410  3.6444  3.4713  3.2101  3.2010  3.0538
 165  0.744265  3.7382  3.8424  0.3734  8.3845  6.6978  5.3409  4.7523  4.6805  4.4385  3.9531  3.7175  3.6194  3.4437  3.1778  3.1683  3.0174
 166  0.744865  3.7345  3.8150  0.3865  8.5178  6.7661  5.3735  4.7730  4.6728  4.4247  3.9291  3.6896  3.5901  3.4117  3.1413  3.1314  2.9768
 167  0.745433  3.7311  3.7868  0.4016  8.6350  6.8258  5.3976  4.7862  4.6586  4.4049  3.8999  3.6566  3.5557  3.3749  3.1001  3.0900  2.9319
 168  0.745965  3.7282  3.7581  0.4186  8.7291  6.8716  5.4106  4.7894  4.6371  4.3786  3.8652  3.6186  3.5165  3.3334  3.0549  3.0444  2.8832
 169  0.746462  3.7256  3.7298  0.4371  8.7983  6.9017  5.4116  4.7823  4.6088  4.3461  3.8256  3.5763  3.4732  3.2882  3.0064  2.9957  2.8317
 170  0.746928  3.7235  3.7019  0.4568  8.8473  6.9182  5.4027  4.7667  4.5749  4.3087  3.7823  3.5305  3.4265  3.2400  2.9555  2.9446  2.7784
 171  0.747367  3.7218  3.6747  0.4775  8.8778  6.9219  5.3851  4.7436  4.5366  4.2674  3.7360  3.4823  3.3776  3.1898  2.9029  2.8918  2.7237
 172  0.747787  3.7203  3.6479  0.4986  8.8949  6.9161  5.3608  4.7149  4.4947  4.2231  3.6876  3.4322  3.3269  3.1380  2.8492  2.8378  2.6681
 173  0.748189  3.7191  3.6215  0.5202  8.9019  6.9027  5.3312  4.6817  4.4501  4.1764  3.6374  3.3807  3.2749  3.0850  2.7945  2.7831  2.6119
 174  0.748578  3.7180  3.5955  0.5421  8.9016  6.8837  5.2978  4.6452  4.4036  4.1280  3.5861  3.3281  3.2219  3.0312  2.7392  2.7276  2.5553
 175  0.748955  3.7170  3.5700  0.5642  8.8939  6.8595  5.2610  4.6056  4.3554  4.0783  3.5337  3.2747  3.1682  2.9767  2.6835  2.6718  2.4984
 176  0.749324  3.7163  3.5447  0.5865  8.8805  6.8313  5.2215  4.5639  4.3060  4.0275  3.4807  3.2207  3.1139  2.9218  2.6274  2.6156  2.4413
 177  0.749686  3.7155  3.5195  0.6089  8.8635  6.8010  5.1805  4.5209  4.2558  3.9759  3.4270  3.1663  3.0592  2.8665  2.5711  2.5592  2.3841
 178  0.750043  3.7149  3.4945  0.6314  8.8427  6.7679  5.1377  4.4765  4.2048  3.9239  3.3731  3.1115  3.0042  2.8110  2.5146  2.5028  2.3268
 179  0.750393  3.7142  3.4694  0.6540  8.8209  6.7344  5.0947  4.4317  4.1536  3.8715  3.3189  3.0565  2.9490  2.7552  2.4579  2.4459  2.2692
 180  0.750735  3.7136  3.4444  0.6767  8.7973  6.6998  5.0508  4.3863  4.1019  3.8186  3.2643  3.0012  2.8934  2.6992  2.4010  2.3889  2.2114
 181  0.751070  3.7129  3.4193  0.6995  8.7720  6.6640  5.0060  4.3399  4.0496  3.7653  3.2093  2.9456  2.8376  2.6429  2.3437  2.3316  2.1534
 182  0.751266  3.7126  3.4042  0.7132  8.7566  6.6425  4.9792  4.3122  4.0183  3.7333  3.1764  2.9122  2.8040  2.6091  2.3093  2.2972  2.1186
 183  0.751461  3.7122  3.3890  0.7271  8.7406  6.6206  4.9517  4.2839  3.9864  3.7008  3.1428  2.8782  2.7700  2.5747  2.2745  2.2623  2.0831
 184  0.751655  3.7118  3.3734  0.7413  8.7240  6.5980  4.9236  4.2550  3.9538  3.6676  3.1087  2.8436  2.7352  2.5396  2.2389  2.2267  2.0472
 185  0.751850  3.7115  3.3578  0.7555  8.7075  6.5754  4.8955  4.2259  3.9212  3.6343  3.0743  2.8089  2.7003  2.5045  2.2032  2.1909  2.0110
 186  0.752043  3.7110  3.3416  0.7702  8.6904  6.5521  4.8665  4.1960  3.8874  3.6000  3.0388  2.7729  2.6643  2.4681  2.1663  2.1540  1.9736
 187  0.752236  3.7107  3.3248  0.7856  8.6720  6.5274  4.8359  4.1645  3.8521  3.5638  3.0016  2.7353  2.6266  2.4300  2.1276  2.1152  1.9344
 188  0.752425  3.7102  3.3071  0.8019  8.6524  6.5019  4.8040  4.1315  3.8150  3.5261  2.9628  2.6959  2.5870  2.3901  2.0871  2.0747  1.8933
 189  0.752610  3.7097  3.2877  0.8194  8.6323  6.4754  4.7698  4.0961  3.7749  3.4850  2.9204  2.6530  2.5439  2.3467  2.0429  2.0305  1.8486
 190  0.752795  3.7093  3.2679  0.8375  8.6103  6.4468  4.7340  4.0592  3.7334  3.4428  2.8769  2.6089  2.4996  2.3021  1.9976  1.9852  1.8027
 191  0.752974  3.7088  3.2465  0.8568  8.5892  6.4192  4.6972  4.0210  3.6899  3.3982  2.8307  2.5622  2.4527  2.2547  1.9495  1.9369  1.7537
 192  0.753151  3.7082  3.2245  0.8767  8.5668  6.3903  4.6589  3.9812  3.6446  3.3520  2.7829  2.5136  2.4039  2.2054  1.8994  1.8869  1.7031
 193  0.753325  3.7076  3.2016  0.8973  8.5439  6.3605  4.6194  3.9402  3.5978  3.3041  2.7333  2.4634  2.3535  2.1545  1.8477  1.8350  1.6505
 194  0.753495  3.7071  3.1778  0.9188  8.5207  6.3308  4.5789  3.8979  3.5492  3.2545  2.6819  2.4111  2.3011  2.1015  1.7938  1.7810  1.5958
 195  0.753663  3.7064  3.1533  0.9408  8.4970  6.3008  4.5376  3.8548  3.4997  3.2037  2.6293  2.3577  2.2474  2.0473  1.7386  1.7258  1.5398
 196  0.753827  3.7057  3.1278  0.9637  8.4738  6.2711  4.4955  3.8107  3.4487  3.1514  2.5749  2.3024  2.1918  1.9911  1.6814  1.6685  1.4817
 197  0.753989  3.7049  3.1015  0.9871  8.4504  6.2417  4.4528  3.7658  3.3964  3.0976  2.5190  2.2456  2.1347  1.9334  1.6226  1.6097  1.4220
 198  0.754147  3.7041  3.0744  1.0112  8.4268  6.2127  4.4096  3.7203  3.3430  3.0428  2.4618  2.1874  2.0762  1.8742  1.5621  1.5491  1.3605
 199  0.754300  3.7033  3.0464  1.0360  8.3993  6.1819  4.3649  3.6734  3.2882  2.9865  2.4029  2.1275  2.0160  1.8133  1.5000  1.4869  1.2973
 200  0.754450  3.7025  3.0177  1.0614  8.3718  6.1517  4.3198  3.6259  3.2322  2.9289  2.3428  2.0663  1.9544  1.7509  1.4363  1.4231  1.2325
 201  0.754596  3.7015  2.9879  1.0874  8.3451  6.1233  4.2748  3.5782  3.1753  2.8703  2.2813  2.0035  1.8914  1.6871  1.3711  1.3577  1.1660
 202  0.754737  3.7005  2.9572  1.1142  8.3202  6.0969  4.2302  3.5305  3.1177  2.8108  2.2186  1.9396  1.8270  1.6218  1.3042  1.2908  1.0978
 203  0.754874  3.6994  2.9257  1.1414  8.2958  6.0721  4.1857  3.4828  3.0592  2.7503  2.1547  1.8743  1.7613  1.5552  1.2360  1.2224  1.0281
 204  0.755006  3.6983  2.8934  1.1694  8.2716  6.0488  4.1410  3.4346  2.9997  2.6886  2.0895  1.8077  1.6943  1.4871  1.1662  1.1525  0.9568
 205  0.755134  3.6971  2.8601  1.1979  8.2479  6.0272  4.0964  3.3864  2.9392  2.6259  2.0231  1.7397  1.6259  1.4176  1.0949  1.0811  0.8839
 206  0.755256  3.6959  2.8262  1.2269  8.2243  6.0073  4.0519  3.3382  2.8780  2.5624  1.9556  1.6706  1.5563  1.3469  1.0224  1.0084  0.8096
 207  0.755374  3.6946  2.7914  1.2566  8.2010  5.9892  4.0076  3.2898  2.8160  2.4980  1.8871  1.6005  1.4856  1.2750  0.9485  0.9344  0.7340
 208  0.755487  3.6932  2.7560  1.2867  8.1784  5.9737  3.9637  3.2417  2.7534  2.4328  1.8178  1.5293  1.4138  1.2021  0.8736  0.8592  0.6572
 209  0.755595  3.6919  2.7199  1.3172  8.1563  5.9631  3.9206  3.1941  2.6904  2.3671  1.7475  1.4572  1.3411  1.1281  0.7975  0.7830  0.5792
 210  0.755698  3.6904  2.6833  1.3482  8.1349  5.9552  3.8779  3.1468  2.6268  2.3008  1.6764  1.3842  1.2676  1.0533  0.7204  0.7057  0.5001
 211  0.755796  3.6890  2.6460  1.3796  8.1146  5.9502  3.8359  3.1001  2.5630  2.2339  1.6047  1.3105  1.1932  0.9775  0.6424  0.6275  0.4201
 212  0.755890  3.6874  2.6082  1.4114  8.0953  5.9482  3.7948  3.0538  2.4989  2.1665  1.5323  1.2359  1.1181  0.9010  0.5635  0.5485  0.3391
 213  0.755975  3.6858  2.5687  1.4443  8.0762  5.9498  3.7544  3.0083  2.4334  2.0977  1.4578  1.1591  1.0405  0.8219  0.4818  0.4666  0.2551
 214  0.756058  3.6840  2.5257  1.4801  8.0586  5.9558  3.7135  2.9620  2.3639  2.0242  1.3778  1.0765  0.9571  0.7367  0.3935  0.3780  0.1640
 215  0.756138  3.6821  2.4839  1.5146  8.0587  5.9733  3.6787  2.9208  2.2977  1.9540  1.3008  0.9968  0.8765  0.6543  0.3081  0.2924  0.0760
 216  0.756217  3.6803  2.4436  1.5479  8.0635  5.9945  3.6463  2.8820  2.2342  1.8862  1.2264  0.9197  0.7987  0.5747  0.2254  0.2096 -0.0091
 217  0.756227  3.6801  2.4386  1.5519  8.0652  5.9972  3.6424  2.8771  2.2265  1.8779  1.2174  0.9103  0.7891  0.5650  0.2154  0.1994 -0.0195
 218  0.756237  3.6799  2.4338  1.5560  8.0670  6.0000  3.6384  2.8723  2.2187  1.8696  1.2083  0.9009  0.7796  0.5552  0.2053  0.1894 -0.0298
 219  0.756246  3.6797  2.4289  1.5600  8.0689  6.0029  3.6347  2.8677  2.2109  1.8614  1.1991  0.8915  0.7701  0.5455  0.1953  0.1792 -0.0402
 220  0.756256  3.6795  2.4240  1.5641  8.0710  6.0059  3.6309  2.8630  2.2033  1.8532  1.1901  0.8821  0.7606  0.5358  0.1853  0.1693 -0.0505
 221  0.756266  3.6793  2.4191  1.5681  8.0731  6.0089  3.6272  2.8584  2.1956  1.8450  1.1810  0.8728  0.7511  0.5262  0.1752  0.1592 -0.0608
 222  0.756276  3.6791  2.4143  1.5721  8.0753  6.0122  3.6236  2.8539  2.1880  1.8369  1.1721  0.8635  0.7417  0.5166  0.1653  0.1492 -0.0710
 223  0.756286  3.6788  2.4094  1.5760  8.0779  6.0154  3.6200  2.8494  2.1804  1.8288  1.1632  0.8542  0.7323  0.5070  0.1554  0.1394 -0.0813
 224  0.756296  3.6786  2.4045  1.5800  8.0802  6.0185  3.6163  2.8449  2.1728  1.8207  1.1543  0.8450  0.7230  0.4975  0.1455  0.1294 -0.0915
 225  0.756306  3.6784  2.3998  1.5840  8.0829  6.0215  3.6127  2.8404  2.1654  1.8127  1.1455  0.8359  0.7138  0.4880  0.1357  0.1196 -0.1015
 226  0.756316  3.6782  2.3950  1.5878  8.0857  6.0249  3.6093  2.8361  2.1580  1.8047  1.1368  0.8267  0.7047  0.4786  0.1261  0.1099 -0.1115
 227  0.756410  3.6766  2.3588  1.6179  8.1208  6.0463  3.5807  2.7999  2.0994  1.7421  1.0682  0.7559  0.6329  0.4055  0.0507  0.0343 -0.1888
 228  0.756501  3.6764  2.3476  1.6281  8.1717  6.0413  3.5640  2.7789  2.0747  1.7161  1.0415  0.7289  0.6059  0.3783  0.0238  0.0075 -0.2157
 229  0.756597  3.6747  2.3093  1.6599  8.2088  6.0733  3.5372  2.7437  2.0137  1.6506  0.9694  0.6541  0.5302  0.3011 -0.0557 -0.0723 -0.2973
 230  0.756688  3.6716  2.2441  1.7125  8.2238  6.1435  3.5033  2.6987  1.9192  1.5480  0.8541  0.5337  0.4081  0.1758 -0.1858 -0.2027 -0.4317
 231  0.756768  3.6686  2.1842  1.7608  8.2255  6.2094  3.4750  2.6613  1.8338  1.4551  0.7491  0.4239  0.2968  0.0615 -0.3046 -0.3219 -0.5547
 232  0.756842  3.6660  2.1298  1.8046  8.2013  6.2645  3.4495  2.6289  1.7575  1.3719  0.6550  0.3253  0.1967 -0.0414 -0.4118 -0.4293 -0.6656
 233  0.756907  3.6641  2.0902  1.8366  8.1620  6.3024  3.4324  2.6089  1.7027  1.3120  0.5868  0.2536  0.1239 -0.1162 -0.4894 -0.5073 -0.7461
 234  0.756971  3.6622  2.0512  1.8681  8.1196  6.3375  3.4170  2.5917  1.6500  1.2543  0.5204  0.1838  0.0530 -0.1893 -0.5655 -0.5837 -0.8251
 235  0.757030  3.6591  1.9900  1.9168  8.0919  6.3943  3.3937  2.5621  1.5687  1.1650  0.4177  0.0755 -0.0569 -0.3025 -0.6839 -0.7025 -0.9483
 236  0.757083  3.6557  1.9259  1.9676  8.0624  6.4498  3.3725  2.5349  1.4862  1.0736  0.3114 -0.0367 -0.1711 -0.4202 -0.8070 -0.8261 -1.0765
 237  0.757131  3.6523  1.8623  2.0174  8.0282  6.5060  3.3552  2.5126  1.4077  0.9862  0.2086 -0.1456 -0.2819 -0.5348 -0.9274 -0.9470 -1.2023
 238  0.757173  3.6488  1.7995  2.0665  7.9900  6.5612  3.3406  2.4940  1.3327  0.9021  0.1089 -0.2517 -0.3900 -0.6466 -1.0454 -1.0654 -1.3259
 239  0.757211  3.6454  1.7379  2.1145  7.9501  6.6136  3.3276  2.4777  1.2610  0.8216  0.0125 -0.3543 -0.4948 -0.7550 -1.1602 -1.1808 -1.4465
 240  0.757245  3.6420  1.6759  2.1626  7.9086  6.6694  3.3164  2.4636  1.1906  0.7423 -0.0831 -0.4563 -0.5987 -0.8628 -1.2751 -1.2961 -1.5673
 241  0.757276  3.6387  1.6175  2.2078  7.8624  6.7212  3.3075  2.4531  1.1269  0.6700 -0.1714 -0.5507 -0.6952 -0.9628 -1.3821 -1.4036 -1.6803
 242  0.757304  3.6355  1.5607  2.2517  7.8132  6.7686  3.2987  2.4437  1.0665  0.6012 -0.2565 -0.6418 -0.7884 -1.0593 -1.4858 -1.5077 -1.7899
 243  0.757328  3.6322  1.5050  2.2944  7.7618  6.8115  3.2906  2.4360  1.0096  0.5362 -0.3380 -0.7291 -0.8779 -1.1520 -1.5863 -1.6086 -1.8964
 244  0.757351  3.6289  1.4502  2.3363  7.7083  6.8500  3.2822  2.4284  0.9550  0.4736 -0.4170 -0.8140 -0.9651 -1.2422 -1.6845 -1.7072 -2.0008
 245  0.757372  3.6257  1.3962  2.3775  7.6533  6.8847  3.2735  2.4213  0.9029  0.4138 -0.4934 -0.8962 -1.0493 -1.3296 -1.7806 -1.8037 -2.1033
 246  0.757390  3.6225  1.3433  2.4176  7.5979  6.9155  3.2657  2.4157  0.8540  0.3575 -0.5662 -0.9748 -1.1299 -1.4134 -1.8738 -1.8974 -2.2031
 247  0.757407  3.6194  1.2912  2.4570  7.5418  6.9410  3.2576  2.4107  0.8077  0.3039 -0.6362 -1.0502 -1.2074 -1.4942 -1.9649 -1.9888 -2.3008
 248  0.757423  3.6162  1.2401  2.4956  7.4847  6.9623  3.2478  2.4042  0.7629  0.2522 -0.7047 -1.1238 -1.2831 -1.5726 -2.0543 -2.0786 -2.3970
 249  0.757437  3.6132  1.1904  2.5330  7.4274  6.9789  3.2374  2.3976  0.7207  0.2035 -0.7697 -1.1937 -1.3549 -1.6472 -2.1408 -2.1654 -2.4902
 250  0.757450  3.6101  1.1412  2.5701  7.3694  6.9915  3.2264  2.3911  0.6800  0.1568 -0.8330 -1.2614 -1.4245 -1.7197 -2.2261 -2.2510 -2.5826
 251  0.757462  3.6071  1.0933  2.6060  7.3115  6.9990  3.2144  2.3841  0.6417  0.1123 -0.8936 -1.3262 -1.4910 -1.7891 -2.3091 -2.3342 -2.6724
 252  0.757473  3.6042  1.0461  2.6413  7.2539  7.0028  3.2023  2.3776  0.6062  0.0713 -0.9505 -1.3872 -1.5534 -1.8547 -2.3899 -2.4152 -2.7605
 253  0.757484  3.6012  0.9997  2.6759  7.1970  7.0016  3.1897  2.3714  0.5735  0.0336 -1.0038 -1.4444 -1.6119 -1.9170 -2.4685 -2.4942 -2.8467
 254  0.757493  3.5983  0.9544  2.7096  7.1412  6.9964  3.1768  2.3655  0.5442 -0.0003 -1.0526 -1.4970 -1.6655 -1.9749 -2.5445 -2.5705 -2.9307
 255  0.757502  3.5955  0.9099  2.7426  7.0853  6.9880  3.1624  2.3585  0.5161 -0.0324 -1.0987 -1.5462 -1.7152 -2.0295 -2.6196 -2.6458 -3.0138
 256  0.757510  3.5926  0.8664  2.7749  7.0304  6.9781  3.1480  2.3523  0.4911 -0.0609 -1.1403 -1.5907 -1.7599 -2.0796 -2.6922 -2.7189 -3.0949
 257  0.757517  3.5898  0.8234  2.8065  6.9763  6.9660  3.1327  2.3457  0.4689 -0.0857 -1.1774 -1.6305 -1.7995 -2.1256 -2.7629 -2.7899 -3.1744
 258  0.757524  3.5870  0.7813  2.8375  6.9228  6.9522  3.1166  2.3386  0.4495 -0.1067 -1.2090 -1.6645 -1.8327 -2.1671 -2.8320 -2.8594 -3.2526
 259  0.757531  3.5843  0.7403  2.8676  6.8706  6.9371  3.0996  2.3310  0.4329 -0.1240 -1.2352 -1.6932 -1.8602 -2.2040 -2.8984 -2.9263 -3.3285
 260  0.757538  3.5816  0.6999  2.8972  6.8189  6.9207  3.0817  2.3231  0.4190 -0.1376 -1.2569 -1.7173 -1.8827 -2.2370 -2.9630 -2.9914 -3.4030
 261  0.757543  3.5790  0.6603  2.9263  6.7689  6.9040  3.0632  2.3147  0.4084 -0.1471 -1.2733 -1.7363 -1.8999 -2.2657 -3.0247 -3.0540 -3.4754
 262  0.757549  3.5764  0.6218  2.9545  6.7200  6.8868  3.0441  2.3060  0.4007 -0.1525 -1.2842 -1.7498 -1.9112 -2.2897 -3.0838 -3.1137 -3.5456
 263  0.757554  3.5739  0.5839  2.9822  6.6734  6.8715  3.0257  2.2989  0.3989 -0.1497 -1.2829 -1.7514 -1.9090 -2.3045 -3.1390 -3.1702 -3.6138
 264  0.757559  3.5714  0.5468  3.0092  6.6290  6.8586  3.0083  2.2940  0.4039 -0.1377 -1.2687 -1.7402 -1.8928 -2.3094 -3.1902 -3.2229 -3.6799
 265  0.757563  3.5689  0.5105  3.0357  6.5860  6.8458  2.9910  2.2894  0.4117 -0.1219 -1.2493 -1.7239 -1.8710 -2.3098 -3.2389 -3.2732 -3.7440
 266  0.757568  3.5664  0.4748  3.0618  6.5444  6.8329  2.9733  2.2843  0.4206 -0.1037 -1.2260 -1.7040 -1.8454 -2.3071 -3.2845 -3.3209 -3.8063
 267  0.757571  3.5641  0.4398  3.0872  6.5041  6.8190  2.9546  2.2773  0.4287 -0.0843 -1.2000 -1.6820 -1.8179 -2.3019 -3.3265 -3.3654 -3.8660
 268  0.757575  3.5617  0.4055  3.1121  6.4657  6.8062  2.9368  2.2716  0.4398 -0.0614 -1.1701 -1.6565 -1.7869 -2.2933 -3.3655 -3.4071 -3.9234
 269  0.757578  3.5594  0.3719  3.1364  6.4292  6.7947  2.9204  2.2673  0.4550 -0.0341 -1.1362 -1.6273 -1.7524 -2.2813 -3.4012 -3.4457 -3.9785
 270  0.757582  3.5570  0.3387  3.1603  6.3946  6.7845  2.9055  2.2648  0.4738 -0.0029 -1.0984 -1.5949 -1.7148 -2.2662 -3.4340 -3.4816 -4.0314
 271  0.757585  3.5546  0.3059  3.1836  6.3634  6.7785  2.8941  2.2667  0.5007  0.0379 -1.0507 -1.5534 -1.6683 -2.2428 -3.4612 -3.5124 -4.0808
 272  0.757588  3.5523  0.2737  3.2064  6.3333  6.7724  2.8837  2.2692  0.5280  0.0778 -1.0066 -1.5160 -1.6270 -2.2220 -3.4868 -3.5416 -4.1282
 273  0.757591  3.5500  0.2422  3.2287  6.3074  6.7690  2.8774  2.2753  0.5632  0.1257 -0.9582 -1.4780 -1.5875 -2.1993 -3.5048 -3.5639 -4.1699
 274  0.757593  3.5478  0.2117  3.2505  6.2831  6.7661  2.8725  2.2826  0.6009  0.1756 -0.9094 -1.4405 -1.5498 -2.1763 -3.5196 -3.5829 -4.2085
 275  0.757596  3.5457  0.1818  3.2718  6.2607  6.7650  2.8700  2.2927  0.6433  0.2299 -0.8574 -1.4007 -1.5099 -2.1507 -3.5309 -3.5989 -4.2446
 276  0.757599  3.5435  0.1525  3.2926  6.2399  6.7651  2.8690  2.3045  0.6878  0.2859 -0.8046 -1.3605 -1.4701 -2.1244 -3.5402 -3.6128 -4.2785
 277  0.757601  3.5415  0.1240  3.3128  6.2179  6.7606  2.8628  2.3077  0.7228  0.3352 -0.7574 -1.3259 -1.4359 -2.1032 -3.5520 -3.6284 -4.3121
 278  0.757603  3.5395  0.0967  3.3322  6.1960  6.7548  2.8558  2.3094  0.7547  0.3805 -0.7146 -1.2951 -1.4058 -2.0848 -3.5640 -3.6438 -4.3443
 279  0.757605  3.5378  0.0727  3.3494  6.2207  6.8726  2.9717  2.4753  0.9697  0.5711 -0.5563 -1.1524 -1.2641 -1.9685 -3.5289 -3.6163 -4.3514
