#NUMBER OF AGES= 1
#----------------------------------------------------       
#MIX-LEN  Y      Z          Zeff        [Fe/H] [a/Fe]
# 1.9380  0.3300 5.5373E-03 2.8186E-03  -0.72   0.40 
#----------------------------------------------------       
#**PHOTOMETRIC SYSTEM**: HST WFPC2 (Vega)                   
#----------------------------------------------------       
#AGE=13.600 EEPS=266
#EEP   M/Mo    LogTeff  LogG   LogL/Lo F218W   F255W   F300W   F336W   F439W   F450W   F555W   F606W   F622W   F675W   F791W   F814W   F850LP
  14  0.108296  3.5171  5.2623 -2.7675 20.9582 20.9980 17.1585 16.3840 15.2463 14.7838 13.4930 12.9786 12.7971 12.3411 11.1296 11.0809 10.5454
  15  0.127619  3.5189  5.1941 -2.6206 20.5776 20.5749 16.7450 15.9617 14.8195 14.3719 13.0977 12.5837 12.4030 11.9500 10.7596 10.7115 10.1803
  16  0.146120  3.5211  5.1404 -2.4997 20.2619 20.2170 16.3976 15.6060 14.4593 14.0241 12.7647 12.2514 12.0713 11.6218 10.4535 10.4062  9.8799
  17  0.162885  3.5239  5.1026 -2.4033 20.0049 19.9111 16.1060 15.3056 14.1534 13.7290 12.4843 11.9722 11.7926 11.3482 10.2065 10.1602  9.6409
  18  0.178773  3.5274  5.0741 -2.3203 19.7789 19.6295 15.8424 15.0327 13.8744 13.4600 12.2306 11.7203 11.5409 11.1027  9.9918  9.9467  9.4361
  19  0.193439  3.5308  5.0517 -2.2499 19.5851 19.3831 15.6139 14.7964 13.6324 13.2266 12.0110 11.5023 11.3232 10.8908  9.8088  9.7648  9.2626
  20  0.207488  3.5339  5.0320 -2.1881 19.4153 19.1685 15.4149 14.5911 13.4222 13.0233 11.8194 11.3123 11.1333 10.7057  9.6483  9.6052  9.1103
  21  0.221764  3.5367  5.0146 -2.1303 19.2567 18.9674 15.2291 14.3997 13.2263 12.8333 11.6400 11.1346 10.9557 10.5327  9.4985  9.4564  8.9683
  22  0.234703  3.5392  5.0000 -2.0811 19.1214 18.7959 15.0709 14.2372 13.0596 12.6715 11.4872 10.9831 10.8045 10.3853  9.3710  9.3297  8.8475
  23  0.244941  3.5412  4.9888 -2.0436 19.0191 18.6659 14.9512 14.1141 12.9332 12.5485 11.3710 10.8678 10.6893 10.2730  9.2741  9.2333  8.7557
  24  0.252443  3.5426  4.9806 -2.0167 18.9465 18.5733 14.8658 14.0266 12.8430 12.4606 11.2878 10.7853 10.6068 10.1925  9.2046  9.1643  8.6899
  25  0.258000  3.5436  4.9748 -1.9974 18.8948 18.5076 14.8053 13.9644 12.7789 12.3980 11.2282 10.7261 10.5476 10.1348  9.1548  9.1148  8.6428
  26  0.262306  3.5444  4.9706 -1.9829 18.8558 18.4582 14.7600 13.9181 12.7310 12.3511 11.1836 10.6819 10.5034 10.0917  9.1175  9.0777  8.6076
  27  0.265554  3.5449  4.9674 -1.9720 18.8262 18.4206 14.7258 13.8829 12.6948 12.3156 11.1499 10.6484 10.4700 10.0591  9.0895  9.0499  8.5811
  28  0.268078  3.5455  4.9652 -1.9637 18.8033 18.3909 14.6991 13.8557 12.6667 12.2882 11.1238 10.6225 10.4441 10.0339  9.0680  9.0286  8.5609
  29  0.270165  3.5458  4.9631 -1.9566 18.7836 18.3654 14.6762 13.8323 12.6426 12.2645 11.1014 10.6003 10.4219 10.0123  9.0496  9.0103  8.5436
  30  0.272168  3.5463  4.9615 -1.9500 18.7652 18.3413 14.6547 13.8102 12.6199 12.2423 11.0803 10.5795 10.4011  9.9920  9.0326  8.9933  8.5277
  31  0.274289  3.5468  4.9599 -1.9433 18.7459 18.3162 14.6324 13.7872 12.5963 12.2191 11.0585 10.5578 10.3795  9.9712  9.0150  8.9758  8.5111
  32  0.276610  3.5471  4.9581 -1.9359 18.7253 18.2893 14.6085 13.7626 12.5709 12.1943 11.0351 10.5347 10.3563  9.9486  8.9959  8.9569  8.4934
  33  0.279179  3.5476  4.9561 -1.9278 18.7025 18.2599 14.5822 13.7357 12.5431 12.1670 11.0092 10.5092 10.3308  9.9239  8.9748  8.9360  8.4736
  34  0.282008  3.5482  4.9536 -1.9188 18.6774 18.2279 14.5534 13.7062 12.5128 12.1373 10.9810 10.4812 10.3029  9.8968  8.9516  8.9129  8.4518
  35  0.285281  3.5488  4.9505 -1.9085 18.6488 18.1920 14.5209 13.6731 12.4786 12.1038 10.9491 10.4497 10.2714  9.8662  8.9251  8.8866  8.4268
  36  0.288829  3.5493  4.9469 -1.8971 18.6174 18.1533 14.4856 13.6371 12.4417 12.0675 10.9146 10.4156 10.2373  9.8328  8.8959  8.8576  8.3990
  37  0.289594  3.5493  4.9453 -1.8932 18.6070 18.1395 14.4744 13.6259 12.4310 12.0566 10.9032 10.4036 10.2251  9.8209  8.8868  8.8483  8.3899
  38  0.328219  3.5583  4.9033 -1.7631 18.2347 17.6693 14.0516 13.1930 11.9769 11.6113 10.4806  9.9887  9.8099  9.4215  8.5476  8.5123  8.0750
  39  0.345296  3.5625  4.8826 -1.7036 18.0612 17.4392 13.8584 12.9970 11.7754 11.4115 10.2901  9.8004  9.6216  9.2393  8.3950  8.3607  7.9328
  40  0.370020  3.5698  4.8504 -1.6110 17.7789 17.0425 13.5428 12.6787 11.4561 11.0928  9.9897  9.5037  9.3255  8.9524  8.1584  8.1255  7.7137
  41  0.383313  3.5744  4.8316 -1.5584 17.6187 16.8044 13.3618 12.4963 11.2718 10.9070  9.8130  9.3294  9.1511  8.7848  8.0236  7.9918  7.5907
  42  0.394619  3.5786  4.8152 -1.5127 17.4801 16.5925 13.2045 12.3380 11.1112 10.7439  9.6570  9.1756  8.9971  8.6372  7.9067  7.8756  7.4844
  43  0.405809  3.5831  4.7989 -1.4665 17.3334 16.3719 13.0411 12.1743 10.9476 10.5778  9.4994  9.0207  8.8423  8.4891  7.7886  7.7584  7.3773
  44  0.416356  3.5876  4.7837 -1.4223 17.1901 16.1572 12.8817 12.0149 10.7894 10.4170  9.3475  8.8720  8.6937  8.3472  7.6757  7.6463  7.2754
  45  0.426322  3.5920  4.7696 -1.3801 17.0512 15.9537 12.7265 11.8595 10.6354 10.2608  9.2006  8.7289  8.5507  8.2112  7.5674  7.5388  7.1779
  46  0.435732  3.5965  4.7565 -1.3398 16.9167 15.7629 12.5763 11.7090 10.4857 10.1096  9.0594  8.5921  8.4140  8.0814  7.4637  7.4359  7.0850
  47  0.444596  3.6009  4.7446 -1.3013 16.7865 15.5812 12.4303 11.5629 10.3402  9.9628  8.9233  8.4609  8.2830  7.9574  7.3646  7.3375  6.9963
  48  0.453207  3.6055  4.7333 -1.2634 16.6577 15.4053 12.2854 11.4177 10.1954  9.8173  8.7894  8.3323  8.1549  7.8362  7.2672  7.2410  6.9094
  49  0.462035  3.6105  4.7222 -1.2243 16.5244 15.2286 12.1352 11.2668 10.0438  9.6658  8.6515  8.2008  8.0240  7.7127  7.1674  7.1418  6.8201
  50  0.470922  3.6155  4.7116 -1.1848 16.3893 15.0560 11.9817 11.1121  9.8868  9.5101  8.5121  8.0688  7.8930  7.5893  7.0666  7.0419  6.7300
  51  0.479584  3.6210  4.7019 -1.1458 16.2557 14.8916 11.8260 10.9541  9.7269  9.3524  8.3728  7.9381  7.7635  7.4679  6.9671  6.9432  6.6413
  52  0.484649  3.6243  4.6966 -1.1226 16.1732 14.7914 11.7286 10.8547  9.6285  9.2559  8.2889  7.8601  7.6865  7.3958  6.9076  6.8843  6.5886
  53  0.489620  3.6277  4.6918 -1.0995 16.0890 14.6892 11.6282 10.7523  9.5289  9.1584  8.2051  7.7826  7.6100  7.3245  6.8488  6.8259  6.5362
  54  0.494509  3.6313  4.6873 -1.0765 16.0035 14.5846 11.5236 10.6451  9.4275  9.0593  8.1210  7.7051  7.5339  7.2536  6.7903  6.7679  6.4843
  55  0.499322  3.6350  4.6832 -1.0537 15.9156 14.4750 11.4152 10.5343  9.3254  8.9596  8.0371  7.6282  7.4584  7.1835  6.7323  6.7105  6.4329
  56  0.504067  3.6385  4.6793 -1.0311 15.8222 14.3503 11.3000 10.4170  9.2225  8.8591  7.9532  7.5517  7.3836  7.1139  6.6746  6.6533  6.3819
  57  0.508759  3.6422  4.6756 -1.0086 15.7221 14.2109 11.1784 10.2936  9.1187  8.7578  7.8694  7.4754  7.3093  7.0447  6.6171  6.5963  6.3309
  58  0.513390  3.6459  4.6720 -0.9864 15.6161 14.0606 11.0528 10.1666  9.0157  8.6571  7.7868  7.4003  7.2363  6.9768  6.5603  6.5400  6.2804
  59  0.517965  3.6496  4.6686 -0.9643 15.5016 13.8949 10.9203 10.0338  8.9127  8.5566  7.7048  7.3259  7.1644  6.9096  6.5036  6.4838  6.2298
  60  0.522495  3.6533  4.6652 -0.9425 15.3791 13.7150 10.7823  9.8964  8.8108  8.4571  7.6240  7.2529  7.0939  6.8437  6.4472  6.4279  6.1794
  61  0.526951  3.6570  4.6620 -0.9209 15.2474 13.5203 10.6395  9.7556  8.7099  8.3586  7.5445  7.1809  7.0245  6.7788  6.3913  6.3724  6.1291
  62  0.531328  3.6606  4.6589 -0.8997 15.1063 13.3147 10.4941  9.6134  8.6108  8.2619  7.4666  7.1104  6.9569  6.7152  6.3360  6.3176  6.0793
  63  0.535629  3.6642  4.6560 -0.8787 14.9535 13.0987 10.3461  9.4702  8.5134  8.1672  7.3903  7.0413  6.8908  6.6530  6.2814  6.2635  6.0301
  64  0.539852  3.6678  4.6530 -0.8581 14.7896 12.8761 10.1973  9.3275  8.4182  8.0748  7.3160  6.9739  6.8265  6.5923  6.2278  6.2104  5.9816
  65  0.544011  3.6713  4.6500 -0.8377 14.6113 12.6443 10.0482  9.1862  8.3254  7.9850  7.2435  6.9083  6.7638  6.5330  6.1752  6.1581  5.9339
  66  0.548091  3.6747  4.6470 -0.8177 14.4071 12.4040  9.8978  9.0460  8.2350  7.8981  7.1732  6.8446  6.7030  6.4757  6.1238  6.1071  5.8871
  67  0.552111  3.6781  4.6439 -0.7980 14.1860 12.1607  9.7477  8.9075  8.1470  7.8138  7.1048  6.7826  6.6440  6.4197  6.0733  6.0572  5.8413
  68  0.556079  3.6813  4.6407 -0.7787 13.9589 11.9206  9.6001  8.7725  8.0617  7.7323  7.0384  6.7222  6.5863  6.3652  6.0239  6.0082  5.7963
  69  0.559983  3.6846  4.6374 -0.7596 13.7346 11.6886  9.4571  8.6420  7.9789  7.6536  6.9740  6.6634  6.5303  6.3120  5.9755  5.9603  5.7521
  70  0.563835  3.6877  4.6339 -0.7408 13.5182 11.4681  9.3198  8.5170  7.8990  7.5776  6.9113  6.6062  6.4756  6.2601  5.9281  5.9132  5.7087
  71  0.567631  3.6906  4.6304 -0.7224 13.3193 11.2671  9.1911  8.3996  7.8222  7.5045  6.8506  6.5504  6.4221  6.2092  5.8817  5.8671  5.6663
  72  0.571375  3.6935  4.6266 -0.7042 13.1558 11.0930  9.0736  8.2911  7.7484  7.4343  6.7916  6.4960  6.3698  6.1594  5.8362  5.8219  5.6244
  73  0.575058  3.6963  4.6228 -0.6865 13.0092 10.9348  8.9633  8.1887  7.6774  7.3668  6.7343  6.4430  6.3188  6.1108  5.7916  5.7777  5.5835
  74  0.578682  3.6990  4.6189 -0.6689 12.8711 10.7870  8.8581  8.0911  7.6086  7.3015  6.6787  6.3914  6.2689  6.0633  5.7480  5.7344  5.5433
  75  0.582247  3.7016  4.6148 -0.6516 12.7376 10.6469  8.7566  7.9970  7.5420  7.2381  6.6245  6.3409  6.2203  6.0168  5.7052  5.6920  5.5039
  76  0.585751  3.7042  4.6107 -0.6347 12.6062 10.5127  8.6583  7.9058  7.4769  7.1765  6.5716  6.2918  6.1726  5.9713  5.6632  5.6503  5.4652
  77  0.589192  3.7068  4.6065 -0.6180 12.4759 10.3838  8.5626  7.8175  7.4137  7.1167  6.5201  6.2436  6.1261  5.9268  5.6221  5.6095  5.4272
  78  0.592579  3.7092  4.6023 -0.6015 12.3285 10.2498  8.4658  7.7291  7.3516  7.0581  6.4697  6.1966  6.0805  5.8831  5.5818  5.5695  5.3899
  79  0.595899  3.7116  4.5981 -0.5853 12.1789 10.1184  8.3707  7.6427  7.2910  7.0011  6.4204  6.1506  6.0360  5.8405  5.5424  5.5303  5.3533
  80  0.599160  3.7139  4.5937 -0.5693 12.0276  9.9895  8.2774  7.5584  7.2320  6.9455  6.3724  6.1057  5.9924  5.7988  5.5037  5.4919  5.3175
  81  0.602357  3.7161  4.5894 -0.5537 11.8773  9.8644  8.1864  7.4762  7.1743  6.8913  6.3256  6.0617  5.9498  5.7579  5.4657  5.4542  5.2823
  82  0.606541  3.7190  4.5833 -0.5330 11.6803  9.7037  8.0688  7.3703  7.0996  6.8211  6.2647  6.0047  5.8944  5.7046  5.4163  5.4050  5.2363
  83  0.610659  3.7218  4.5770 -0.5127 11.4863  9.5485  7.9543  7.2671  7.0265  6.7525  6.2050  5.9485  5.8398  5.6523  5.3675  5.3566  5.1908
  84  0.614709  3.7245  4.5707 -0.4925 11.3007  9.4010  7.8438  7.1674  6.9551  6.6856  6.1466  5.8934  5.7863  5.6008  5.3195  5.3088  5.1460
  85  0.618690  3.7271  4.5641 -0.4726 11.1226  9.2606  7.7372  7.0710  6.8855  6.6200  6.0894  5.8395  5.7337  5.5502  5.2722  5.2618  5.1017
  86  0.622594  3.7297  4.5573 -0.4530 10.9502  9.1261  7.6339  6.9777  6.8174  6.5562  6.0334  5.7866  5.6821  5.5005  5.2257  5.2155  5.0581
  87  0.626417  3.7321  4.5504 -0.4336 10.7835  8.9974  7.5341  6.8874  6.7510  6.4938  5.9786  5.7347  5.6315  5.4517  5.1799  5.1700  5.0151
  88  0.630159  3.7345  4.5433 -0.4144 10.6222  8.8738  7.4375  6.8001  6.6862  6.4329  5.9250  5.6839  5.5819  5.4038  5.1349  5.1252  4.9727
  89  0.633822  3.7367  4.5360 -0.3956 10.4669  8.7556  7.3444  6.7158  6.6231  6.3736  5.8726  5.6340  5.5331  5.3567  5.0905  5.0811  4.9307
  90  0.637405  3.7389  4.5285 -0.3771 10.3175  8.6424  7.2546  6.6343  6.5616  6.3157  5.8212  5.5852  5.4853  5.3103  5.0467  5.0375  4.8893
  91  0.640911  3.7411  4.5209 -0.3586 10.1734  8.5337  7.1677  6.5555  6.5015  6.2591  5.7708  5.5370  5.4381  5.2646  5.0035  4.9944  4.8483
  92  0.644342  3.7430  4.5131 -0.3404 10.0335  8.4286  7.0835  6.4791  6.4428  6.2036  5.7213  5.4896  5.3916  5.2196  4.9607  4.9518  4.8076
  93  0.647702  3.7449  4.5049 -0.3224  9.8992  8.3280  7.0023  6.4052  6.3853  6.1494  5.6726  5.4429  5.3459  5.1750  4.9183  4.9096  4.7672
  94  0.650991  3.7467  4.4967 -0.3046  9.7690  8.2305  6.9233  6.3334  6.3290  6.0962  5.6247  5.3968  5.3006  5.1309  4.8764  4.8679  4.7273
  95  0.654210  3.7485  4.4883 -0.2869  9.6428  8.1361  6.8463  6.2634  6.2737  6.0438  5.5774  5.3515  5.2560  5.0875  4.8349  4.8266  4.6876
  96  0.657356  3.7502  4.4797 -0.2695  9.5208  8.0448  6.7716  6.1952  6.2194  5.9922  5.5308  5.3067  5.2119  5.0445  4.7939  4.7857  4.6483
  97  0.660434  3.7518  4.4709 -0.2522  9.4032  7.9566  6.6989  6.1289  6.1660  5.9416  5.4849  5.2625  5.1683  5.0020  4.7532  4.7452  4.6092
  98  0.663443  3.7533  4.4618 -0.2350  9.2899  7.8709  6.6281  6.0642  6.1136  5.8918  5.4397  5.2188  5.1254  4.9601  4.7130  4.7051  4.5705
  99  0.666379  3.7549  4.4527 -0.2180  9.1789  7.7869  6.5585  6.0006  6.0619  5.8427  5.3951  5.1757  5.0829  4.9187  4.6732  4.6654  4.5322
 100  0.669247  3.7563  4.4432 -0.2012  9.0733  7.7063  6.4912  5.9390  6.0112  5.7945  5.3511  5.1331  5.0410  4.8777  4.6337  4.6261  4.4942
 101  0.672044  3.7576  4.4336 -0.1845  8.9710  7.6280  6.4256  5.8789  5.9613  5.7469  5.3076  5.0910  4.9994  4.8371  4.5947  4.5871  4.4564
 102  0.674773  3.7588  4.4239 -0.1680  8.8730  7.5524  6.3621  5.8204  5.9122  5.7001  5.2646  5.0494  4.9585  4.7970  4.5560  4.5485  4.4190
 103  0.677433  3.7600  4.4139 -0.1516  8.7795  7.4796  6.3006  5.7636  5.8641  5.6541  5.2223  5.0084  4.9180  4.7573  4.5176  4.5102  4.3817
 104  0.680030  3.7611  4.4040 -0.1355  8.6893  7.4090  6.2408  5.7082  5.8168  5.6087  5.1804  4.9678  4.8779  4.7180  4.4796  4.4723  4.3449
 105  0.682565  3.7622  4.3939 -0.1195  8.6035  7.3412  6.1830  5.6545  5.7704  5.5642  5.1391  4.9277  4.8383  4.6791  4.4419  4.4348  4.3083
 106  0.685048  3.7632  4.3837 -0.1038  8.5210  7.2757  6.1270  5.6023  5.7248  5.5205  5.0984  4.8881  4.7991  4.6408  4.4047  4.3976  4.2720
 107  0.687485  3.7641  4.3733 -0.0881  8.4425  7.2128  6.0730  5.5519  5.6803  5.4774  5.0583  4.8491  4.7605  4.6027  4.3678  4.3607  4.2359
 108  0.689883  3.7649  4.3629 -0.0728  8.3672  7.1523  6.0205  5.5027  5.6366  5.4352  5.0188  4.8105  4.7222  4.5651  4.3311  4.3242  4.2001
 109  0.692257  3.7658  4.3523 -0.0575  8.2951  7.0938  5.9695  5.4551  5.5938  5.3938  4.9798  4.7724  4.6845  4.5279  4.2948  4.2879  4.1646
 110  0.694600  3.7665  4.3418 -0.0425  8.2266  7.0378  5.9204  5.4089  5.5517  5.3531  4.9414  4.7348  4.6473  4.4911  4.2589  4.2521  4.1294
 111  0.696831  3.7673  4.3315 -0.0277  8.1582  6.9824  5.8719  5.3634  5.5103  5.3128  4.9035  4.6976  4.6104  4.4548  4.2235  4.2167  4.0947
 112  0.697695  3.7676  4.3274 -0.0218  8.1301  6.9598  5.8524  5.3451  5.4935  5.2967  4.8882  4.6828  4.5957  4.4404  4.2094  4.2027  4.0809
 113  0.698557  3.7679  4.3233 -0.0159  8.1024  6.9375  5.8327  5.3269  5.4769  5.2805  4.8730  4.6679  4.5809  4.4258  4.1952  4.1885  4.0670
 114  0.699419  3.7683  4.3191 -0.0099  8.0749  6.9152  5.8132  5.3086  5.4600  5.2641  4.8576  4.6528  4.5660  4.4112  4.1809  4.1742  4.0530
 115  0.700280  3.7686  4.3148 -0.0038  8.0485  6.8935  5.7941  5.2905  5.4432  5.2478  4.8422  4.6377  4.5510  4.3963  4.1664  4.1598  4.0388
 116  0.701137  3.7689  4.3103  0.0023  8.0227  6.8722  5.7752  5.2726  5.4265  5.2314  4.8266  4.6223  4.5358  4.3813  4.1517  4.1450  4.0243
 117  0.701991  3.7691  4.3055  0.0085  7.9981  6.8515  5.7565  5.2549  5.4096  5.2150  4.8108  4.6069  4.5204  4.3661  4.1367  4.1301  4.0095
 118  0.702842  3.7693  4.3007  0.0147  7.9738  6.8309  5.7378  5.2371  5.3927  5.1985  4.7949  4.5912  4.5049  4.3506  4.1216  4.1149  3.9945
 119  0.703690  3.7695  4.2957  0.0210  7.9498  6.8105  5.7192  5.2194  5.3758  5.1818  4.7789  4.5754  4.4891  4.3351  4.1062  4.0995  3.9793
 120  0.704534  3.7697  4.2905  0.0274  7.9264  6.7904  5.7008  5.2018  5.3588  5.1651  4.7628  4.5595  4.4733  4.3193  4.0906  4.0841  3.9639
 121  0.705377  3.7699  4.2854  0.0338  7.9032  6.7702  5.6822  5.1840  5.3416  5.1483  4.7465  4.5434  4.4573  4.3035  4.0749  4.0684  3.9485
 122  0.706211  3.7701  4.2801  0.0403  7.8791  6.7495  5.6634  5.1660  5.3242  5.1312  4.7301  4.5271  4.4411  4.2874  4.0592  4.0526  3.9328
 123  0.707047  3.7702  4.2748  0.0469  7.8555  6.7291  5.6446  5.1481  5.3068  5.1141  4.7135  4.5108  4.4248  4.2713  4.0433  4.0367  3.9170
 124  0.707881  3.7704  4.2695  0.0535  7.8315  6.7085  5.6256  5.1299  5.2892  5.0968  4.6968  4.4944  4.4085  4.2550  4.0272  4.0206  3.9011
 125  0.708715  3.7706  4.2640  0.0601  7.8084  6.6882  5.6070  5.1120  5.2718  5.0797  4.6802  4.4778  4.3920  4.2387  4.0110  4.0044  3.8851
 126  0.709548  3.7707  4.2585  0.0668  7.7854  6.6680  5.5882  5.0941  5.2543  5.0624  4.6634  4.4612  4.3755  4.2223  3.9948  3.9882  3.8690
 127  0.710380  3.7709  4.2529  0.0734  7.7631  6.6482  5.5698  5.0762  5.2367  5.0451  4.6466  4.4446  4.3589  4.2058  3.9784  3.9720  3.8527
 128  0.711210  3.7710  4.2471  0.0801  7.7410  6.6285  5.5513  5.0585  5.2191  5.0278  4.6297  4.4278  4.3421  4.1892  3.9620  3.9554  3.8363
 129  0.712036  3.7711  4.2413  0.0869  7.7199  6.6092  5.5331  5.0408  5.2016  5.0104  4.6127  4.4109  4.3253  4.1724  3.9453  3.9388  3.8198
 130  0.712861  3.7712  4.2352  0.0937  7.6997  6.5905  5.5153  5.0234  5.1841  4.9931  4.5957  4.3939  4.3085  4.1555  3.9285  3.9220  3.8031
 131  0.713682  3.7712  4.2290  0.1006  7.6802  6.5721  5.4975  5.0062  5.1666  4.9756  4.5785  4.3769  4.2914  4.1385  3.9115  3.9051  3.7861
 132  0.714499  3.7712  4.2227  0.1075  7.6612  6.5539  5.4798  4.9889  5.1491  4.9582  4.5612  4.3596  4.2742  4.1213  3.8944  3.8879  3.7690
 133  0.715314  3.7712  4.2162  0.1144  7.6426  6.5359  5.4624  4.9717  5.1316  4.9407  4.5439  4.3423  4.2569  4.1040  3.8771  3.8706  3.7517
 134  0.716124  3.7712  4.2097  0.1214  7.6247  6.5185  5.4450  4.9546  5.1140  4.9233  4.5264  4.3249  4.2394  4.0866  3.8597  3.8531  3.7341
 135  0.716928  3.7711  4.2029  0.1285  7.6080  6.5014  5.4281  4.9377  5.0965  4.9057  4.5088  4.3073  4.2219  4.0690  3.8421  3.8354  3.7164
 136  0.717729  3.7711  4.1960  0.1355  7.5917  6.4847  5.4111  4.9209  5.0789  4.8881  4.4912  4.2896  4.2041  4.0512  3.8242  3.8176  3.6985
 137  0.718524  3.7709  4.1889  0.1427  7.5763  6.4684  5.3946  4.9043  5.0614  4.8706  4.4735  4.2718  4.1863  4.0334  3.8062  3.7996  3.6803
 138  0.719314  3.7709  4.1817  0.1499  7.5618  6.4525  5.3781  4.8878  5.0439  4.8529  4.4557  4.2539  4.1684  4.0153  3.7880  3.7814  3.6620
 139  0.720098  3.7707  4.1743  0.1572  7.5479  6.4370  5.3618  4.8714  5.0263  4.8353  4.4377  4.2358  4.1503  3.9971  3.7696  3.7630  3.6435
 140  0.720876  3.7705  4.1666  0.1644  7.5357  6.4225  5.3461  4.8554  5.0090  4.8177  4.4198  4.2177  4.1321  3.9788  3.7511  3.7445  3.6247
 141  0.721648  3.7702  4.1588  0.1718  7.5245  6.4085  5.3308  4.8397  4.9918  4.8002  4.4018  4.1994  4.1138  3.9603  3.7323  3.7257  3.6057
 142  0.722413  3.7700  4.1507  0.1792  7.5152  6.3954  5.3160  4.8243  4.9746  4.7827  4.3837  4.1811  4.0953  3.9417  3.7134  3.7067  3.5864
 143  0.723171  3.7697  4.1425  0.1867  7.5068  6.3831  5.3015  4.8092  4.9575  4.7652  4.3655  4.1627  4.0767  3.9230  3.6943  3.6876  3.5669
 144  0.723921  3.7692  4.1338  0.1941  7.5010  6.3720  5.2879  4.7947  4.9407  4.7480  4.3474  4.1441  4.0581  3.9040  3.6749  3.6681  3.5472
 145  0.724664  3.7688  4.1251  0.2016  7.4963  6.3616  5.2746  4.7804  4.9240  4.7307  4.3292  4.1255  4.0393  3.8850  3.6553  3.6487  3.5273
 146  0.725400  3.7683  4.1159  0.2092  7.4946  6.3531  5.2625  4.7671  4.9077  4.7138  4.3110  4.1068  4.0205  3.8658  3.6356  3.6288  3.5069
 147  0.726128  3.7678  4.1065  0.2168  7.4944  6.3453  5.2508  4.7540  4.8914  4.6968  4.2927  4.0881  4.0016  3.8465  3.6156  3.6089  3.4864
 148  0.726847  3.7671  4.0969  0.2244  7.4965  6.3389  5.2399  4.7416  4.8756  4.6801  4.2745  4.0692  3.9825  3.8270  3.5955  3.5886  3.4657
 149  0.727558  3.7665  4.0872  0.2320  7.5003  6.3338  5.2300  4.7298  4.8597  4.6633  4.2562  4.0502  3.9634  3.8074  3.5752  3.5682  3.4447
 150  0.728259  3.7658  4.0770  0.2397  7.5078  6.3308  5.2211  4.7191  4.8443  4.6468  4.2379  4.0312  3.9441  3.7876  3.5546  3.5476  3.4234
 151  0.728952  3.7650  4.0668  0.2475  7.5160  6.3281  5.2125  4.7085  4.8288  4.6304  4.2195  4.0122  3.9247  3.7679  3.5340  3.5270  3.4021
 152  0.729638  3.7643  4.0561  0.2552  7.5291  6.3281  5.2058  4.6993  4.8141  4.6144  4.2013  3.9932  3.9054  3.7479  3.5131  3.5060  3.3803
 153  0.730316  3.7634  4.0452  0.2630  7.5442  6.3294  5.1997  4.6907  4.7995  4.5985  4.1832  3.9741  3.8860  3.7280  3.4921  3.4849  3.3584
 154  0.730985  3.7623  4.0338  0.2707  7.5660  6.3346  5.1962  4.6841  4.7860  4.5833  4.1652  3.9551  3.8666  3.7078  3.4708  3.4636  3.3362
 155  0.731646  3.7612  4.0218  0.2785  7.5933  6.3428  5.1946  4.6791  4.7731  4.5686  4.1474  3.9362  3.8472  3.6877  3.4494  3.4421  3.3135
 156  0.732296  3.7599  4.0093  0.2863  7.6270  6.3548  5.1955  4.6760  4.7611  4.5546  4.1299  3.9174  3.8280  3.6675  3.4278  3.4203  3.2905
 157  0.732941  3.7586  3.9965  0.2940  7.6663  6.3696  5.1981  4.6745  4.7498  4.5411  4.1126  3.8987  3.8087  3.6473  3.4060  3.3984  3.2673
 158  0.733575  3.7569  3.9826  0.3018  7.7186  6.3918  5.2056  4.6767  4.7403  4.5290  4.0959  3.8802  3.7897  3.6271  3.3839  3.3761  3.2435
 159  0.734198  3.7550  3.9677  0.3094  7.7846  6.4214  5.2177  4.6826  4.7328  4.5182  4.0798  3.8621  3.7708  3.6069  3.3614  3.3535  3.2191
 160  0.734807  3.7528  3.9519  0.3171  7.8622  6.4574  5.2340  4.6921  4.7269  4.5087  4.0643  3.8443  3.7522  3.5868  3.3388  3.3307  3.1941
 161  0.735399  3.7505  3.9352  0.3248  7.9497  6.4983  5.2538  4.7043  4.7224  4.5005  4.0494  3.8270  3.7338  3.5669  3.3161  3.3078  3.1690
 162  0.736041  3.7476  3.9154  0.3328  8.0661  6.5557  5.2838  4.7246  4.7214  4.4944  4.0348  3.8093  3.7149  3.5457  3.2913  3.2827  3.1411
 163  0.736674  3.7442  3.8935  0.3420  8.1926  6.6186  5.3166  4.7468  4.7198  4.4876  4.0186  3.7895  3.6938  3.5224  3.2639  3.2550  3.1101
 164  0.737299  3.7407  3.8695  0.3521  8.3273  6.6866  5.3520  4.7708  4.7177  4.4796  4.0009  3.7679  3.6708  3.4968  3.2340  3.2248  3.0764
 165  0.737910  3.7370  3.8437  0.3637  8.4625  6.7555  5.3866  4.7937  4.7130  4.4689  3.9800  3.7432  3.6446  3.4680  3.2007  3.1911  3.0391
 166  0.738498  3.7334  3.8163  0.3773  8.5903  6.8209  5.4166  4.8121  4.7034  4.4535  3.9548  3.7140  3.6140  3.4349  3.1631  3.1531  2.9974
 167  0.739055  3.7302  3.7879  0.3929  8.7016  6.8771  5.4379  4.8228  4.6873  4.4321  3.9242  3.6798  3.5785  3.3969  3.1209  3.1107  2.9517
 168  0.739578  3.7273  3.7592  0.4103  8.7907  6.9202  5.4485  4.8239  4.6643  4.4043  3.8882  3.6407  3.5382  3.3545  3.0748  3.0642  2.9022
 169  0.740068  3.7248  3.7308  0.4292  8.8554  6.9474  5.4472  4.8149  4.6345  4.3704  3.8476  3.5974  3.4939  3.3083  3.0256  3.0148  2.8500
 170  0.740528  3.7228  3.7029  0.4493  8.9007  6.9614  5.4364  4.7976  4.5995  4.3319  3.8033  3.5507  3.4464  3.2594  2.9738  2.9629  2.7959
 171  0.740963  3.7211  3.6755  0.4702  8.9283  6.9629  5.4170  4.7730  4.5599  4.2895  3.7561  3.5017  3.3966  3.2083  2.9205  2.9094  2.7405
 172  0.741380  3.7197  3.6485  0.4916  8.9427  6.9552  5.3912  4.7429  4.5169  4.2442  3.7068  3.4506  3.3451  3.1556  2.8660  2.8546  2.6842
 173  0.741780  3.7185  3.6220  0.5136  8.9484  6.9403  5.3603  4.7083  4.4713  4.1965  3.6557  3.3983  3.2922  3.1018  2.8106  2.7991  2.6272
 174  0.742168  3.7174  3.5958  0.5358  8.9460  6.9197  5.3255  4.6705  4.4237  4.1472  3.6035  3.3448  3.2383  3.0472  2.7545  2.7428  2.5699
 175  0.742544  3.7165  3.5700  0.5583  8.9365  6.8940  5.2873  4.6298  4.3745  4.0964  3.5502  3.2906  3.1837  2.9919  2.6979  2.6862  2.5123
 176  0.742912  3.7158  3.5444  0.5809  8.9211  6.8643  5.2466  4.5869  4.3241  4.0446  3.4962  3.2357  3.1285  2.9361  2.6410  2.6292  2.4543
 177  0.743274  3.7150  3.5190  0.6036  8.9023  6.8325  5.2043  4.5427  4.2729  3.9922  3.4417  3.1803  3.0730  2.8800  2.5838  2.5719  2.3962
 178  0.743631  3.7144  3.4937  0.6265  8.8799  6.7981  5.1604  4.4971  4.2209  3.9391  3.3868  3.1246  3.0171  2.8236  2.5265  2.5146  2.3380
 179  0.743981  3.7137  3.4683  0.6494  8.8563  6.7631  5.1160  4.4512  4.1686  3.8856  3.3317  3.0687  2.9609  2.7669  2.4689  2.4568  2.2796
 180  0.744324  3.7131  3.4429  0.6726  8.8309  6.7271  5.0709  4.4045  4.1158  3.8318  3.2761  3.0124  2.9044  2.7099  2.4110  2.3989  2.2209
 181  0.744659  3.7125  3.4175  0.6958  8.8043  6.6900  5.0250  4.3571  4.0626  3.7775  3.2201  2.9558  2.8476  2.6525  2.3527  2.3406  2.1619
 182  0.744850  3.7121  3.4025  0.7094  8.7882  6.6682  4.9979  4.3292  4.0312  3.7455  3.1872  2.9224  2.8141  2.6188  2.3185  2.3064  2.1272
 183  0.745042  3.7118  3.3873  0.7233  8.7717  6.6460  4.9703  4.3009  3.9994  3.7130  3.1537  2.8886  2.7801  2.5845  2.2837  2.2715  2.0919
 184  0.745233  3.7114  3.3718  0.7374  8.7547  6.6230  4.9422  4.2718  3.9669  3.6799  3.1196  2.8540  2.7454  2.5496  2.2483  2.2360  2.0560
 185  0.745424  3.7111  3.3562  0.7517  8.7376  6.6001  4.9138  4.2426  3.9340  3.6465  3.0852  2.8192  2.7106  2.5143  2.2125  2.2002  2.0198
 186  0.745614  3.7106  3.3400  0.7665  8.7199  6.5765  4.8845  4.2125  3.9001  3.6120  3.0496  2.7832  2.6744  2.4779  2.1755  2.1632  1.9823
 187  0.745802  3.7103  3.3231  0.7819  8.7011  6.5515  4.8536  4.1807  3.8647  3.5757  3.0123  2.7455  2.6365  2.4397  2.1368  2.1243  1.9430
 188  0.745988  3.7099  3.3054  0.7982  8.6807  6.5256  4.8214  4.1474  3.8273  3.5377  2.9731  2.7058  2.5967  2.3996  2.0960  2.0835  1.9017
 189  0.746168  3.7094  3.2860  0.8159  8.6601  6.4987  4.7869  4.1118  3.7870  3.4964  2.9306  2.6628  2.5535  2.3560  2.0517  2.0392  1.8569
 190  0.746349  3.7089  3.2661  0.8341  8.6377  6.4700  4.7508  4.0745  3.7452  3.4539  2.8868  2.6183  2.5090  2.3111  2.0061  1.9936  1.8107
 191  0.746524  3.7084  3.2447  0.8534  8.6162  6.4422  4.7138  4.0361  3.7014  3.4092  2.8405  2.5714  2.4618  2.2635  1.9578  1.9451  1.7616
 192  0.746697  3.7078  3.2226  0.8734  8.5931  6.4129  4.6752  3.9961  3.6560  3.3627  2.7926  2.5228  2.4129  2.2142  1.9076  1.8950  1.7107
 193  0.746868  3.7073  3.1997  0.8940  8.5699  6.3829  4.6355  3.9548  3.6091  3.3148  2.7428  2.4724  2.3624  2.1631  1.8557  1.8430  1.6582
 194  0.747035  3.7066  3.1758  0.9155  8.5464  6.3530  4.5948  3.9124  3.5605  3.2651  2.6913  2.4201  2.3099  2.1101  1.8018  1.7890  1.6034
 195  0.747200  3.7060  3.1514  0.9375  8.5221  6.3227  4.5533  3.8692  3.5109  3.2142  2.6387  2.3667  2.2562  2.0559  1.7466  1.7338  1.5474
 196  0.747360  3.7053  3.1259  0.9604  8.4987  6.2929  4.5112  3.8251  3.4598  3.1619  2.5843  2.3114  2.2005  1.9997  1.6894  1.6764  1.4892
 197  0.747519  3.7046  3.0996  0.9838  8.4746  6.2633  4.4684  3.7801  3.4074  3.1081  2.5283  2.2546  2.1435  1.9419  1.6306  1.6176  1.4295
 198  0.747674  3.7038  3.0725  1.0079  8.4489  6.2333  4.4247  3.7342  3.3540  3.0533  2.4711  2.1963  2.0850  1.8827  1.5701  1.5571  1.3680
 199  0.747824  3.7030  3.0445  1.0327  8.4207  6.2020  4.3799  3.6872  3.2992  2.9969  2.4123  2.1364  2.0248  1.8218  1.5080  1.4949  1.3049
 200  0.747971  3.7021  3.0158  1.0582  8.3928  6.1718  4.3347  3.6396  3.2432  2.9393  2.3521  2.0752  1.9633  1.7594  1.4444  1.4312  1.2401
 201  0.748114  3.7012  2.9861  1.0842  8.3659  6.1433  4.2896  3.5918  3.1862  2.8807  2.2907  2.0125  1.9003  1.6956  1.3792  1.3658  1.1737
 202  0.748252  3.7002  2.9554  1.1109  8.3408  6.1169  4.2450  3.5442  3.1286  2.8212  2.2280  1.9486  1.8359  1.6304  1.3124  1.2989  1.1055
 203  0.748386  3.6991  2.9239  1.1382  8.3161  6.0921  4.2004  3.4964  3.0701  2.7607  2.1641  1.8833  1.7702  1.5638  1.2442  1.2306  1.0358
 204  0.748516  3.6980  2.8916  1.1661  8.2917  6.0687  4.1557  3.4482  3.0106  2.6990  2.0989  1.8167  1.7032  1.4957  1.1744  1.1606  0.9646
 205  0.748641  3.6968  2.8584  1.1947  8.2676  6.0471  4.1110  3.4000  2.9501  2.6363  2.0326  1.7488  1.6348  1.4262  1.1032  1.0892  0.8917
 206  0.748761  3.6955  2.8245  1.2236  8.2438  6.0271  4.0665  3.3517  2.8889  2.5728  1.9651  1.6797  1.5653  1.3556  1.0306  1.0166  0.8174
 207  0.748876  3.6943  2.7898  1.2533  8.2204  6.0091  4.0222  3.3033  2.8270  2.5084  1.8966  1.6096  1.4946  1.2837  0.9568  0.9426  0.7419
 208  0.748988  3.6929  2.7544  1.2834  8.1976  5.9942  3.9782  3.2553  2.7643  2.4431  1.8272  1.5384  1.4228  1.2108  0.8819  0.8675  0.6651
 209  0.749093  3.6916  2.7183  1.3139  8.1754  5.9836  3.9351  3.2077  2.7013  2.3775  1.7570  1.4663  1.3501  1.1369  0.8058  0.7913  0.5871
 210  0.749194  3.6901  2.6817  1.3449  8.1539  5.9757  3.8924  3.1604  2.6377  2.3111  1.6859  1.3933  1.2766  1.0620  0.7288  0.7141  0.5081
 211  0.749290  3.6887  2.6445  1.3762  8.1336  5.9710  3.8506  3.1136  2.5739  2.2442  1.6142  1.3196  1.2022  0.9862  0.6507  0.6358  0.4281
 212  0.749382  3.6871  2.6067  1.4080  8.1144  5.9691  3.8094  3.0674  2.5097  2.1769  1.5417  1.2450  1.1271  0.9097  0.5719  0.5569  0.3471
 213  0.749464  3.6855  2.5669  1.4412  8.0951  5.9709  3.7689  3.0219  2.4439  2.1077  1.4669  1.1677  1.0491  0.8302  0.4897  0.4744  0.2625
 214  0.749546  3.6837  2.5234  1.4774  8.0801  5.9784  3.7283  2.9756  2.3737  2.0335  1.3859  1.0842  0.9646  0.7440  0.4002  0.3847  0.1703
 215  0.749625  3.6819  2.4822  1.5115  8.0810  5.9960  3.6938  2.9348  2.3084  1.9641  1.3100  1.0055  0.8851  0.6627  0.3159  0.3002  0.0835
 216  0.749704  3.6801  2.4423  1.5445  8.0863  6.0172  3.6617  2.8963  2.2454  1.8969  1.2361  0.9291  0.8079  0.5837  0.2341  0.2183 -0.0008
 217  0.749713  3.6799  2.4374  1.5484  8.0881  6.0199  3.6578  2.8914  2.2377  1.8886  1.2271  0.9197  0.7984  0.5741  0.2241  0.2082 -0.0111
 218  0.749723  3.6797  2.4325  1.5525  8.0899  6.0227  3.6538  2.8866  2.2299  1.8803  1.2181  0.9104  0.7889  0.5644  0.2141  0.1981 -0.0214
 219  0.749732  3.6795  2.4276  1.5565  8.0919  6.0255  3.6500  2.8820  2.2222  1.8721  1.2090  0.9010  0.7794  0.5547  0.2041  0.1880 -0.0317
 220  0.749742  3.6793  2.4227  1.5605  8.0941  6.0285  3.6463  2.8773  2.2146  1.8639  1.2000  0.8917  0.7701  0.5450  0.1941  0.1781 -0.0419
 221  0.749751  3.6790  2.4180  1.5645  8.0962  6.0315  3.6427  2.8727  2.2069  1.8558  1.1910  0.8824  0.7606  0.5354  0.1842  0.1681 -0.0522
 222  0.749761  3.6788  2.4131  1.5685  8.0985  6.0345  3.6390  2.8682  2.1994  1.8477  1.1821  0.8731  0.7513  0.5259  0.1743  0.1582 -0.0624
 223  0.749771  3.6786  2.4083  1.5724  8.1011  6.0377  3.6355  2.8637  2.1918  1.8397  1.1732  0.8639  0.7419  0.5164  0.1645  0.1484 -0.0725
 224  0.749781  3.6784  2.4035  1.5764  8.1035  6.0407  3.6318  2.8592  2.1842  1.8316  1.1644  0.8548  0.7327  0.5069  0.1546  0.1385 -0.0826
 225  0.749791  3.6782  2.3988  1.5803  8.1063  6.0437  3.6282  2.8547  2.1769  1.8236  1.1557  0.8457  0.7236  0.4976  0.1450  0.1289 -0.0925
 226  0.749801  3.6780  2.3941  1.5841  8.1091  6.0470  3.6248  2.8505  2.1697  1.8159  1.1471  0.8367  0.7145  0.4883  0.1354  0.1192 -0.1024
 227  0.749893  3.6765  2.3598  1.6126  8.1448  6.0661  3.5969  2.8154  2.1135  1.7559  1.0816  0.7691  0.6461  0.4186  0.0637  0.0473 -0.1759
 228  0.749984  3.6763  2.3488  1.6226  8.1968  6.0626  3.5812  2.7953  2.0894  1.7306  1.0555  0.7427  0.6197  0.3919  0.0373  0.0210 -0.2022
 229  0.750079  3.6743  2.3050  1.6589  8.2295  6.0998  3.5510  2.7562  2.0205  1.6566  0.9739  0.6580  0.5339  0.3044 -0.0530 -0.0695 -0.2951
 230  0.750169  3.6712  2.2394  1.7119  8.2423  6.1698  3.5170  2.7111  1.9254  1.5533  0.8578  0.5368  0.4110  0.1782 -0.1840 -0.2009 -0.4304
 231  0.750246  3.6683  2.1805  1.7594  8.2408  6.2336  3.4890  2.6742  1.8415  1.4619  0.7546  0.4288  0.3015  0.0659 -0.3008 -0.3181 -0.5513
 232  0.750318  3.6657  2.1267  1.8027  8.2150  6.2875  3.4637  2.6423  1.7661  1.3798  0.6616  0.3313  0.2026 -0.0359 -0.4066 -0.4243 -0.6609
 233  0.750383  3.6639  2.0876  1.8344  8.1731  6.3237  3.4466  2.6228  1.7119  1.3206  0.5942  0.2606  0.1307 -0.1097 -0.4834 -0.5013 -0.7404
 234  0.750445  3.6618  2.0466  1.8673  8.1319  6.3605  3.4306  2.6046  1.6567  1.2601  0.5246  0.1873  0.0564 -0.1864 -0.5632 -0.5814 -0.8234
 235  0.750503  3.6586  1.9840  1.9172  8.1045  6.4175  3.4067  2.5741  1.5736  1.1688  0.4195  0.0766 -0.0561 -0.3022 -0.6844 -0.7031 -0.9494
 236  0.750555  3.6552  1.9200  1.9679  8.0739  6.4724  3.3855  2.5473  1.4914  1.0777  0.3135 -0.0354 -0.1701 -0.4198 -0.8073 -0.8264 -1.0775
 237  0.750601  3.6518  1.8557  2.0183  8.0379  6.5285  3.3682  2.5251  1.4123  0.9896  0.2098 -0.1453 -0.2820 -0.5353 -0.9289 -0.9485 -1.2046
 238  0.750642  3.6483  1.7932  2.0671  7.9996  6.5829  3.3536  2.5066  1.3378  0.9062  0.1109 -0.2506 -0.3892 -0.6463 -1.0461 -1.0661 -1.3273
 239  0.750679  3.6449  1.7313  2.1153  7.9589  6.6346  3.3404  2.4902  1.2659  0.8253  0.0139 -0.3537 -0.4945 -0.7553 -1.1615 -1.1822 -1.4487
 240  0.750712  3.6415  1.6697  2.1632  7.9167  6.6905  3.3295  2.4765  1.1962  0.7468 -0.0808 -0.4548 -0.5976 -0.8622 -1.2755 -1.2966 -1.5686
 241  0.750741  3.6382  1.6112  2.2084  7.8695  6.7413  3.3202  2.4659  1.1326  0.6745 -0.1692 -0.5493 -0.6942 -0.9622 -1.3827 -1.4042 -1.6817
 242  0.750768  3.6350  1.5544  2.2522  7.8198  6.7881  3.3114  2.4566  1.0724  0.6060 -0.2540 -0.6402 -0.7871 -1.0585 -1.4863 -1.5082 -1.7912
 243  0.750793  3.6317  1.4987  2.2949  7.7679  6.8301  3.3032  2.4488  1.0156  0.5411 -0.3354 -0.7275 -0.8765 -1.1512 -1.5868 -1.6092 -1.8979
 244  0.750814  3.6284  1.4437  2.3371  7.7136  6.8675  3.2942  2.4408  0.9610  0.4786 -0.4146 -0.8124 -0.9638 -1.2414 -1.6852 -1.7079 -2.0026
 245  0.750835  3.6252  1.3898  2.3781  7.6583  6.9017  3.2855  2.4337  0.9091  0.4191 -0.4906 -0.8942 -1.0477 -1.3285 -1.7811 -1.8043 -2.1048
 246  0.750852  3.6220  1.3364  2.4186  7.6021  6.9314  3.2773  2.4279  0.8601  0.3625 -0.5638 -0.9732 -1.1287 -1.4127 -1.8750 -1.8986 -2.2054
 247  0.750869  3.6188  1.2845  2.4578  7.5458  6.9563  3.2688  2.4226  0.8140  0.3092 -0.6335 -1.0483 -1.2058 -1.4931 -1.9658 -1.9898 -2.3029
 248  0.750884  3.6157  1.2333  2.4964  7.4884  6.9766  3.2587  2.4157  0.7692  0.2577 -0.7018 -1.1218 -1.2814 -1.5714 -2.0552 -2.0796 -2.3991
 249  0.750898  3.6126  1.1836  2.5340  7.4308  6.9926  3.2479  2.4089  0.7271  0.2092 -0.7667 -1.1914 -1.3530 -1.6458 -2.1418 -2.1664 -2.4926
 250  0.750910  3.6096  1.1344  2.5710  7.3726  7.0045  3.2366  2.4023  0.6867  0.1626 -0.8297 -1.2589 -1.4222 -1.7180 -2.2270 -2.2519 -2.5848
 251  0.750922  3.6065  1.0863  2.6071  7.3142  7.0113  3.2243  2.3950  0.6484  0.1184 -0.8902 -1.3235 -1.4884 -1.7872 -2.3103 -2.3355 -2.6750
 252  0.750933  3.6036  1.0391  2.6423  7.2565  7.0144  3.2119  2.3884  0.6134  0.0779 -0.9465 -1.3838 -1.5502 -1.8523 -2.3910 -2.4164 -2.7631
 253  0.750943  3.6007  0.9927  2.6770  7.1994  7.0123  3.1990  2.3821  0.5810  0.0405 -0.9994 -1.4406 -1.6083 -1.9142 -2.4695 -2.4953 -2.8494
 254  0.750953  3.5978  0.9473  2.7107  7.1434  7.0066  3.1858  2.3759  0.5519  0.0070 -1.0476 -1.4927 -1.6612 -1.9717 -2.5455 -2.5716 -2.9335
 255  0.750961  3.5949  0.9030  2.7437  7.0875  6.9978  3.1712  2.3689  0.5241 -0.0246 -1.0932 -1.5411 -1.7101 -2.0256 -2.6205 -2.6469 -3.0164
 256  0.750969  3.5920  0.8592  2.7761  7.0324  6.9875  3.1565  2.3625  0.4993 -0.0527 -1.1343 -1.5850 -1.7541 -2.0752 -2.6933 -2.7201 -3.0979
 257  0.750976  3.5892  0.8163  2.8077  6.9783  6.9751  3.1410  2.3558  0.4777 -0.0768 -1.1704 -1.6239 -1.7927 -2.1205 -2.7637 -2.7909 -3.1773
 258  0.750983  3.5864  0.7741  2.8387  6.9247  6.9611  3.1246  2.3485  0.4588 -0.0971 -1.2009 -1.6568 -1.8247 -2.1612 -2.8328 -2.8603 -3.2555
 259  0.750990  3.5837  0.7331  2.8689  6.8723  6.9456  3.1073  2.3408  0.4426 -0.1137 -1.2262 -1.6846 -1.8511 -2.1973 -2.8991 -2.9272 -3.3315
 260  0.750996  3.5810  0.6925  2.8985  6.8206  6.9292  3.0893  2.3329  0.4294 -0.1265 -1.2466 -1.7075 -1.8724 -2.2295 -2.9635 -2.9921 -3.4061
 261  0.751002  3.5784  0.6531  2.9275  6.7707  6.9124  3.0706  2.3244  0.4194 -0.1350 -1.2620 -1.7254 -1.8885 -2.2573 -3.0248 -3.0542 -3.4783
 262  0.751007  3.5758  0.6144  2.9558  6.7220  6.8953  3.0513  2.3157  0.4124 -0.1394 -1.2715 -1.7376 -1.8983 -2.2802 -3.0836 -3.1138 -3.5484
 263  0.751012  3.5733  0.5766  2.9835  6.6758  6.8809  3.0334  2.3095  0.4127 -0.1336 -1.2656 -1.7347 -1.8910 -2.2918 -3.1378 -3.1694 -3.6164
 264  0.751016  3.5708  0.5394  3.0106  6.6316  6.8681  3.0160  2.3048  0.4189 -0.1201 -1.2495 -1.7217 -1.8727 -2.2951 -3.1886 -3.2217 -3.6825
 265  0.751020  3.5683  0.5030  3.0371  6.5887  6.8554  2.9986  2.3003  0.4273 -0.1034 -1.2288 -1.7042 -1.8495 -2.2947 -3.2369 -3.2718 -3.7465
 266  0.751025  3.5658  0.4672  3.0632  6.5471  6.8422  2.9805  2.2946  0.4360 -0.0849 -1.2047 -1.6838 -1.8235 -2.2915 -3.2819 -3.3190 -3.8085
 267  0.751028  3.5635  0.4323  3.0886  6.5071  6.8283  2.9619  2.2878  0.4445 -0.0649 -1.1779 -1.6610 -1.7952 -2.2855 -3.3234 -3.3631 -3.8679
 268  0.751032  3.5611  0.3979  3.1135  6.4688  6.8157  2.9444  2.2824  0.4566 -0.0408 -1.1468 -1.6343 -1.7630 -2.2760 -3.3618 -3.4042 -3.9251
 269  0.751035  3.5588  0.3643  3.1378  6.4327  6.8045  2.9284  2.2785  0.4725 -0.0127 -1.1119 -1.6044 -1.7279 -2.2634 -3.3969 -3.4423 -3.9797
 270  0.751038  3.5564  0.3311  3.1617  6.3985  6.7949  2.9139  2.2768  0.4929  0.0204 -1.0723 -1.5704 -1.6887 -2.2469 -3.4288 -3.4774 -4.0322
 271  0.751041  3.5540  0.2984  3.1850  6.3672  6.7884  2.9023  2.2783  0.5196  0.0607 -1.0254 -1.5299 -1.6433 -2.2242 -3.4558 -3.5080 -4.0815
 272  0.751044  3.5517  0.2661  3.2077  6.3382  6.7834  2.8933  2.2823  0.5495  0.1035 -0.9793 -1.4915 -1.6016 -2.2022 -3.4795 -3.5355 -4.1276
 273  0.751047  3.5494  0.2346  3.2301  6.3129  6.7804  2.8878  2.2892  0.5865  0.1532 -0.9301 -1.4535 -1.5628 -2.1794 -3.4959 -3.5564 -4.1683
 274  0.751050  3.5472  0.2040  3.2519  6.2892  6.7782  2.8838  2.2974  0.6261  0.2051 -0.8798 -1.4150 -1.5242 -2.1554 -3.5095 -3.5744 -4.2062
 275  0.751052  3.5451  0.1742  3.2732  6.2672  6.7773  2.8817  2.3081  0.6692  0.2598 -0.8278 -1.3753 -1.4846 -2.1298 -3.5203 -3.5899 -4.2417
 276  0.751055  3.5429  0.1449  3.2940  6.2459  6.7761  2.8795  2.3178  0.7115  0.3143 -0.7765 -1.3367 -1.4464 -2.1050 -3.5305 -3.6044 -4.2759
 277  0.751057  3.5409  0.1164  3.3142  6.2236  6.7712  2.8730  2.3206  0.7460  0.3630 -0.7300 -1.3029 -1.4132 -2.0844 -3.5423 -3.6200 -4.3094
 278  0.751059  3.5389  0.0892  3.3335  6.2107  6.7900  2.8904  2.3552  0.8154  0.4384 -0.6631 -1.2492 -1.3603 -2.0461 -3.5449 -3.6270 -4.3372
 279  0.751061  3.5372  0.0660  3.3503  6.2260  6.8817  2.9805  2.4862  0.9896  0.5947 -0.5334 -1.1332 -1.2453 -1.9527 -3.5203 -3.6087 -4.3486
