#NUMBER OF AGES= 1
#----------------------------------------------------       
#MIX-LEN  Y      Z          Zeff        [Fe/H] [a/Fe]
# 1.9380  0.3300 5.5373E-03 2.8186E-03  -0.72   0.40 
#----------------------------------------------------       
#**PHOTOMETRIC SYSTEM**: HST WFPC2 (Vega)                   
#----------------------------------------------------       
#AGE= 3.000 EEPS=272
#EEP   M/Mo    LogTeff  LogG   LogL/Lo F218W   F255W   F300W   F336W   F439W   F450W   F555W   F606W   F622W   F675W   F791W   F814W   F850LP
   8  0.119953  3.5180  5.2238 -2.6808 20.7346 20.7524 16.9174 16.1383 14.9982 14.5440 13.2621 12.7479 12.5668 12.1122 10.9117 10.8633 10.3299
   9  0.145602  3.5205  5.1495 -2.5117 20.2948 20.2584 16.4369 15.6472 14.5018 14.0645 12.8022 12.2885 12.1084 11.6577 10.4845 10.4370  9.9097
  10  0.188484  3.5289  5.0822 -2.2991 19.7160 19.5456 15.7692 14.9567 13.7970 13.3839 12.1584 11.6492 11.4698 11.0346  9.9345  9.8900  9.3836
  11  0.223542  3.5362  5.0444 -2.1583 19.3270 19.0487 15.3100 14.4821 13.3109 12.9135 11.7153 11.2100 11.0309 10.6079  9.5682  9.5260  9.0373
  12  0.243232  3.5400  5.0241 -2.0862 19.1296 18.7956 15.0763 14.2412 13.0640 12.6739 11.4891 10.9858 10.8069 10.3899  9.3811  9.3401  8.8605
  13  0.253316  3.5420  5.0120 -2.0488 19.0289 18.6666 14.9568 14.1183 12.9377 12.5512 11.3732 10.8706 10.6918 10.2776  9.2845  9.2441  8.7690
  14  0.259210  3.5431  5.0036 -2.0260 18.9683 18.5900 14.8855 14.0451 12.8623 12.4778 11.3036 10.8016 10.6228 10.2101  9.2261  9.1859  8.7135
  15  0.263166  3.5438  4.9972 -2.0102 18.9262 18.5374 14.8368 13.9953 12.8108 12.4277 11.2561 10.7542 10.5754 10.1637  9.1855  9.1456  8.6747
  16  0.265994  3.5443  4.9922 -1.9983 18.8943 18.4978 14.8002 13.9579 12.7724 12.3903 11.2205 10.7189 10.5402 10.1291  9.1550  9.1153  8.6456
  17  0.268088  3.5448  4.9878 -1.9889 18.8693 18.4671 14.7718 13.9289 12.7426 12.3613 11.1929 10.6913 10.5127 10.1020  9.1312  9.0915  8.6228
  18  0.269849  3.5451  4.9840 -1.9809 18.8476 18.4406 14.7473 13.9040 12.7170 12.3363 11.1691 10.6677 10.4891 10.0789  9.1106  9.0710  8.6030
  19  0.271506  3.5454  4.9803 -1.9733 18.8273 18.4158 14.7245 13.8808 12.6931 12.3129 11.1470 10.6456 10.4671 10.0572  9.0913  9.0519  8.5845
  20  0.273254  3.5457  4.9768 -1.9656 18.8067 18.3908 14.7014 13.8573 12.6690 12.2894 11.1245 10.6234 10.4448 10.0354  9.0719  9.0326  8.5659
  21  0.275275  3.5460  4.9734 -1.9575 18.7844 18.3635 14.6763 13.8319 12.6428 12.2639 11.1002 10.5993 10.4207 10.0118  9.0511  9.0118  8.5459
  22  0.277647  3.5465  4.9701 -1.9486 18.7598 18.3328 14.6486 13.8037 12.6139 12.2355 11.0732 10.5724 10.3939  9.9855  9.0283  8.9892  8.5243
  23  0.277405  3.5463  4.9698 -1.9472 18.7560 18.3259 14.6445 13.7996 12.6110 12.2321 11.0688 10.5671 10.3884  9.9802  9.0257  8.9863  8.5213
  24  0.284410  3.5474  4.9642 -1.9261 18.6967 18.2510 14.5772 13.7308 12.5408 12.1632 11.0033 10.5022 10.3235  9.9171  8.9715  8.9324  8.4699
  25  0.375009  3.5699  4.8752 -1.6289 17.8155 17.0749 13.5788 12.7148 11.4998 11.1365 10.0350  9.5496  9.3717  8.9982  8.2023  8.1694  7.7576
  26  0.388037  3.5742  4.8583 -1.5799 17.6619 16.8506 13.4078 12.5427 11.3269 10.9628  9.8706  9.3877  9.2100  8.8428  8.0765  8.0444  7.6424
  27  0.396690  3.5778  4.8462 -1.5450 17.5676 16.6901 13.2922 12.4251 11.2023 10.8350  9.7460  9.2640  9.0857  8.7243  7.9867  7.9554  7.5625
  28  0.409858  3.5827  4.8295 -1.4944 17.4053 16.4450 13.1118 12.2443 11.0217 10.6520  9.5725  9.0937  8.9152  8.5613  7.8571  7.8268  7.4452
  29  0.423479  3.5882  4.8124 -1.4410 17.2282 16.1773 12.9147 12.0475 10.8279 10.4555  9.3880  8.9134  8.7352  8.3895  7.7204  7.6911  7.3217
  30  0.436571  3.5940  4.7964 -1.3889 17.0508 15.9168 12.7169 11.8498 10.6341 10.2599  9.2060  8.7370  8.5592  8.2222  7.5866  7.5583  7.2013
  31  0.448696  3.5997  4.7824 -1.3401 16.8809 15.6758 12.5268 11.6597 10.4487 10.0739  9.0351  8.5727  8.3954  8.0671  7.4615  7.4341  7.0890
  32  0.459835  3.6051  4.7702 -1.2951 16.7207 15.4559 12.3464 11.4792 10.2739  9.8996  8.8773  8.4222  8.2458  7.9257  7.3461  7.3198  6.9855
  33  0.470352  3.6107  4.7596 -1.2523 16.5693 15.2565 12.1728 11.3040 10.1039  9.7313  8.7269  8.2797  8.1045  7.7923  7.2371  7.2116  6.8877
  34  0.480879  3.6166  4.7498 -1.2091 16.4169 15.0646 11.9966 11.1252  9.9287  9.5589  8.5749  8.1367  7.9631  7.6591  7.1274  7.1027  6.7895
  35  0.486404  3.6204  4.7427 -1.1804 16.3277 14.9657 11.8984 11.0261  9.8159  9.4530  8.4839  8.0531  7.8805  7.5816  7.0577  7.0336  6.7251
  36  0.499638  3.6287  4.7333 -1.1263 16.1314 14.7171 11.6666 10.7905  9.5821  9.2216  8.2806  7.8635  7.6927  7.4070  6.9186  6.8958  6.6034
  37  0.515293  3.6389  4.7241 -1.0633 15.8791 14.3830 11.3625 10.4807  9.2981  8.9409  8.0407  7.6420  7.4748  7.2047  6.7565  6.7353  6.4617
  38  0.532588  3.6507  4.7164 -0.9943 15.5409 13.9077 10.9659 10.0807  8.9744  8.6224  7.7770  7.4013  7.2407  6.9868  6.5781  6.5585  6.3048
  39  0.556303  3.6669  4.7082 -0.9027 14.9375 13.0290 10.3345  9.4611  8.5409  8.1981  7.4343  7.0906  6.9420  6.7068  6.3388  6.3213  6.0911
  40  0.605720  3.6972  4.6875 -0.7261 13.2377 11.0544  9.0746  8.2911  7.7727  7.4639  6.8312  6.5403  6.4157  6.2086  5.8905  5.8767  5.6835
  41  0.639836  3.7161  4.6697 -0.6097 11.8758  9.8952  8.2960  7.5957  7.3124  7.0323  6.4671  6.2036  6.0919  5.9001  5.6079  5.5963  5.4242
  42  0.656326  3.7259  4.6611 -0.5505 11.4023  9.4872  7.9613  7.2866  7.0886  6.8217  6.2860  6.0348  5.9282  5.7442  5.4649  5.4543  5.2930
  43  0.675380  3.7367  4.6500 -0.4831 10.6918  8.9795  7.5685  6.9342  6.8420  6.5919  6.0883  5.8495  5.7484  5.5719  5.3060  5.2965  5.1465
  44  0.693486  3.7460  4.6377 -0.4213 10.0892  8.5547  7.2343  6.6350  6.6259  6.3908  5.9147  5.6861  5.5892  5.4191  5.1641  5.1555  5.0148
  45  0.707884  3.7528  4.6265 -0.3741  9.6750  8.2584  6.9984  6.4235  6.4674  6.2430  5.7857  5.5638  5.4696  5.3039  5.0564  5.0484  4.9139
  46  0.720225  3.7581  4.6162 -0.3348  9.3488  8.0214  6.8086  6.2531  6.3379  6.1222  5.6801  5.4636  5.3717  5.2095  4.9678  4.9603  4.8307
  47  0.730953  3.7625  4.6068 -0.3015  9.0788  7.8229  6.6496  6.1102  6.2288  6.0206  5.5915  5.3795  5.2894  5.1302  4.8933  4.8863  4.7606
  48  0.740681  3.7663  4.5978 -0.2717  8.8476  7.6527  6.5121  5.9867  6.1324  5.9305  5.5125  5.3045  5.2160  5.0594  4.8267  4.8200  4.6977
  49  0.749824  3.7697  4.5888 -0.2437  8.6409  7.5000  6.3882  5.8749  6.0433  5.8469  5.4388  5.2343  5.1474  4.9931  4.7642  4.7577  4.6385
  50  0.758548  3.7728  4.5797 -0.2169  8.4548  7.3621  6.2759  5.7730  5.9594  5.7677  5.3684  5.1672  5.0814  4.9293  4.7039  4.6977  4.5813
  51  0.766925  3.7758  4.5705 -0.1911  8.2841  7.2346  6.1717  5.6784  5.8797  5.6921  5.3006  5.1024  5.0179  4.8677  4.6457  4.6396  4.5258
  52  0.772907  3.7778  4.5638 -0.1728  8.1665  7.1458  6.0990  5.6126  5.8232  5.6385  5.2525  5.0563  4.9725  4.8238  4.6039  4.5981  4.4861
  53  0.778818  3.7798  4.5570 -0.1546  8.0532  7.0597  6.0284  5.5488  5.7680  5.5859  5.2051  5.0109  4.9279  4.7805  4.5628  4.5573  4.4468
  54  0.784680  3.7819  4.5502 -0.1367  7.9434  6.9757  5.9596  5.4864  5.7136  5.5342  5.1584  4.9662  4.8839  4.7379  4.5224  4.5168  4.4082
  55  0.790510  3.7838  4.5435 -0.1190  7.8362  6.8931  5.8922  5.4254  5.6600  5.4831  5.1124  4.9221  4.8405  4.6958  4.4824  4.4770  4.3699
  56  0.796316  3.7858  4.5370 -0.1014  7.7300  6.8105  5.8251  5.3649  5.6071  5.4327  5.0670  4.8785  4.7978  4.6543  4.4430  4.4378  4.3324
  57  0.802109  3.7877  4.5304 -0.0840  7.6248  6.7279  5.7584  5.3050  5.5547  5.3829  5.0221  4.8356  4.7556  4.6135  4.4043  4.3991  4.2952
  58  0.807880  3.7896  4.5239 -0.0668  7.5220  6.6465  5.6928  5.2462  5.5029  5.3337  4.9779  4.7932  4.7140  4.5731  4.3659  4.3610  4.2585
  59  0.813607  3.7914  4.5174 -0.0497  7.4221  6.5669  5.6287  5.1888  5.4520  5.2852  4.9342  4.7513  4.6727  4.5331  4.3280  4.3232  4.2221
  60  0.819278  3.7933  4.5108 -0.0329  7.3252  6.4892  5.5662  5.1328  5.4019  5.2375  4.8910  4.7099  4.6322  4.4937  4.2905  4.2857  4.1863
  61  0.824867  3.7950  4.5041 -0.0163  7.2316  6.4135  5.5053  5.0782  5.3527  5.1905  4.8485  4.6692  4.5920  4.4548  4.2534  4.2489  4.1506
  62  0.830380  3.7967  4.4974  0.0002  7.1412  6.3401  5.4461  5.0251  5.3043  5.1443  4.8066  4.6290  4.5525  4.4164  4.2168  4.2123  4.1155
  63  0.835807  3.7983  4.4906  0.0164  7.0542  6.2692  5.3888  4.9736  5.2569  5.0990  4.7653  4.5892  4.5134  4.3784  4.1806  4.1762  4.0806
  64  0.841130  3.7999  4.4837  0.0322  6.9705  6.2006  5.3331  4.9237  5.2105  5.0544  4.7248  4.5501  4.4749  4.3410  4.1449  4.1406  4.0463
  65  0.846334  3.8015  4.4768  0.0478  6.8897  6.1343  5.2793  4.8752  5.1651  5.0110  4.6850  4.5119  4.4373  4.3044  4.1099  4.1058  4.0125
  66  0.851425  3.8029  4.4701  0.0631  6.8112  6.0697  5.2269  4.8281  5.1208  4.9684  4.6461  4.4744  4.4004  4.2685  4.0756  4.0716  3.9794
  67  0.856400  3.8043  4.4634  0.0779  6.7352  6.0071  5.1762  4.7824  5.0775  4.9269  4.6080  4.4378  4.3643  4.2334  4.0421  4.0381  3.9470
  68  0.861262  3.8057  4.4568  0.0926  6.6613  5.9460  5.1268  4.7381  5.0352  4.8862  4.5709  4.4019  4.3290  4.1991  4.0092  4.0054  3.9153
  69  0.865994  3.8071  4.4504  0.1068  6.5893  5.8865  5.0788  4.6949  4.9939  4.8465  4.5346  4.3670  4.2946  4.1656  3.9773  3.9735  3.8844
  70  0.870603  3.8084  4.4441  0.1208  6.5196  5.8287  5.0322  4.6531  4.9536  4.8078  4.4991  4.3328  4.2609  4.1329  3.9461  3.9424  3.8542
  71  0.875067  3.8097  4.4380  0.1343  6.4522  5.7727  4.9871  4.6128  4.9145  4.7702  4.4646  4.2997  4.2282  4.1011  3.9157  3.9121  3.8250
  72  0.879340  3.8110  4.4321  0.1473  6.3881  5.7191  4.9440  4.5742  4.8768  4.7340  4.4314  4.2677  4.1968  4.0705  3.8866  3.8829  3.7967
  73  0.882711  3.8121  4.4274  0.1581  6.3367  5.6751  4.9091  4.5434  4.8457  4.7040  4.4040  4.2412  4.1707  4.0452  3.8624  3.8590  3.7735
  74  0.885464  3.8130  4.4234  0.1675  6.2933  5.6372  4.8794  4.5172  4.8188  4.6781  4.3802  4.2185  4.1483  4.0235  3.8418  3.8384  3.7535
  75  0.889310  3.8142  4.4178  0.1796  6.2362  5.5887  4.8406  4.4825  4.7842  4.6447  4.3496  4.1889  4.1192  3.9952  3.8147  3.8114  3.7272
  76  0.893336  3.8153  4.4119  0.1921  6.1782  5.5396  4.8009  4.4470  4.7487  4.6105  4.3180  4.1584  4.0891  3.9659  3.7868  3.7835  3.7002
  77  0.897411  3.8164  4.4059  0.2045  6.1206  5.4908  4.7614  4.4115  4.7131  4.5762  4.2864  4.1280  4.0591  3.9367  3.7588  3.7555  3.6730
  78  0.901482  3.8175  4.4000  0.2167  6.0641  5.4428  4.7224  4.3766  4.6780  4.5422  4.2550  4.0977  4.0293  3.9077  3.7310  3.7278  3.6460
  79  0.905486  3.8186  4.3940  0.2289  6.0093  5.3961  4.6846  4.3425  4.6436  4.5089  4.2242  4.0679  3.9999  3.8790  3.7036  3.7004  3.6194
  80  0.909356  3.8197  4.3881  0.2408  5.9570  5.3512  4.6479  4.3095  4.6100  4.4764  4.1941  4.0388  3.9712  3.8511  3.6768  3.6736  3.5933
  81  0.912995  3.8206  4.3825  0.2522  5.9070  5.3083  4.6129  4.2780  4.5776  4.4451  4.1651  4.0108  3.9436  3.8242  3.6510  3.6479  3.5682
  82  0.916165  3.8215  4.3775  0.2621  5.8645  5.2714  4.5829  4.2510  4.5497  4.4181  4.1400  3.9865  3.9197  3.8008  3.6286  3.6256  3.5465
  83  0.918741  3.8223  4.3734  0.2708  5.8247  5.2374  4.5555  4.2266  4.5244  4.3937  4.1176  3.9649  3.8983  3.7802  3.6089  3.6060  3.5273
  84  0.920806  3.8232  4.3703  0.2786  5.7868  5.2055  4.5304  4.2046  4.5016  4.3717  4.0976  3.9458  3.8796  3.7620  3.5918  3.5889  3.5109
  85  0.923207  3.8241  4.3667  0.2870  5.7477  5.1723  4.5040  4.1812  4.4775  4.3484  4.0762  3.9253  3.8595  3.7426  3.5733  3.5705  3.4931
  86  0.925931  3.8250  4.3628  0.2959  5.7072  5.1379  4.4765  4.1567  4.4519  4.3238  4.0537  3.9036  3.8381  3.7219  3.5537  3.5508  3.4739
  87  0.928717  3.8259  4.3588  0.3047  5.6666  5.1036  4.4489  4.1322  4.4263  4.2992  4.0310  3.8819  3.8168  3.7011  3.5340  3.5312  3.4549
  88  0.931486  3.8268  4.3550  0.3135  5.6267  5.0698  4.4218  4.1081  4.4010  4.2748  4.0085  3.8603  3.7956  3.6807  3.5146  3.5118  3.4360
  89  0.934190  3.8276  4.3513  0.3220  5.5878  5.0369  4.3955  4.0847  4.3763  4.2508  3.9867  3.8393  3.7749  3.6606  3.4956  3.4929  3.4177
  90  0.936708  3.8285  4.3478  0.3301  5.5511  5.0058  4.3707  4.0628  4.3528  4.2282  3.9659  3.8194  3.7554  3.6417  3.4776  3.4750  3.4003
  91  0.939187  3.8293  4.3444  0.3381  5.5156  4.9756  4.3466  4.0416  4.3299  4.2060  3.9456  3.7999  3.7362  3.6231  3.4600  3.4574  3.3832
  92  0.941740  3.8301  4.3407  0.3461  5.4799  4.9456  4.3225  4.0203  4.3067  4.1837  3.9251  3.7802  3.7169  3.6044  3.4423  3.4397  3.3660
  93  0.944390  3.8309  4.3370  0.3543  5.4438  4.9153  4.2983  3.9989  4.2832  4.1610  3.9042  3.7602  3.6973  3.5855  3.4243  3.4217  3.3486
  94  0.947127  3.8317  4.3331  0.3625  5.4077  4.8851  4.2739  3.9774  4.2596  4.1382  3.8833  3.7401  3.6775  3.5663  3.4061  3.4036  3.3308
  95  0.949878  3.8324  4.3293  0.3707  5.3720  4.8555  4.2499  3.9561  4.2362  4.1156  3.8625  3.7202  3.6578  3.5473  3.3879  3.3854  3.3132
  96  0.952618  3.8331  4.3253  0.3787  5.3374  4.8265  4.2264  3.9352  4.2132  4.0933  3.8419  3.7004  3.6384  3.5284  3.3700  3.3675  3.2956
  97  0.955313  3.8338  4.3214  0.3865  5.3035  4.7981  4.2034  3.9146  4.1906  4.0715  3.8218  3.6810  3.6194  3.5099  3.3523  3.3499  3.2784
  98  0.957915  3.8345  4.3177  0.3942  5.2716  4.7712  4.1813  3.8949  4.1689  4.0505  3.8024  3.6623  3.6010  3.4921  3.3353  3.3328  3.2617
  99  0.960430  3.8350  4.3139  0.4015  5.2413  4.7455  4.1602  3.8759  4.1481  4.0303  3.7836  3.6442  3.5831  3.4746  3.3186  3.3162  3.2454
 100  0.962858  3.8356  4.3100  0.4087  5.2128  4.7212  4.1401  3.8578  4.1280  4.0107  3.7653  3.6266  3.5657  3.4577  3.3024  3.3000  3.2296
 101  0.965224  3.8362  4.3063  0.4156  5.1856  4.6978  4.1206  3.8402  4.1084  3.9917  3.7475  3.6094  3.5487  3.4411  3.2865  3.2841  3.2139
 102  0.967537  3.8366  4.3024  0.4225  5.1601  4.6756  4.1018  3.8231  4.0894  3.9732  3.7302  3.5925  3.5320  3.4249  3.2708  3.2684  3.1985
 103  0.969813  3.8371  4.2986  0.4292  5.1357  4.6540  4.0835  3.8064  4.0708  3.9550  3.7130  3.5758  3.5156  3.4089  3.2553  3.2529  3.1832
 104  0.972052  3.8375  4.2947  0.4358  5.1128  4.6333  4.0658  3.7900  4.0526  3.9372  3.6961  3.5593  3.4993  3.3929  3.2398  3.2375  3.1680
 105  0.974259  3.8380  4.2907  0.4423  5.0911  4.6130  4.0484  3.7738  4.0348  3.9196  3.6794  3.5430  3.4831  3.3769  3.2243  3.2220  3.1527
 106  0.976441  3.8383  4.2867  0.4488  5.0700  4.5932  4.0312  3.7578  4.0171  3.9023  3.6628  3.5267  3.4670  3.3611  3.2090  3.2066  3.1375
 107  0.978598  3.8388  4.2827  0.4553  5.0491  4.5735  4.0141  3.7419  3.9995  3.8851  3.6463  3.5106  3.4511  3.3454  3.1937  3.1914  3.1224
 108  0.980745  3.8391  4.2788  0.4617  5.0284  4.5541  3.9972  3.7261  3.9821  3.8680  3.6299  3.4946  3.4351  3.3298  3.1785  3.1762  3.1074
 109  0.982882  3.8395  4.2749  0.4681  5.0079  4.5348  3.9804  3.7105  3.9647  3.8509  3.6136  3.4785  3.4193  3.3142  3.1634  3.1611  3.0924
 110  0.985014  3.8399  4.2710  0.4745  4.9875  4.5156  3.9636  3.6948  3.9474  3.8339  3.5974  3.4627  3.4035  3.2987  3.1483  3.1460  3.0775
 111  0.987130  3.8403  4.2671  0.4808  4.9672  4.4964  3.9470  3.6794  3.9302  3.8171  3.5812  3.4469  3.3879  3.2834  3.1333  3.1311  3.0627
 112  0.989451  3.8406  4.2629  0.4877  4.9446  4.4755  3.9287  3.6623  3.9114  3.7986  3.5636  3.4296  3.3709  3.2666  3.1171  3.1148  3.0465
 113  0.991846  3.8411  4.2585  0.4949  4.9209  4.4535  3.9098  3.6447  3.8920  3.7796  3.5455  3.4119  3.3533  3.2494  3.1004  3.0981  3.0301
 114  0.994331  3.8415  4.2541  0.5022  4.8961  4.4308  3.8901  3.6265  3.8720  3.7599  3.5269  3.3937  3.3352  3.2316  3.0833  3.0809  3.0131
 115  0.996924  3.8421  4.2495  0.5098  4.8703  4.4071  3.8697  3.6076  3.8511  3.7395  3.5074  3.3748  3.3165  3.2133  3.0655  3.0632  2.9956
 116  0.999639  3.8426  4.2449  0.5178  4.8431  4.3822  3.8484  3.5879  3.8294  3.7183  3.4873  3.3552  3.2971  3.1942  3.0471  3.0448  2.9774
 117  1.002488  3.8431  4.2401  0.5260  4.8146  4.3562  3.8261  3.5673  3.8067  3.6961  3.4662  3.3346  3.2768  3.1743  3.0278  3.0256  2.9584
 118  1.005489  3.8437  4.2350  0.5346  4.7845  4.3289  3.8028  3.5458  3.7829  3.6728  3.4442  3.3132  3.2556  3.1536  3.0077  3.0055  2.9386
 119  1.008663  3.8443  4.2297  0.5438  4.7524  4.2998  3.7779  3.5230  3.7577  3.6481  3.4208  3.2904  3.2330  3.1315  2.9864  2.9842  2.9175
 120  1.012152  3.8451  4.2239  0.5538  4.7170  4.2678  3.7507  3.4978  3.7300  3.6210  3.3952  3.2655  3.2084  3.1074  2.9632  2.9610  2.8946
 121  1.015907  3.8458  4.2175  0.5648  4.6782  4.2330  3.7212  3.4707  3.6999  3.5917  3.3675  3.2385  3.1817  3.0814  2.9381  2.9359  2.8699
 122  1.019810  3.8466  4.2107  0.5763  4.6366  4.1962  3.6899  3.4421  3.6681  3.5606  3.3383  3.2101  3.1537  3.0540  2.9117  2.9095  2.8438
 123  1.023764  3.8474  4.2037  0.5881  4.5941  4.1586  3.6579  3.4127  3.6354  3.5286  3.3080  3.1808  3.1247  3.0257  2.8844  2.8822  2.8169
 124  1.027675  3.8482  4.1965  0.6002  4.5516  4.1210  3.6257  3.3832  3.6023  3.4963  3.2775  3.1511  3.0955  2.9970  2.8568  2.8546  2.7897
 125  1.031522  3.8489  4.1891  0.6120  4.5105  4.0843  3.5941  3.3541  3.5697  3.4642  3.2472  3.1217  3.0663  2.9685  2.8293  2.8271  2.7626
 126  1.035248  3.8496  4.1818  0.6236  4.4715  4.0493  3.5638  3.3260  3.5379  3.4332  3.2176  3.0928  3.0379  2.9407  2.8024  2.8002  2.7360
 127  1.038808  3.8502  4.1745  0.6348  4.4351  4.0164  3.5350  3.2993  3.5076  3.4034  3.1893  3.0653  3.0105  2.9139  2.7764  2.7743  2.7103
 128  1.042179  3.8508  4.1674  0.6454  4.4014  3.9859  3.5079  3.2740  3.4788  3.3751  3.1623  3.0389  2.9845  2.8883  2.7516  2.7494  2.6856
 129  1.045343  3.8512  4.1606  0.6554  4.3708  3.9579  3.4828  3.2504  3.4518  3.3485  3.1368  3.0139  2.9597  2.8640  2.7279  2.7258  2.6622
 130  1.048293  3.8515  4.1538  0.6649  4.3432  3.9322  3.4594  3.2283  3.4265  3.3235  3.1127  2.9903  2.9363  2.8410  2.7054  2.7033  2.6398
 131  1.051061  3.8519  4.1471  0.6740  4.3175  3.9082  3.4372  3.2072  3.4022  3.2996  3.0895  2.9676  2.9137  2.8187  2.6837  2.6816  2.6181
 132  1.053714  3.8522  4.1403  0.6829  4.2933  3.8855  3.4159  3.1867  3.3788  3.2764  3.0670  2.9453  2.8916  2.7970  2.6624  2.6602  2.5969
 133  1.056273  3.8524  4.1336  0.6915  4.2706  3.8638  3.3954  3.1668  3.3561  3.2538  3.0450  2.9237  2.8701  2.7758  2.6414  2.6393  2.5759
 134  1.058753  3.8527  4.1263  0.7008  4.2444  3.8397  3.3726  3.1449  3.3315  3.2295  3.0214  2.9004  2.8470  2.7529  2.6191  2.6169  2.5536
 135  1.061172  3.8529  4.1189  0.7103  4.2159  3.8141  3.3487  3.1219  3.3061  3.2044  2.9971  2.8765  2.8232  2.7294  2.5960  2.5938  2.5305
 136  1.063536  3.8532  4.1124  0.7190  4.1877  3.7896  3.3261  3.1002  3.2826  3.1813  2.9748  2.8546  2.8015  2.7079  2.5750  2.5729  2.5096
 137  1.065856  3.8533  4.1056  0.7274  4.1645  3.7683  3.3056  3.0803  3.2605  3.1594  2.9535  2.8336  2.7805  2.6872  2.5545  2.5524  2.4892
 138  1.068131  3.8535  4.0984  0.7359  4.1427  3.7476  3.2854  3.0604  3.2384  3.1375  2.9319  2.8122  2.7592  2.6660  2.5336  2.5314  2.4682
 139  1.070378  3.8534  4.0907  0.7443  4.1240  3.7289  3.2662  3.0412  3.2168  3.1159  2.9103  2.7906  2.7377  2.6446  2.5123  2.5101  2.4467
 140  1.072595  3.8534  4.0820  0.7536  4.1047  3.7090  3.2456  3.0203  3.1936  3.0926  2.8870  2.7673  2.7144  2.6213  2.4889  2.4867  2.4231
 141  1.074784  3.8532  4.0736  0.7622  4.0866  3.6904  3.2261  3.0006  3.1717  3.0706  2.8650  2.7452  2.6923  2.5992  2.4668  2.4646  2.4009
 142  1.076955  3.8530  4.0651  0.7706  4.0722  3.6744  3.2083  2.9822  3.1511  3.0498  2.8438  2.7239  2.6709  2.5776  2.4451  2.4428  2.3788
 143  1.079099  3.8526  4.0563  0.7791  4.0595  3.6593  3.1911  2.9641  3.1308  3.0293  2.8227  2.7025  2.6494  2.5560  2.4230  2.4208  2.3565
 144  1.081218  3.8522  4.0463  0.7880  4.0485  3.6446  3.1734  2.9454  3.1096  3.0077  2.8003  2.6797  2.6266  2.5328  2.3995  2.3972  2.3325
 145  1.083315  3.8517  4.0358  0.7975  4.0339  3.6274  3.1534  2.9243  3.0867  2.9844  2.7762  2.6553  2.6019  2.5079  2.3742  2.3718  2.3067
 146  1.085388  3.8512  4.0250  0.8070  4.0203  3.6108  3.1339  2.9034  3.0642  2.9616  2.7525  2.6311  2.5775  2.4832  2.3489  2.3465  2.2810
 147  1.087434  3.8505  4.0139  0.8164  4.0078  3.5950  3.1146  2.8827  3.0419  2.9389  2.7288  2.6069  2.5532  2.4584  2.3234  2.3210  2.2551
 148  1.089452  3.8498  4.0025  0.8258  3.9956  3.5796  3.0954  2.8619  3.0199  2.9165  2.7052  2.5827  2.5287  2.4335  2.2978  2.2953  2.2289
 149  1.091432  3.8492  3.9920  0.8344  3.9824  3.5645  3.0771  2.8420  2.9997  2.8958  2.6836  2.5605  2.5063  2.4106  2.2742  2.2717  2.2049
 150  1.093378  3.8483  3.9806  0.8429  3.9736  3.5520  3.0601  2.8231  2.9802  2.8758  2.6621  2.5383  2.4837  2.3874  2.2500  2.2475  2.1802
 151  1.095293  3.8472  3.9685  0.8516  3.9687  3.5417  3.0443  2.8047  2.9612  2.8560  2.6405  2.5157  2.4608  2.3637  2.2252  2.2226  2.1546
 152  1.097179  3.8460  3.9556  0.8603  3.9670  3.5335  3.0295  2.7870  2.9429  2.8368  2.6191  2.4932  2.4378  2.3400  2.2000  2.1974  2.1286
 153  1.099033  3.8445  3.9420  0.8689  3.9687  3.5276  3.0158  2.7699  2.9254  2.8182  2.5980  2.4708  2.4149  2.3160  2.1745  2.1718  2.1022
 154  1.100858  3.8430  3.9278  0.8774  3.9737  3.5240  3.0033  2.7535  2.9088  2.8003  2.5772  2.4486  2.3921  2.2920  2.1487  2.1459  2.0755
 155  1.102657  3.8411  3.9130  0.8857  3.9828  3.5238  2.9922  2.7376  2.8932  2.7834  2.5568  2.4265  2.3692  2.2679  2.1226  2.1198  2.0482
 156  1.104428  3.8392  3.8973  0.8940  3.9961  3.5267  2.9827  2.7225  2.8789  2.7672  2.5368  2.4045  2.3465  2.2438  2.0962  2.0933  2.0207
 157  1.106168  3.8369  3.8808  0.9021  4.0147  3.5333  2.9750  2.7086  2.8659  2.7523  2.5173  2.3830  2.3241  2.2197  2.0695  2.0665  1.9927
 158  1.107876  3.8343  3.8635  0.9100  4.0395  3.5441  2.9695  2.6960  2.8545  2.7387  2.4986  2.3619  2.3020  2.1957  2.0425  2.0395  1.9643
 159  1.109555  3.8315  3.8451  0.9177  4.0713  3.5592  2.9666  2.6852  2.8450  2.7267  2.4808  2.3413  2.2803  2.1719  2.0156  2.0124  1.9356
 160  1.111209  3.8284  3.8257  0.9250  4.1116  3.5794  2.9668  2.6769  2.8377  2.7165  2.4641  2.3216  2.2594  2.1486  1.9886  1.9853  1.9066
 161  1.112842  3.8247  3.8051  0.9320  4.1628  3.6068  2.9712  2.6715  2.8331  2.7087  2.4489  2.3029  2.2393  2.1259  1.9618  1.9584  1.8775
 162  1.114071  3.8219  3.7891  0.9370  4.2070  3.6314  2.9766  2.6689  2.8309  2.7037  2.4380  2.2892  2.2245  2.1091  1.9416  1.9381  1.8553
 163  1.115304  3.8187  3.7721  0.9415  4.2637  3.6647  2.9871  2.6698  2.8320  2.7016  2.4289  2.2769  2.2110  2.0932  1.9221  1.9184  1.8335
 164  1.116542  3.8150  3.7541  0.9454  4.3334  3.7067  3.0030  2.6748  2.8366  2.7025  2.4218  2.2663  2.1989  2.0784  1.9032  1.8993  1.8120
 165  1.117770  3.8110  3.7353  0.9483  4.4199  3.7600  3.0261  2.6856  2.8459  2.7075  2.4175  2.2580  2.1891  2.0657  1.8857  1.8816  1.7915
 166  1.118963  3.8064  3.7162  0.9498  4.5246  3.8254  3.0581  2.7039  2.8609  2.7176  2.4173  2.2533  2.1827  2.0560  1.8709  1.8665  1.7732
 167  1.120082  3.8017  3.6977  0.9498  4.6447  3.9014  3.0983  2.7298  2.8816  2.7330  2.4216  2.2529  2.1804  2.0504  1.8598  1.8551  1.7584
 168  1.121102  3.7968  3.6803  0.9482  4.7767  3.9852  3.1453  2.7618  2.9074  2.7531  2.4302  2.2566  2.1823  2.0488  1.8526  1.8475  1.7473
 169  1.122027  3.7920  3.6641  0.9453  4.9180  4.0749  3.1971  2.7984  2.9372  2.7770  2.4422  2.2638  2.1875  2.0505  1.8486  1.8434  1.7393
 170  1.122880  3.7871  3.6489  0.9414  5.0668  4.1694  3.2532  2.8390  2.9701  2.8040  2.4572  2.2737  2.1956  2.0550  1.8474  1.8419  1.7341
 171  1.123683  3.7823  3.6347  0.9364  5.2233  4.2696  3.3143  2.8845  3.0063  2.8341  2.4751  2.2867  2.2066  2.0625  1.8493  1.8433  1.7317
 172  1.124447  3.7773  3.6215  0.9302  5.3879  4.3759  3.3809  2.9354  3.0459  2.8675  2.4961  2.3028  2.2209  2.0733  1.8543  1.8481  1.7324
 173  1.125174  3.7725  3.6100  0.9228  5.5588  4.4854  3.4516  2.9910  3.0889  2.9042  2.5207  2.3225  2.2387  2.0878  1.8632  1.8566  1.7369
 174  1.125867  3.7679  3.6006  0.9142  5.7312  4.5927  3.5234  3.0486  3.1346  2.9440  2.5490  2.3461  2.2606  2.1064  1.8764  1.8694  1.7456
 175  1.126555  3.7635  3.5924  0.9050  5.9120  4.7039  3.5994  3.1106  3.1824  2.9859  2.5791  2.3716  2.2846  2.1272  1.8918  1.8844  1.7568
 176  1.127297  3.7593  3.5848  0.8958  6.1064  4.8209  3.6799  3.1773  3.2311  3.0282  2.6095  2.3975  2.3088  2.1483  1.9077  1.9000  1.7684
 177  1.128158  3.7547  3.5741  0.8886  6.3268  4.9524  3.7681  3.2496  3.2780  3.0673  2.6352  2.4182  2.3275  2.1637  1.9177  1.9095  1.7738
 178  1.129142  3.7504  3.5612  0.8843  6.5402  5.0789  3.8509  3.3173  3.3175  3.0991  2.6538  2.4319  2.3394  2.1723  1.9210  1.9125  1.7726
 179  1.130134  3.7466  3.5465  0.8844  6.7150  5.1824  3.9155  3.3687  3.3426  3.1175  2.6608  2.4347  2.3407  2.1708  1.9149  1.9060  1.7625
 180  1.131000  3.7436  3.5322  0.8870  6.8448  5.2587  3.9609  3.4035  3.3564  3.1258  2.6601  2.4307  2.3354  2.1634  1.9037  1.8947  1.7482
 181  1.131825  3.7407  3.5168  0.8914  6.9543  5.3207  3.9959  3.4294  3.3636  3.1283  2.6545  2.4221  2.3258  2.1518  1.8886  1.8793  1.7301
 182  1.132638  3.7382  3.5003  0.8980  7.0469  5.3697  4.0212  3.4465  3.3637  3.1242  2.6434  2.4084  2.3111  2.1353  1.8690  1.8594  1.7078
 183  1.133446  3.7360  3.4823  0.9078  7.1173  5.4020  4.0329  3.4516  3.3535  3.1105  2.6237  2.3864  2.2883  2.1111  1.8421  1.8323  1.6784
 184  1.134236  3.7342  3.4630  0.9200  7.1699  5.4209  4.0340  3.4471  3.3354  3.0892  2.5973  2.3581  2.2593  2.0807  1.8094  1.7994  1.6437
 185  1.135003  3.7327  3.4430  0.9343  7.2063  5.4281  4.0259  3.4344  3.3105  3.0618  2.5655  2.3246  2.2253  2.0455  1.7723  1.7622  1.6049
 186  1.135753  3.7313  3.4228  0.9492  7.2330  5.4290  4.0129  3.4174  3.2825  3.0315  2.5314  2.2891  2.1892  2.0085  1.7335  1.7233  1.5645
 187  1.136488  3.7301  3.4027  0.9648  7.2523  5.4248  3.9961  3.3970  3.2521  2.9991  2.4955  2.2519  2.1516  1.9699  1.6934  1.6831  1.5230
 188  1.137214  3.7290  3.3823  0.9809  7.2666  5.4175  3.9767  3.3743  3.2200  2.9651  2.4583  2.2135  2.1127  1.9302  1.6523  1.6417  1.4805
 189  1.137929  3.7280  3.3618  0.9975  7.2751  5.4062  3.9542  3.3488  3.1857  2.9291  2.4196  2.1735  2.0723  1.8891  1.6098  1.5992  1.4369
 190  1.138636  3.7269  3.3411  1.0144  7.2829  5.3948  3.9311  3.3228  3.1510  2.8926  2.3802  2.1330  2.0315  1.8475  1.5667  1.5560  1.3926
 191  1.139334  3.7260  3.3203  1.0317  7.2860  5.3800  3.9056  3.2945  3.1145  2.8545  2.3394  2.0912  1.9894  1.8046  1.5227  1.5119  1.3474
 192  1.140024  3.7251  3.2991  1.0495  7.2873  5.3641  3.8789  3.2650  3.0770  2.8154  2.2977  2.0485  1.9462  1.7608  1.4776  1.4667  1.3012
 193  1.140703  3.7241  3.2777  1.0676  7.2859  5.3464  3.8505  3.2341  3.0382  2.7751  2.2549  2.0047  1.9021  1.7160  1.4316  1.4206  1.2542
 194  1.141371  3.7233  3.2560  1.0861  7.2828  5.3274  3.8209  3.2019  2.9982  2.7336  2.2110  1.9598  1.8568  1.6702  1.3846  1.3736  1.2062
 195  1.142028  3.7225  3.2338  1.1052  7.2773  5.3065  3.7896  3.1681  2.9569  2.6907  2.1657  1.9136  1.8103  1.6230  1.3364  1.3252  1.1569
 196  1.142667  3.7216  3.2111  1.1249  7.2724  5.2853  3.7573  3.1332  2.9141  2.6464  2.1190  1.8659  1.7624  1.5744  1.2866  1.2754  1.1062
 197  1.143291  3.7208  3.1877  1.1451  7.2663  5.2629  3.7236  3.0969  2.8699  2.6007  2.0709  1.8169  1.7130  1.5243  1.2354  1.2241  1.0540
 198  1.143897  3.7200  3.1637  1.1659  7.2597  5.2400  3.6889  3.0595  2.8242  2.5536  2.0213  1.7663  1.6621  1.4728  1.1827  1.1713  1.0002
 199  1.144489  3.7191  3.1391  1.1873  7.2533  5.2172  3.6537  3.0216  2.7779  2.5056  1.9707  1.7147  1.6102  1.4202  1.1288  1.1174  0.9453
 200  1.145067  3.7182  3.1140  1.2090  7.2473  5.1948  3.6181  2.9832  2.7307  2.4567  1.9192  1.6621  1.5572  1.3665  1.0739  1.0623  0.8893
 201  1.145626  3.7173  3.0881  1.2313  7.2417  5.1727  3.5822  2.9442  2.6826  2.4068  1.8665  1.6083  1.5031  1.3116  1.0177  1.0060  0.8319
 202  1.146173  3.7162  3.0619  1.2539  7.2359  5.1502  3.5456  2.9046  2.6336  2.3561  1.8130  1.5536  1.4480  1.2557  0.9605  0.9487  0.7736
 203  1.146700  3.7153  3.0352  1.2770  7.2290  5.1272  3.5079  2.8639  2.5835  2.3042  1.7582  1.4977  1.3918  1.1987  0.9021  0.8902  0.7140
 204  1.147211  3.7143  3.0078  1.3006  7.2226  5.1051  3.4702  2.8230  2.5327  2.2515  1.7025  1.4408  1.3344  1.1406  0.8426  0.8306  0.6532
 205  1.147705  3.7132  2.9797  1.3246  7.2198  5.0856  3.4335  2.7826  2.4817  2.1985  1.6461  1.3831  1.2762  1.0815  0.7820  0.7699  0.5913
 206  1.148183  3.7121  2.9510  1.3489  7.2185  5.0677  3.3971  2.7424  2.4304  2.1449  1.5891  1.3246  1.2173  1.0217  0.7205  0.7082  0.5284
 207  1.148646  3.7110  2.9219  1.3736  7.2181  5.0514  3.3611  2.7024  2.3786  2.0909  1.5314  1.2654  1.1577  0.9610  0.6582  0.6458  0.4647
 208  1.149092  3.7098  2.8922  1.3987  7.2182  5.0367  3.3253  2.6623  2.3265  2.0363  1.4730  1.2055  1.0972  0.8995  0.5950  0.5825  0.3999
 209  1.149521  3.7085  2.8619  1.4241  7.2183  5.0232  3.2894  2.6220  2.2738  1.9811  1.4138  1.1447  1.0359  0.8372  0.5308  0.5182  0.3343
 210  1.149933  3.7072  2.8312  1.4498  7.2194  5.0120  3.2541  2.5821  2.2207  1.9255  1.3541  1.0834  0.9741  0.7742  0.4659  0.4532  0.2677
 211  1.150330  3.7059  2.8000  1.4759  7.2201  5.0016  3.2190  2.5422  2.1673  1.8695  1.2939  1.0215  0.9116  0.7106  0.4004  0.3875  0.2005
 212  1.150710  3.7045  2.7685  1.5022  7.2202  4.9925  3.1839  2.5024  2.1135  1.8130  1.2331  0.9590  0.8485  0.6463  0.3341  0.3212  0.1326
 213  1.151076  3.7032  2.7366  1.5288  7.2179  4.9835  3.1488  2.4624  2.0595  1.7562  1.1719  0.8960  0.7850  0.5817  0.2674  0.2542  0.0640
 214  1.151425  3.7018  2.7042  1.5556  7.2101  4.9736  3.1131  2.4220  2.0050  1.6990  1.1103  0.8327  0.7210  0.5165  0.2002  0.1869 -0.0051
 215  1.151760  3.7003  2.6715  1.5826  7.2018  4.9654  3.0779  2.3819  1.9504  1.6417  1.0485  0.7689  0.6567  0.4509  0.1324  0.1189 -0.0747
 216  1.152081  3.6988  2.6385  1.6099  7.1933  4.9594  3.0433  2.3424  1.8958  1.5842  0.9863  0.7049  0.5921  0.3850  0.0643  0.0506 -0.1448
 217  1.152133  3.6986  2.6328  1.6145  7.1918  4.9585  3.0374  2.3357  1.8865  1.5744  0.9757  0.6939  0.5810  0.3737  0.0526  0.0389 -0.1568
 218  1.152186  3.6983  2.6271  1.6193  7.1901  4.9573  3.0315  2.3289  1.8771  1.5645  0.9649  0.6829  0.5699  0.3623  0.0409  0.0272 -0.1689
 219  1.152239  3.6981  2.6214  1.6240  7.1886  4.9564  3.0255  2.3222  1.8677  1.5546  0.9543  0.6719  0.5588  0.3510  0.0291  0.0154 -0.1810
 220  1.152291  3.6978  2.6156  1.6286  7.1870  4.9555  3.0196  2.3154  1.8583  1.5447  0.9436  0.6607  0.5476  0.3396  0.0173  0.0036 -0.1932
 221  1.152343  3.6976  2.6099  1.6334  7.1852  4.9544  3.0136  2.3085  1.8488  1.5347  0.9327  0.6496  0.5363  0.3281  0.0055 -0.0083 -0.2054
 222  1.152395  3.6973  2.6041  1.6382  7.1833  4.9535  3.0076  2.3017  1.8393  1.5247  0.9219  0.6385  0.5251  0.3166 -0.0064 -0.0203 -0.2176
 223  1.152446  3.6971  2.5982  1.6430  7.1819  4.9529  3.0018  2.2950  1.8297  1.5147  0.9110  0.6272  0.5137  0.3049 -0.0184 -0.0323 -0.2300
 224  1.152498  3.6967  2.5924  1.6478  7.1801  4.9522  2.9959  2.2881  1.8202  1.5046  0.9001  0.6159  0.5024  0.2934 -0.0304 -0.0443 -0.2423
 225  1.152550  3.6965  2.5865  1.6526  7.1784  4.9515  2.9899  2.2814  1.8106  1.4945  0.8891  0.6047  0.4910  0.2818 -0.0425 -0.0564 -0.2548
 226  1.152600  3.6962  2.5806  1.6575  7.1766  4.9508  2.9839  2.2744  1.8009  1.4843  0.8781  0.5933  0.4794  0.2700 -0.0546 -0.0686 -0.2672
 227  1.153048  3.6937  2.5254  1.7026  7.1608  4.9510  2.9308  2.2130  1.7124  1.3908  0.7762  0.4881  0.3733  0.1615 -0.1670 -0.1812 -0.3831
 228  1.153460  3.6910  2.4687  1.7487  7.1458  4.9664  2.8821  2.1553  1.6244  1.2971  0.6734  0.3816  0.2656  0.0514 -0.2814 -0.2959 -0.5012
 229  1.153842  3.6880  2.4083  1.7974  7.1289  4.9883  2.8344  2.0986  1.5335  1.2000  0.5661  0.2700  0.1527 -0.0644 -0.4019 -0.4169 -0.6260
 230  1.154170  3.6852  2.3530  1.8416  7.1176  5.0171  2.7946  2.0499  1.4521  1.1127  0.4689  0.1689  0.0504 -0.1693 -0.5115 -0.5268 -0.7395
 231  1.154474  3.6826  2.3024  1.8822  7.1274  5.0545  2.7617  2.0075  1.3780  1.0328  0.3797  0.0760 -0.0437 -0.2659 -0.6121 -0.6276 -0.8436
 232  1.154755  3.6804  2.2578  1.9177  7.1631  5.0994  2.7376  1.9739  1.3137  0.9628  0.3011 -0.0060 -0.1267 -0.3511 -0.7006 -0.7165 -0.9353
 233  1.155019  3.6791  2.2298  1.9406  7.2101  5.1215  2.7189  1.9482  1.2698  0.9155  0.2490 -0.0600 -0.1815 -0.4070 -0.7583 -0.7743 -0.9945
 234  1.155278  3.6795  2.2348  1.9372  7.2736  5.1088  2.7167  1.9440  1.2713  0.9175  0.2526 -0.0557 -0.1769 -0.4018 -0.7518 -0.7677 -0.9871
 235  1.155564  3.6769  2.1832  1.9785  7.3164  5.1747  2.6936  1.9096  1.1977  0.8370  0.1618 -0.1506 -0.2732 -0.5007 -0.8546 -0.8708 -1.0933
 236  1.155816  3.6739  2.1271  2.0229  7.3512  5.2579  2.6753  1.8798  1.1217  0.7532  0.0661 -0.2512 -0.3752 -0.6057 -0.9643 -0.9809 -1.2071
 237  1.156049  3.6710  2.0727  2.0658  7.3761  5.3385  2.6602  1.8547  1.0493  0.6730 -0.0261 -0.3480 -0.4737 -0.7071 -1.0700 -1.0870 -1.3168
 238  1.156264  3.6683  2.0220  2.1058  7.3880  5.4139  2.6480  1.8341  0.9828  0.5992 -0.1112 -0.4377 -0.5648 -0.8011 -1.1682 -1.1855 -1.4187
 239  1.156461  3.6661  1.9816  2.1374  7.3713  5.4732  2.6406  1.8216  0.9320  0.5425 -0.1773 -0.5077 -0.6360 -0.8746 -1.2450 -1.2625 -1.4987
 240  1.156644  3.6652  1.9651  2.1504  7.3186  5.5005  2.6426  1.8254  0.9140  0.5219 -0.2023 -0.5348 -0.6637 -0.9034 -1.2750 -1.2928 -1.5303
 241  1.156830  3.6633  1.9295  2.1782  7.2972  5.5500  2.6395  1.8196  0.8715  0.4740 -0.2592 -0.5952 -0.7253 -0.9672 -1.3420 -1.3600 -1.6003
 242  1.157008  3.6600  1.8717  2.2230  7.2957  5.6215  2.6293  1.8022  0.8010  0.3949 -0.3522 -0.6939 -0.8257 -1.0711 -1.4511 -1.4696 -1.7143
 243  1.157169  3.6568  1.8153  2.2668  7.2852  5.6860  2.6214  1.7885  0.7342  0.3195 -0.4419 -0.7892 -0.9230 -1.1717 -1.5569 -1.5758 -1.8249
 244  1.157313  3.6536  1.7605  2.3089  7.2670  5.7460  2.6153  1.7776  0.6715  0.2482 -0.5273 -0.8803 -1.0158 -1.2679 -1.6584 -1.6777 -1.9314
 245  1.157445  3.6505  1.7066  2.3504  7.2443  5.8037  2.6105  1.7688  0.6114  0.1797 -0.6101 -0.9689 -1.1063 -1.3618 -1.7578 -1.7776 -2.0358
 246  1.157566  3.6474  1.6532  2.3913  7.2180  5.8587  2.6064  1.7613  0.5531  0.1131 -0.6913 -1.0558 -1.1951 -1.4540 -1.8557 -1.8759 -2.1390
 247  1.157676  3.6442  1.5990  2.4329  7.1908  5.9126  2.6022  1.7542  0.4951  0.0465 -0.7729 -1.1432 -1.2844 -1.5467 -1.9548 -1.9754 -2.2435
 248  1.157775  3.6410  1.5449  2.4742  7.1626  5.9666  2.5986  1.7481  0.4383 -0.0188 -0.8533 -1.2295 -1.3726 -1.6383 -2.0529 -2.0741 -2.3472
 249  1.157865  3.6380  1.4948  2.5121  7.1294  6.0188  2.5977  1.7459  0.3886 -0.0765 -0.9260 -1.3078 -1.4529 -1.7217 -2.1427 -2.1642 -2.4423
 250  1.157948  3.6350  1.4472  2.5482  7.0913  6.0649  2.5964  1.7442  0.3426 -0.1301 -0.9942 -1.3813 -1.5283 -1.7999 -2.2275 -2.2493 -2.5324
 251  1.158024  3.6322  1.4000  2.5838  7.0512  6.1077  2.5946  1.7424  0.2981 -0.1821 -1.0609 -1.4533 -1.6022 -1.8767 -2.3110 -2.3332 -2.6213
 252  1.158093  3.6293  1.3537  2.6186  7.0104  6.1491  2.5932  1.7415  0.2561 -0.2314 -1.1250 -1.5227 -1.6735 -1.9508 -2.3921 -2.4147 -2.7078
 253  1.158158  3.6264  1.3082  2.6528  6.9679  6.1869  2.5914  1.7406  0.2159 -0.2786 -1.1869 -1.5898 -1.7425 -2.0225 -2.4715 -2.4944 -2.7929
 254  1.158217  3.6236  1.2639  2.6860  6.9247  6.2210  2.5893  1.7399  0.1780 -0.3232 -1.2460 -1.6538 -1.8084 -2.0912 -2.5482 -2.5715 -2.8752
 255  1.158273  3.6208  1.2202  2.7185  6.8806  6.2503  2.5867  1.7394  0.1418 -0.3661 -1.3032 -1.7158 -1.8722 -2.1579 -2.6235 -2.6472 -2.9563
 256  1.158325  3.6182  1.1774  2.7506  6.8358  6.2755  2.5828  1.7379  0.1066 -0.4076 -1.3593 -1.7765 -1.9347 -2.2228 -2.6975 -2.7215 -3.0359
 257  1.158373  3.6155  1.1352  2.7820  6.7902  6.2974  2.5783  1.7362  0.0730 -0.4473 -1.4134 -1.8351 -1.9950 -2.2855 -2.7700 -2.7942 -3.1142
 258  1.158418  3.6129  1.0940  2.8127  6.7445  6.3158  2.5731  1.7344  0.0412 -0.4848 -1.4652 -1.8909 -2.0526 -2.3455 -2.8404 -2.8649 -3.1906
 259  1.158459  3.6103  1.0536  2.8427  6.6985  6.3304  2.5674  1.7324  0.0103 -0.5213 -1.5162 -1.9456 -2.1089 -2.4040 -2.9096 -2.9343 -3.2655
 260  1.158498  3.6077  1.0143  2.8718  6.6530  6.3414  2.5613  1.7304 -0.0179 -0.5549 -1.5638 -1.9968 -2.1616 -2.4591 -2.9763 -3.0012 -3.3382
 261  1.158535  3.6051  0.9754  2.9005  6.6075  6.3498  2.5546  1.7282 -0.0446 -0.5866 -1.6094 -2.0459 -2.2120 -2.5121 -3.0419 -3.0670 -3.4099
 262  1.158569  3.6027  0.9375  2.9285  6.5625  6.3546  2.5472  1.7257 -0.0692 -0.6158 -1.6517 -2.0916 -2.2587 -2.5620 -3.1052 -3.1306 -3.4797
 263  1.158601  3.6002  0.9002  2.9560  6.5179  6.3557  2.5393  1.7232 -0.0919 -0.6428 -1.6916 -2.1349 -2.3031 -2.6096 -3.1672 -3.1929 -3.5482
 264  1.158631  3.5977  0.8635  2.9829  6.4741  6.3546  2.5316  1.7216 -0.1125 -0.6672 -1.7285 -2.1748 -2.3437 -2.6541 -3.2276 -3.2536 -3.6153
 265  1.158659  3.5953  0.8273  3.0094  6.4302  6.3511  2.5229  1.7193 -0.1321 -0.6904 -1.7636 -2.2125 -2.3819 -2.6962 -3.2874 -3.3136 -3.6820
 266  1.158686  3.5929  0.7919  3.0353  6.3870  6.3459  2.5136  1.7168 -0.1498 -0.7111 -1.7957 -2.2470 -2.4165 -2.7355 -3.3455 -3.3721 -3.7470
 267  1.158711  3.5906  0.7573  3.0605  6.3444  6.3390  2.5036  1.7140 -0.1656 -0.7294 -1.8244 -2.2781 -2.4475 -2.7717 -3.4018 -3.4286 -3.8105
 268  1.158735  3.5883  0.7230  3.0855  6.3018  6.3302  2.4925  1.7103 -0.1800 -0.7456 -1.8498 -2.3055 -2.4744 -2.8052 -3.4577 -3.4847 -3.8738
 269  1.158758  3.5860  0.6897  3.1098  6.2601  6.3204  2.4808  1.7063 -0.1927 -0.7596 -1.8723 -2.3300 -2.4983 -2.8361 -3.5117 -3.5391 -3.9351
 270  1.158779  3.5838  0.6570  3.1336  6.2190  6.3094  2.4684  1.7018 -0.2031 -0.7706 -1.8908 -2.3506 -2.5178 -2.8635 -3.5640 -3.5917 -3.9951
 271  1.158798  3.5816  0.6248  3.1569  6.1788  6.2980  2.4558  1.6975 -0.2113 -0.7786 -1.9053 -2.3671 -2.5330 -2.8876 -3.6145 -3.6427 -4.0539
 272  1.158818  3.5795  0.5935  3.1797  6.1394  6.2858  2.4424  1.6924 -0.2181 -0.7846 -1.9168 -2.3805 -2.5450 -2.9091 -3.6630 -3.6917 -4.1109
 273  1.158836  3.5772  0.5625  3.2021  6.1013  6.2742  2.4289  1.6877 -0.2209 -0.7858 -1.9227 -2.3887 -2.5512 -2.9261 -3.7095 -3.7389 -4.1666
 274  1.158854  3.5753  0.5325  3.2239  6.0644  6.2625  2.4149  1.6827 -0.2219 -0.7841 -1.9242 -2.3923 -2.5524 -2.9394 -3.7537 -3.7838 -4.2206
 275  1.158870  3.5732  0.5029  3.2453  6.0295  6.2533  2.4025  1.6803 -0.2173 -0.7745 -1.9135 -2.3839 -2.5400 -2.9436 -3.7946 -3.8258 -4.2731
 276  1.158885  3.5712  0.4742  3.2662  5.9954  6.2439  2.3897  1.6776 -0.2116 -0.7632 -1.8999 -2.3725 -2.5243 -2.9453 -3.8340 -3.8665 -4.3241
 277  1.158900  3.5693  0.4462  3.2864  5.9631  6.2355  2.3780  1.6762 -0.2033 -0.7486 -1.8825 -2.3575 -2.5049 -2.9437 -3.8704 -3.9042 -4.3729
 278  1.158914  3.5674  0.4194  3.3058  5.9323  6.2269  2.3660  1.6741 -0.1944 -0.7330 -1.8633 -2.3407 -2.4837 -2.9401 -3.9044 -3.9396 -4.4193
 279  1.158927  3.5658  0.3961  3.3226  5.9054  6.2180  2.3543  1.6704 -0.1888 -0.7207 -1.8474 -2.3272 -2.4666 -2.9377 -3.9328 -3.9697 -4.4591
